1 0.81171875 0.190625 0.015625 0.022916666666666665
1 0.0234375 0.8822916666666667 0.01875 0.027083333333333334
1 0.228125 0.9875 0.0421875 0.025
1 0.29296875 0.9604166666666667 0.034375 0.035416666666666666
1 0.2765625 0.9916666666666667 0.0453125 0.016666666666666666
1 0.334375 0.9885416666666667 0.021875 0.022916666666666665
1 0.46796875 0.9885416666666667 0.04375 0.022916666666666665
1 0.509375 0.9604166666666667 0.053125 0.058333333333333334
1 0.559375 0.9791666666666666 0.05 0.041666666666666664
1 0.7609375 0.678125 0.01875 0.022916666666666665
0 0.4046875 0.18020833333333333 0.1609375 0.35833333333333334
0 0.44140625 0.325 0.434375 0.48125
0 0.52734375 0.696875 0.446875 0.60625
0 0.4421875 0.884375 0.1453125 0.23125
1 0.95 0.03333333333333333 0.096875 0.06666666666666667
1 0.84296875 0.014583333333333334 0.0859375 0.029166666666666667
1 0.72734375 0.007291666666666667 0.009375 0.014583333333333334
1 0.68671875 0.021875 0.04375 0.04375
1 0.69609375 0.10729166666666666 0.0390625 0.029166666666666667
1 0.9546875 0.140625 0.028125 0.03958333333333333
1 0.746875 0.265625 0.0203125 0.03333333333333333
1 0.87734375 0.25 0.009375 0.010416666666666666
1 0.9515625 0.303125 0.0203125 0.027083333333333334
1 0.909375 0.315625 0.0140625 0.027083333333333334
1 0.99296875 0.36770833333333336 0.0140625 0.041666666666666664
1 0.93828125 0.3697916666666667 0.0421875 0.04375
1 0.95234375 0.403125 0.0203125 0.022916666666666665
1 0.95390625 0.4354166666666667 0.025 0.025
1 0.98828125 0.496875 0.0234375 0.04375
1 0.98046875 0.5302083333333333 0.021875 0.025
1 0.88984375 0.5145833333333333 0.0421875 0.03958333333333333
1 0.8296875 0.49166666666666664 0.0234375 0.03333333333333333
1 0.8890625 0.4322916666666667 0.046875 0.03333333333333333
1 0.790625 0.43854166666666666 0.0140625 0.022916666666666665
1 0.81796875 0.39166666666666666 0.0515625 0.035416666666666666
1 0.8578125 0.4041666666666667 0.0265625 0.04583333333333333
1 0.83046875 0.34479166666666666 0.021875 0.027083333333333334
1 0.7546875 0.36666666666666664 0.015625 0.029166666666666667
1 0.87578125 0.6177083333333333 0.0421875 0.05
1 0.91953125 0.596875 0.0171875 0.01875
1 0.990625 0.7135416666666666 0.01875 0.03125
1 0.9375 0.7729166666666667 0.040625 0.09791666666666667
1 0.97734375 0.8854166666666666 0.0265625 0.0375
1 0.80859375 0.8416666666666667 0.015625 0.014583333333333334
1 0.82265625 0.89375 0.065625 0.06666666666666667
1 0.621875 0.8885416666666667 0.0703125 0.04791666666666667
1 0.6671875 0.8 0.046875 0.0625
1 0.63671875 0.61875 0.046875 0.05625
1 0.65703125 0.7 0.1015625 0.11041666666666666
1 0.61796875 0.7822916666666667 0.01875 0.025
1 0.47734375 0.71875 0.025 0.03125
1 0.490625 0.7552083333333334 0.0375 0.04791666666666667
1 0.5265625 0.6864583333333333 0.0578125 0.07083333333333333
1 0.52578125 0.634375 0.03125 0.03958333333333333
1 0.4734375 0.615625 0.0296875 0.035416666666666666
1 0.55078125 0.5645833333333333 0.06875 0.08333333333333333
1 0.52109375 0.3875 0.034375 0.04583333333333333
1 0.57734375 0.371875 0.0640625 0.08125
1 0.55703125 0.459375 0.0234375 0.029166666666666667
1 0.57734375 0.440625 0.025 0.020833333333333332
1 0.63125 0.465625 0.0859375 0.12708333333333333
1 0.665625 0.33958333333333335 0.0734375 0.12708333333333333
1 0.64375 0.22916666666666666 0.0265625 0.041666666666666664
1 0.57109375 0.09166666666666666 0.084375 0.09791666666666667
1 0.49375 0.013541666666666667 0.03125 0.027083333333333334
1 0.6421875 0.10729166666666666 0.0484375 0.04583333333333333
1 0.58046875 0.20208333333333334 0.03125 0.058333333333333334
1 0.609375 0.16875 0.0296875 0.03333333333333333
1 0.63125 0.13958333333333334 0.0203125 0.025
1 0.2734375 0.022916666666666665 0.0375 0.04583333333333333
1 0.1890625 0.058333333333333334 0.034375 0.04791666666666667
1 0.1453125 0.140625 0.115625 0.10416666666666667
1 0.2234375 0.175 0.0484375 0.06666666666666667
1 0.1734375 0.21979166666666666 0.03125 0.03333333333333333
1 0.1109375 0.24791666666666667 0.0453125 0.07291666666666667
1 0.03828125 0.21354166666666666 0.015625 0.01875
1 0.29296875 0.209375 0.06875 0.06666666666666667
1 0.371875 0.17604166666666668 0.0421875 0.05
1 0.39296875 0.09791666666666667 0.028125 0.016666666666666666
1 0.4046875 0.14270833333333333 0.0109375 0.0125
1 0.3640625 0.2989583333333333 0.0484375 0.06041666666666667
1 0.33671875 0.3541666666666667 0.0265625 0.03125
1 0.27421875 0.371875 0.025 0.03333333333333333
1 0.26171875 0.4239583333333333 0.0234375 0.025
1 0.13125 0.45416666666666666 0.0515625 0.04583333333333333
1 0.19453125 0.5239583333333333 0.0359375 0.041666666666666664
1 0.25625 0.5947916666666667 0.034375 0.06875
1 0.38671875 0.5052083333333334 0.03125 0.03333333333333333
1 0.4328125 0.59375 0.0265625 0.035416666666666666
1 0.09375 0.5354166666666667 0.034375 0.05
1 0.1453125 0.55625 0.021875 0.029166666666666667
1 0.24375 0.7552083333333334 0.0296875 0.0375
1 0.29375 0.7166666666666667 0.0125 0.020833333333333332
1 0.21640625 0.7791666666666667 0.028125 0.0375
1 0.33125 0.8291666666666667 0.021875 0.027083333333333334
1 0.3625 0.8135416666666667 0.021875 0.041666666666666664
1 0.16875 0.8854166666666666 0.0296875 0.03958333333333333
1 0.08515625 0.8916666666666667 0.0359375 0.05
1 0.0078125 0.8427083333333333 0.015625 0.0375