1 0.53515625 0.7552083333333334 0.021875 0.027083333333333334
1 0.57421875 0.940625 0.0390625 0.03125
1 0.5953125 0.1625 0.090625 0.14375
1 0.29453125 0.8020833333333334 0.0234375 0.027083333333333334
1 0.37421875 0.890625 0.0265625 0.020833333333333332
1 0.35625 0.9041666666666667 0.015625 0.01875
1 0.4453125 0.9916666666666667 0.034375 0.016666666666666666
1 0.4609375 0.9510416666666667 0.05 0.0375
1 0.42265625 0.8885416666666667 0.0328125 0.06041666666666667
1 0.39921875 0.9395833333333333 0.025 0.05416666666666667
1 0.6390625 0.7927083333333333 0.0265625 0.04375
1 0.59765625 0.8260416666666667 0.05625 0.058333333333333334
1 0.2859375 0.5145833333333333 0.0265625 0.022916666666666665
1 0.26328125 0.6510416666666666 0.021875 0.022916666666666665
1 0.11171875 0.55625 0.0203125 0.025
1 0.9859375 0.5791666666666667 0.028125 0.03125
1 0.5078125 0.146875 0.0578125 0.07083333333333333
1 0.65390625 0.090625 0.0265625 0.04583333333333333
1 0.72734375 0.06458333333333334 0.05625 0.04583333333333333
1 0.90234375 0.103125 0.053125 0.0375
1 0.99140625 0.14375 0.0171875 0.03333333333333333
1 0.6546875 0.25 0.015625 0.016666666666666666
1 0.75390625 0.30520833333333336 0.015625 0.020833333333333332
1 0.384375 0.265625 0.021875 0.03333333333333333
1 0.2703125 0.396875 0.0453125 0.041666666666666664
1 0.1203125 0.240625 0.0171875 0.027083333333333334
1 0.153125 0.225 0.0140625 0.04375
1 0.2390625 0.14375 0.0265625 0.027083333333333334
1 0.17890625 0.115625 0.0171875 0.0375
1 0.3015625 0.022916666666666665 0.015625 0.03125
1 0.36171875 0.046875 0.028125 0.03958333333333333
1 0.43984375 0.09479166666666666 0.0234375 0.03333333333333333
1 0.38671875 0.08333333333333333 0.0234375 0.020833333333333332
1 0.484375 0.026041666666666668 0.0640625 0.041666666666666664
1 0.30859375 0.39375 0.0109375 0.014583333333333334
1 0.32890625 0.415625 0.009375 0.014583333333333334
1 0.3859375 0.584375 0.021875 0.035416666666666666
1 0.58984375 0.6385416666666667 0.0234375 0.01875
1 0.22109375 0.6916666666666667 0.021875 0.020833333333333332
1 0.1296875 0.6552083333333333 0.0484375 0.08958333333333333
1 0.37734375 0.15104166666666666 0.0125 0.016666666666666666
1 0.0609375 0.3614583333333333 0.0234375 0.025
1 0.23984375 0.7791666666666667 0.01875 0.025
1 0.19375 0.940625 0.015625 0.010416666666666666
1 0.7328125 0.6302083333333334 0.015625 0.025
0 0.44140625 0.8010416666666667 0.203125 0.14375
0 0.4015625 0.609375 0.1671875 0.35833333333333334
0 0.4484375 0.4125 0.0875 0.1
0 0.41171875 0.140625 0.1859375 0.21666666666666667
1 0.57734375 0.33541666666666664 0.0171875 0.020833333333333332
1 0.58046875 0.2677083333333333 0.03125 0.041666666666666664
1 0.4984375 0.33645833333333336 0.0234375 0.029166666666666667
1 0.69921875 0.49166666666666664 0.025 0.020833333333333332
1 0.66640625 0.4583333333333333 0.0140625 0.022916666666666665
1 0.653125 0.37083333333333335 0.0171875 0.025
1 0.73828125 0.4791666666666667 0.0203125 0.029166666666666667
1 0.68984375 0.575 0.0375 0.05625
1 0.60078125 0.4635416666666667 0.0328125 0.052083333333333336
1 0.58671875 0.5479166666666667 0.046875 0.03125