0 0.693359375 0.7631944444444444 0.225 0.1763888888888889
0 0.65625 0.9270833333333334 0.2078125 0.14583333333333334
0 0.112890625 0.74375 0.1609375 0.4305555555555556
0 0.12578125 0.3819444444444444 0.09375 0.4361111111111111
1 0.426953125 0.7277777777777777 0.01171875 0.019444444444444445
1 0.986328125 0.9097222222222222 0.009375 0.019444444444444445
1 0.055859375 0.9791666666666666 0.0234375 0.03194444444444444
1 0.75546875 0.9805555555555555 0.03046875 0.03611111111111111
1 0.7375 0.5923611111111111 0.03515625 0.04861111111111111
1 0.855859375 0.5701388888888889 0.01015625 0.02638888888888889
1 0.8140625 0.5409722222222222 0.0390625 0.07916666666666666
1 0.415625 0.4777777777777778 0.034375 0.043055555555555555
1 0.61640625 0.5083333333333333 0.01640625 0.027777777777777776
1 0.55078125 0.4583333333333333 0.025 0.03333333333333333
1 0.58671875 0.44375 0.01484375 0.02361111111111111
1 0.5921875 0.41041666666666665 0.01953125 0.03888888888888889
1 0.650390625 0.3590277777777778 0.025 0.043055555555555555
1 0.60390625 0.37222222222222223 0.02265625 0.030555555555555555
1 0.554296875 0.3284722222222222 0.03046875 0.05694444444444444
1 0.433984375 0.3680555555555556 0.01640625 0.041666666666666664
1 0.45703125 0.30277777777777776 0.02109375 0.02638888888888889
1 0.544140625 0.22152777777777777 0.04296875 0.06666666666666667
1 0.45546875 0.2388888888888889 0.02109375 0.0375
1 0.40703125 0.24861111111111112 0.03359375 0.043055555555555555
1 0.875390625 0.4756944444444444 0.0203125 0.04027777777777778
1 0.8015625 0.03333333333333333 0.0109375 0.020833333333333332
1 0.844921875 0.041666666666666664 0.0671875 0.08333333333333333
1 0.9609375 0.34375 0.0171875 0.03194444444444444
1 0.980859375 0.28125 0.015625 0.022222222222222223
1 0.88125 0.22569444444444445 0.021875 0.03888888888888889
1 0.817578125 0.15625 0.03359375 0.05694444444444444
1 0.630859375 0.13333333333333333 0.04453125 0.0375
1 0.6140625 0.1701388888888889 0.0265625 0.05
1 0.0578125 0.06319444444444444 0.00859375 0.015277777777777777
1 0.203515625 0.0625 0.02890625 0.05277777777777778
1 0.06484375 0.17083333333333334 0.02265625 0.0375
1 0.094921875 0.27569444444444446 0.0515625 0.044444444444444446
1 0.04296875 0.32708333333333334 0.0234375 0.041666666666666664
1 0.048046875 0.5020833333333333 0.025 0.03194444444444444
1 0.23515625 0.5722222222222222 0.015625 0.044444444444444446
1 0.260546875 0.8236111111111111 0.021875 0.04027777777777778
1 0.27890625 0.8986111111111111 0.0109375 0.019444444444444445
1 0.311328125 0.9458333333333333 0.01171875 0.03194444444444444
1 0.409375 0.9305555555555556 0.015625 0.02638888888888889
1 0.57734375 0.9951388888888889 0.0078125 0.009722222222222222
1 0.544140625 0.975 0.01875 0.034722222222222224
1 0.53515625 0.89375 0.01875 0.03611111111111111
1 0.506640625 0.9319444444444445 0.040625 0.07083333333333333
1 0.190234375 0.8611111111111112 0.0125 0.020833333333333332
1 0.10703125 0.875 0.01328125 0.03194444444444444
1 0.080078125 0.8548611111111111 0.0171875 0.03194444444444444
1 0.630859375 0.7243055555555555 0.0296875 0.041666666666666664
1 0.486328125 0.5583333333333333 0.00859375 0.013888888888888888
1 0.430859375 0.7701388888888889 0.0171875 0.025
1 0.29140625 0.8118055555555556 0.0140625 0.029166666666666667
1 0.255859375 0.85 0.009375 0.013888888888888888
0 0.675390625 0.06111111111111111 0.18125 0.12222222222222222
0 0.702734375 0.23541666666666666 0.11796875 0.38055555555555554
0 0.72109375 0.5326388888888889 0.18359375 0.5972222222222222