1 0.1625 0.69375 0.025 0.03611111111111111
1 0.199609375 0.0625 0.01796875 0.04027777777777778
1 0.2265625 0.37430555555555556 0.02109375 0.03888888888888889
1 0.271875 0.7368055555555556 0.02265625 0.05277777777777778
1 0.23984375 0.7583333333333333 0.02578125 0.059722222222222225
1 0.23515625 0.6951388888888889 0.0125 0.05416666666666667
1 0.1984375 0.6902777777777778 0.01328125 0.03194444444444444
1 0.21328125 0.8243055555555555 0.02734375 0.03194444444444444
1 0.26171875 0.9027777777777778 0.01796875 0.04027777777777778
1 0.598828125 0.64375 0.02578125 0.043055555555555555
1 0.55546875 0.5611111111111111 0.0140625 0.02638888888888889
1 0.6640625 0.09097222222222222 0.05390625 0.07222222222222222
1 0.817578125 0.11319444444444444 0.0515625 0.1388888888888889
1 0.763671875 0.08680555555555555 0.01796875 0.03888888888888889
1 0.773046875 0.18541666666666667 0.02890625 0.12083333333333333
1 0.736328125 0.2423611111111111 0.0234375 0.03194444444444444
1 0.796484375 0.27152777777777776 0.01484375 0.029166666666666667
1 0.796484375 0.3277777777777778 0.01875 0.02361111111111111
1 0.8625 0.2125 0.03671875 0.03194444444444444
1 0.919140625 0.11527777777777778 0.025 0.05694444444444444
1 0.855078125 0.4201388888888889 0.02734375 0.03611111111111111
1 0.865625 0.5631944444444444 0.03125 0.08055555555555556
1 0.821875 0.6645833333333333 0.04609375 0.05694444444444444
1 0.78203125 0.6395833333333333 0.01640625 0.08888888888888889
1 0.692578125 0.6819444444444445 0.02578125 0.06666666666666667
1 0.662890625 0.7451388888888889 0.02734375 0.04027777777777778
1 0.635546875 0.8270833333333333 0.0203125 0.07361111111111111
1 0.58671875 0.8694444444444445 0.02890625 0.05555555555555555
1 0.82734375 0.7743055555555556 0.02265625 0.04722222222222222
1 0.79140625 0.85 0.03671875 0.06805555555555555
1 0.819140625 0.9159722222222222 0.03671875 0.05694444444444444
1 0.9703125 0.925 0.02734375 0.06388888888888888
1 0.984375 0.6722222222222223 0.03125 0.05277777777777778
1 0.714453125 0.75625 0.01640625 0.04583333333333333
1 0.713671875 0.8326388888888889 0.03359375 0.05277777777777778
1 0.906640625 0.34305555555555556 0.01640625 0.034722222222222224
1 0.8828125 0.3819444444444444 0.02109375 0.044444444444444446
1 0.687109375 0.9784722222222222 0.0421875 0.043055555555555555
1 0.734375 0.9756944444444444 0.021875 0.04722222222222222
0 0.169921875 0.11041666666666666 0.10078125 0.21944444444444444
0 0.136328125 0.4527777777777778 0.21953125 0.20972222222222223
0 0.151953125 0.6930555555555555 0.1765625 0.2513888888888889
0 0.16328125 0.9201388888888888 0.18515625 0.1527777777777778
0 0.637109375 0.09097222222222222 0.059375 0.18194444444444444
0 0.6734375 0.28541666666666665 0.2828125 0.30833333333333335
0 0.719140625 0.47847222222222224 0.2765625 0.20416666666666666
0 0.641796875 0.61875 0.15234375 0.3263888888888889
0 0.6953125 0.8923611111111112 0.11875 0.13333333333333333
0 0.59375 0.9513888888888888 0.1015625 0.09722222222222222
1 0.22265625 0.09861111111111111 0.0234375 0.03194444444444444