1 0.16953125 0.090625 0.0171875 0.01875
1 0.8359375 0.4 0.021875 0.041666666666666664
1 0.95546875 0.5427083333333333 0.0390625 0.025
1 0.90546875 0.34270833333333334 0.015625 0.020833333333333332
1 0.98515625 0.365625 0.021875 0.035416666666666666
1 0.93828125 0.3 0.0265625 0.025
1 0.884375 0.11770833333333333 0.021875 0.035416666666666666
1 0.93125 0.11875 0.0390625 0.07083333333333333
1 0.53671875 0.03854166666666667 0.0265625 0.016666666666666666
1 0.08515625 0.49166666666666664 0.021875 0.020833333333333332
1 0.1640625 0.5270833333333333 0.021875 0.020833333333333332
1 0.09453125 0.9416666666666667 0.0171875 0.022916666666666665
0 0.46796875 0.8447916666666667 0.121875 0.3104166666666667
0 0.48046875 0.496875 0.0453125 0.13125
0 0.49140625 0.17604166666666668 0.115625 0.23125
1 0.50390625 0.23958333333333334 0.075 0.10416666666666667
1 0.58203125 0.225 0.0203125 0.022916666666666665
1 0.6234375 0.3177083333333333 0.0171875 0.035416666666666666
1 0.63515625 0.290625 0.025 0.04375
1 0.65546875 0.33958333333333335 0.0140625 0.016666666666666666
1 0.67734375 0.2833333333333333 0.021875 0.0375
1 0.69375 0.24895833333333334 0.0140625 0.0375
1 0.63125 0.16666666666666666 0.05625 0.10625
1 0.725 0.046875 0.0515625 0.09375
1 0.64375 0.058333333333333334 0.015625 0.01875
1 0.48046875 0.07395833333333333 0.0359375 0.052083333333333336
1 0.5640625 0.06041666666666667 0.0296875 0.01875
1 0.50859375 0.011458333333333333 0.0296875 0.022916666666666665
1 0.26875 0.128125 0.0390625 0.04583333333333333
1 0.2171875 0.036458333333333336 0.01875 0.03958333333333333
1 0.33671875 0.19375 0.025 0.020833333333333332
1 0.17421875 0.21979166666666666 0.028125 0.03125
1 0.2203125 0.240625 0.0328125 0.041666666666666664
1 0.2609375 0.24583333333333332 0.0265625 0.03333333333333333
1 0.06875 0.271875 0.0171875 0.016666666666666666
1 0.10390625 0.290625 0.028125 0.022916666666666665
1 0.1234375 0.275 0.01875 0.020833333333333332
1 0.11796875 0.384375 0.015625 0.035416666666666666
1 0.0265625 0.590625 0.0421875 0.022916666666666665
1 0.196875 0.63125 0.0296875 0.03333333333333333
1 0.1375 0.5833333333333334 0.0265625 0.035416666666666666
1 0.15546875 0.48333333333333334 0.0125 0.035416666666666666
1 0.18984375 0.4822916666666667 0.021875 0.03333333333333333
1 0.2375 0.56875 0.025 0.029166666666666667
1 0.3859375 0.49166666666666664 0.028125 0.052083333333333336
1 0.33125 0.37395833333333334 0.01875 0.01875
1 0.39765625 0.36666666666666664 0.0296875 0.03333333333333333
1 0.465625 0.3770833333333333 0.021875 0.05
1 0.4203125 0.30833333333333335 0.0265625 0.022916666666666665
1 0.38359375 0.24375 0.021875 0.025
1 0.08671875 0.41354166666666664 0.0203125 0.027083333333333334
1 0.12421875 0.8989583333333333 0.0296875 0.03958333333333333
1 0.1875 0.9822916666666667 0.021875 0.035416666666666666
1 0.26953125 0.9614583333333333 0.0375 0.029166666666666667
1 0.26484375 0.91875 0.021875 0.03125
1 0.20625 0.9072916666666667 0.01875 0.016666666666666666
1 0.24296875 0.8479166666666667 0.0171875 0.027083333333333334
1 0.26953125 0.8677083333333333 0.015625 0.035416666666666666
1 0.38828125 0.8614583333333333 0.028125 0.05416666666666667
1 0.31015625 0.78125 0.025 0.03125
1 0.3625 0.803125 0.0265625 0.03333333333333333
1 0.48671875 0.9833333333333333 0.015625 0.022916666666666665
1 0.6 0.9885416666666667 0.03125 0.022916666666666665
1 0.596875 0.9322916666666666 0.0265625 0.04791666666666667
1 0.653125 0.896875 0.0375 0.06875
1 0.721875 0.971875 0.0359375 0.05625
1 0.76796875 0.80625 0.040625 0.05
1 0.5765625 0.8166666666666667 0.0421875 0.07083333333333333
1 0.63671875 0.715625 0.0296875 0.035416666666666666
1 0.67890625 0.6833333333333333 0.0125 0.020833333333333332
1 0.559375 0.6572916666666667 0.025 0.04583333333333333
1 0.4421875 0.6677083333333333 0.0390625 0.03125
1 0.2171875 0.41875 0.0203125 0.016666666666666666
1 0.0859375 0.08645833333333333 0.025 0.014583333333333334
1 0.01796875 0.7729166666666667 0.0140625 0.020833333333333332
1 0.4171875 0.784375 0.01875 0.01875
1 0.80546875 0.6833333333333333 0.01875 0.0375
1 0.84296875 0.678125 0.0375 0.06041666666666667
1 0.84453125 0.7729166666666667 0.01875 0.01875
1 0.94921875 0.7375 0.05 0.06041666666666667
1 0.8609375 0.6291666666666667 0.025 0.03333333333333333
1 0.8265625 0.5229166666666667 0.03125 0.022916666666666665
1 0.63203125 0.5260416666666666 0.01875 0.022916666666666665
1 0.51640625 0.471875 0.0203125 0.035416666666666666
1 0.50625 0.521875 0.01875 0.029166666666666667
1 0.55546875 0.3770833333333333 0.021875 0.027083333333333334
1 0.6765625 0.39166666666666666 0.021875 0.020833333333333332
1 0.73828125 0.43125 0.0265625 0.03958333333333333
1 0.7578125 0.365625 0.0390625 0.06875