1 0.883203125 0.8319444444444445 0.03125 0.05
1 0.721484375 0.6659722222222222 0.0109375 0.02361111111111111
1 0.967578125 0.7881944444444444 0.01171875 0.019444444444444445
0 0.10546875 0.8756944444444444 0.12109375 0.24861111111111112
0 0.109375 0.06736111111111111 0.21875 0.13472222222222222
1 0.68984375 0.07013888888888889 0.034375 0.0625
1 0.91796875 0.0375 0.05546875 0.07222222222222222
1 0.828125 0.7520833333333333 0.03203125 0.05277777777777778
1 0.60234375 0.8715277777777778 0.02734375 0.06111111111111111
0 0.60859375 0.5027777777777778 0.10625 0.4583333333333333
0 0.628515625 0.18819444444444444 0.25703125 0.2652777777777778
1 0.7515625 0.07222222222222222 0.02265625 0.04027777777777778
1 0.758203125 0.21875 0.0234375 0.04583333333333333
1 0.895703125 0.3715277777777778 0.02421875 0.05277777777777778
1 0.6890625 0.9701388888888889 0.0578125 0.05416666666666667
0 0.133203125 0.32222222222222224 0.0953125 0.3638888888888889
1 0.597265625 0.4701388888888889 0.01640625 0.03333333333333333
1 0.79609375 0.3854166666666667 0.0296875 0.05
1 0.608203125 0.03680555555555556 0.02265625 0.04583333333333333
1 0.9296875 0.5604166666666667 0.021875 0.04027777777777778
1 0.676953125 0.4576388888888889 0.0375 0.04722222222222222
1 0.972265625 0.38055555555555554 0.0359375 0.04861111111111111
0 0.1078125 0.5333333333333333 0.215625 0.3638888888888889
1 0.1953125 0.7027777777777777 0.02421875 0.04583333333333333
1 0.7578125 0.49236111111111114 0.02421875 0.04722222222222222
1 0.571875 0.6368055555555555 0.02734375 0.030555555555555555
1 0.767578125 0.27291666666666664 0.01796875 0.03194444444444444
1 0.966796875 0.27291666666666664 0.01796875 0.02638888888888889
1 0.21484375 0.5791666666666667 0.03203125 0.05138888888888889
1 0.59609375 0.9555555555555556 0.03984375 0.058333333333333334
1 0.708203125 0.9375 0.021875 0.03888888888888889
1 0.556640625 0.29097222222222224 0.01953125 0.030555555555555555
1 0.761328125 0.14166666666666666 0.021875 0.04722222222222222
1 0.7640625 0.6958333333333333 0.0171875 0.02638888888888889
1 0.986328125 0.03611111111111111 0.0234375 0.05694444444444444
1 0.9265625 0.43333333333333335 0.025 0.04861111111111111
1 0.9765625 0.7333333333333333 0.03359375 0.06111111111111111
1 0.937890625 0.2520833333333333 0.025 0.04722222222222222
1 0.598828125 0.7631944444444444 0.01484375 0.034722222222222224
1 0.491015625 0.6284722222222222 0.01171875 0.02638888888888889
1 0.692578125 0.6638888888888889 0.0171875 0.034722222222222224
1 0.20234375 0.31319444444444444 0.01328125 0.03333333333333333
1 0.944921875 0.5263888888888889 0.01640625 0.034722222222222224
1 0.87890625 0.7402777777777778 0.07109375 0.16111111111111112
1 0.721875 0.5909722222222222 0.01484375 0.030555555555555555
1 0.581640625 0.3333333333333333 0.0234375 0.058333333333333334
1 0.877734375 0.06736111111111111 0.01796875 0.030555555555555555
0 0.6234375 0.08472222222222223 0.07734375 0.16805555555555557
1 0.1296875 0.20069444444444445 0.021875 0.03333333333333333
1 0.926953125 0.6736111111111112 0.0125 0.03888888888888889
1 0.692578125 0.5083333333333333 0.03359375 0.03611111111111111
1 0.982421875 0.4875 0.01640625 0.034722222222222224
1 0.920703125 0.5208333333333334 0.0140625 0.03194444444444444
1 0.8796875 0.6298611111111111 0.015625 0.02361111111111111
1 0.481640625 0.5826388888888889 0.015625 0.029166666666666667
1 0.662109375 0.6638888888888889 0.01796875 0.030555555555555555
1 0.673828125 0.9256944444444445 0.01796875 0.022222222222222223
1 0.925390625 0.8756944444444444 0.01796875 0.03194444444444444
1 0.187890625 0.4548611111111111 0.01953125 0.034722222222222224
1 0.440625 0.4215277777777778 0.0125 0.030555555555555555
1 0.428125 0.058333333333333334 0.009375 0.029166666666666667
1 0.43359375 0.5986111111111111 0.01328125 0.029166666666666667
1 0.174609375 0.8444444444444444 0.01875 0.02638888888888889
1 0.971875 0.6958333333333333 0.01796875 0.025
1 0.813671875 0.8451388888888889 0.0140625 0.025
1 0.70703125 0.4861111111111111 0.0140625 0.020833333333333332
0 0.627734375 0.7381944444444445 0.1140625 0.4027777777777778
0 0.666796875 0.9208333333333333 0.1140625 0.15833333333333333
0 0.112890625 0.6895833333333333 0.10859375 0.19027777777777777