1 0.0078125 0.5541666666666667 0.0125 0.020833333333333332
1 0.02890625 0.8885416666666667 0.0359375 0.029166666666666667
1 0.3671875 0.059375 0.0234375 0.035416666666666666
1 0.00546875 0.796875 0.0109375 0.05
1 0.2140625 0.21145833333333333 0.009375 0.016666666666666666
1 0.53125 0.7260416666666667 0.0375 0.03958333333333333
1 0.47734375 0.8083333333333333 0.0515625 0.09166666666666666
1 0.36875 0.7395833333333334 0.0140625 0.020833333333333332
1 0.91953125 0.9125 0.0328125 0.025
1 0.7359375 0.259375 0.034375 0.03958333333333333
1 0.77265625 0.23958333333333334 0.0140625 0.025
1 0.8625 0.2 0.053125 0.075
1 0.821875 0.18541666666666667 0.0265625 0.03958333333333333
1 0.9015625 0.1625 0.034375 0.058333333333333334
1 0.92734375 0.05 0.0140625 0.020833333333333332
1 0.88828125 0.04583333333333333 0.0203125 0.029166666666666667
1 0.853125 0.071875 0.034375 0.041666666666666664
1 0.81875 0.11979166666666667 0.05625 0.06041666666666667
1 0.77890625 0.06666666666666667 0.04375 0.06458333333333334
1 0.78359375 0.019791666666666666 0.0609375 0.03958333333333333
1 0.7625 0.16041666666666668 0.0328125 0.05625
1 0.71328125 0.15833333333333333 0.01875 0.029166666666666667
1 0.69140625 0.125 0.05 0.06041666666666667
1 0.6125 0.19479166666666667 0.0328125 0.04583333333333333
1 0.52109375 0.10833333333333334 0.03125 0.052083333333333336
1 0.5703125 0.2708333333333333 0.0453125 0.1
1 0.39921875 0.46458333333333335 0.0390625 0.04583333333333333
1 0.4140625 0.4197916666666667 0.0140625 0.0125
1 0.43125 0.39791666666666664 0.0359375 0.05
1 0.40390625 0.39375 0.015625 0.020833333333333332
1 0.46171875 0.2677083333333333 0.046875 0.04791666666666667
1 0.41640625 0.340625 0.0625 0.07291666666666667
1 0.37265625 0.30520833333333336 0.0375 0.041666666666666664
1 0.3703125 0.009375 0.0234375 0.01875
1 0.209375 0.159375 0.0296875 0.03125
1 0.16796875 0.13541666666666666 0.01875 0.01875
1 0.12265625 0.18020833333333333 0.0390625 0.04375
1 0.07265625 0.07916666666666666 0.0265625 0.0375
1 0.115625 0.31979166666666664 0.0125 0.014583333333333334
1 0.10546875 0.26145833333333335 0.0109375 0.03333333333333333
1 0.06328125 0.2677083333333333 0.0328125 0.029166666666666667
1 0.15390625 0.41770833333333335 0.028125 0.029166666666666667
1 0.096875 0.428125 0.0359375 0.05
1 0.2046875 0.6322916666666667 0.0453125 0.052083333333333336
1 0.31484375 0.5333333333333333 0.0296875 0.04791666666666667
1 0.2734375 0.48541666666666666 0.028125 0.01875
1 0.4609375 0.584375 0.028125 0.035416666666666666
1 0.559375 0.503125 0.034375 0.04583333333333333
1 0.64609375 0.403125 0.040625 0.05625
1 0.7265625 0.46458333333333335 0.021875 0.022916666666666665
1 0.7 0.475 0.0359375 0.035416666666666666
1 0.86953125 0.35 0.0296875 0.035416666666666666
1 0.85625 0.38229166666666664 0.021875 0.027083333333333334
1 0.94296875 0.44895833333333335 0.040625 0.052083333333333336
1 0.990625 0.5458333333333333 0.01875 0.029166666666666667
1 0.97578125 0.5114583333333333 0.0484375 0.05416666666666667
1 0.9515625 0.71875 0.04375 0.09791666666666667
1 0.9859375 0.678125 0.028125 0.04375
1 0.88671875 0.6760416666666667 0.040625 0.035416666666666666
1 0.8828125 0.5958333333333333 0.021875 0.025
1 0.85078125 0.6041666666666666 0.05 0.09166666666666666
1 0.79921875 0.5708333333333333 0.0640625 0.09166666666666666
1 0.76328125 0.5666666666666667 0.01875 0.029166666666666667
1 0.71640625 0.6895833333333333 0.0234375 0.03333333333333333
1 0.7515625 0.6427083333333333 0.034375 0.08125
1 0.7140625 0.65 0.0328125 0.03333333333333333
1 0.7171875 0.6135416666666667 0.0296875 0.03333333333333333
1 0.72421875 0.7635416666666667 0.0328125 0.03125
1 0.66640625 0.7520833333333333 0.0328125 0.03958333333333333
1 0.63828125 0.7239583333333334 0.046875 0.05416666666666667
1 0.8328125 0.8083333333333333 0.025 0.041666666666666664
1 0.95703125 0.8125 0.028125 0.041666666666666664
1 0.83046875 0.8822916666666667 0.0609375 0.05625
1 0.8140625 0.9416666666666667 0.03125 0.0375
1 0.790625 0.909375 0.03125 0.052083333333333336
1 0.75546875 0.8364583333333333 0.096875 0.11666666666666667
1 0.68671875 0.9114583333333334 0.0703125 0.04375
1 0.61171875 0.859375 0.0140625 0.03333333333333333
1 0.63515625 0.8364583333333333 0.0421875 0.07291666666666667
1 0.7484375 0.990625 0.025 0.01875
1 0.6984375 0.9958333333333333 0.0125 0.008333333333333333
1 0.6578125 0.9770833333333333 0.0171875 0.020833333333333332
1 0.6234375 0.94375 0.04375 0.06458333333333334
1 0.5390625 0.9427083333333334 0.0484375 0.0375
1 0.52421875 0.90625 0.034375 0.03958333333333333
1 0.38984375 0.896875 0.0359375 0.05
1 0.35859375 0.8645833333333334 0.0296875 0.0625
1 0.28046875 0.859375 0.021875 0.022916666666666665
1 0.24375 0.8989583333333333 0.0296875 0.0375
1 0.19609375 0.8947916666666667 0.0234375 0.03333333333333333
1 0.15625 0.89375 0.0234375 0.025
1 0.20546875 0.8395833333333333 0.0359375 0.025
1 0.146875 0.8104166666666667 0.028125 0.03333333333333333
1 0.0859375 0.8052083333333333 0.015625 0.020833333333333332
1 0.02265625 0.6833333333333333 0.0296875 0.035416666666666666
0 0.48515625 0.9041666666666667 0.121875 0.19166666666666668
0 0.515625 0.7302083333333333 0.371875 0.44375
0 0.459375 0.5427083333333333 0.1625 0.525
0 0.43125 0.103125 0.0609375 0.20625
0 0.43671875 0.18854166666666666 0.2390625 0.3770833333333333
1 0.00546875 0.35104166666666664 0.0109375 0.016666666666666666
1 0.071875 0.40208333333333335 0.021875 0.035416666666666666