1 0.043359375 0.027083333333333334 0.02265625 0.03888888888888889
1 0.225390625 0.7041666666666667 0.01953125 0.03333333333333333
1 0.28671875 0.5277777777777778 0.0421875 0.05555555555555555
1 0.276953125 0.5965277777777778 0.03046875 0.04027777777777778
1 0.2515625 0.6840277777777778 0.03671875 0.06388888888888888
1 0.1140625 0.5201388888888889 0.0296875 0.05138888888888889
1 0.118359375 0.3326388888888889 0.03984375 0.05138888888888889
1 0.02734375 0.31180555555555556 0.0171875 0.020833333333333332
1 0.140625 0.2763888888888889 0.0171875 0.022222222222222223
1 0.130859375 0.25069444444444444 0.0078125 0.03194444444444444
1 0.278515625 0.26875 0.00546875 0.0125
1 0.24765625 0.27569444444444446 0.0078125 0.011111111111111112
1 0.20234375 0.2847222222222222 0.01171875 0.016666666666666666
1 0.26953125 0.31319444444444444 0.021875 0.034722222222222224
1 0.44375 0.10416666666666667 0.00625 0.011111111111111112
1 0.429296875 0.11875 0.0171875 0.02638888888888889
1 0.41328125 0.14652777777777778 0.01015625 0.02638888888888889
1 0.41015625 0.22152777777777777 0.01640625 0.022222222222222223
1 0.393359375 0.18194444444444444 0.02421875 0.05416666666666667
1 0.32421875 0.07152777777777777 0.01171875 0.03333333333333333
1 0.310546875 0.10555555555555556 0.02890625 0.03194444444444444
1 0.2421875 0.03263888888888889 0.04609375 0.0625
1 0.235546875 0.10486111111111111 0.01953125 0.041666666666666664
1 0.16484375 0.04791666666666667 0.0140625 0.019444444444444445
1 0.205078125 0.07569444444444444 0.01796875 0.0375
1 0.209765625 0.2111111111111111 0.0078125 0.018055555555555554
1 0.1890625 0.225 0.02421875 0.043055555555555555
1 0.196484375 0.18333333333333332 0.01875 0.04027777777777778
1 0.81484375 0.6048611111111111 0.0203125 0.03333333333333333
1 0.796875 0.7513888888888889 0.009375 0.015277777777777777
1 0.9765625 0.7027777777777777 0.01796875 0.029166666666666667
1 0.996484375 0.88125 0.00703125 0.02638888888888889
1 0.729296875 0.4479166666666667 0.0453125 0.08194444444444444
1 0.978125 0.9118055555555555 0.0359375 0.05
1 0.94140625 0.9625 0.025 0.0375
1 0.86640625 0.9951388888888889 0.01328125 0.009722222222222222
1 0.9296875 0.8854166666666666 0.01640625 0.025
1 0.89765625 0.8895833333333333 0.0140625 0.02361111111111111
1 0.8890625 0.9152777777777777 0.01015625 0.025
1 0.90546875 0.7770833333333333 0.0171875 0.030555555555555555
1 0.917578125 0.7159722222222222 0.06640625 0.09861111111111111
1 0.84921875 0.7645833333333333 0.01015625 0.020833333333333332
1 0.76171875 0.7083333333333334 0.01484375 0.02361111111111111
1 0.726171875 0.7180555555555556 0.01796875 0.027777777777777776
1 0.72734375 0.6722222222222223 0.02265625 0.058333333333333334
1 0.658984375 0.5659722222222222 0.0171875 0.03194444444444444
1 0.64609375 0.5986111111111111 0.01484375 0.022222222222222223
1 0.605859375 0.5319444444444444 0.03515625 0.044444444444444446
1 0.571875 0.5625 0.0140625 0.02361111111111111
1 0.569921875 0.6666666666666666 0.02265625 0.03611111111111111
1 0.6796875 0.6965277777777777 0.03125 0.07777777777777778
1 0.64375 0.75 0.0203125 0.030555555555555555
1 0.623046875 0.7097222222222223 0.05390625 0.05416666666666667
1 0.629296875 0.8013888888888889 0.02734375 0.07916666666666666
1 0.700390625 0.8020833333333334 0.04453125 0.06666666666666667
1 0.682421875 0.7645833333333333 0.03671875 0.04861111111111111
1 0.838671875 0.8381944444444445 0.01953125 0.05138888888888889
1 0.828125 0.7965277777777777 0.01875 0.022222222222222223
1 0.798046875 0.8201388888888889 0.03203125 0.06111111111111111
1 0.815234375 0.9625 0.0484375 0.075
1 0.7296875 0.9340277777777778 0.08125 0.13194444444444445
1 0.678125 0.9388888888888889 0.0125 0.027777777777777776
1 0.64296875 0.9236111111111112 0.0140625 0.022222222222222223
1 0.628515625 0.9631944444444445 0.00859375 0.022222222222222223
1 0.58515625 0.9430555555555555 0.00859375 0.013888888888888888
1 0.5859375 0.9104166666666667 0.0140625 0.03194444444444444
1 0.571484375 0.9034722222222222 0.0109375 0.020833333333333332
1 0.486328125 0.9777777777777777 0.02421875 0.044444444444444446
1 0.42734375 0.8055555555555556 0.01015625 0.019444444444444445
1 0.349609375 0.8041666666666667 0.0078125 0.011111111111111112
1 0.3203125 0.8368055555555556 0.01875 0.04722222222222222
1 0.12421875 0.7798611111111111 0.01171875 0.025
1 0.23828125 0.8868055555555555 0.0078125 0.018055555555555554
1 0.2515625 0.8145833333333333 0.0125 0.02361111111111111
1 0.1953125 0.7534722222222222 0.00859375 0.013888888888888888
1 0.2328125 0.7666666666666667 0.01015625 0.018055555555555554
1 0.178125 0.7701388888888889 0.0296875 0.04027777777777778
1 0.265625 0.7381944444444445 0.025 0.027777777777777776
1 0.246875 0.5298611111111111 0.00703125 0.0125
1 0.229296875 0.5270833333333333 0.025 0.075
1 0.192578125 0.49166666666666664 0.01015625 0.009722222222222222
1 0.173046875 0.4888888888888889 0.0234375 0.0375
1 0.152734375 0.51875 0.00859375 0.015277777777777777
1 0.146875 0.4930555555555556 0.01015625 0.016666666666666666
1 0.051953125 0.6715277777777777 0.02421875 0.03194444444444444
1 0.15234375 0.6625 0.0109375 0.019444444444444445
1 0.12109375 0.6618055555555555 0.02890625 0.043055555555555555
1 0.099609375 0.5902777777777778 0.0078125 0.0125
1 0.0703125 0.6305555555555555 0.01640625 0.016666666666666666
1 0.04765625 0.6243055555555556 0.0203125 0.04861111111111111
1 0.411328125 0.5847222222222223 0.01015625 0.018055555555555554
1 0.258203125 0.4215277777777778 0.01328125 0.020833333333333332
1 0.248828125 0.36875 0.01171875 0.018055555555555554
1 0.2359375 0.39305555555555555 0.009375 0.013888888888888888
1 0.9640625 0.6006944444444444 0.02265625 0.04027777777777778
1 0.938671875 0.5409722222222222 0.01171875 0.020833333333333332
1 0.89921875 0.5729166666666666 0.02109375 0.034722222222222224
1 0.896875 0.53125 0.01640625 0.022222222222222223
1 0.99140625 0.5194444444444445 0.0171875 0.03888888888888889
1 0.994140625 0.4840277777777778 0.01171875 0.025
1 0.96328125 0.34930555555555554 0.009375 0.020833333333333332
1 0.883203125 0.3909722222222222 0.009375 0.015277777777777777
1 0.885546875 0.4354166666666667 0.015625 0.030555555555555555
1 0.9953125 0.35 0.009375 0.02361111111111111
1 0.962109375 0.4465277777777778 0.02578125 0.05
1 0.93203125 0.41805555555555557 0.05390625 0.08888888888888889
1 0.967578125 0.2708333333333333 0.03515625 0.08194444444444444
1 0.885546875 0.22083333333333333 0.0203125 0.03333333333333333
1 0.986328125 0.04861111111111111 0.02734375 0.0625
1 0.96875 0.09305555555555556 0.03359375 0.04583333333333333
1 0.9125 0.04097222222222222 0.0125 0.020833333333333332
1 0.919921875 0.07916666666666666 0.015625 0.034722222222222224
1 0.899609375 0.0763888888888889 0.025 0.03611111111111111
1 0.055859375 0.9625 0.0359375 0.06388888888888888
1 0.208203125 0.9833333333333333 0.015625 0.02638888888888889
1 0.464453125 0.4097222222222222 0.01640625 0.025
1 0.939453125 0.17222222222222222 0.00625 0.011111111111111112
1 0.140625 0.6041666666666666 0.01015625 0.016666666666666666
1 0.879296875 0.09236111111111112 0.02265625 0.0375
1 0.84921875 0.09791666666666667 0.0171875 0.029166666666666667
1 0.805078125 0.08819444444444445 0.01640625 0.027777777777777776
1 0.816796875 0.021527777777777778 0.01796875 0.043055555555555555
1 0.793359375 0.16111111111111112 0.015625 0.02638888888888889
1 0.7359375 0.10972222222222222 0.01015625 0.015277777777777777
1 0.730078125 0.009027777777777777 0.01640625 0.018055555555555554
1 0.755859375 0.13958333333333334 0.01640625 0.03611111111111111
1 0.6015625 0.1736111111111111 0.01328125 0.018055555555555554
1 0.68515625 0.14166666666666666 0.0328125 0.019444444444444445
1 0.665234375 0.03125 0.01015625 0.0375
1 0.592578125 0.00625 0.01328125 0.0125
1 0.620703125 0.06666666666666667 0.0171875 0.04722222222222222
1 0.71015625 0.23333333333333334 0.02109375 0.027777777777777776
1 0.7109375 0.17569444444444443 0.0328125 0.03611111111111111
1 0.81015625 0.24097222222222223 0.0125 0.018055555555555554
1 0.837890625 0.2875 0.03515625 0.09722222222222222
1 0.7875 0.34097222222222223 0.0171875 0.029166666666666667
1 0.78671875 0.29930555555555555 0.015625 0.02638888888888889
1 0.823828125 0.4083333333333333 0.0203125 0.04027777777777778
1 0.77578125 0.4236111111111111 0.0140625 0.022222222222222223
1 0.65390625 0.4222222222222222 0.00625 0.034722222222222224
1 0.726953125 0.38263888888888886 0.03046875 0.05277777777777778
1 0.687109375 0.36736111111111114 0.03984375 0.12222222222222222
1 0.6359375 0.26180555555555557 0.0203125 0.034722222222222224
1 0.610546875 0.25069444444444444 0.03046875 0.04861111111111111
1 0.51328125 0.2638888888888889 0.00703125 0.020833333333333332
1 0.53828125 0.2798611111111111 0.009375 0.013888888888888888
1 0.57265625 0.24791666666666667 0.009375 0.020833333333333332
1 0.55078125 0.24097222222222223 0.03671875 0.06111111111111111
1 0.60078125 0.3236111111111111 0.00859375 0.018055555555555554
1 0.607421875 0.3 0.01328125 0.025
1 0.5984375 0.4166666666666667 0.02265625 0.03888888888888889
1 0.596875 0.38333333333333336 0.01640625 0.02638888888888889
1 0.573828125 0.37222222222222223 0.0203125 0.03194444444444444
1 0.558984375 0.33611111111111114 0.01640625 0.0375
1 0.553125 0.2972222222222222 0.0234375 0.03611111111111111
1 0.674609375 0.5284722222222222 0.01171875 0.018055555555555554
1 0.776953125 0.5145833333333333 0.0171875 0.03333333333333333
1 0.752734375 0.5138888888888888 0.0171875 0.025
1 0.792578125 0.5743055555555555 0.01171875 0.020833333333333332
1 0.641015625 0.42777777777777776 0.00546875 0.04861111111111111
1 0.642578125 0.1701388888888889 0.00859375 0.0125
0 0.70546875 0.11458333333333333 0.115625 0.22916666666666666
0 0.6234375 0.10972222222222222 0.046875 0.21944444444444444
0 0.700390625 0.27361111111111114 0.1234375 0.41388888888888886
0 0.6890625 0.6152777777777778 0.1421875 0.2513888888888889
0 0.719140625 0.8305555555555556 0.14296875 0.3013888888888889
0 0.672265625 0.9645833333333333 0.09296875 0.07083333333333333
0 0.190625 0.95 0.03515625 0.1
0 0.133984375 0.6875 0.14375 0.4083333333333333
0 0.178125 0.40694444444444444 0.04296875 0.04861111111111111
0 0.125390625 0.1798611111111111 0.1078125 0.3597222222222222
0 0.133984375 0.03611111111111111 0.1078125 0.07222222222222222
1 0.179296875 0.1736111111111111 0.01171875 0.02361111111111111
1 0.146484375 0.20694444444444443 0.01015625 0.019444444444444445
1 0.115234375 0.15763888888888888 0.01953125 0.04027777777777778