1 0.289453125 0.6229166666666667 0.04609375 0.0875
1 0.32421875 0.5666666666666667 0.00859375 0.018055555555555554
1 0.3375 0.5875 0.0125 0.027777777777777776
1 0.291796875 0.6986111111111111 0.0265625 0.043055555555555555
1 0.2640625 0.6965277777777777 0.00703125 0.009722222222222222
1 0.225390625 0.7208333333333333 0.04140625 0.0375
1 0.216796875 0.7458333333333333 0.01171875 0.029166666666666667
1 0.192578125 0.7722222222222223 0.02109375 0.03333333333333333
1 0.14609375 0.7715277777777778 0.02109375 0.04861111111111111
1 0.1640625 0.7604166666666666 0.0109375 0.02638888888888889
1 0.272265625 0.8458333333333333 0.01875 0.03888888888888889
1 0.25703125 0.9513888888888888 0.02890625 0.0625
1 0.2375 0.9333333333333333 0.01328125 0.020833333333333332
1 0.211328125 0.9069444444444444 0.01484375 0.041666666666666664
1 0.15625 0.8618055555555556 0.0171875 0.02638888888888889
1 0.16171875 0.89375 0.01171875 0.02638888888888889
1 0.174609375 0.8895833333333333 0.01015625 0.02361111111111111
1 0.17265625 0.9381944444444444 0.015625 0.027777777777777776
1 0.186328125 0.9652777777777778 0.01171875 0.020833333333333332
1 0.23046875 0.8423611111111111 0.00859375 0.011111111111111112
1 0.241796875 0.8979166666666667 0.01171875 0.018055555555555554
1 0.084765625 0.91875 0.04921875 0.09861111111111111
1 0.109375 0.8194444444444444 0.01953125 0.041666666666666664
1 0.105859375 0.75625 0.03359375 0.05277777777777778
1 0.1125 0.6895833333333333 0.02421875 0.04027777777777778
1 0.09609375 0.7034722222222223 0.00703125 0.009722222222222222
1 0.03984375 0.6277777777777778 0.021875 0.03888888888888889
1 0.080078125 0.6326388888888889 0.0171875 0.029166666666666667
1 0.141796875 0.5444444444444444 0.0109375 0.020833333333333332
1 0.092578125 0.4465277777777778 0.01328125 0.020833333333333332
1 0.33046875 0.2652777777777778 0.01015625 0.011111111111111112
1 0.5 0.7180555555555556 0.0078125 0.0125
1 0.46796875 0.7486111111111111 0.02265625 0.06527777777777778
1 0.348046875 0.8138888888888889 0.01640625 0.03888888888888889
1 0.269140625 0.7847222222222222 0.0140625 0.018055555555555554
1 0.804296875 0.003472222222222222 0.00859375 0.006944444444444444
1 0.886328125 0.014583333333333334 0.0296875 0.029166666666666667
1 0.978125 0.11319444444444444 0.01015625 0.011111111111111112
1 0.99296875 0.0125 0.0140625 0.025
1 0.99453125 0.09444444444444444 0.0109375 0.03611111111111111
1 0.937109375 0.15138888888888888 0.02109375 0.030555555555555555
1 0.916015625 0.14166666666666666 0.01796875 0.05
1 0.874609375 0.12986111111111112 0.03515625 0.07361111111111111
1 0.846875 0.16944444444444445 0.02109375 0.034722222222222224
1 0.831640625 0.14722222222222223 0.01015625 0.02361111111111111
1 0.8328125 0.10277777777777777 0.02109375 0.04861111111111111
1 0.78125 0.029861111111111113 0.03515625 0.059722222222222225
1 0.74921875 0.005555555555555556 0.0140625 0.011111111111111112
1 0.825390625 0.06041666666666667 0.01796875 0.027777777777777776
1 0.769140625 0.19722222222222222 0.025 0.041666666666666664
1 0.773046875 0.32708333333333334 0.021875 0.044444444444444446
1 0.9703125 0.2902777777777778 0.01015625 0.016666666666666666
1 0.809375 0.325 0.01484375 0.022222222222222223
1 0.842578125 0.32430555555555557 0.01640625 0.041666666666666664
1 0.44921875 0.18888888888888888 0.01328125 0.015277777777777777
1 0.871484375 0.3458333333333333 0.02109375 0.05
1 0.87265625 0.42291666666666666 0.00703125 0.009722222222222222
1 0.879296875 0.4708333333333333 0.00859375 0.013888888888888888
1 0.8375 0.5340277777777778 0.00859375 0.013888888888888888
1 0.79375 0.4875 0.015625 0.02638888888888889
1 0.687109375 0.5194444444444445 0.01015625 0.015277777777777777
1 0.68203125 0.4652777777777778 0.0140625 0.025
1 0.725 0.4895833333333333 0.01953125 0.03611111111111111
1 0.744921875 0.4097222222222222 0.05703125 0.08333333333333333
1 0.9328125 0.8833333333333333 0.009375 0.022222222222222223
1 0.94375 0.9881944444444445 0.01015625 0.018055555555555554
1 0.9171875 0.9798611111111111 0.0375 0.04027777777777778
1 0.8859375 0.9965277777777778 0.0171875 0.006944444444444444
1 0.866015625 0.9930555555555556 0.01171875 0.013888888888888888
1 0.84140625 0.65625 0.0140625 0.02638888888888889
1 0.780859375 0.5520833333333334 0.01640625 0.034722222222222224
1 0.776171875 0.5194444444444445 0.01328125 0.027777777777777776
1 0.83359375 0.5770833333333333 0.01640625 0.03333333333333333
1 0.89140625 0.5881944444444445 0.01484375 0.029166666666666667
1 0.88671875 0.5618055555555556 0.0078125 0.013888888888888888
1 0.87265625 0.5243055555555556 0.02578125 0.04583333333333333
1 0.8625 0.58125 0.040625 0.07916666666666666
1 0.978515625 0.48541666666666666 0.0265625 0.07361111111111111
1 0.921484375 0.47708333333333336 0.01875 0.034722222222222224
1 0.943359375 0.5118055555555555 0.02578125 0.05
1 0.938671875 0.5763888888888888 0.04609375 0.07916666666666666
1 0.991796875 0.6465277777777778 0.01640625 0.034722222222222224
1 0.980078125 0.7479166666666667 0.0234375 0.030555555555555555
1 0.93125 0.7333333333333333 0.009375 0.020833333333333332
1 0.9265625 0.6423611111111112 0.02734375 0.058333333333333334
1 0.91796875 0.6868055555555556 0.01875 0.0375
1 0.550390625 0.6256944444444444 0.0328125 0.06111111111111111
1 0.892578125 0.6701388888888888 0.03515625 0.06944444444444445
1 0.895703125 0.7854166666666667 0.02578125 0.06388888888888888
1 0.86875 0.7840277777777778 0.028125 0.06527777777777778
1 0.874609375 0.7354166666666667 0.02890625 0.03888888888888889
1 0.96328125 0.8381944444444445 0.04375 0.07361111111111111
1 0.71875 0.7715277777777778 0.015625 0.029166666666666667
1 0.826953125 0.8972222222222223 0.06328125 0.18472222222222223
1 0.771875 0.95 0.04296875 0.06805555555555555
1 0.757421875 0.8465277777777778 0.05 0.12638888888888888
1 0.659765625 0.9743055555555555 0.02890625 0.05138888888888889
1 0.0203125 0.3541666666666667 0.0125 0.03888888888888889
1 0.100390625 0.30625 0.0109375 0.013888888888888888
1 0.220703125 0.5798611111111112 0.01484375 0.022222222222222223
1 0.2203125 0.6305555555555555 0.01796875 0.04027777777777778
1 0.64609375 0.7673611111111112 0.0171875 0.034722222222222224
1 0.193359375 0.6701388888888888 0.01484375 0.02638888888888889
1 0.23515625 0.5284722222222222 0.01171875 0.0375
1 0.658203125 0.9298611111111111 0.01328125 0.034722222222222224
1 0.54296875 0.8583333333333333 0.01875 0.019444444444444445
1 0.493359375 0.29444444444444445 0.0140625 0.025
1 0.555078125 0.225 0.0171875 0.025
1 0.581640625 0.14930555555555555 0.00625 0.011111111111111112
1 0.59296875 0.1527777777777778 0.0109375 0.02638888888888889
1 0.625 0.11597222222222223 0.01484375 0.03194444444444444
1 0.646875 0.14444444444444443 0.03359375 0.058333333333333334
1 0.644140625 0.18958333333333333 0.0125 0.03333333333333333
1 0.527734375 0.02361111111111111 0.01796875 0.04027777777777778
1 0.54453125 0.034027777777777775 0.01640625 0.03888888888888889
1 0.599609375 0.007638888888888889 0.00390625 0.015277777777777777
1 0.6171875 0.008333333333333333 0.0109375 0.016666666666666666
1 0.634765625 0.013888888888888888 0.02421875 0.027777777777777776
1 0.655078125 0.02013888888888889 0.00546875 0.011111111111111112
1 0.686328125 0.009027777777777777 0.009375 0.018055555555555554
1 0.694921875 0.05763888888888889 0.0140625 0.022222222222222223
1 0.672265625 0.08888888888888889 0.015625 0.030555555555555555
1 0.740625 0.11875 0.0203125 0.034722222222222224
1 0.766796875 0.10555555555555556 0.00859375 0.013888888888888888
1 0.690234375 0.23819444444444443 0.05390625 0.13472222222222222
1 0.6140625 0.3013888888888889 0.01015625 0.020833333333333332
1 0.6265625 0.3333333333333333 0.02578125 0.03888888888888889
1 0.623046875 0.3861111111111111 0.025 0.02361111111111111
1 0.6453125 0.375 0.00859375 0.011111111111111112
1 0.637890625 0.42916666666666664 0.009375 0.025
1 0.58515625 0.8465277777777778 0.01171875 0.03611111111111111
1 0.616796875 0.8291666666666667 0.05234375 0.125
0 0.67265625 0.22777777777777777 0.2390625 0.38333333333333336
0 0.697265625 0.06666666666666667 0.1390625 0.13333333333333333
0 0.7109375 0.6659722222222222 0.20703125 0.5277777777777778
0 0.726171875 0.7027777777777777 0.203125 0.4875
0 0.12578125 0.31527777777777777 0.2515625 0.2125
0 0.101953125 0.09652777777777778 0.18984375 0.19305555555555556
1 0.59921875 0.5055555555555555 0.0171875 0.03333333333333333
1 0.62421875 0.5590277777777778 0.01015625 0.013888888888888888
1 0.649609375 0.5722222222222222 0.0078125 0.016666666666666666
1 0.580859375 0.5715277777777777 0.015625 0.022222222222222223
1 0.6046875 0.6284722222222222 0.0390625 0.06944444444444445
1 0.6734375 0.6305555555555555 0.02109375 0.05277777777777778
1 0.74140625 0.6361111111111111 0.02109375 0.05555555555555555
1 0.7609375 0.6222222222222222 0.01640625 0.030555555555555555
1 0.673046875 0.7340277777777777 0.01640625 0.04027777777777778
1 0.106640625 0.14375 0.0171875 0.03611111111111111
1 0.06796875 0.2076388888888889 0.025 0.043055555555555555
1 0.173046875 0.07708333333333334 0.0078125 0.016666666666666666
1 0.2 0.0625 0.0140625 0.0375
1 0.213671875 0.019444444444444445 0.01953125 0.03333333333333333
1 0.23203125 0.06111111111111111 0.04375 0.09166666666666666
1 0.258984375 0.04236111111111111 0.021875 0.0375
1 0.278515625 0.04583333333333333 0.0140625 0.02638888888888889
1 0.26015625 0.09375 0.015625 0.044444444444444446
1 0.2796875 0.09583333333333334 0.01640625 0.027777777777777776
1 0.248046875 0.13819444444444445 0.03359375 0.04722222222222222
1 0.220703125 0.18263888888888888 0.03359375 0.0875
1 0.269140625 0.1951388888888889 0.0359375 0.06944444444444445
1 0.301953125 0.18958333333333333 0.01328125 0.02638888888888889
1 0.27265625 0.2604166666666667 0.03671875 0.0763888888888889
1 0.2296875 0.29305555555555557 0.01328125 0.015277777777777777
1 0.248828125 0.3472222222222222 0.0203125 0.04583333333333333
1 0.2109375 0.35625 0.01953125 0.022222222222222223
1 0.216796875 0.37916666666666665 0.01953125 0.025
1 0.234375 0.41597222222222224 0.03984375 0.05555555555555555
1 0.25078125 0.44027777777777777 0.03203125 0.044444444444444446
1 0.2609375 0.4791666666666667 0.0203125 0.03888888888888889
1 0.28828125 0.5145833333333333 0.0421875 0.09861111111111111
1 0.275390625 0.5652777777777778 0.028125 0.041666666666666664
1 0.344140625 0.6395833333333333 0.02109375 0.05277777777777778