1 0.634375 0.975 0.0171875 0.020833333333333332
0 0.4984375 0.8416666666666667 0.175 0.09166666666666666
0 0.55703125 0.59375 0.140625 0.11458333333333333
0 0.6078125 0.309375 0.1625 0.2125
0 0.5890625 0.051041666666666666 0.1546875 0.10208333333333333
1 0.80859375 0.22916666666666666 0.0359375 0.041666666666666664
1 0.8328125 0.3104166666666667 0.059375 0.05416666666666667
1 0.83125 0.25833333333333336 0.0140625 0.01875
1 0.85703125 0.23333333333333334 0.0375 0.0375
1 0.86640625 0.27708333333333335 0.0203125 0.022916666666666665
1 0.98828125 0.14895833333333333 0.015625 0.03333333333333333
1 0.840625 0.18645833333333334 0.021875 0.027083333333333334
1 0.7734375 0.15208333333333332 0.025 0.03125
1 0.7296875 0.11875 0.0328125 0.04375
1 0.66640625 0.06354166666666666 0.0390625 0.04375
1 0.83125 0.009375 0.01875 0.01875
1 0.59765625 0.14583333333333334 0.03125 0.029166666666666667
1 0.63203125 0.325 0.015625 0.01875
1 0.80234375 0.421875 0.0234375 0.029166666666666667
1 0.83046875 0.5364583333333334 0.0375 0.0375
1 0.96328125 0.4125 0.03125 0.0625
1 0.97578125 0.684375 0.0265625 0.06875
1 0.92890625 0.7833333333333333 0.046875 0.035416666666666666
1 0.8390625 0.821875 0.0265625 0.05
1 0.8015625 0.7510416666666667 0.0265625 0.027083333333333334
1 0.65546875 0.9395833333333333 0.015625 0.020833333333333332
1 0.80859375 0.975 0.0203125 0.020833333333333332
1 0.81875 0.9072916666666667 0.0140625 0.022916666666666665
1 0.534375 0.7875 0.04375 0.04791666666666667
1 0.56875 0.8520833333333333 0.015625 0.014583333333333334
1 0.50859375 0.7177083333333333 0.0171875 0.03333333333333333
1 0.42109375 0.7572916666666667 0.028125 0.01875
1 0.36953125 0.821875 0.0265625 0.04791666666666667
1 0.24921875 0.85 0.0515625 0.0375
1 0.25625 0.8 0.0375 0.07083333333333333
1 0.31953125 0.6572916666666667 0.0453125 0.05625
1 0.36953125 0.70625 0.0109375 0.014583333333333334
1 0.3046875 0.5395833333333333 0.034375 0.04791666666666667
1 0.37734375 0.5197916666666667 0.03125 0.04791666666666667
1 0.46171875 0.4791666666666667 0.028125 0.03125
1 0.509375 0.5177083333333333 0.0203125 0.03125
1 0.5328125 0.509375 0.0203125 0.027083333333333334
1 0.3046875 0.4114583333333333 0.04375 0.029166666666666667
1 0.28671875 0.5 0.021875 0.029166666666666667
1 0.18515625 0.49166666666666664 0.0328125 0.020833333333333332
1 0.08984375 0.6916666666666667 0.0140625 0.020833333333333332
1 0.03984375 0.9260416666666667 0.0328125 0.0625
1 0.1703125 0.9572916666666667 0.0203125 0.022916666666666665
1 0.20625 0.9614583333333333 0.015625 0.014583333333333334
1 0.3796875 0.9927083333333333 0.0171875 0.014583333333333334
1 0.471875 0.9479166666666666 0.03125 0.03333333333333333
1 0.05 0.31666666666666665 0.025 0.035416666666666666
1 0.009375 0.115625 0.01875 0.041666666666666664
1 0.134375 0.07291666666666667 0.03125 0.04791666666666667
1 0.31171875 0.04479166666666667 0.1 0.08958333333333333
1 0.2234375 0.028125 0.009375 0.0125
1 0.25546875 0.017708333333333333 0.0375 0.035416666666666666
1 0.3921875 0.051041666666666666 0.0234375 0.035416666666666666
1 0.43046875 0.14895833333333333 0.015625 0.020833333333333332
1 0.484375 0.215625 0.021875 0.03333333333333333
1 0.4046875 0.32395833333333335 0.0125 0.022916666666666665
1 0.34140625 0.353125 0.053125 0.07708333333333334
1 0.25546875 0.20729166666666668 0.0375 0.04583333333333333
1 0.36953125 0.275 0.0140625 0.01875
1 0.1796875 0.24583333333333332 0.015625 0.027083333333333334
1 0.23046875 0.39791666666666664 0.0140625 0.022916666666666665
1 0.17890625 0.3145833333333333 0.03125 0.03333333333333333
1 0.15546875 0.4739583333333333 0.0140625 0.016666666666666666
1 0.30234375 0.328125 0.009375 0.025
1 0.26328125 0.6979166666666666 0.025 0.03333333333333333
1 0.0265625 0.6177083333333333 0.0234375 0.03333333333333333
1 0.00703125 0.684375 0.0140625 0.025
1 0.4796875 0.029166666666666667 0.0171875 0.014583333333333334
1 0.16640625 0.020833333333333332 0.021875 0.022916666666666665