1 0.86015625 0.42604166666666665 0.0265625 0.029166666666666667
1 0.375 0.2916666666666667 0.04375 0.06041666666666667
0 0.68828125 0.965625 0.0859375 0.06875
1 0.4265625 0.21354166666666666 0.028125 0.03125
1 0.68828125 0.013541666666666667 0.0265625 0.027083333333333334
1 0.50078125 0.8052083333333333 0.0328125 0.05416666666666667
0 0.65703125 0.042708333333333334 0.040625 0.08541666666666667
0 0.72109375 0.790625 0.171875 0.22708333333333333
0 0.73515625 0.178125 0.1484375 0.20833333333333334
1 0.7875 0.052083333333333336 0.025 0.029166666666666667
0 0.76015625 0.49583333333333335 0.20625 0.31666666666666665
1 0.87890625 0.11666666666666667 0.0265625 0.03333333333333333
1 0.9078125 0.3770833333333333 0.01875 0.020833333333333332
1 0.4671875 0.1875 0.015625 0.022916666666666665
1 0.74921875 0.365625 0.0265625 0.025
1 0.5625 0.603125 0.0265625 0.029166666666666667
1 0.8625 0.5229166666666667 0.0265625 0.03125