1 0.962109375 0.8861111111111111 0.01015625 0.027777777777777776
0 0.637890625 0.23680555555555555 0.11796875 0.4736111111111111
1 0.179296875 0.6604166666666667 0.01328125 0.02361111111111111
1 0.1671875 0.6243055555555556 0.01015625 0.025
1 0.155859375 0.5569444444444445 0.01953125 0.043055555555555555
1 0.23125 0.5819444444444445 0.0203125 0.03888888888888889
1 0.26640625 0.46597222222222223 0.009375 0.013888888888888888
1 0.23359375 0.4583333333333333 0.01484375 0.029166666666666667
1 0.146484375 0.40902777777777777 0.0171875 0.05138888888888889
1 0.180078125 0.35347222222222224 0.0234375 0.043055555555555555
1 0.18671875 0.3173611111111111 0.0234375 0.0375
1 0.28125 0.3923611111111111 0.028125 0.059722222222222225
1 0.21640625 0.3090277777777778 0.03359375 0.06527777777777778
1 0.224609375 0.24444444444444444 0.0234375 0.05277777777777778
1 0.176171875 0.16041666666666668 0.0234375 0.02638888888888889
1 0.187109375 0.13194444444444445 0.009375 0.008333333333333333
1 0.1609375 0.10208333333333333 0.01015625 0.018055555555555554
1 0.470703125 0.5354166666666667 0.01171875 0.025
1 0.584765625 0.4986111111111111 0.040625 0.10972222222222222
1 0.617578125 0.3659722222222222 0.01796875 0.029166666666666667
1 0.5578125 0.37569444444444444 0.01328125 0.020833333333333332
1 0.71171875 0.4 0.03203125 0.08055555555555556
1 0.815625 0.4861111111111111 0.028125 0.05694444444444444
1 0.74609375 0.5666666666666667 0.01875 0.034722222222222224
1 0.744140625 0.65 0.02109375 0.022222222222222223
1 0.57578125 0.07430555555555556 0.015625 0.02361111111111111
1 0.54375 0.043055555555555555 0.01796875 0.029166666666666667
1 0.75703125 0.013888888888888888 0.0265625 0.027777777777777776
1 0.78203125 0.013888888888888888 0.009375 0.020833333333333332
1 0.8125 0.03888888888888889 0.03203125 0.05416666666666667
1 0.7921875 0.10833333333333334 0.0421875 0.09444444444444444
1 0.83046875 0.09444444444444444 0.00859375 0.016666666666666666
1 0.85 0.08125 0.015625 0.04027777777777778
1 0.88671875 0.058333333333333334 0.015625 0.02638888888888889
1 0.85078125 0.14444444444444443 0.01796875 0.04861111111111111
1 0.898046875 0.006944444444444444 0.00703125 0.0125
1 0.49296875 0.55 0.01328125 0.030555555555555555
1 0.488671875 0.4701388888888889 0.0109375 0.020833333333333332
1 0.729296875 0.7520833333333333 0.00703125 0.025
1 0.7171875 0.9958333333333333 0.01171875 0.008333333333333333
1 0.81328125 0.9729166666666667 0.0078125 0.016666666666666666
1 0.777734375 0.9826388888888888 0.02421875 0.034722222222222224
1 0.2296875 0.1125 0.034375 0.07222222222222222
1 0.741796875 0.8548611111111111 0.02109375 0.034722222222222224
1 0.659765625 0.9229166666666667 0.01171875 0.025
1 0.594140625 0.6326388888888889 0.0171875 0.034722222222222224
1 0.5265625 0.8472222222222222 0.00625 0.011111111111111112
1 0.597265625 0.8902777777777777 0.01796875 0.041666666666666664
1 0.566796875 0.9479166666666666 0.01953125 0.03611111111111111
1 0.4109375 0.9104166666666667 0.01796875 0.06111111111111111
1 0.28125 0.9277777777777778 0.0109375 0.015277777777777777
1 0.2453125 0.07361111111111111 0.01796875 0.029166666666666667
1 0.178515625 0.04791666666666667 0.015625 0.022222222222222223
0 0.691015625 0.33402777777777776 0.11796875 0.5236111111111111
0 0.0953125 0.08055555555555556 0.1890625 0.15833333333333333
0 0.122265625 0.25277777777777777 0.1125 0.5013888888888889
0 0.11640625 0.4583333333333333 0.2328125 0.11666666666666667
0 0.17265625 0.7041666666666667 0.203125 0.2569444444444444
0 0.099609375 0.9472222222222222 0.19921875 0.10555555555555556
0 0.70390625 0.8979166666666667 0.1625 0.20416666666666666
0 0.705078125 0.6888888888888889 0.14609375 0.5305555555555556
0 0.671484375 0.59375 0.14921875 0.35
0 0.62421875 0.06041666666666667 0.01796875 0.12083333333333333
0 0.530078125 0.014583333333333334 0.015625 0.029166666666666667
1 0.208203125 0.9715277777777778 0.0203125 0.05416666666666667
1 0.137890625 0.8715277777777778 0.0171875 0.03611111111111111
1 0.25390625 0.7368055555555556 0.03046875 0.0375
1 0.264453125 0.6916666666666667 0.0296875 0.04722222222222222
1 0.21953125 0.7159722222222222 0.0203125 0.03194444444444444
1 0.942578125 0.22847222222222222 0.01640625 0.03333333333333333
1 0.8796875 0.2861111111111111 0.02734375 0.05277777777777778
1 0.93671875 0.49444444444444446 0.02109375 0.044444444444444446
1 0.972265625 0.40555555555555556 0.01875 0.0125
1 0.976171875 0.5236111111111111 0.02421875 0.05277777777777778
1 0.9265625 0.5833333333333334 0.0203125 0.03611111111111111
1 0.978125 0.6444444444444445 0.01640625 0.043055555555555555
1 0.88828125 0.7166666666666667 0.01953125 0.020833333333333332
1 0.951953125 0.76875 0.021875 0.0375
1 0.96015625 0.7340277777777777 0.0078125 0.016666666666666666
1 0.81953125 0.7847222222222222 0.0171875 0.030555555555555555
1 0.88671875 0.7944444444444444 0.02109375 0.03611111111111111
1 0.8875 0.8854166666666666 0.01953125 0.03888888888888889