1 0.741796875 0.46111111111111114 0.03984375 0.044444444444444446
1 0.778125 0.4486111111111111 0.01875 0.03333333333333333
1 0.89375 0.46805555555555556 0.0203125 0.019444444444444445
1 0.91015625 0.9069444444444444 0.04921875 0.11527777777777778
1 0.83984375 0.9430555555555555 0.0203125 0.04583333333333333
1 0.5703125 0.8361111111111111 0.01484375 0.05555555555555555
1 0.576953125 0.7222222222222222 0.01171875 0.019444444444444445
1 0.183203125 0.4444444444444444 0.01796875 0.027777777777777776
1 0.0828125 0.24722222222222223 0.0171875 0.03611111111111111
1 0.70625 0.19930555555555557 0.01875 0.03194444444444444
1 0.87265625 0.25972222222222224 0.01796875 0.020833333333333332
1 0.828515625 0.2013888888888889 0.01015625 0.02638888888888889
1 0.88671875 0.22361111111111112 0.01015625 0.025
1 0.24140625 0.08958333333333333 0.01015625 0.019444444444444445
1 0.310546875 0.99375 0.01328125 0.0125
1 0.2921875 0.7486111111111111 0.01015625 0.016666666666666666
1 0.308984375 0.7840277777777778 0.015625 0.02638888888888889
1 0.658984375 0.95 0.0203125 0.025
1 0.706640625 0.9840277777777777 0.02421875 0.027777777777777776
1 0.703125 0.022222222222222223 0.01875 0.02361111111111111
1 0.263671875 0.5659722222222222 0.009375 0.02361111111111111
1 0.21328125 0.4 0.0078125 0.013888888888888888
1 0.181640625 0.6395833333333333 0.01328125 0.027777777777777776
0 0.670703125 0.15486111111111112 0.07421875 0.30972222222222223
1 0.76328125 0.3736111111111111 0.04296875 0.06944444444444445
1 0.727734375 0.22291666666666668 0.021875 0.030555555555555555
1 0.22109375 0.24930555555555556 0.0421875 0.05138888888888889
1 0.296484375 0.4618055555555556 0.02265625 0.025
1 0.325 0.5125 0.02421875 0.0375
0 0.71015625 0.90625 0.1828125 0.17777777777777778
0 0.726171875 0.6868055555555556 0.15078125 0.43194444444444446
1 0.827734375 0.5388888888888889 0.0296875 0.06944444444444445
1 0.2265625 0.7680555555555556 0.0546875 0.09027777777777778
1 0.8078125 0.7743055555555556 0.01796875 0.04583333333333333
0 0.663671875 0.3715277777777778 0.16171875 0.1527777777777778
0 0.750390625 0.13958333333333334 0.1328125 0.275
0 0.102734375 0.7631944444444444 0.20546875 0.325
0 0.144921875 0.6006944444444444 0.09921875 0.3972222222222222
0 0.155859375 0.36875 0.0828125 0.22916666666666666
0 0.094140625 0.12430555555555556 0.18828125 0.24861111111111112
1 0.853125 0.6451388888888889 0.01875 0.03888888888888889
1 0.838671875 0.6770833333333334 0.01796875 0.03194444444444444
1 0.9359375 0.7236111111111111 0.125 0.2111111111111111
1 0.90703125 0.5625 0.0171875 0.030555555555555555
1 0.94375 0.5826388888888889 0.0203125 0.03611111111111111
1 0.984375 0.5881944444444445 0.015625 0.027777777777777776
1 0.8515625 0.07222222222222222 0.021875 0.0625
1 0.935546875 0.32083333333333336 0.02421875 0.0625
1 0.962890625 0.34652777777777777 0.01484375 0.020833333333333332
1 0.95703125 0.4354166666666667 0.01875 0.018055555555555554
1 0.995703125 0.21319444444444444 0.00859375 0.06805555555555555
1 0.98828125 0.0125 0.0234375 0.020833333333333332
1 0.958203125 0.04097222222222222 0.0171875 0.03888888888888889
1 0.909765625 0.15347222222222223 0.015625 0.02361111111111111
1 0.926171875 0.1909722222222222 0.01484375 0.04027777777777778
1 0.6015625 0.05694444444444444 0.02265625 0.03194444444444444
1 0.558984375 0.05138888888888889 0.01015625 0.020833333333333332
1 0.5 0.11388888888888889 0.015625 0.018055555555555554
1 0.5953125 0.3298611111111111 0.0453125 0.16527777777777777
1 0.65625 0.3090277777777778 0.025 0.06805555555555555
1 0.673828125 0.2638888888888889 0.01796875 0.0375
1 0.19375 0.3194444444444444 0.0109375 0.025
1 0.201171875 0.07222222222222222 0.02421875 0.04027777777777778
1 0.206640625 0.027777777777777776 0.01875 0.044444444444444446
1 0.546484375 0.5756944444444444 0.009375 0.03194444444444444
1 0.618359375 0.5993055555555555 0.01875 0.04861111111111111
1 0.634765625 0.6395833333333333 0.02421875 0.03194444444444444
1 0.669921875 0.49930555555555556 0.01171875 0.025
1 0.6703125 0.5479166666666667 0.0109375 0.02638888888888889
1 0.8078125 0.35 0.0140625 0.027777777777777776