1 0.31171875 0.31145833333333334 0.0140625 0.022916666666666665
1 0.4859375 0.84375 0.0234375 0.027083333333333334
1 0.453125 0.9729166666666667 0.0109375 0.020833333333333332
1 0.31875 0.8552083333333333 0.01875 0.035416666666666666
1 0.59921875 0.8947916666666667 0.025 0.022916666666666665
1 0.35703125 0.3416666666666667 0.021875 0.0375
1 0.44921875 0.10208333333333333 0.021875 0.03125
1 0.7875 0.42916666666666664 0.0265625 0.027083333333333334
1 0.82265625 0.3614583333333333 0.0296875 0.0375
1 0.790625 0.33229166666666665 0.0234375 0.027083333333333334
1 0.80859375 0.303125 0.0203125 0.01875
1 0.621875 0.6208333333333333 0.0234375 0.020833333333333332
1 0.00703125 0.06770833333333333 0.0140625 0.029166666666666667
1 0.4125 0.3302083333333333 0.021875 0.027083333333333334
1 0.29296875 0.25 0.01875 0.020833333333333332
1 0.3375 0.6666666666666666 0.0203125 0.025
1 0.81875 0.7239583333333334 0.015625 0.022916666666666665
0 0.5171875 0.8645833333333334 0.19375 0.2708333333333333
0 0.590625 0.5604166666666667 0.13125 0.09375
0 0.56484375 0.36666666666666664 0.2265625 0.1625
0 0.6265625 0.06458333333333334 0.1828125 0.12916666666666668
1 0.19921875 0.5885416666666666 0.0984375 0.08333333333333333
1 0.32578125 0.5697916666666667 0.034375 0.035416666666666666
1 0.2765625 0.5677083333333334 0.0234375 0.035416666666666666
1 0.43828125 0.6447916666666667 0.0234375 0.027083333333333334
1 0.7125 0.7677083333333333 0.03125 0.035416666666666666
1 0.40546875 0.940625 0.0265625 0.020833333333333332
1 0.278125 0.9166666666666666 0.0296875 0.03333333333333333
1 0.3 0.12916666666666668 0.025 0.03125
1 0.38984375 0.371875 0.034375 0.03333333333333333
1 0.5109375 0.69375 0.015625 0.014583333333333334