1 0.6796875 0.8239583333333333 0.0234375 0.025
1 0.4859375 0.5770833333333333 0.0109375 0.010416666666666666
1 0.47734375 0.49166666666666664 0.021875 0.029166666666666667
1 0.14296875 0.784375 0.015625 0.016666666666666666
1 0.475 0.25625 0.0125 0.014583333333333334
1 0.50625 0.23541666666666666 0.021875 0.029166666666666667
1 0.98359375 0.5666666666666667 0.0140625 0.014583333333333334
1 0.9578125 0.465625 0.0296875 0.020833333333333332
1 0.9578125 0.43854166666666666 0.025 0.03333333333333333
0 0.51875 0.1125 0.265625 0.225
0 0.63203125 0.4197916666666667 0.3078125 0.59375
0 0.4609375 0.8895833333333333 0.2421875 0.22083333333333333
0 0.5734375 0.5239583333333333 0.1 0.275
1 0.2703125 0.09375 0.0171875 0.020833333333333332
1 0.2296875 0.09375 0.01875 0.027083333333333334
1 0.1359375 0.115625 0.0140625 0.014583333333333334
1 0.13125 0.10416666666666667 0.0140625 0.014583333333333334
1 0.240625 0.028125 0.0171875 0.029166666666666667
1 0.26015625 0.010416666666666666 0.01875 0.01875
1 0.26484375 0.035416666666666666 0.01875 0.020833333333333332
1 0.3734375 0.25104166666666666 0.0203125 0.020833333333333332
1 0.36875 0.19583333333333333 0.0125 0.027083333333333334
1 0.48828125 0.203125 0.0375 0.05
1 0.56328125 0.184375 0.028125 0.04375
1 0.21640625 0.3375 0.01875 0.020833333333333332
1 0.48046875 0.27708333333333335 0.0140625 0.014583333333333334
1 0.50625 0.37083333333333335 0.021875 0.03125
1 0.3734375 0.3104166666666667 0.015625 0.020833333333333332
1 0.29296875 0.4322916666666667 0.0328125 0.029166666666666667
1 0.28515625 0.44583333333333336 0.009375 0.010416666666666666
1 0.4296875 0.3302083333333333 0.009375 0.00625
1 0.7625 0.040625 0.015625 0.022916666666666665
1 0.78046875 0.04791666666666667 0.0125 0.016666666666666666
1 0.7296875 0.06354166666666666 0.0171875 0.03333333333333333
1 0.74296875 0.07291666666666667 0.0109375 0.014583333333333334
1 0.915625 0.07291666666666667 0.01875 0.016666666666666666
1 0.903125 0.090625 0.0109375 0.025
1 0.9078125 0.13333333333333333 0.01875 0.020833333333333332
1 0.91484375 0.18020833333333333 0.0171875 0.01875
1 0.803125 0.2125 0.0265625 0.041666666666666664
1 0.9515625 0.15729166666666666 0.015625 0.01875
1 0.9796875 0.215625 0.0203125 0.027083333333333334
1 0.96953125 0.23645833333333333 0.0171875 0.020833333333333332
1 0.94375 0.24166666666666667 0.0203125 0.0375
1 0.9609375 0.21770833333333334 0.009375 0.016666666666666666
1 0.865625 0.24166666666666667 0.0109375 0.016666666666666666
1 0.9015625 0.33125 0.009375 0.01875
1 0.88984375 0.334375 0.0125 0.01875
1 0.8546875 0.346875 0.0203125 0.01875
1 0.76875 0.21458333333333332 0.0234375 0.03125
1 0.70703125 0.19375 0.0171875 0.025
1 0.7109375 0.23541666666666666 0.0359375 0.041666666666666664
1 0.7265625 0.21041666666666667 0.021875 0.01875
1 0.65703125 0.24479166666666666 0.028125 0.03333333333333333
1 0.625 0.2604166666666667 0.0140625 0.03125
1 0.61171875 0.265625 0.0109375 0.022916666666666665
1 0.63671875 0.22395833333333334 0.021875 0.025
1 0.6484375 0.20833333333333334 0.0265625 0.027083333333333334
1 0.66796875 0.16770833333333332 0.028125 0.03958333333333333
1 0.65078125 0.18229166666666666 0.0203125 0.03125
1 0.66640625 0.21666666666666667 0.0125 0.016666666666666666
1 0.67265625 0.19791666666666666 0.01875 0.022916666666666665
1 0.575 0.20833333333333334 0.021875 0.01875
1 0.66171875 0.46145833333333336 0.0375 0.04375
1 0.7984375 0.5822916666666667 0.0171875 0.025
1 0.76015625 0.61875 0.025 0.035416666666666666
1 0.7328125 0.5729166666666666 0.03125 0.03125
1 0.74921875 0.5614583333333333 0.0203125 0.041666666666666664
1 0.76875 0.5604166666666667 0.0171875 0.027083333333333334
1 0.696875 0.7541666666666667 0.0203125 0.014583333333333334
1 0.70390625 0.8177083333333334 0.0109375 0.0125
1 0.76328125 0.7510416666666667 0.0484375 0.06041666666666667
1 0.728125 0.7760416666666666 0.034375 0.04375
1 0.73515625 0.803125 0.0140625 0.0125
1 0.71015625 0.7989583333333333 0.0140625 0.014583333333333334
1 0.64765625 0.8802083333333334 0.03125 0.052083333333333336
1 0.61796875 0.8916666666666667 0.025 0.04583333333333333
1 0.61640625 0.8645833333333334 0.0125 0.0125
1 0.58515625 0.9416666666666667 0.0234375 0.03125
1 0.603125 0.9572916666666667 0.01875 0.020833333333333332
1 0.5921875 0.9770833333333333 0.0265625 0.027083333333333334
1 0.86171875 0.921875 0.0171875 0.0125
1 0.90078125 0.8864583333333333 0.025 0.025
1 0.93984375 0.875 0.0171875 0.027083333333333334
1 0.95703125 0.8947916666666667 0.021875 0.020833333333333332
1 0.9125 0.95625 0.0265625 0.029166666666666667
1 0.98046875 0.9614583333333333 0.0140625 0.027083333333333334
1 0.978125 0.8666666666666667 0.0203125 0.04375
1 0.78046875 0.9697916666666667 0.0484375 0.052083333333333336
1 0.5984375 0.8322916666666667 0.0140625 0.014583333333333334
1 0.47890625 0.7614583333333333 0.03125 0.041666666666666664
1 0.48515625 0.7885416666666667 0.025 0.0125
1 0.35 0.725 0.0265625 0.020833333333333332
1 0.4546875 0.58125 0.0203125 0.025
1 0.465625 0.5395833333333333 0.0234375 0.035416666666666666
1 0.48671875 0.5510416666666667 0.0203125 0.03333333333333333