1 0.692578125 0.8340277777777778 0.02890625 0.05138888888888889
1 0.28125 0.27291666666666664 0.0296875 0.059722222222222225
1 0.791796875 0.7555555555555555 0.01875 0.03333333333333333
1 0.9 0.16944444444444445 0.02421875 0.030555555555555555
1 0.96171875 0.46597222222222223 0.0203125 0.03888888888888889
1 0.898828125 0.0125 0.02421875 0.025
1 0.68125 0.8708333333333333 0.01875 0.034722222222222224
1 0.219140625 0.08472222222222223 0.0171875 0.034722222222222224
1 0.87578125 0.2875 0.0140625 0.030555555555555555
1 0.71015625 0.3993055555555556 0.021875 0.029166666666666667
1 0.2703125 0.8909722222222223 0.0125 0.03611111111111111
1 0.76953125 0.5826388888888889 0.0375 0.03888888888888889
1 0.830078125 0.008333333333333333 0.01796875 0.016666666666666666
1 0.76171875 0.6076388888888888 0.05390625 0.10694444444444444
1 0.866796875 0.4576388888888889 0.015625 0.034722222222222224
1 0.885546875 0.8118055555555556 0.02265625 0.0375
0 0.107421875 0.09236111111111112 0.20859375 0.125
1 0.937890625 0.19444444444444445 0.01953125 0.03611111111111111
1 0.98984375 0.8236111111111111 0.015625 0.03333333333333333
1 0.89375 0.5430555555555555 0.0234375 0.0625
1 0.123046875 0.23194444444444445 0.01796875 0.03611111111111111
1 0.162109375 0.46041666666666664 0.01953125 0.03333333333333333
1 0.360546875 0.9638888888888889 0.01328125 0.03194444444444444
1 0.650390625 0.17916666666666667 0.0265625 0.044444444444444446
1 0.08984375 0.3125 0.021875 0.03333333333333333
0 0.6671875 0.07083333333333333 0.21796875 0.14166666666666666
1 0.76015625 0.7819444444444444 0.03359375 0.06527777777777778
1 0.555078125 0.7194444444444444 0.0140625 0.027777777777777776
1 0.733984375 0.70625 0.01953125 0.03611111111111111
1 0.923046875 0.2826388888888889 0.03203125 0.05555555555555555
1 0.9390625 0.4270833333333333 0.03359375 0.04861111111111111
0 0.6640625 0.53125 0.13359375 0.2902777777777778
0 0.123828125 0.5013888888888889 0.24765625 0.28055555555555556
1 0.666015625 0.5368055555555555 0.01875 0.04027777777777778
1 0.562890625 0.07361111111111111 0.04296875 0.07222222222222222
0 0.6140625 0.325 0.18671875 0.42777777777777776
1 0.84765625 0.28541666666666665 0.0234375 0.034722222222222224
0 0.114453125 0.2972222222222222 0.0875 0.49027777777777776
1 0.790234375 0.5597222222222222 0.01796875 0.03888888888888889
1 0.58515625 0.8986111111111111 0.025 0.0625
0 0.709375 0.8458333333333333 0.23125 0.30833333333333335
1 0.071484375 0.8756944444444444 0.02265625 0.05138888888888889
1 0.697265625 0.20902777777777778 0.025 0.05138888888888889
1 0.842578125 0.39305555555555555 0.0234375 0.041666666666666664
1 0.828125 0.09791666666666667 0.02109375 0.041666666666666664
0 0.1609375 0.9416666666666667 0.234375 0.11666666666666667
1 0.722265625 0.26944444444444443 0.0140625 0.03333333333333333
0 0.09921875 0.7208333333333333 0.1984375 0.4583333333333333
1 0.938671875 0.6277777777777778 0.0234375 0.0375
1 0.385546875 0.09652777777777778 0.01640625 0.034722222222222224
1 0.98125 0.4152777777777778 0.03359375 0.0763888888888889
1 0.634765625 0.44722222222222224 0.01796875 0.03611111111111111
0 0.65234375 0.8722222222222222 0.06328125 0.2513888888888889