1 0.878515625 0.34791666666666665 0.0234375 0.03888888888888889
1 0.836328125 0.02638888888888889 0.015625 0.027777777777777776
1 0.8 0.029166666666666667 0.01875 0.029166666666666667
1 0.86484375 0.09375 0.01328125 0.022222222222222223
1 0.815234375 0.13194444444444445 0.090625 0.13472222222222222
1 0.855078125 0.06111111111111111 0.0296875 0.04583333333333333
1 0.98671875 0.2326388888888889 0.015625 0.04861111111111111
1 0.861328125 0.2465277777777778 0.0359375 0.07777777777777778
1 0.822265625 0.2423611111111111 0.04140625 0.06944444444444445
1 0.809765625 0.33819444444444446 0.028125 0.06944444444444445
1 0.854296875 0.3347222222222222 0.01796875 0.04027777777777778
1 0.719921875 0.5708333333333333 0.0125 0.02361111111111111
1 0.692578125 0.5277777777777778 0.02421875 0.03888888888888889
1 0.768359375 0.7166666666666667 0.05859375 0.0875
1 0.741015625 0.7798611111111111 0.0453125 0.07222222222222222
1 0.697265625 0.7486111111111111 0.0171875 0.025
1 0.702734375 0.6493055555555556 0.01328125 0.022222222222222223
1 0.687890625 0.6381944444444444 0.02265625 0.0375
1 0.785546875 0.6513888888888889 0.01640625 0.02638888888888889
1 0.81015625 0.6201388888888889 0.0171875 0.022222222222222223
1 0.776953125 0.5791666666666667 0.05 0.07361111111111111
1 0.816796875 0.5486111111111112 0.0265625 0.08888888888888889
1 0.881640625 0.5652777777777778 0.0125 0.018055555555555554
1 0.85546875 0.30277777777777776 0.01796875 0.020833333333333332
1 0.880859375 0.42083333333333334 0.01953125 0.03194444444444444
1 0.58359375 0.050694444444444445 0.015625 0.029166666666666667
1 0.95078125 0.5173611111111112 0.01015625 0.018055555555555554
1 0.87265625 0.5298611111111111 0.03125 0.0375
1 0.89609375 0.49583333333333335 0.0234375 0.05277777777777778
1 0.850390625 0.5881944444444445 0.0359375 0.059722222222222225
1 0.948828125 0.4166666666666667 0.01875 0.044444444444444446
1 0.965234375 0.4618055555555556 0.0265625 0.03888888888888889
1 0.987890625 0.5861111111111111 0.0203125 0.03333333333333333
1 0.941015625 0.7631944444444444 0.06796875 0.14722222222222223
1 0.878125 0.7541666666666667 0.0609375 0.07361111111111111
1 0.90859375 0.6861111111111111 0.0546875 0.044444444444444446
1 0.7671875 0.7590277777777777 0.0171875 0.03194444444444444
1 0.0390625 0.013888888888888888 0.0265625 0.02638888888888889
1 0.176953125 0.01875 0.01875 0.0375
1 0.178515625 0.13402777777777777 0.0171875 0.0375
1 0.201953125 0.12361111111111112 0.02734375 0.0625
1 0.186328125 0.17291666666666666 0.02421875 0.03888888888888889
1 0.241015625 0.3423611111111111 0.01953125 0.04722222222222222
1 0.140234375 0.2965277777777778 0.0171875 0.030555555555555555
1 0.083203125 0.5354166666666667 0.01953125 0.04027777777777778
1 0.108984375 0.5555555555555556 0.0265625 0.059722222222222225
1 0.138671875 0.5340277777777778 0.02421875 0.06805555555555555
1 0.19375 0.41597222222222224 0.015625 0.03194444444444444
1 0.23359375 0.48125 0.01953125 0.043055555555555555
1 0.159765625 0.6513888888888889 0.021875 0.044444444444444446
1 0.21875 0.7034722222222223 0.028125 0.09861111111111111
1 0.25078125 0.6965277777777777 0.03046875 0.10138888888888889
1 0.071875 0.7895833333333333 0.0265625 0.043055555555555555
1 0.056640625 0.6631944444444444 0.0140625 0.019444444444444445
1 0.208203125 0.5986111111111111 0.0203125 0.030555555555555555
1 0.39296875 0.31527777777777777 0.01640625 0.034722222222222224
1 0.4015625 0.15208333333333332 0.01953125 0.04722222222222222
1 0.358203125 0.3638888888888889 0.01796875 0.043055555555555555
1 0.36796875 0.28402777777777777 0.0125 0.030555555555555555
1 0.440625 0.45694444444444443 0.0203125 0.04027777777777778
1 0.426171875 0.5319444444444444 0.0171875 0.03194444444444444
1 0.45625 0.5833333333333334 0.0328125 0.06111111111111111
1 0.430859375 0.6361111111111111 0.01015625 0.022222222222222223
1 0.49140625 0.8263888888888888 0.01484375 0.030555555555555555
1 0.564453125 0.8229166666666666 0.01796875 0.03194444444444444
1 0.534375 0.8479166666666667 0.021875 0.05
1 0.508203125 0.8194444444444444 0.0203125 0.04722222222222222
1 0.526171875 0.9493055555555555 0.01640625 0.034722222222222224
1 0.408984375 0.8805555555555555 0.0125 0.019444444444444445
1 0.425 0.9263888888888889 0.034375 0.1125
1 0.45546875 0.9902777777777778 0.01171875 0.019444444444444445
1 0.615625 0.8965277777777778 0.0203125 0.06805555555555555
1 0.64453125 0.7541666666666667 0.02265625 0.05555555555555555
1 0.671875 0.8708333333333333 0.028125 0.04722222222222222
1 0.704296875 0.8263888888888888 0.021875 0.043055555555555555
1 0.721875 0.8402777777777778 0.01796875 0.04722222222222222
1 0.748828125 0.8888888888888888 0.03203125 0.044444444444444446
1 0.788671875 0.9590277777777778 0.0078125 0.022222222222222223
1 0.78984375 0.8180555555555555 0.015625 0.02638888888888889
1 0.84375 0.7763888888888889 0.0203125 0.04027777777777778
1 0.850390625 0.9145833333333333 0.02109375 0.044444444444444446
1 0.849609375 0.95625 0.02734375 0.04583333333333333
1 0.934375 0.9798611111111111 0.01953125 0.04027777777777778
1 0.96640625 0.9423611111111111 0.0234375 0.041666666666666664
1 0.987890625 0.7951388888888888 0.02421875 0.059722222222222225
1 0.933984375 0.8555555555555555 0.03203125 0.05
1 0.88671875 0.8465277777777778 0.03046875 0.04722222222222222
1 0.871484375 0.8819444444444444 0.01953125 0.0375
1 0.899609375 0.875 0.0265625 0.044444444444444446
1 0.828125 0.7152777777777778 0.028125 0.04722222222222222
1 0.64765625 0.09444444444444444 0.0109375 0.027777777777777776
1 0.637109375 0.12638888888888888 0.0109375 0.029166666666666667
1 0.936328125 0.20902777777777778 0.01171875 0.02361111111111111
1 0.39296875 0.05 0.0234375 0.06111111111111111
1 0.676953125 0.1638888888888889 0.03828125 0.05277777777777778
0 0.078125 0.22291666666666668 0.128125 0.44305555555555554
0 0.098828125 0.45069444444444445 0.19609375 0.14722222222222223
0 0.162109375 0.6756944444444445 0.0796875 0.16666666666666666
0 0.101953125 0.8861111111111111 0.20234375 0.22777777777777777
0 0.15390625 0.9819444444444444 0.03671875 0.03611111111111111
0 0.666796875 0.8972222222222223 0.125 0.20555555555555555
0 0.626171875 0.7166666666666667 0.26015625 0.2847222222222222
0 0.6921875 0.3076388888888889 0.24453125 0.3875
0 0.653515625 0.18472222222222223 0.1046875 0.28888888888888886
1 0.721484375 0.18263888888888888 0.0421875 0.11388888888888889
1 0.9046875 0.20625 0.03515625 0.09583333333333334
1 0.763671875 0.29097222222222224 0.0203125 0.0375
1 0.703125 0.28958333333333336 0.01796875 0.04027777777777778
1 0.678515625 0.31319444444444444 0.02421875 0.08472222222222223
1 0.647265625 0.33611111111111114 0.025 0.027777777777777776
1 0.5609375 0.3416666666666667 0.05390625 0.10277777777777777
1 0.6703125 0.4673611111111111 0.01015625 0.025
1 0.67734375 0.5020833333333333 0.009375 0.02361111111111111
1 0.6953125 0.46319444444444446 0.0171875 0.020833333333333332
1 0.690234375 0.425 0.01875 0.04027777777777778
1 0.61328125 0.5166666666666667 0.0296875 0.04722222222222222
0 0.6703125 0.08194444444444444 0.134375 0.1638888888888889
1 0.599609375 0.17152777777777778 0.03046875 0.07777777777777778
1 0.859765625 0.3784722222222222 0.01796875 0.030555555555555555
1 0.578515625 0.5118055555555555 0.01328125 0.0375
1 0.56875 0.5569444444444445 0.01796875 0.043055555555555555
1 0.578125 0.5833333333333334 0.0109375 0.015277777777777777
1 0.666796875 0.5895833333333333 0.0234375 0.044444444444444446
1 0.64765625 0.6 0.01640625 0.03888888888888889
1 0.789453125 0.49236111111111114 0.0140625 0.02638888888888889
1 0.737109375 0.43472222222222223 0.03828125 0.07222222222222222