1 0.276171875 0.5027777777777778 0.02734375 0.06527777777777778
0 0.638671875 0.16180555555555556 0.153125 0.3236111111111111
0 0.68515625 0.45416666666666666 0.33046875 0.33611111111111114
0 0.698046875 0.6201388888888889 0.2125 0.5416666666666666
0 0.650390625 0.8131944444444444 0.12109375 0.3736111111111111
0 0.684375 0.94375 0.1 0.1125
0 0.123046875 0.19652777777777777 0.2390625 0.39305555555555555
0 0.130078125 0.44305555555555554 0.08515625 0.2569444444444444
0 0.1796875 0.66875 0.18125 0.2111111111111111
0 0.166796875 0.8541666666666666 0.2375 0.2916666666666667
0 0.0921875 0.9604166666666667 0.184375 0.07916666666666666
1 0.425390625 0.17777777777777778 0.015625 0.029166666666666667
1 0.178125 0.5277777777777778 0.0203125 0.043055555555555555
1 0.221484375 0.3909722222222222 0.01953125 0.02361111111111111
1 0.280859375 0.3347222222222222 0.015625 0.03333333333333333
1 0.3265625 0.36527777777777776 0.02265625 0.06527777777777778
1 0.23984375 0.28888888888888886 0.009375 0.022222222222222223
1 0.233984375 0.25416666666666665 0.009375 0.016666666666666666
1 0.2625 0.23958333333333334 0.0265625 0.04027777777777778
1 0.255078125 0.28958333333333336 0.009375 0.027777777777777776
1 0.173046875 0.26319444444444445 0.02265625 0.041666666666666664
1 0.159765625 0.42569444444444443 0.028125 0.022222222222222223
1 0.2390625 0.6409722222222223 0.0125 0.02638888888888889
1 0.260546875 0.8048611111111111 0.0234375 0.0375
1 0.094140625 0.8131944444444444 0.0171875 0.03611111111111111
1 0.094140625 0.8875 0.015625 0.027777777777777776
1 0.396875 0.8083333333333333 0.01796875 0.041666666666666664
1 0.4328125 0.8701388888888889 0.01328125 0.025
1 0.443359375 0.9020833333333333 0.015625 0.03194444444444444
1 0.375390625 0.11319444444444444 0.01796875 0.04583333333333333
1 0.38046875 0.006944444444444444 0.01484375 0.013888888888888888
1 0.467578125 0.029166666666666667 0.0390625 0.058333333333333334
1 0.437109375 0.0625 0.0265625 0.05138888888888889
1 0.23046875 0.1326388888888889 0.02890625 0.043055555555555555
1 0.240625 0.014583333333333334 0.0171875 0.029166666666666667
1 0.498828125 0.8951388888888889 0.028125 0.0625
1 0.52109375 0.8701388888888889 0.02734375 0.03888888888888889
1 0.527734375 0.7944444444444444 0.02265625 0.041666666666666664
1 0.552734375 0.7819444444444444 0.021875 0.043055555555555555
1 0.81328125 0.8263888888888888 0.02734375 0.04027777777777778
1 0.695703125 0.4638888888888889 0.0265625 0.07083333333333333
1 0.729296875 0.5895833333333333 0.0328125 0.10833333333333334
1 0.605078125 0.7590277777777777 0.01875 0.043055555555555555
1 0.83828125 0.9381944444444444 0.021875 0.025
1 0.58203125 0.6423611111111112 0.0125 0.022222222222222223
1 0.56640625 0.6354166666666666 0.015625 0.018055555555555554
1 0.428515625 0.7388888888888889 0.00859375 0.013888888888888888
1 0.65546875 0.42430555555555555 0.0328125 0.05138888888888889
1 0.46171875 0.3472222222222222 0.028125 0.034722222222222224
1 0.503125 0.26319444444444445 0.01796875 0.04722222222222222
1 0.734765625 0.68125 0.00859375 0.018055555555555554
1 0.75546875 0.8111111111111111 0.01171875 0.02361111111111111
1 0.879296875 0.8395833333333333 0.01171875 0.04027777777777778
1 0.880859375 0.7590277777777777 0.028125 0.0625
1 0.9265625 0.775 0.0109375 0.02361111111111111
1 0.828515625 0.5256944444444445 0.01015625 0.030555555555555555
1 0.85078125 0.5625 0.01875 0.030555555555555555
1 0.985546875 0.3013888888888889 0.01484375 0.020833333333333332
1 0.91875 0.36875 0.0140625 0.019444444444444445
1 0.829296875 0.02361111111111111 0.01953125 0.04027777777777778
1 0.56953125 0.08472222222222223 0.01640625 0.03194444444444444
1 0.608984375 0.13125 0.01953125 0.05138888888888889
1 0.57734375 0.9902777777777778 0.02265625 0.019444444444444445
1 0.628515625 0.47847222222222224 0.01640625 0.041666666666666664
1 0.55625 0.5319444444444444 0.02265625 0.05277777777777778
1 0.427734375 0.5541666666666667 0.0796875 0.2152777777777778
1 0.491796875 0.575 0.04765625 0.1
1 0.375 0.5701388888888889 0.03046875 0.08472222222222223
1 0.266796875 0.5888888888888889 0.03125 0.05
1 0.25859375 0.46944444444444444 0.0171875 0.03194444444444444
1 0.627734375 0.7138888888888889 0.021875 0.03888888888888889