0 0.36953125 0.940625 0.0953125 0.11875
1 0.046875 0.9645833333333333 0.0140625 0.014583333333333334
1 0.22265625 0.6270833333333333 0.0265625 0.01875
1 0.0453125 0.39791666666666664 0.021875 0.03125
1 0.04140625 0.19583333333333333 0.009375 0.014583333333333334
1 0.16875 0.042708333333333334 0.0234375 0.03958333333333333
1 0.16640625 0.11145833333333334 0.028125 0.01875
1 0.3734375 0.7020833333333333 0.0171875 0.016666666666666666
1 0.52265625 0.7208333333333333 0.0171875 0.020833333333333332
1 0.92421875 0.7489583333333333 0.0171875 0.020833333333333332
1 0.9015625 0.61875 0.0125 0.01875
1 0.88515625 0.6239583333333333 0.0171875 0.01875
1 0.871875 0.43125 0.0296875 0.029166666666666667
1 0.928125 0.3302083333333333 0.0203125 0.035416666666666666
1 0.89375 0.31875 0.0640625 0.07291666666666667
1 0.86484375 0.28854166666666664 0.01875 0.025
1 0.86328125 0.178125 0.0171875 0.027083333333333334
1 0.84921875 0.12083333333333333 0.0203125 0.020833333333333332
1 0.6140625 0.0375 0.015625 0.01875
1 0.621875 0.005208333333333333 0.01875 0.010416666666666666
1 0.76015625 0.11666666666666667 0.0359375 0.035416666666666666
1 0.71171875 0.16041666666666668 0.0265625 0.04375
1 0.6171875 0.2677083333333333 0.028125 0.0375
1 0.65234375 0.23854166666666668 0.021875 0.035416666666666666
1 0.69921875 0.375 0.040625 0.041666666666666664
1 0.60625 0.4395833333333333 0.0171875 0.020833333333333332
1 0.6484375 0.440625 0.0328125 0.03333333333333333
1 0.728125 0.46875 0.0296875 0.0375
1 0.73125 0.525 0.025 0.03125
1 0.70859375 0.5020833333333333 0.021875 0.052083333333333336
1 0.66875 0.4875 0.0328125 0.03333333333333333
1 0.62265625 0.48541666666666666 0.021875 0.027083333333333334
1 0.55859375 0.48854166666666665 0.0140625 0.016666666666666666
1 0.61328125 0.5229166666666667 0.0265625 0.029166666666666667
1 0.6296875 0.5864583333333333 0.01875 0.022916666666666665
1 0.6890625 0.5822916666666667 0.04375 0.04375
1 0.77265625 0.6291666666666667 0.040625 0.058333333333333334
1 0.74375 0.6614583333333334 0.01875 0.022916666666666665
1 0.74375 0.7510416666666667 0.028125 0.04791666666666667
1 0.684375 0.7395833333333334 0.025 0.014583333333333334
1 0.62890625 0.6572916666666667 0.01875 0.022916666666666665
1 0.6 0.653125 0.025 0.029166666666666667
1 0.671875 0.634375 0.059375 0.05
1 0.70703125 0.9041666666666667 0.03125 0.03125
1 0.69296875 0.9927083333333333 0.0171875 0.014583333333333334
1 0.14296875 0.14270833333333333 0.01875 0.03125
1 0.31875 0.21979166666666666 0.0234375 0.03125
1 0.2921875 0.16875 0.021875 0.014583333333333334
1 0.26953125 0.178125 0.025 0.027083333333333334
1 0.171875 0.21041666666666667 0.05 0.04791666666666667
1 0.00625 0.24583333333333332 0.0125 0.029166666666666667
1 0.23828125 0.353125 0.0171875 0.014583333333333334
1 0.20625 0.37395833333333334 0.025 0.03125
1 0.15234375 0.31666666666666665 0.0546875 0.05
1 0.17890625 0.5875 0.0171875 0.03333333333333333
1 0.3296875 0.5979166666666667 0.028125 0.029166666666666667
1 0.34140625 0.565625 0.03125 0.020833333333333332
1 0.30546875 0.553125 0.021875 0.025
1 0.5859375 0.33541666666666664 0.025 0.027083333333333334
1 0.57109375 0.3625 0.0390625 0.06041666666666667
1 0.5515625 0.38958333333333334 0.0265625 0.0375
1 0.5359375 0.43020833333333336 0.028125 0.0375
1 0.09609375 0.38125 0.015625 0.022916666666666665
1 0.57109375 0.9447916666666667 0.0234375 0.027083333333333334
1 0.48203125 0.8916666666666667 0.0203125 0.029166666666666667
1 0.471875 0.853125 0.0296875 0.04583333333333333
1 0.04765625 0.6104166666666667 0.015625 0.01875
1 0.01484375 0.409375 0.0125 0.016666666666666666
1 0.225 0.09479166666666666 0.01875 0.03333333333333333
1 0.35 0.03229166666666667 0.021875 0.027083333333333334
1 0.6640625 0.9322916666666666 0.021875 0.014583333333333334
1 0.3171875 0.011458333333333333 0.01875 0.022916666666666665
1 0.2703125 0.019791666666666666 0.0171875 0.01875
1 0.23828125 0.030208333333333334 0.0296875 0.03125
1 0.23203125 0.004166666666666667 0.0328125 0.008333333333333333
1 0.04296875 0.10416666666666667 0.01875 0.01875
1 0.0609375 0.0625 0.025 0.016666666666666666
1 0.29453125 0.25 0.0171875 0.01875
1 0.38359375 0.32083333333333336 0.0171875 0.01875
1 0.5 0.3385416666666667 0.021875 0.027083333333333334
1 0.46796875 0.2760416666666667 0.0296875 0.035416666666666666
1 0.484375 0.20520833333333333 0.0375 0.03125
1 0.440625 0.17083333333333334 0.0171875 0.027083333333333334
1 0.51796875 0.13333333333333333 0.0265625 0.0375
1 0.57265625 0.078125 0.0375 0.05625
1 0.55234375 0.03229166666666667 0.059375 0.06458333333333334
1 0.25546875 0.5854166666666667 0.03125 0.03125
1 0.34765625 0.6697916666666667 0.0203125 0.022916666666666665
1 0.26328125 0.6677083333333333 0.021875 0.020833333333333332
1 0.3859375 0.7770833333333333 0.025 0.035416666666666666
1 0.390625 0.74375 0.015625 0.025
1 0.41015625 0.6958333333333333 0.0296875 0.03958333333333333
1 0.17578125 0.896875 0.0203125 0.020833333333333332
1 0.0109375 0.9229166666666667 0.021875 0.027083333333333334
1 0.3734375 0.9354166666666667 0.0171875 0.029166666666666667
1 0.35703125 0.9645833333333333 0.0265625 0.01875
1 0.328125 0.9239583333333333 0.03125 0.05416666666666667
1 0.28046875 0.8708333333333333 0.021875 0.029166666666666667
1 0.303125 0.7916666666666666 0.0359375 0.041666666666666664
1 0.24375 0.7625 0.028125 0.025
1 0.16015625 0.778125 0.0328125 0.029166666666666667
1 0.13046875 0.715625 0.0328125 0.035416666666666666
1 0.01640625 0.621875 0.0203125 0.025
1 0.08125 0.5666666666666667 0.0171875 0.029166666666666667
1 0.06171875 0.45208333333333334 0.0171875 0.025
1 0.1453125 0.42083333333333334 0.025 0.022916666666666665
1 0.24296875 0.4552083333333333 0.0203125 0.029166666666666667
1 0.3234375 0.3927083333333333 0.0421875 0.05
1 0.3734375 0.45416666666666666 0.028125 0.03125
1 0.41796875 0.4395833333333333 0.0171875 0.025
1 0.42109375 0.40208333333333335 0.0140625 0.020833333333333332
1 0.37265625 0.3927083333333333 0.0484375 0.04375
1 0.49140625 0.3854166666666667 0.034375 0.05
1 0.49375 0.075 0.0296875 0.0375
1 0.46015625 0.07395833333333333 0.025 0.03958333333333333
1 0.1671875 0.14375 0.015625 0.01875
1 0.240625 0.203125 0.015625 0.016666666666666666
0 0.41171875 0.115625 0.121875 0.23125
0 0.42890625 0.3260416666666667 0.0859375 0.2916666666666667
0 0.43828125 0.6697916666666667 0.1203125 0.04375