1 0.22421875 0.2791666666666667 0.025 0.027083333333333334
1 0.5515625 0.875 0.05 0.05625
1 0.4765625 0.8166666666666667 0.0265625 0.04583333333333333
1 0.58828125 0.9541666666666667 0.021875 0.025
1 0.52578125 0.7572916666666667 0.0421875 0.058333333333333334
1 0.540625 0.6895833333333333 0.021875 0.029166666666666667
1 0.4 0.6666666666666666 0.0265625 0.03333333333333333
1 0.3625 0.5760416666666667 0.05 0.03958333333333333
1 0.45390625 0.5135416666666667 0.04375 0.05416666666666667
1 0.56640625 0.534375 0.059375 0.04583333333333333
1 0.5203125 0.37604166666666666 0.05 0.05416666666666667
1 0.3421875 0.47604166666666664 0.0203125 0.020833333333333332
1 0.3828125 0.4875 0.028125 0.035416666666666666
1 0.34453125 0.37083333333333335 0.0484375 0.04583333333333333
1 0.2546875 0.446875 0.0234375 0.022916666666666665
1 0.22421875 0.3375 0.05625 0.0375
1 0.421875 0.20625 0.01875 0.027083333333333334
1 0.32265625 0.21458333333333332 0.0125 0.03125
1 0.3046875 0.22916666666666666 0.0109375 0.01875
1 0.584375 0.16770833333333332 0.015625 0.027083333333333334
1 0.77734375 0.184375 0.0171875 0.0375
1 0.90859375 0.15104166666666666 0.015625 0.020833333333333332
1 0.97421875 0.0875 0.0515625 0.052083333333333336
1 0.9 0.34479166666666666 0.034375 0.052083333333333336
1 0.9765625 0.3572916666666667 0.028125 0.035416666666666666
1 0.91640625 0.571875 0.0265625 0.0375
1 0.921875 0.48333333333333334 0.0171875 0.022916666666666665
1 0.33125 0.8958333333333334 0.0140625 0.029166666666666667
1 0.22734375 0.9572916666666667 0.040625 0.05
1 0.0890625 0.8458333333333333 0.046875 0.06875
1 0.1109375 0.6989583333333333 0.05625 0.06041666666666667
1 0.0171875 0.5895833333333333 0.0328125 0.05
1 0.03984375 0.5479166666666667 0.028125 0.020833333333333332
1 0.17734375 0.5427083333333333 0.0265625 0.027083333333333334
1 0.25625 0.5770833333333333 0.0328125 0.029166666666666667
1 0.01328125 0.27395833333333336 0.0265625 0.05625
1 0.1375 0.12395833333333334 0.0328125 0.03333333333333333
1 0.2234375 0.03333333333333333 0.0203125 0.029166666666666667
1 0.334375 0.051041666666666666 0.0234375 0.03333333333333333
1 0.36484375 0.014583333333333334 0.0125 0.029166666666666667
1 0.45703125 0.15 0.0140625 0.020833333333333332
1 0.55859375 0.10104166666666667 0.01875 0.016666666666666666
1 0.46328125 0.03333333333333333 0.0296875 0.03333333333333333
1 0.6734375 0.11041666666666666 0.015625 0.025
1 0.68203125 0.21979166666666666 0.015625 0.027083333333333334
1 0.76015625 0.057291666666666664 0.025 0.022916666666666665
1 0.62890625 0.503125 0.009375 0.014583333333333334
1 0.78984375 0.625 0.0296875 0.020833333333333332
1 0.8921875 0.7729166666666667 0.0265625 0.027083333333333334
1 0.9203125 0.8291666666666667 0.0171875 0.027083333333333334
1 0.08984375 0.7895833333333333 0.021875 0.029166666666666667
1 0.27109375 0.6416666666666667 0.025 0.027083333333333334
1 0.16640625 0.78125 0.0140625 0.022916666666666665
1 0.26953125 0.859375 0.0171875 0.01875
1 0.43125 0.409375 0.021875 0.025
1 0.71953125 0.1625 0.01875 0.01875
1 0.71953125 0.2989583333333333 0.01875 0.035416666666666666
1 0.11953125 0.4322916666666667 0.021875 0.029166666666666667
1 0.30625 0.421875 0.015625 0.029166666666666667
1 0.02890625 0.7697916666666667 0.04375 0.06041666666666667
1 0.3890625 0.7520833333333333 0.0234375 0.027083333333333334
1 0.3515625 0.953125 0.0171875 0.029166666666666667
1 0.86875 0.5114583333333333 0.009375 0.01875
0 0.26796875 0.6833333333333333 0.246875 0.18333333333333332
0 0.3140625 0.396875 0.1375 0.15208333333333332
0 0.27421875 0.090625 0.1984375 0.18125