1 0.44375 0.2947916666666667 0.0296875 0.035416666666666666
1 0.37578125 0.39375 0.01875 0.020833333333333332
1 0.5375 0.109375 0.0140625 0.027083333333333334
1 0.75 0.7395833333333334 0.01875 0.016666666666666666
1 0.66484375 0.9145833333333333 0.0265625 0.029166666666666667
0 0.59765625 0.325 0.2078125 0.16666666666666666
0 0.64609375 0.07083333333333333 0.0546875 0.14166666666666666
1 0.9859375 0.8770833333333333 0.028125 0.03333333333333333
1 0.7390625 0.634375 0.028125 0.027083333333333334
1 0.4859375 0.46770833333333334 0.0234375 0.027083333333333334
1 0.41328125 0.3854166666666667 0.0140625 0.016666666666666666
1 0.315625 0.019791666666666666 0.0203125 0.025
1 0.525 0.2989583333333333 0.021875 0.022916666666666665
1 0.34296875 0.9927083333333333 0.0171875 0.014583333333333334
1 0.27265625 0.04791666666666667 0.040625 0.0375
0 0.60078125 0.90625 0.1796875 0.1875
0 0.61015625 0.5770833333333333 0.10625 0.2604166666666667