1 0.9359375 0.24166666666666667 0.015625 0.027777777777777776
1 0.287109375 0.5375 0.0125 0.013888888888888888
0 0.115234375 0.7208333333333333 0.2125 0.24166666666666667
1 0.9875 0.36527777777777776 0.01328125 0.022222222222222223
1 0.941796875 0.5104166666666666 0.009375 0.015277777777777777
1 0.885546875 0.9513888888888888 0.01953125 0.05416666666666667
1 0.99609375 0.4326388888888889 0.0078125 0.02361111111111111
0 0.671484375 0.7798611111111111 0.13984375 0.37777777777777777
0 0.639453125 0.6680555555555555 0.19609375 0.3236111111111111
0 0.673828125 0.44930555555555557 0.05625 0.23055555555555557
0 0.708984375 0.18611111111111112 0.1828125 0.37222222222222223
0 0.680859375 0.034027777777777775 0.046875 0.06805555555555555
0 0.071484375 0.07777777777777778 0.14296875 0.15555555555555556
1 0.92578125 0.9868055555555556 0.01484375 0.02638888888888889
0 0.1015625 0.28194444444444444 0.178125 0.37083333333333335
1 0.731640625 0.9236111111111112 0.01171875 0.019444444444444445
1 0.73671875 0.8888888888888888 0.02890625 0.044444444444444446
1 0.696484375 0.8777777777777778 0.0109375 0.02361111111111111
1 0.69453125 0.8270833333333333 0.02734375 0.043055555555555555
1 0.754296875 0.8020833333333334 0.03671875 0.0625
1 0.8453125 0.8048611111111111 0.0203125 0.03333333333333333
1 0.87890625 0.7923611111111111 0.01796875 0.03194444444444444
1 0.96171875 0.7736111111111111 0.02421875 0.05416666666666667
1 0.933984375 0.7652777777777777 0.01953125 0.04583333333333333
1 0.8765625 0.6770833333333334 0.0140625 0.02361111111111111
1 0.88203125 0.625 0.01484375 0.02638888888888889
1 0.98828125 0.5909722222222222 0.0234375 0.04583333333333333
1 0.974609375 0.475 0.00859375 0.019444444444444445
1 0.91796875 0.55625 0.0140625 0.02361111111111111
1 0.68671875 0.18263888888888888 0.015625 0.034722222222222224
1 0.720703125 0.22152777777777777 0.03203125 0.05138888888888889
1 0.7046875 0.10416666666666667 0.01171875 0.02638888888888889
1 0.570703125 0.017361111111111112 0.03515625 0.034722222222222224
1 0.43828125 0.11041666666666666 0.0125 0.02361111111111111
1 0.444140625 0.16666666666666666 0.0140625 0.025
1 0.46875 0.13541666666666666 0.01328125 0.016666666666666666
1 0.492578125 0.08888888888888889 0.025 0.04722222222222222
1 0.541015625 0.11041666666666666 0.01796875 0.03194444444444444
1 0.5703125 0.17847222222222223 0.02421875 0.041666666666666664
1 0.743359375 0.17708333333333334 0.04453125 0.075
1 0.523046875 0.28402777777777777 0.02265625 0.03888888888888889
1 0.596875 0.3055555555555556 0.03125 0.0625
1 0.642578125 0.3715277777777778 0.01484375 0.034722222222222224
1 0.5875 0.38125 0.028125 0.05277777777777778
1 0.563671875 0.4041666666666667 0.0203125 0.03888888888888889
1 0.6328125 0.4701388888888889 0.0421875 0.1111111111111111
1 0.609375 0.5048611111111111 0.00703125 0.0125
1 0.53828125 0.18333333333333332 0.03984375 0.07777777777777778
1 0.62578125 0.6340277777777777 0.03515625 0.08333333333333333
1 0.565625 0.6256944444444444 0.021875 0.041666666666666664
1 0.598046875 0.6673611111111111 0.02578125 0.06805555555555555
1 0.6046875 0.475 0.021875 0.04861111111111111
1 0.604296875 0.7388888888888889 0.01640625 0.04861111111111111
1 0.585546875 0.7263888888888889 0.01875 0.034722222222222224
1 0.5015625 0.7666666666666667 0.06171875 0.12777777777777777
1 0.481640625 0.8444444444444444 0.01328125 0.025
1 0.517578125 0.8951388888888889 0.01484375 0.03611111111111111
1 0.5421875 0.9715277777777778 0.0328125 0.05694444444444444
1 0.498046875 0.9888888888888889 0.01875 0.022222222222222223
1 0.5 0.9444444444444444 0.01484375 0.025
1 0.44375 0.9451388888888889 0.015625 0.027777777777777776
1 0.391015625 0.9125 0.0171875 0.019444444444444445
1 0.4296875 0.8333333333333334 0.0390625 0.09583333333333334
1 0.44453125 0.6826388888888889 0.0140625 0.0375
1 0.3921875 0.7215277777777778 0.02734375 0.07361111111111111
1 0.29921875 0.71875 0.01171875 0.029166666666666667
1 0.204296875 0.8763888888888889 0.0125 0.019444444444444445
1 0.2078125 0.9923611111111111 0.01171875 0.015277777777777777
1 0.05234375 0.9631944444444445 0.0171875 0.03194444444444444
1 0.039453125 0.11597222222222223 0.015625 0.013888888888888888
1 0.142578125 0.05347222222222222 0.0140625 0.022222222222222223
1 0.218359375 0.10972222222222222 0.03984375 0.09583333333333334
1 0.089453125 0.2375 0.0265625 0.03888888888888889
1 0.075390625 0.34652777777777777 0.01875 0.03888888888888889
1 0.0890625 0.4111111111111111 0.01640625 0.022222222222222223
1 0.13046875 0.4777777777777778 0.015625 0.022222222222222223
1 0.104296875 0.45416666666666666 0.0234375 0.03194444444444444
1 0.077734375 0.44583333333333336 0.01796875 0.034722222222222224
1 0.108203125 0.6826388888888889 0.00859375 0.025
1 0.068359375 0.6555555555555556 0.01171875 0.022222222222222223
1 0.171484375 0.675 0.02109375 0.04583333333333333
1 0.13203125 0.68125 0.01953125 0.02361111111111111
1 0.181640625 0.5604166666666667 0.03203125 0.07361111111111111
1 0.3046875 0.5798611111111112 0.0125 0.020833333333333332
1 0.449609375 0.4861111111111111 0.01875 0.043055555555555555
1 0.415234375 0.4701388888888889 0.03046875 0.03888888888888889
1 0.4109375 0.5159722222222223 0.021875 0.03888888888888889
1 0.628515625 0.21041666666666667 0.028125 0.04722222222222222
1 0.4046875 0.5465277777777777 0.01484375 0.020833333333333332
1 0.337109375 0.5631944444444444 0.025 0.05
1 0.398046875 0.5604166666666667 0.0078125 0.0125
1 0.378515625 0.5541666666666667 0.021875 0.04722222222222222
1 0.830078125 0.5333333333333333 0.03828125 0.07222222222222222
1 0.80078125 0.5451388888888888 0.0203125 0.03194444444444444
1 0.6515625 0.275 0.0109375 0.022222222222222223
1 0.876953125 0.5506944444444445 0.04453125 0.05416666666666667
1 0.668359375 0.9729166666666667 0.0234375 0.034722222222222224
1 0.72265625 0.9833333333333333 0.0296875 0.03333333333333333
1 0.682421875 0.7208333333333333 0.015625 0.020833333333333332
1 0.99375 0.9541666666666667 0.0125 0.029166666666666667
1 0.9640625 0.9555555555555556 0.01953125 0.030555555555555555
1 0.827734375 0.9277777777777778 0.028125 0.034722222222222224
1 0.95703125 0.4097222222222222 0.01875 0.030555555555555555
1 0.900390625 0.4173611111111111 0.01796875 0.030555555555555555
1 0.777734375 0.24930555555555556 0.0140625 0.022222222222222223
1 0.82109375 0.22152777777777777 0.021875 0.034722222222222224
1 0.94296875 0.2791666666666667 0.01875 0.03611111111111111
1 0.960546875 0.20625 0.01953125 0.03194444444444444
1 0.9609375 0.0125 0.01484375 0.025
1 0.923046875 0.010416666666666666 0.01796875 0.020833333333333332
1 0.88984375 0.06180555555555556 0.05625 0.08888888888888889
1 0.800390625 0.0625 0.0109375 0.016666666666666666
1 0.78046875 0.09305555555555556 0.025 0.04861111111111111
1 0.985546875 0.17847222222222223 0.02890625 0.06111111111111111
1 0.6234375 0.9194444444444444 0.0203125 0.03333333333333333
1 0.625 0.8833333333333333 0.02734375 0.03333333333333333
1 0.93984375 0.08055555555555556 0.01953125 0.03194444444444444
1 0.6828125 0.9395833333333333 0.01875 0.03333333333333333
1 0.783984375 0.034027777777777775 0.0375 0.05416666666666667
1 0.695703125 0.55625 0.02734375 0.05694444444444444
1 0.684765625 0.7694444444444445 0.01484375 0.020833333333333332
1 0.7109375 0.6152777777777778 0.021875 0.03611111111111111