1 0.16640625 0.8930555555555556 0.0125 0.016666666666666666
1 0.117578125 0.8805555555555555 0.021875 0.05
1 0.23828125 0.9451388888888889 0.03203125 0.03888888888888889
1 0.19140625 0.9736111111111111 0.0328125 0.05277777777777778
1 0.1109375 0.9569444444444445 0.0265625 0.05277777777777778
0 0.65234375 0.4756944444444444 0.19296875 0.5444444444444444
0 0.67734375 0.2875 0.06796875 0.5194444444444445
0 0.129296875 0.04097222222222222 0.0609375 0.08055555555555556
0 0.63671875 0.14444444444444443 0.09609375 0.13333333333333333
0 0.11484375 0.6423611111111112 0.2296875 0.3
1 0.979296875 0.9888888888888889 0.009375 0.020833333333333332
1 0.15 0.8854166666666666 0.0234375 0.04027777777777778
0 0.665625 0.6493055555555556 0.12109375 0.46111111111111114
0 0.0546875 0.9375 0.08828125 0.125
0 0.134375 0.19652777777777777 0.22734375 0.39305555555555555
1 0.1296875 0.12152777777777778 0.01015625 0.015277777777777777
1 0.180859375 0.45694444444444443 0.0421875 0.05694444444444444
1 0.88515625 0.8513888888888889 0.01953125 0.025
1 0.98828125 0.7708333333333334 0.0234375 0.12916666666666668
1 0.96015625 0.8715277777777778 0.0171875 0.02638888888888889
1 0.5265625 0.07569444444444444 0.0171875 0.04027777777777778
1 0.805859375 0.8409722222222222 0.02421875 0.034722222222222224
1 0.638671875 0.66875 0.0171875 0.025
1 0.60703125 0.7715277777777778 0.05546875 0.08611111111111111
1 0.49765625 0.7243055555555555 0.04765625 0.10972222222222222
1 0.837109375 0.45694444444444443 0.0140625 0.016666666666666666
1 0.46796875 0.76875 0.01953125 0.029166666666666667
1 0.915625 0.95625 0.021875 0.05416666666666667
1 0.803515625 0.8833333333333333 0.021875 0.05416666666666667
1 0.923828125 0.7444444444444445 0.0125 0.019444444444444445
1 0.8921875 0.9152777777777777 0.02734375 0.0763888888888889
1 0.726953125 0.26319444444444445 0.0203125 0.05138888888888889
1 0.445703125 0.24097222222222223 0.03828125 0.05
1 0.85234375 0.8569444444444444 0.02265625 0.05416666666666667
1 0.266796875 0.3284722222222222 0.01328125 0.027777777777777776
1 0.835546875 0.7659722222222223 0.021875 0.029166666666666667
1 0.8 0.2569444444444444 0.01640625 0.02361111111111111
1 0.934765625 0.8201388888888889 0.0328125 0.08194444444444444
1 0.81640625 0.4875 0.028125 0.06111111111111111
1 0.819921875 0.7895833333333333 0.02109375 0.02361111111111111
1 0.043359375 0.17847222222222223 0.03671875 0.06944444444444445
1 0.70390625 0.8069444444444445 0.028125 0.041666666666666664
1 0.7359375 0.8569444444444444 0.025 0.0375
1 0.348828125 0.33194444444444443 0.05703125 0.04861111111111111
1 0.2875 0.3958333333333333 0.01484375 0.019444444444444445
1 0.701171875 0.5888888888888889 0.0359375 0.058333333333333334
1 0.605078125 0.8256944444444444 0.00859375 0.020833333333333332
1 0.51171875 0.23333333333333334 0.03359375 0.09027777777777778
1 0.45390625 0.8520833333333333 0.0203125 0.03194444444444444
1 0.901953125 0.7604166666666666 0.0125 0.018055555555555554
1 0.474609375 0.11805555555555555 0.01328125 0.020833333333333332
1 0.423828125 0.6409722222222223 0.01796875 0.03333333333333333
1 0.701171875 0.6416666666666667 0.01328125 0.03611111111111111
1 0.869140625 0.5027777777777778 0.01796875 0.02638888888888889
1 0.743359375 0.3611111111111111 0.0171875 0.027777777777777776
1 0.8875 0.43333333333333335 0.05859375 0.09583333333333334
1 0.209375 0.08472222222222223 0.015625 0.022222222222222223
1 0.82265625 0.6173611111111111 0.03046875 0.07083333333333333
1 0.473828125 0.8534722222222222 0.0171875 0.05138888888888889
1 0.96875 0.3506944444444444 0.0078125 0.018055555555555554
1 0.825390625 0.55 0.02421875 0.034722222222222224
1 0.333203125 0.4201388888888889 0.03203125 0.058333333333333334
1 0.44375 0.9041666666666667 0.009375 0.013888888888888888
1 0.512890625 0.8569444444444444 0.01640625 0.018055555555555554
1 0.1765625 0.5638888888888889 0.01640625 0.029166666666666667
1 0.416796875 0.39791666666666664 0.0125 0.022222222222222223
1 0.9453125 0.7506944444444444 0.021875 0.034722222222222224
1 0.04375 0.4548611111111111 0.0265625 0.07222222222222222
1 0.959375 0.7986111111111112 0.0234375 0.03888888888888889
1 0.1078125 0.5 0.0484375 0.06944444444444445
1 0.180078125 0.3861111111111111 0.02109375 0.025
1 0.1390625 0.39375 0.04609375 0.06944444444444445
1 0.053515625 0.33055555555555555 0.05234375 0.10972222222222222
1 0.309765625 0.029861111111111113 0.0140625 0.034722222222222224
1 0.609375 0.9256944444444445 0.02890625 0.06388888888888888
1 0.554296875 0.8006944444444445 0.0234375 0.04027777777777778
1 0.876953125 0.7298611111111111 0.01328125 0.022222222222222223
1 0.79765625 0.7215277777777778 0.01328125 0.018055555555555554
1 0.300390625 0.32430555555555557 0.0203125 0.029166666666666667
1 0.17578125 0.7868055555555555 0.0140625 0.015277777777777777
1 0.541015625 0.4388888888888889 0.02421875 0.04722222222222222
1 0.170703125 0.91875 0.0140625 0.019444444444444445
1 0.5421875 0.21180555555555555 0.0265625 0.043055555555555555
1 0.9484375 0.33402777777777776 0.02265625 0.06944444444444445
1 0.708203125 0.9423611111111111 0.0703125 0.11527777777777778
1 0.46953125 0.11666666666666667 0.01953125 0.03333333333333333
1 0.541796875 0.8736111111111111 0.0109375 0.020833333333333332
1 0.926171875 0.8895833333333333 0.0390625 0.06111111111111111
1 0.25 0.9847222222222223 0.03359375 0.030555555555555555
1 0.848828125 0.6854166666666667 0.03984375 0.041666666666666664
1 0.00625 0.3958333333333333 0.0125 0.043055555555555555
1 0.857421875 0.2951388888888889 0.03671875 0.05277777777777778
1 0.430078125 0.3194444444444444 0.02421875 0.03333333333333333
1 0.2765625 0.5701388888888889 0.04375 0.07222222222222222
1 0.01015625 0.47152777777777777 0.01953125 0.02638888888888889
1 0.189453125 0.6173611111111111 0.03984375 0.06944444444444445
1 0.119140625 0.5826388888888889 0.025 0.04722222222222222
1 0.5515625 0.6041666666666666 0.021875 0.03333333333333333
1 0.73828125 0.5819444444444445 0.0203125 0.02638888888888889
1 0.1546875 0.9930555555555556 0.0125 0.013888888888888888
1 0.925 0.6381944444444444 0.034375 0.04583333333333333
1 0.99140625 0.625 0.0171875 0.05
1 0.498046875 0.3902777777777778 0.0484375 0.2013888888888889
1 0.74921875 0.9083333333333333 0.01640625 0.027777777777777776
1 0.45546875 0.15902777777777777 0.0140625 0.02638888888888889
1 0.86875 0.8291666666666667 0.01171875 0.02361111111111111
1 0.42265625 0.35 0.01796875 0.022222222222222223
1 0.903515625 0.18888888888888888 0.02890625 0.05555555555555555
1 0.483203125 0.08402777777777778 0.02734375 0.034722222222222224
1 0.92578125 0.075 0.0296875 0.04583333333333333
1 0.175 0.2875 0.05234375 0.06666666666666667
1 0.862890625 0.09375 0.015625 0.03611111111111111
1 0.829296875 0.007638888888888889 0.02109375 0.015277777777777777
1 0.896484375 0.05763888888888889 0.02265625 0.03888888888888889
1 0.698046875 0.020833333333333332 0.0390625 0.03611111111111111
1 0.1265625 0.1763888888888889 0.04921875 0.04583333333333333
1 0.9875 0.4152777777777778 0.025 0.07083333333333333
1 0.0203125 0.044444444444444446 0.0125 0.025
1 0.730078125 0.6409722222222223 0.0328125 0.05555555555555555
1 0.2921875 0.2076388888888889 0.03828125 0.04722222222222222
1 0.46953125 0.43333333333333335 0.0125 0.022222222222222223
1 0.52890625 0.5916666666666667 0.0234375 0.03888888888888889
1 0.5890625 0.49930555555555556 0.0609375 0.1625
1 0.794140625 0.10138888888888889 0.0546875 0.1125
1 0.691015625 0.375 0.04765625 0.11527777777777778
1 0.84453125 0.9805555555555555 0.03515625 0.03888888888888889
1 0.824609375 0.06388888888888888 0.021875 0.02638888888888889
1 0.9796875 0.24930555555555556 0.0140625 0.03333333333333333
1 0.980078125 0.02638888888888889 0.0203125 0.04722222222222222
1 0.930859375 0.020833333333333332 0.03046875 0.041666666666666664
1 0.507421875 0.08055555555555556 0.01328125 0.0375
1 0.087890625 0.05763888888888889 0.02578125 0.04583333333333333
1 0.532421875 0.64375 0.02734375 0.04027777777777778
1 0.185546875 0.21458333333333332 0.0328125 0.058333333333333334
1 0.197265625 0.1361111111111111 0.05 0.06666666666666667
1 0.0046875 0.125 0.009375 0.03888888888888889
1 0.234765625 0.06180555555555556 0.03203125 0.06388888888888888
1 0.264453125 0.10694444444444444 0.02578125 0.07777777777777778
1 0.6484375 0.49583333333333335 0.01484375 0.043055555555555555
1 0.722265625 0.325 0.01484375 0.03611111111111111
1 0.898828125 0.11319444444444444 0.01484375 0.03611111111111111
1 0.449609375 0.029166666666666667 0.05859375 0.05277777777777778
1 0.46484375 0.4951388888888889 0.0234375 0.029166666666666667
1 0.59453125 0.6180555555555556 0.04453125 0.08194444444444444
1 0.63046875 0.3645833333333333 0.01875 0.03194444444444444
1 0.66171875 0.6451388888888889 0.015625 0.043055555555555555
1 0.773828125 0.3798611111111111 0.02109375 0.03194444444444444
1 0.783203125 0.45 0.02109375 0.043055555555555555
1 0.974609375 0.7548611111111111 0.0140625 0.025
1 0.780859375 0.3111111111111111 0.01640625 0.03194444444444444
1 0.6640625 0.03263888888888889 0.02734375 0.06527777777777778
1 0.746484375 0.41458333333333336 0.02734375 0.04722222222222222
1 0.81796875 0.26319444444444445 0.01171875 0.030555555555555555
1 0.512109375 0.011805555555555555 0.0203125 0.022222222222222223
1 0.615625 0.0125 0.01484375 0.025
1 0.15078125 0.7881944444444444 0.0234375 0.044444444444444446
1 0.3140625 0.6354166666666666 0.03125 0.08055555555555556
1 0.27265625 0.002777777777777778 0.01484375 0.005555555555555556
1 0.58203125 0.1673611111111111 0.021875 0.04861111111111111
1 0.17578125 0.022222222222222223 0.03203125 0.043055555555555555
1 0.9234375 0.51875 0.0234375 0.03611111111111111
1 0.935546875 0.39861111111111114 0.02890625 0.06388888888888888
1 0.00625 0.03611111111111111 0.0125 0.043055555555555555
1 0.5875 0.09027777777777778 0.01484375 0.025