1 0.089453125 0.4166666666666667 0.02421875 0.04027777777777778
1 0.939453125 0.05 0.02578125 0.05416666666666667
0 0.0875 0.125 0.17421875 0.25
0 0.13828125 0.36666666666666664 0.24765625 0.12638888888888888
0 0.08046875 0.5576388888888889 0.1578125 0.3902777777777778
0 0.0734375 0.8305555555555556 0.1421875 0.3388888888888889
0 0.70234375 0.1375 0.253125 0.275
0 0.63203125 0.3 0.1 0.5972222222222222
0 0.736328125 0.5722222222222222 0.31875 0.25972222222222224
0 0.66640625 0.7729166666666667 0.11484375 0.3125
0 0.66328125 0.8888888888888888 0.09921875 0.2222222222222222
1 0.879296875 0.6826388888888889 0.03828125 0.058333333333333334
1 0.89609375 0.9625 0.03125 0.06111111111111111
1 0.116015625 0.9604166666666667 0.02578125 0.04583333333333333
1 0.7609375 0.011111111111111112 0.02890625 0.020833333333333332
1 0.98828125 0.49444444444444446 0.0140625 0.020833333333333332
1 0.83203125 0.5534722222222223 0.04140625 0.0875
1 0.1359375 0.42291666666666666 0.015625 0.034722222222222224
1 0.544921875 0.1423611111111111 0.0125 0.030555555555555555
1 0.6671875 0.9493055555555555 0.015625 0.03194444444444444
1 0.874609375 0.2902777777777778 0.01953125 0.027777777777777776
1 0.82734375 0.5465277777777777 0.0296875 0.075
1 0.208203125 0.41180555555555554 0.0171875 0.02638888888888889
1 0.425 0.7368055555555556 0.01953125 0.03333333333333333
1 0.175390625 0.9645833333333333 0.02109375 0.03888888888888889
1 0.66015625 0.24305555555555555 0.01328125 0.030555555555555555
1 0.271484375 0.7631944444444444 0.01171875 0.022222222222222223
1 0.91171875 0.45555555555555555 0.02265625 0.043055555555555555
1 0.88359375 0.2222222222222222 0.01875 0.03611111111111111
1 0.820703125 0.6430555555555556 0.01484375 0.034722222222222224
1 0.347265625 0.4361111111111111 0.01484375 0.02638888888888889
1 0.744140625 0.05694444444444444 0.0265625 0.05555555555555555
1 0.799609375 0.4375 0.0234375 0.04027777777777778
1 0.574609375 0.3458333333333333 0.0265625 0.06388888888888888
1 0.839453125 0.5701388888888889 0.05234375 0.075
1 0.668359375 0.6791666666666667 0.0265625 0.07361111111111111
1 0.785546875 0.8604166666666667 0.01875 0.029166666666666667
1 0.78671875 0.9631944444444445 0.02734375 0.03611111111111111
1 0.594921875 0.5305555555555556 0.0234375 0.044444444444444446
1 0.687109375 0.2604166666666667 0.02734375 0.05416666666666667
1 0.758203125 0.2111111111111111 0.0359375 0.06527777777777778
1 0.8125 0.9826388888888888 0.03046875 0.03194444444444444
1 0.4671875 0.6298611111111111 0.01953125 0.04583333333333333
1 0.045703125 0.2604166666666667 0.01640625 0.025
1 0.85546875 0.9027777777777778 0.034375 0.05138888888888889
1 0.862890625 0.6173611111111111 0.03671875 0.04861111111111111
1 0.7234375 0.4638888888888889 0.02421875 0.04861111111111111
1 0.990234375 0.25069444444444444 0.01640625 0.0375
1 0.23046875 0.51875 0.0359375 0.075
1 0.688671875 0.9597222222222223 0.04375 0.07777777777777778