0 0.3921875 0.921875 0.046875 0.15625
0 0.346875 0.2 0.1671875 0.23958333333333334
1 0.96640625 0.010416666666666666 0.0328125 0.020833333333333332
1 0.91640625 0.0125 0.0203125 0.025
1 0.82578125 0.2635416666666667 0.0296875 0.04375
1 0.928125 0.23020833333333332 0.0359375 0.05625
1 0.934375 0.35520833333333335 0.0296875 0.041666666666666664
1 0.85078125 0.5208333333333334 0.0296875 0.041666666666666664
1 0.925 0.7927083333333333 0.0390625 0.05416666666666667
1 0.59765625 0.7614583333333333 0.0265625 0.029166666666666667
1 0.54296875 0.7708333333333334 0.0203125 0.03333333333333333
1 0.60390625 0.9208333333333333 0.046875 0.11041666666666666
1 0.90078125 0.7458333333333333 0.021875 0.029166666666666667
1 0.9484375 0.8520833333333333 0.03125 0.03958333333333333
1 0.89140625 0.653125 0.0265625 0.03958333333333333
1 0.98828125 0.7479166666666667 0.0234375 0.041666666666666664
1 0.946875 0.6552083333333333 0.0484375 0.09583333333333334
1 0.93359375 0.17395833333333333 0.0234375 0.025
1 0.93515625 0.13958333333333334 0.015625 0.020833333333333332
1 0.8078125 0.759375 0.0671875 0.04791666666666667
1 0.62578125 0.3625 0.025 0.027083333333333334
1 0.57421875 0.009375 0.0296875 0.01875
1 0.578125 0.3 0.01875 0.027083333333333334
1 0.27265625 0.9375 0.0203125 0.03958333333333333
1 0.31953125 0.678125 0.0203125 0.027083333333333334
1 0.278125 0.7645833333333333 0.05625 0.04583333333333333
1 0.16953125 0.65 0.05 0.04375
1 0.4546875 0.26875 0.021875 0.020833333333333332
1 0.80546875 0.421875 0.0171875 0.025
1 0.79765625 0.9322916666666666 0.05625 0.07708333333333334
1 0.6625 0.68125 0.0265625 0.01875
1 0.86640625 0.7802083333333333 0.021875 0.025
1 0.96640625 0.946875 0.0234375 0.03125
1 0.16015625 0.7958333333333333 0.021875 0.029166666666666667
1 0.1484375 0.890625 0.0203125 0.04791666666666667
1 0.0421875 0.96875 0.0328125 0.03333333333333333
1 0.50625 0.6927083333333334 0.01875 0.020833333333333332
1 0.40546875 0.81875 0.0203125 0.020833333333333332
1 0.24375 0.9541666666666667 0.021875 0.027083333333333334
1 0.12109375 0.8385416666666666 0.0296875 0.029166666666666667
1 0.41328125 0.7041666666666667 0.0203125 0.025
1 0.284375 0.6479166666666667 0.0328125 0.0375
1 0.1859375 0.509375 0.021875 0.01875
1 0.1859375 0.13958333333333334 0.025 0.022916666666666665
1 0.271875 0.026041666666666668 0.0234375 0.020833333333333332
1 0.30703125 0.010416666666666666 0.034375 0.020833333333333332
1 0.36640625 0.05 0.0390625 0.03333333333333333
1 0.32109375 0.15729166666666666 0.0203125 0.027083333333333334
1 0.1046875 0.209375 0.015625 0.035416666666666666
1 0.0296875 0.3375 0.0171875 0.029166666666666667
1 0.10703125 0.5354166666666667 0.025 0.058333333333333334
1 0.13984375 0.4666666666666667 0.0296875 0.029166666666666667
1 0.2265625 0.48333333333333334 0.03125 0.027083333333333334
1 0.3296875 0.2708333333333333 0.0328125 0.041666666666666664
1 0.38515625 0.365625 0.0234375 0.029166666666666667
1 0.55234375 0.365625 0.0265625 0.027083333333333334
1 0.5828125 0.34270833333333334 0.0234375 0.025
1 0.50078125 0.14791666666666667 0.034375 0.03958333333333333
1 0.95625 0.05520833333333333 0.0171875 0.029166666666666667
0 0.365625 0.6739583333333333 0.1046875 0.23541666666666666