1 0.037109375 0.21388888888888888 0.0171875 0.04583333333333333
1 0.269140625 0.20694444444444443 0.04609375 0.0763888888888889
1 0.030078125 0.5590277777777778 0.0359375 0.059722222222222225
1 0.238671875 0.5840277777777778 0.0578125 0.15555555555555556
1 0.3640625 0.6208333333333333 0.01875 0.0375
1 0.111328125 0.8652777777777778 0.0171875 0.03611111111111111
1 0.38046875 0.6576388888888889 0.01328125 0.03194444444444444
1 0.375 0.9576388888888889 0.01953125 0.043055555555555555
1 0.6125 0.7548611111111111 0.0265625 0.06666666666666667
1 0.478125 0.9645833333333333 0.01640625 0.030555555555555555
1 0.43984375 0.8423611111111111 0.03828125 0.09583333333333334
1 0.5390625 0.9111111111111111 0.03359375 0.05138888888888889
1 0.553125 0.73125 0.02421875 0.05
1 0.60703125 0.6881944444444444 0.025 0.04722222222222222
1 0.12890625 0.8979166666666667 0.0203125 0.029166666666666667
0 0.0765625 0.5444444444444444 0.153125 0.25
1 0.926953125 0.775 0.0359375 0.07083333333333333
1 0.91796875 0.9020833333333333 0.01015625 0.03611111111111111
0 0.6265625 0.09791666666666667 0.0390625 0.19583333333333333
1 0.674609375 0.31875 0.03359375 0.05
1 0.126953125 0.24166666666666667 0.01484375 0.030555555555555555
1 0.6984375 0.5736111111111111 0.02578125 0.04583333333333333
1 0.408984375 0.8868055555555555 0.01484375 0.03611111111111111
1 0.75078125 0.011805555555555555 0.01484375 0.015277777777777777
1 0.633984375 0.03194444444444444 0.01640625 0.043055555555555555
1 0.087109375 0.11736111111111111 0.02109375 0.03888888888888889
1 0.45625 0.23472222222222222 0.01640625 0.0375
1 0.393359375 0.3854166666666667 0.01796875 0.02638888888888889
1 0.234765625 0.004861111111111111 0.009375 0.009722222222222222
1 0.85390625 0.9652777777777778 0.0328125 0.05416666666666667
1 0.116015625 0.2520833333333333 0.00625 0.015277777777777777
1 0.85703125 0.08958333333333333 0.02578125 0.044444444444444446
1 0.768359375 0.2625 0.02265625 0.03611111111111111
1 0.478515625 0.1 0.05078125 0.09583333333333334
1 0.868359375 0.8708333333333333 0.01875 0.04722222222222222
1 0.830859375 0.6520833333333333 0.015625 0.025
1 0.60546875 0.04652777777777778 0.02421875 0.05694444444444444
1 0.74140625 0.5125 0.02578125 0.03888888888888889
1 0.996875 0.04513888888888889 0.00625 0.029166666666666667
1 0.694921875 0.7326388888888888 0.021875 0.041666666666666664
1 0.82109375 0.40902777777777777 0.05625 0.08611111111111111
1 0.859375 0.8229166666666666 0.01640625 0.02361111111111111
1 0.822265625 0.98125 0.021875 0.034722222222222224
1 0.944140625 0.6090277777777777 0.04921875 0.08611111111111111
1 0.271484375 0.41388888888888886 0.0140625 0.03611111111111111
1 0.370703125 0.35208333333333336 0.015625 0.03194444444444444
1 0.6453125 0.49722222222222223 0.02578125 0.04861111111111111
1 0.67421875 0.13125 0.0578125 0.1125
1 0.194921875 0.38125 0.0140625 0.020833333333333332
1 0.921875 0.1736111111111111 0.0203125 0.034722222222222224
1 0.061328125 0.6597222222222222 0.01484375 0.029166666666666667
1 0.569921875 0.9333333333333333 0.01484375 0.030555555555555555
1 0.7109375 0.6138888888888889 0.015625 0.02638888888888889
1 0.158203125 0.5708333333333333 0.02578125 0.05416666666666667
1 0.541796875 0.22083333333333333 0.03984375 0.04027777777777778
1 0.810546875 0.27152777777777776 0.015625 0.04722222222222222
1 0.646484375 0.20416666666666666 0.02421875 0.030555555555555555
1 0.1171875 0.9326388888888889 0.02421875 0.04027777777777778
1 0.588671875 0.2534722222222222 0.0296875 0.059722222222222225
1 0.56796875 0.29097222222222224 0.040625 0.04722222222222222
1 0.23828125 0.79375 0.02421875 0.025
1 0.96796875 0.013888888888888888 0.02421875 0.027777777777777776
1 0.9515625 0.06597222222222222 0.01328125 0.03333333333333333
1 0.920703125 0.09236111111111112 0.01640625 0.034722222222222224
1 0.830859375 0.1597222222222222 0.0109375 0.0375
1 0.59921875 0.33541666666666664 0.034375 0.041666666666666664
1 0.880859375 0.1076388888888889 0.01015625 0.020833333333333332
1 0.08515625 0.19166666666666668 0.02109375 0.03194444444444444
1 0.660546875 0.2548611111111111 0.02890625 0.05
1 0.6984375 0.5305555555555556 0.01796875 0.027777777777777776
1 0.85390625 0.3284722222222222 0.01953125 0.044444444444444446
1 0.823046875 0.21458333333333332 0.025 0.03194444444444444
1 0.858984375 0.5055555555555555 0.01484375 0.02361111111111111
1 0.8203125 0.5402777777777777 0.04296875 0.04027777777777778
1 0.746875 0.8395833333333333 0.0234375 0.05694444444444444
1 0.813671875 0.7756944444444445 0.01484375 0.03611111111111111
1 0.678125 0.8618055555555556 0.034375 0.09166666666666666
1 0.797265625 0.7298611111111111 0.02109375 0.03333333333333333
1 0.735546875 0.28194444444444444 0.0171875 0.027777777777777776
1 0.749609375 0.3611111111111111 0.0359375 0.06944444444444445
1 0.51796875 0.27291666666666664 0.01484375 0.05277777777777778
1 0.853515625 0.2763888888888889 0.034375 0.04583333333333333
1 0.633984375 0.3236111111111111 0.02421875 0.03333333333333333
1 0.312109375 0.1763888888888889 0.01328125 0.029166666666666667
1 0.91875 0.9798611111111111 0.02421875 0.034722222222222224
1 0.8921875 0.9076388888888889 0.0203125 0.030555555555555555
1 0.91640625 0.7145833333333333 0.0140625 0.02638888888888889
1 0.909375 0.5895833333333333 0.02421875 0.03333333333333333
1 0.891796875 0.375 0.02578125 0.05
1 0.987890625 0.29791666666666666 0.0234375 0.044444444444444446
0 0.106640625 0.9604166666666667 0.1265625 0.07916666666666666
1 0.920703125 0.4076388888888889 0.04140625 0.10694444444444444
1 0.98125 0.6694444444444444 0.025 0.03333333333333333
0 0.64921875 0.7590277777777777 0.13046875 0.3736111111111111
0 0.0953125 0.15486111111111112 0.165625 0.30972222222222223
1 0.984765625 0.8881944444444444 0.03046875 0.075
0 0.1125 0.39861111111111114 0.2234375 0.25833333333333336
0 0.653125 0.5534722222222223 0.24453125 0.33055555555555555
0 0.11015625 0.7659722222222223 0.215625 0.26805555555555555
0 0.978125 0.8166666666666667 0.04375 0.04861111111111111
1 0.90703125 0.7486111111111111 0.01328125 0.018055555555555554
1 0.289453125 0.4756944444444444 0.0171875 0.018055555555555554
1 0.885546875 0.44166666666666665 0.02265625 0.03611111111111111
0 0.6625 0.9284722222222223 0.06796875 0.14305555555555555
0 0.603125 0.9236111111111112 0.0828125 0.1486111111111111
1 0.866015625 0.6541666666666667 0.04609375 0.0875
1 0.969140625 0.5284722222222222 0.0171875 0.019444444444444445
1 0.97890625 0.4798611111111111 0.0421875 0.10277777777777777
1 0.833984375 0.6256944444444444 0.01015625 0.015277777777777777
1 0.855078125 0.5381944444444444 0.0109375 0.020833333333333332
1 0.0984375 0.23819444444444443 0.0125 0.03611111111111111
1 0.012890625 0.2569444444444444 0.0171875 0.03194444444444444
1 0.139453125 0.8375 0.03046875 0.06666666666666667
1 0.17421875 0.30277777777777776 0.0265625 0.075
1 0.2015625 0.9534722222222223 0.0140625 0.02638888888888889
1 0.119921875 0.725 0.046875 0.058333333333333334
1 0.066015625 0.5347222222222222 0.01015625 0.02638888888888889
1 0.153515625 0.6319444444444444 0.0203125 0.041666666666666664
1 0.078515625 0.2326388888888889 0.02421875 0.05277777777777778
1 0.20546875 0.4548611111111111 0.028125 0.043055555555555555
1 0.61796875 0.6270833333333333 0.0203125 0.04583333333333333
1 0.583984375 0.8611111111111112 0.02890625 0.044444444444444446