1 0.6046875 0.028125 0.1421875 0.05625
1 0.81875 0.70625 0.0109375 0.016666666666666666
1 0.784375 0.8364583333333333 0.0296875 0.029166666666666667
1 0.725 0.6822916666666666 0.046875 0.04583333333333333
1 0.840625 0.6552083333333333 0.025 0.04375
1 0.63671875 0.6614583333333334 0.0265625 0.035416666666666666
1 0.58203125 0.31666666666666665 0.0171875 0.035416666666666666
1 0.7140625 0.30625 0.0140625 0.014583333333333334
1 0.31171875 0.08333333333333333 0.028125 0.027083333333333334
1 0.325 0.5 0.0515625 0.05
1 0.28515625 0.5625 0.028125 0.01875
1 0.446875 0.44895833333333335 0.009375 0.016666666666666666
1 0.9875 0.2833333333333333 0.025 0.041666666666666664
1 0.9875 0.010416666666666666 0.025 0.020833333333333332
1 0.27734375 0.93125 0.025 0.03125
1 0.47578125 0.7208333333333333 0.0203125 0.029166666666666667
1 0.36953125 0.184375 0.015625 0.03125
1 0.82578125 0.9885416666666667 0.0265625 0.022916666666666665
1 0.91328125 0.9583333333333334 0.0234375 0.020833333333333332
1 0.565625 0.525 0.0203125 0.020833333333333332
0 0.54296875 0.06875 0.2703125 0.1375
0 0.49609375 0.3229166666666667 0.1765625 0.2916666666666667
0 0.53515625 0.6260416666666667 0.234375 0.2125
0 0.5328125 0.846875 0.2859375 0.11458333333333333
0 0.521875 0.9489583333333333 0.0703125 0.10208333333333333