1 0.4421875 0.984375 0.034375 0.03125
1 0.42265625 0.1375 0.0140625 0.027083333333333334
0 0.4703125 0.134375 0.1203125 0.26458333333333334
1 0.45390625 0.3770833333333333 0.034375 0.03958333333333333
0 0.42578125 0.403125 0.20625 0.09583333333333334
0 0.46171875 0.6645833333333333 0.2578125 0.19791666666666666
0 0.36875 0.9510416666666667 0.175 0.09791666666666667
1 0.225 0.11875 0.01875 0.05
1 0.16171875 0.18645833333333334 0.03125 0.03958333333333333
1 0.2609375 0.04583333333333333 0.0296875 0.0375
1 0.0109375 0.010416666666666666 0.021875 0.020833333333333332
1 0.01953125 0.240625 0.0328125 0.035416666666666666
1 0.09375 0.5270833333333333 0.0171875 0.016666666666666666
1 0.1203125 0.465625 0.015625 0.010416666666666666
1 0.1109375 0.41041666666666665 0.015625 0.022916666666666665
1 0.57421875 0.80625 0.0140625 0.016666666666666666
1 0.665625 0.9947916666666666 0.0171875 0.010416666666666666
1 0.03984375 0.6666666666666666 0.0171875 0.01875
1 0.1765625 0.8458333333333333 0.0140625 0.016666666666666666
1 0.36953125 0.17604166666666668 0.0203125 0.022916666666666665
1 0.9703125 0.2989583333333333 0.015625 0.020833333333333332
1 0.9765625 0.3875 0.0171875 0.035416666666666666
1 0.715625 0.378125 0.0203125 0.025
1 0.909375 0.5875 0.0125 0.0125
1 0.81953125 0.4583333333333333 0.015625 0.020833333333333332
1 0.71015625 0.525 0.0125 0.025
1 0.0625 0.6625 0.0234375 0.03333333333333333
1 0.72578125 0.49895833333333334 0.009375 0.014583333333333334
1 0.72890625 0.47708333333333336 0.0375 0.029166666666666667
1 0.78671875 0.6427083333333333 0.015625 0.022916666666666665
1 0.690625 0.5739583333333333 0.0375 0.041666666666666664
1 0.77265625 0.7041666666666667 0.025 0.03125
1 0.70625 0.7364583333333333 0.025 0.027083333333333334
1 0.109375 0.23125 0.025 0.03125
1 0.12578125 0.5104166666666666 0.021875 0.027083333333333334
1 0.5 0.2708333333333333 0.0125 0.014583333333333334
1 0.5203125 0.32916666666666666 0.0328125 0.03125
1 0.4921875 0.321875 0.021875 0.025
1 0.4453125 0.3 0.01875 0.022916666666666665
1 0.4140625 0.23229166666666667 0.01875 0.022916666666666665
1 0.41328125 0.20208333333333334 0.0171875 0.029166666666666667
1 0.1140625 0.5708333333333333 0.0171875 0.03125
1 0.1546875 0.571875 0.015625 0.03333333333333333
1 0.01875 0.525 0.015625 0.025
1 0.08515625 0.6125 0.0203125 0.014583333333333334
1 0.02578125 0.984375 0.0203125 0.029166666666666667
1 0.13046875 0.9395833333333333 0.0203125 0.020833333333333332
1 0.31640625 0.6333333333333333 0.046875 0.04791666666666667
1 0.38203125 0.6916666666666667 0.0265625 0.03125
1 0.41484375 0.725 0.04375 0.052083333333333336
1 0.29375 0.7333333333333333 0.0375 0.03125
1 0.31328125 0.7 0.0171875 0.022916666666666665
1 0.32265625 0.721875 0.0234375 0.014583333333333334
1 0.25703125 0.6645833333333333 0.0203125 0.03125
1 0.26171875 0.409375 0.0296875 0.04583333333333333
1 0.26953125 0.4510416666666667 0.0234375 0.035416666666666666
1 0.31328125 0.4354166666666667 0.028125 0.029166666666666667
1 0.23203125 0.475 0.0375 0.03958333333333333
1 0.2078125 0.45625 0.01875 0.014583333333333334
1 0.2953125 0.36354166666666665 0.015625 0.035416666666666666
1 0.3375 0.3260416666666667 0.0125 0.020833333333333332
1 0.37265625 0.35104166666666664 0.0265625 0.03125
1 0.265625 0.29791666666666666 0.0359375 0.027083333333333334
1 0.26796875 0.23229166666666667 0.0203125 0.020833333333333332
1 0.309375 0.259375 0.01875 0.025
1 0.29296875 0.196875 0.025 0.03333333333333333
1 0.15859375 0.109375 0.03125 0.03125
1 0.20859375 0.06770833333333333 0.034375 0.03333333333333333
1 0.56328125 0.065625 0.0375 0.05625
1 0.534375 0.11041666666666666 0.0359375 0.03958333333333333
1 0.47578125 0.13229166666666667 0.0171875 0.027083333333333334
1 0.44765625 0.1 0.0328125 0.0875
1 0.4375 0.023958333333333335 0.03125 0.03958333333333333
1 0.52578125 0.004166666666666667 0.015625 0.008333333333333333
1 0.58046875 0.014583333333333334 0.01875 0.027083333333333334
1 0.64609375 0.034375 0.0171875 0.029166666666666667
1 0.703125 0.11666666666666667 0.015625 0.020833333333333332
1 0.60703125 0.15416666666666667 0.021875 0.029166666666666667
1 0.63515625 0.18125 0.0296875 0.035416666666666666
1 0.60703125 0.19166666666666668 0.021875 0.025
1 0.6234375 0.2520833333333333 0.0375 0.041666666666666664
1 0.75859375 0.20208333333333334 0.025 0.04375
1 0.6890625 0.3104166666666667 0.021875 0.029166666666666667
1 0.64140625 0.3614583333333333 0.021875 0.0375
1 0.565625 0.4270833333333333 0.028125 0.01875
1 0.584375 0.471875 0.025 0.0375
1 0.503125 0.4708333333333333 0.025 0.06875
1 0.50546875 0.540625 0.0296875 0.04375
1 0.47109375 0.5552083333333333 0.03125 0.05
1 0.403125 0.5625 0.0390625 0.0375
1 0.434375 0.56875 0.025 0.041666666666666664
1 0.4515625 0.596875 0.0171875 0.020833333333333332
1 0.475 0.659375 0.034375 0.03958333333333333
1 0.5546875 0.73125 0.0296875 0.041666666666666664
1 0.575 0.7114583333333333 0.0234375 0.03333333333333333
1 0.5984375 0.7177083333333333 0.0234375 0.05
1 0.5015625 0.7385416666666667 0.0234375 0.03125
1 0.525 0.8354166666666667 0.034375 0.03333333333333333
1 0.59609375 0.7708333333333334 0.0171875 0.01875
1 0.61953125 0.8572916666666667 0.034375 0.03958333333333333
1 0.6625 0.8260416666666667 0.0390625 0.0375
1 0.5125 0.78125 0.015625 0.022916666666666665
1 0.6859375 0.89375 0.0296875 0.0375
1 0.7 0.821875 0.03125 0.03958333333333333
1 0.76171875 0.90625 0.01875 0.029166666666666667
1 0.53359375 0.9229166666666667 0.021875 0.027083333333333334
1 0.4890625 0.9489583333333333 0.0265625 0.03333333333333333
1 0.37578125 0.8708333333333333 0.0453125 0.04375
1 0.421875 0.8135416666666667 0.0296875 0.03958333333333333
1 0.3421875 0.796875 0.015625 0.01875
1 0.28984375 0.9302083333333333 0.040625 0.06458333333333334
1 0.3171875 0.9895833333333334 0.0171875 0.020833333333333332
1 0.20234375 0.9479166666666666 0.01875 0.035416666666666666
1 0.1234375 0.9875 0.0359375 0.025
1 0.209375 0.8208333333333333 0.034375 0.058333333333333334
1 0.253125 0.809375 0.021875 0.029166666666666667
1 0.08359375 0.7083333333333334 0.021875 0.025
1 0.20390625 0.878125 0.015625 0.016666666666666666
1 0.04375 0.10625 0.025 0.020833333333333332
1 0.153125 0.07395833333333333 0.021875 0.025
1 0.00625 0.721875 0.0125 0.016666666666666666
1 0.1578125 0.8958333333333334 0.034375 0.04375
1 0.0109375 0.6729166666666667 0.021875 0.01875