1 0.62109375 0.7833333333333333 0.0296875 0.03333333333333333
1 0.23125 0.6864583333333333 0.0171875 0.03125
1 0.0609375 0.6916666666666667 0.028125 0.05
1 0.11328125 0.6177083333333333 0.0234375 0.0375
1 0.0640625 0.5229166666666667 0.0296875 0.022916666666666665
1 0.31328125 0.23125 0.0265625 0.035416666666666666
1 0.19375 0.20520833333333333 0.0171875 0.01875
1 0.965625 0.790625 0.01875 0.020833333333333332
1 0.98046875 0.2760416666666667 0.03125 0.05
1 0.6015625 0.10208333333333333 0.021875 0.022916666666666665
1 0.2515625 0.20520833333333333 0.015625 0.014583333333333334
1 0.1234375 0.31666666666666665 0.0234375 0.03125
1 0.29453125 0.04895833333333333 0.0140625 0.027083333333333334
1 0.27421875 0.6729166666666667 0.025 0.025
1 0.34296875 0.7375 0.015625 0.022916666666666665
1 0.16640625 0.7854166666666667 0.021875 0.03333333333333333
1 0.39375 0.8166666666666667 0.0171875 0.0375
1 0.41328125 0.540625 0.028125 0.01875
1 0.45078125 0.4708333333333333 0.0359375 0.0375
1 0.6359375 0.334375 0.034375 0.029166666666666667
1 0.6140625 0.41875 0.025 0.04791666666666667
1 0.5453125 0.4041666666666667 0.0171875 0.058333333333333334
1 0.5875 0.44895833333333335 0.0171875 0.035416666666666666
1 0.53828125 0.50625 0.0171875 0.025
1 0.53984375 0.465625 0.0234375 0.029166666666666667
1 0.5109375 0.42916666666666664 0.028125 0.03958333333333333
1 0.3875 0.30520833333333336 0.028125 0.014583333333333334
1 0.38828125 0.35625 0.01875 0.022916666666666665
1 0.37578125 0.384375 0.0234375 0.022916666666666665
1 0.290625 0.41041666666666665 0.021875 0.020833333333333332
1 0.259375 0.41354166666666664 0.01875 0.035416666666666666
1 0.0625 0.375 0.0328125 0.022916666666666665
1 0.06875 0.4552083333333333 0.04375 0.027083333333333334
1 0.17109375 0.340625 0.0203125 0.025
1 0.1546875 0.3104166666666667 0.021875 0.03125
1 0.22890625 0.008333333333333333 0.015625 0.016666666666666666
1 0.1109375 0.041666666666666664 0.028125 0.022916666666666665
1 0.065625 0.06354166666666666 0.0578125 0.06875
1 0.02265625 0.03125 0.0265625 0.035416666666666666
1 0.29453125 0.11875 0.03125 0.03125
1 0.275 0.017708333333333333 0.028125 0.035416666666666666
1 0.36171875 0.022916666666666665 0.028125 0.025
1 0.46953125 0.10833333333333334 0.0171875 0.020833333333333332
1 0.42578125 0.08125 0.0375 0.03958333333333333
1 0.52265625 0.07604166666666666 0.0390625 0.07291666666666667
1 0.53515625 0.18229166666666666 0.034375 0.058333333333333334
1 0.5578125 0.246875 0.0359375 0.03958333333333333
1 0.525 0.275 0.0296875 0.020833333333333332
1 0.5234375 0.3489583333333333 0.028125 0.0375
1 0.484375 0.35625 0.0390625 0.058333333333333334
1 0.4484375 0.31666666666666665 0.05 0.07083333333333333
1 0.9796875 0.13333333333333333 0.034375 0.0625
1 0.69375 0.08333333333333333 0.0140625 0.016666666666666666
1 0.74296875 0.11354166666666667 0.0296875 0.029166666666666667
1 0.8640625 0.042708333333333334 0.025 0.04583333333333333
1 0.7953125 0.040625 0.0125 0.025
1 0.83515625 0.14166666666666666 0.0640625 0.09166666666666666
1 0.86328125 0.28125 0.028125 0.0375
1 0.7421875 0.35 0.015625 0.041666666666666664
1 0.803125 0.33645833333333336 0.0421875 0.04583333333333333
1 0.76484375 0.29791666666666666 0.0421875 0.05
1 0.73828125 0.24375 0.028125 0.04791666666666667
1 0.7796875 0.20625 0.0640625 0.058333333333333334
1 0.6609375 0.17291666666666666 0.028125 0.04375
1 0.709375 0.165625 0.0453125 0.06875
1 0.7375 0.6885416666666667 0.028125 0.052083333333333336
1 0.89453125 0.5791666666666667 0.015625 0.01875
1 0.984375 0.5135416666666667 0.0171875 0.0375
1 0.896875 0.4635416666666667 0.025 0.03125
1 0.8296875 0.503125 0.0671875 0.0625
1 0.9515625 0.9020833333333333 0.0234375 0.027083333333333334
1 0.9359375 0.965625 0.0296875 0.06875
1 0.9 0.975 0.040625 0.05
1 0.825 0.790625 0.0359375 0.035416666666666666
1 0.89296875 0.8822916666666667 0.0234375 0.027083333333333334
1 0.80546875 0.8583333333333333 0.0203125 0.020833333333333332
1 0.7625 0.8166666666666667 0.03125 0.0375
1 0.7 0.88125 0.0421875 0.03958333333333333
1 0.7046875 0.8125 0.0171875 0.03125
1 0.7375 0.7416666666666667 0.0265625 0.035416666666666666
1 0.64609375 0.6864583333333333 0.0359375 0.04791666666666667
1 0.57734375 0.7052083333333333 0.0265625 0.041666666666666664
1 0.19921875 0.7125 0.025 0.027083333333333334
1 0.57734375 0.7916666666666666 0.0171875 0.022916666666666665
1 0.46875 0.859375 0.0140625 0.01875
1 0.57578125 0.8697916666666666 0.03125 0.05
1 0.53359375 0.8270833333333333 0.034375 0.04791666666666667
1 0.49140625 0.7979166666666667 0.03125 0.03333333333333333
1 0.63359375 0.9770833333333333 0.0203125 0.0375
1 0.58828125 0.95 0.0265625 0.041666666666666664
1 0.4734375 0.95 0.025 0.03958333333333333
1 0.39609375 0.9135416666666667 0.0390625 0.041666666666666664
1 0.3859375 0.865625 0.0234375 0.027083333333333334
1 0.4109375 0.9947916666666666 0.01875 0.010416666666666666
1 0.4390625 0.965625 0.03125 0.06875
1 0.31328125 0.865625 0.0296875 0.041666666666666664
1 0.34375 0.9635416666666666 0.021875 0.04791666666666667
1 0.26328125 0.9114583333333334 0.0796875 0.10208333333333333
1 0.5390625 0.6239583333333333 0.03125 0.05416666666666667
1 0.01328125 0.9875 0.0265625 0.025
1 0.55 0.7625 0.0203125 0.027083333333333334
1 0.36796875 0.475 0.015625 0.020833333333333332
1 0.35390625 0.7729166666666667 0.025 0.01875
1 0.4859375 0.6260416666666667 0.0515625 0.0625
1 0.4015625 0.71875 0.0296875 0.0375
1 0.37890625 0.6666666666666666 0.0625 0.06458333333333334
1 0.24609375 0.5635416666666667 0.046875 0.06041666666666667
1 0.35234375 0.60625 0.0390625 0.04583333333333333
0 0.64609375 0.059375 0.2015625 0.11875
0 0.6296875 0.23125 0.096875 0.21875
0 0.65078125 0.6322916666666667 0.1828125 0.1625
0 0.63984375 0.8708333333333333 0.0828125 0.25833333333333336
1 0.0453125 0.20729166666666668 0.0109375 0.01875
1 0.059375 0.9572916666666667 0.0484375 0.06875
1 0.01171875 0.91875 0.0234375 0.020833333333333332
1 0.01640625 0.8135416666666667 0.0328125 0.09791666666666667
1 0.08828125 0.840625 0.0953125 0.15
1 0.16328125 0.7395833333333334 0.0296875 0.041666666666666664
1 0.18125 0.68125 0.03125 0.035416666666666666