1 0.48359375 0.03854166666666667 0.025 0.03958333333333333
1 0.44375 0.6 0.01875 0.01875
1 0.7953125 0.840625 0.021875 0.029166666666666667
1 0.70546875 0.5958333333333333 0.021875 0.03333333333333333
1 0.67421875 0.5760416666666667 0.025 0.03125
1 0.734375 0.4083333333333333 0.0203125 0.016666666666666666
1 0.8578125 0.38333333333333336 0.0328125 0.029166666666666667
1 0.775 0.28541666666666665 0.0171875 0.016666666666666666
1 0.9234375 0.090625 0.025 0.03333333333333333
1 0.77109375 0.14791666666666667 0.046875 0.035416666666666666
1 0.8859375 0.16979166666666667 0.025 0.035416666666666666
1 0.184375 0.4125 0.021875 0.027083333333333334
1 0.3953125 0.3385416666666667 0.0359375 0.06458333333333334
1 0.34609375 0.3072916666666667 0.01875 0.029166666666666667
1 0.52734375 0.6895833333333333 0.01875 0.029166666666666667
1 0.1125 0.8729166666666667 0.021875 0.0375
1 0.25859375 0.6822916666666666 0.025 0.0375
1 0.7015625 0.9739583333333334 0.025 0.03125
1 0.0265625 0.29583333333333334 0.015625 0.014583333333333334
1 0.48125 0.30416666666666664 0.0171875 0.01875
1 0.4453125 0.265625 0.0296875 0.035416666666666666
1 0.4453125 0.121875 0.0265625 0.035416666666666666
1 0.75859375 0.759375 0.0203125 0.020833333333333332
1 0.25078125 0.31666666666666665 0.0265625 0.041666666666666664
1 0.22734375 0.284375 0.0234375 0.014583333333333334
0 0.590625 0.20520833333333333 0.190625 0.3854166666666667
0 0.571875 0.04375 0.0421875 0.0875
0 0.559375 0.4739583333333333 0.2109375 0.35208333333333336
0 0.56796875 0.7395833333333334 0.39375 0.43125
0 0.53359375 0.94375 0.271875 0.1125
1 0.43515625 0.6302083333333334 0.03125 0.03333333333333333
1 0.46171875 0.05520833333333333 0.025 0.035416666666666666
1 0.01328125 0.029166666666666667 0.025 0.029166666666666667