1 0.2671875 0.5840277777777778 0.01953125 0.03333333333333333
1 0.20859375 0.6152777777777778 0.0328125 0.05138888888888889
1 0.307421875 0.3451388888888889 0.0125 0.02638888888888889
1 0.88359375 0.9604166666666667 0.0078125 0.013888888888888888
1 0.228125 0.3763888888888889 0.0328125 0.07222222222222222
1 0.201953125 0.35208333333333336 0.01171875 0.025
1 0.197265625 0.39375 0.01796875 0.027777777777777776
1 0.1375 0.3840277777777778 0.04140625 0.05694444444444444
1 0.113671875 0.41041666666666665 0.015625 0.02638888888888889
1 0.132421875 0.43680555555555556 0.0109375 0.03194444444444444
1 0.122265625 0.44930555555555557 0.00546875 0.013888888888888888
1 0.67109375 0.6923611111111111 0.0203125 0.03194444444444444
1 0.721875 0.7465277777777778 0.06796875 0.06666666666666667
1 0.548828125 0.6770833333333334 0.01484375 0.025
1 0.562109375 0.6215277777777778 0.01171875 0.022222222222222223
1 0.596875 0.7909722222222222 0.01640625 0.03333333333333333
1 0.612890625 0.8611111111111112 0.01015625 0.025
1 0.04296875 0.3798611111111111 0.01953125 0.03611111111111111
1 0.242578125 0.010416666666666666 0.03125 0.020833333333333332
1 0.241015625 0.04861111111111111 0.040625 0.06111111111111111
1 0.1796875 0.027083333333333334 0.03828125 0.05416666666666667
1 0.191796875 0.10347222222222222 0.02265625 0.04583333333333333
1 0.185546875 0.16458333333333333 0.0140625 0.02638888888888889
1 0.230859375 0.17569444444444443 0.01015625 0.022222222222222223
0 0.63828125 0.36736111111111114 0.1671875 0.2388888888888889
0 0.669140625 0.17430555555555555 0.11484375 0.3486111111111111
0 0.673046875 0.6263888888888889 0.15 0.3347222222222222
0 0.6359375 0.8048611111111111 0.1546875 0.3333333333333333
0 0.68125 0.9347222222222222 0.1296875 0.13055555555555556
0 0.13359375 0.93125 0.1921875 0.1375
0 0.158203125 0.7298611111111111 0.23515625 0.2152777777777778
0 0.139453125 0.12361111111111112 0.11953125 0.24722222222222223
1 0.044140625 0.10972222222222222 0.0125 0.02361111111111111
1 0.029296875 0.015277777777777777 0.0125 0.030555555555555555
1 0.513671875 0.08125 0.01640625 0.034722222222222224
1 0.541796875 0.02013888888888889 0.01953125 0.04027777777777778
1 0.55625 0.00625 0.00859375 0.0125
1 0.584765625 0.05486111111111111 0.01328125 0.025
1 0.600390625 0.022222222222222223 0.0234375 0.044444444444444446
1 0.595703125 0.13402777777777777 0.01953125 0.04861111111111111
1 0.62265625 0.12638888888888888 0.0140625 0.034722222222222224
1 0.7015625 0.19722222222222222 0.02109375 0.034722222222222224
1 0.67109375 0.21875 0.0078125 0.013888888888888888
1 0.79609375 0.17708333333333334 0.0171875 0.027777777777777776
1 0.83203125 0.21666666666666667 0.015625 0.03194444444444444
1 0.8359375 0.27708333333333335 0.0140625 0.025
1 0.84296875 0.15208333333333332 0.01015625 0.020833333333333332
1 0.865625 0.02847222222222222 0.01640625 0.027777777777777776
1 0.917578125 0.049305555555555554 0.0203125 0.0375
1 0.747265625 0.03125 0.0171875 0.03194444444444444
1 0.66875 0.06597222222222222 0.0125 0.025
1 0.057421875 0.7631944444444444 0.01015625 0.025
1 0.166796875 0.6881944444444444 0.0234375 0.044444444444444446
1 0.520703125 0.3736111111111111 0.02265625 0.043055555555555555
1 0.588671875 0.36041666666666666 0.02578125 0.043055555555555555
1 0.582421875 0.5361111111111111 0.0140625 0.029166666666666667
1 0.615234375 0.5305555555555556 0.01796875 0.03194444444444444
1 0.6171875 0.49444444444444446 0.0171875 0.034722222222222224
1 0.644921875 0.4847222222222222 0.028125 0.03194444444444444
1 0.752734375 0.28541666666666665 0.0078125 0.018055555555555554
1 0.7046875 0.3111111111111111 0.0171875 0.02638888888888889
1 0.7140625 0.36666666666666664 0.02578125 0.05416666666666667
1 0.653515625 0.40208333333333335 0.059375 0.10277777777777777
1 0.7546875 0.42986111111111114 0.02421875 0.044444444444444446
1 0.75078125 0.46875 0.01640625 0.029166666666666667
1 0.803515625 0.40555555555555556 0.0203125 0.03888888888888889
1 0.1671875 0.47708333333333336 0.00859375 0.016666666666666666
1 0.136328125 0.5097222222222222 0.03046875 0.09305555555555556
1 0.76328125 0.5395833333333333 0.02578125 0.05694444444444444
1 0.700390625 0.6013888888888889 0.07890625 0.10416666666666667
1 0.43046875 0.2659722222222222 0.01328125 0.022222222222222223
1 0.300390625 0.07708333333333334 0.0109375 0.022222222222222223
1 0.315234375 0.18263888888888888 0.00859375 0.015277777777777777
1 0.605078125 0.9736111111111111 0.04296875 0.05277777777777778
1 0.75859375 0.9854166666666667 0.0171875 0.029166666666666667
1 0.7515625 0.9444444444444444 0.02265625 0.041666666666666664
1 0.60859375 0.91875 0.0140625 0.022222222222222223
1 0.891796875 0.8694444444444445 0.0171875 0.029166666666666667
1 0.873046875 0.7944444444444444 0.00625 0.013888888888888888
1 0.955859375 0.8201388888888889 0.0078125 0.022222222222222223
1 0.923828125 0.7256944444444444 0.01484375 0.03333333333333333
1 0.827734375 0.6416666666666667 0.06875 0.09722222222222222
1 0.558984375 0.9423611111111111 0.0171875 0.04583333333333333
1 0.849609375 0.475 0.0203125 0.03611111111111111
1 0.9640625 0.4736111111111111 0.02265625 0.03611111111111111
1 0.95390625 0.43125 0.02421875 0.06111111111111111
1 0.890234375 0.2791666666666667 0.01640625 0.022222222222222223
1 0.996875 0.2923611111111111 0.00625 0.019444444444444445
1 0.336328125 0.8840277777777777 0.01484375 0.025
1 0.215234375 0.8479166666666667 0.02890625 0.03888888888888889
1 0.137890625 0.8652777777777778 0.01640625 0.03611111111111111
1 0.157421875 0.9354166666666667 0.0171875 0.03194444444444444
1 0.23984375 0.9798611111111111 0.021875 0.04027777777777778
1 0.20859375 0.9104166666666667 0.01640625 0.025
1 0.260546875 0.8743055555555556 0.0484375 0.06388888888888888
1 0.253125 0.7395833333333334 0.01328125 0.0375