0 0.5484375 0.17395833333333333 0.134375 0.34791666666666665
0 0.61484375 0.01875 0.0703125 0.0375
0 0.54140625 0.946875 0.175 0.10625
1 0.440625 0.9541666666666667 0.03125 0.029166666666666667
1 0.4703125 0.9145833333333333 0.015625 0.022916666666666665
1 0.4078125 0.8197916666666667 0.0203125 0.029166666666666667
1 0.50234375 0.796875 0.03125 0.041666666666666664
1 0.60390625 0.8416666666666667 0.04375 0.07291666666666667
1 0.7828125 0.8489583333333334 0.01875 0.03125
1 0.72421875 0.990625 0.025 0.01875
1 0.79296875 0.6375 0.01875 0.0375
1 0.63828125 0.609375 0.025 0.03958333333333333
1 0.56875 0.5958333333333333 0.015625 0.022916666666666665
1 0.446875 0.6802083333333333 0.0265625 0.03333333333333333
1 0.30390625 0.7635416666666667 0.046875 0.04375
1 0.37421875 0.6729166666666667 0.01875 0.016666666666666666
1 0.3890625 0.64375 0.0203125 0.020833333333333332
1 0.28203125 0.5979166666666667 0.040625 0.041666666666666664
1 0.33515625 0.5729166666666666 0.021875 0.08333333333333333
1 0.46875 0.5072916666666667 0.034375 0.04583333333333333
1 0.49765625 0.47708333333333336 0.0296875 0.0375
1 0.1828125 0.490625 0.0171875 0.0375
1 0.3875 0.47291666666666665 0.0109375 0.020833333333333332
1 0.00390625 0.4947916666666667 0.0078125 0.029166666666666667
1 0.09609375 0.3572916666666667 0.0125 0.016666666666666666
1 0.2453125 0.15625 0.0109375 0.022916666666666665
1 0.28359375 0.09166666666666666 0.01875 0.022916666666666665
1 0.246875 0.051041666666666666 0.009375 0.025
1 0.36328125 0.040625 0.021875 0.025
1 0.4015625 0.021875 0.021875 0.029166666666666667
1 0.46328125 0.05 0.0171875 0.027083333333333334
1 0.45625 0.240625 0.0171875 0.022916666666666665
1 0.5015625 0.284375 0.0265625 0.025
1 0.53203125 0.228125 0.0328125 0.035416666666666666
1 0.4828125 0.20104166666666667 0.04375 0.035416666666666666
1 0.63046875 0.30625 0.015625 0.027083333333333334
1 0.66796875 0.3 0.0265625 0.035416666666666666
1 0.6796875 0.3333333333333333 0.0140625 0.022916666666666665
1 0.64453125 0.3572916666666667 0.0171875 0.020833333333333332
1 0.66640625 0.3885416666666667 0.021875 0.03125
1 0.7203125 0.23020833333333332 0.059375 0.04583333333333333
1 0.68046875 0.2604166666666667 0.0140625 0.020833333333333332
1 0.0125 0.7572916666666667 0.025 0.01875
1 0.71953125 0.04479166666666667 0.0203125 0.022916666666666665
1 0.67421875 0.09375 0.01875 0.020833333333333332
1 0.79453125 0.04375 0.0140625 0.016666666666666666
0 0.57421875 0.6614583333333334 0.1921875 0.225
0 0.5671875 0.4395833333333333 0.296875 0.08958333333333333