1 0.846875 0.53125 0.0265625 0.029166666666666667
1 0.4890625 0.17916666666666667 0.0328125 0.052083333333333336
1 0.34921875 0.19583333333333333 0.046875 0.0375
1 0.1953125 0.51875 0.0234375 0.025
1 0.315625 0.86875 0.04375 0.07916666666666666
1 0.35625 0.9364583333333333 0.0109375 0.014583333333333334
1 0.41796875 0.865625 0.053125 0.04375
1 0.50234375 0.9770833333333333 0.04375 0.04583333333333333
1 0.534375 0.89375 0.0546875 0.06041666666666667
1 0.63828125 0.984375 0.025 0.03125
1 0.7125 0.9864583333333333 0.0203125 0.027083333333333334
1 0.7484375 0.9854166666666667 0.0234375 0.022916666666666665
1 0.77265625 0.9375 0.028125 0.03333333333333333
1 0.8140625 0.89375 0.0796875 0.08541666666666667
1 0.6953125 0.8760416666666667 0.0265625 0.052083333333333336
1 0.63125 0.7989583333333333 0.046875 0.04791666666666667
1 0.653125 0.7697916666666667 0.028125 0.03333333333333333
1 0.56875 0.7458333333333333 0.0421875 0.029166666666666667
1 0.35390625 0.640625 0.034375 0.05
1 0.378125 0.6375 0.0140625 0.014583333333333334
1 0.42421875 0.6520833333333333 0.06875 0.075
1 0.27734375 0.6520833333333333 0.025 0.027083333333333334
1 0.334375 0.004166666666666667 0.0078125 0.008333333333333333
1 0.23828125 0.4166666666666667 0.028125 0.022916666666666665
1 0.89921875 0.95 0.025 0.035416666666666666
1 0.9375 0.8104166666666667 0.04375 0.06666666666666667
1 0.94375 0.33541666666666664 0.0484375 0.06666666666666667
1 0.8921875 0.3020833333333333 0.0234375 0.03333333333333333
1 0.8953125 0.26979166666666665 0.0359375 0.0375
1 0.96015625 0.12291666666666666 0.0359375 0.03958333333333333
1 0.90625 0.008333333333333333 0.01875 0.016666666666666666
1 0.95546875 0.051041666666666666 0.053125 0.07916666666666666
1 0.90625 0.18541666666666667 0.025 0.0375
1 0.8609375 0.13958333333333334 0.0234375 0.03333333333333333
1 0.77109375 0.075 0.0421875 0.05625
1 0.80390625 0.11666666666666667 0.0296875 0.03958333333333333
1 0.76328125 0.153125 0.021875 0.04375
1 0.6734375 0.14270833333333333 0.0234375 0.03333333333333333
1 0.4578125 0.11145833333333334 0.021875 0.027083333333333334
1 0.34296875 0.11354166666666667 0.021875 0.03125
1 0.2296875 0.165625 0.0390625 0.03958333333333333
1 0.084375 0.3302083333333333 0.0296875 0.035416666666666666
1 0.16484375 0.27395833333333336 0.0203125 0.020833333333333332
1 0.2109375 0.23333333333333334 0.0625 0.09583333333333334
1 0.26171875 0.22708333333333333 0.0359375 0.08541666666666667
1 0.27421875 0.6979166666666666 0.028125 0.022916666666666665
1 0.278125 0.7635416666666667 0.046875 0.06041666666666667
1 0.1484375 0.7447916666666666 0.0453125 0.025
1 0.36328125 0.9927083333333333 0.028125 0.014583333333333334
1 0.94453125 0.884375 0.034375 0.0625
1 0.9796875 0.9354166666666667 0.040625 0.11458333333333333
1 0.9328125 0.9864583333333333 0.0453125 0.027083333333333334
1 0.81328125 0.8083333333333333 0.0296875 0.08333333333333333
1 0.73046875 0.7104166666666667 0.028125 0.03958333333333333
1 0.73359375 0.7520833333333333 0.015625 0.020833333333333332
1 0.8828125 0.6270833333333333 0.0421875 0.05416666666666667
1 0.95703125 0.56875 0.0328125 0.041666666666666664
1 0.971875 0.646875 0.05625 0.09166666666666666
1 0.8453125 0.4895833333333333 0.046875 0.05416666666666667
1 0.9171875 0.5114583333333333 0.0265625 0.03125
1 0.9375 0.47604166666666664 0.034375 0.04791666666666667
1 0.9875 0.4322916666666667 0.0234375 0.035416666666666666
1 0.61171875 0.6208333333333333 0.04375 0.12291666666666666
1 0.5859375 0.5447916666666667 0.021875 0.022916666666666665
1 0.39765625 0.5854166666666667 0.021875 0.020833333333333332
1 0.44296875 0.5354166666666667 0.0234375 0.022916666666666665
1 0.3171875 0.4979166666666667 0.0296875 0.052083333333333336
1 0.35859375 0.49583333333333335 0.01875 0.020833333333333332
1 0.42734375 0.39375 0.053125 0.07916666666666666
1 0.50078125 0.4375 0.025 0.03125
1 0.4796875 0.3885416666666667 0.0125 0.016666666666666666
1 0.51875 0.309375 0.028125 0.0375
1 0.63671875 0.36770833333333336 0.034375 0.075
1 0.60390625 0.3302083333333333 0.0296875 0.035416666666666666
1 0.72109375 0.36354166666666665 0.028125 0.03333333333333333
1 0.27578125 0.06041666666666667 0.0125 0.014583333333333334
1 0.2015625 0.053125 0.0125 0.014583333333333334
1 0.19296875 0.453125 0.0484375 0.022916666666666665
1 0.79765625 0.709375 0.0109375 0.010416666666666666
1 0.22734375 0.34791666666666665 0.0125 0.016666666666666666
1 0.2671875 0.4875 0.0171875 0.0125
1 0.2390625 0.8572916666666667 0.01875 0.035416666666666666
1 0.334375 0.9510416666666667 0.015625 0.014583333333333334
1 0.07421875 0.004166666666666667 0.0078125 0.008333333333333333
0 0.5609375 0.00625 0.196875 0.0125
0 0.66328125 0.13854166666666667 0.3625 0.27708333333333335
0 0.58359375 0.3927083333333333 0.3375 0.4354166666666667
0 0.59453125 0.790625 0.38125 0.41875
0 0.50078125 0.9177083333333333 0.16875 0.16458333333333333
1 0.19140625 0.8947916666666667 0.2578125 0.20833333333333334
1 0.65078125 0.26145833333333335 0.0328125 0.025