1 0.5390625 0.63125 0.0265625 0.029166666666666667
1 0.5796875 0.6166666666666667 0.03125 0.03125
1 0.5171875 0.5416666666666666 0.0359375 0.041666666666666664
1 0.50390625 0.48020833333333335 0.04375 0.04375
1 0.46796875 0.5020833333333333 0.021875 0.0375
1 0.375 0.5791666666666667 0.0578125 0.09166666666666666
1 0.521875 0.296875 0.046875 0.035416666666666666
1 0.5140625 0.6697916666666667 0.03125 0.022916666666666665
1 0.2875 0.9927083333333333 0.0140625 0.014583333333333334
1 0.15390625 0.815625 0.0390625 0.075
1 0.03515625 0.31145833333333334 0.01875 0.025
1 0.31484375 0.30520833333333336 0.0171875 0.020833333333333332
1 0.484375 0.909375 0.0171875 0.022916666666666665
1 0.53828125 0.42291666666666666 0.0171875 0.022916666666666665
1 0.38984375 0.14166666666666666 0.0203125 0.029166666666666667
1 0.2046875 0.008333333333333333 0.0140625 0.016666666666666666
1 0.50546875 0.990625 0.015625 0.01875
1 0.41484375 0.8385416666666666 0.0296875 0.06666666666666667
1 0.21328125 0.40520833333333334 0.0203125 0.03125
0 0.34921875 0.8447916666666667 0.109375 0.26666666666666666
0 0.371875 0.6510416666666666 0.2296875 0.14583333333333334
0 0.35234375 0.453125 0.0921875 0.2791666666666667
0 0.3203125 0.15208333333333332 0.128125 0.28958333333333336
1 0.55859375 0.5322916666666667 0.025 0.03333333333333333
1 0.6125 0.5885416666666666 0.021875 0.03125
1 0.5734375 0.23645833333333333 0.0234375 0.027083333333333334
1 0.15859375 0.5864583333333333 0.0140625 0.020833333333333332
1 0.2046875 0.7114583333333333 0.01875 0.025
1 0.715625 0.36041666666666666 0.021875 0.025
1 0.11953125 0.4583333333333333 0.0203125 0.025
1 0.65859375 0.13020833333333334 0.0203125 0.027083333333333334
1 0.49609375 0.075 0.015625 0.020833333333333332
1 0.38125 0.059375 0.0265625 0.04375
1 0.5125 0.14895833333333333 0.028125 0.03333333333333333
1 0.6640625 0.17708333333333334 0.025 0.03125
1 0.44140625 0.2989583333333333 0.028125 0.03125
1 0.4265625 0.41770833333333335 0.0265625 0.029166666666666667
1 0.30078125 0.93125 0.0328125 0.025
1 0.41640625 0.684375 0.0203125 0.025