0 0.118359375 0.02013888888888889 0.021875 0.04027777777777778
0 0.189453125 0.3819444444444444 0.16796875 0.2638888888888889
0 0.151953125 0.7763888888888889 0.05 0.23055555555555557
0 0.670703125 0.7604166666666666 0.10625 0.18055555555555555
0 0.7140625 0.8888888888888888 0.1578125 0.2222222222222222
0 0.711328125 0.45902777777777776 0.18359375 0.2916666666666667
0 0.65 0.2722222222222222 0.115625 0.14722222222222223
0 0.654296875 0.07083333333333333 0.07421875 0.14166666666666666
1 0.88125 0.06805555555555555 0.021875 0.030555555555555555
1 0.92890625 0.013888888888888888 0.0421875 0.027777777777777776
1 0.876953125 0.2152777777777778 0.03359375 0.09722222222222222
1 0.91875 0.2590277777777778 0.0203125 0.05555555555555555
1 0.98984375 0.37430555555555556 0.0203125 0.07083333333333333
1 0.7328125 0.2701388888888889 0.01640625 0.02638888888888889
1 0.70390625 0.24861111111111112 0.0296875 0.05694444444444444
1 0.677734375 0.20902777777777778 0.021875 0.05138888888888889
1 0.901953125 0.5416666666666666 0.025 0.04722222222222222
1 0.86171875 0.51875 0.01640625 0.02638888888888889
1 0.84453125 0.44375 0.0109375 0.019444444444444445
1 0.95546875 0.6173611111111111 0.01328125 0.025
1 0.991015625 0.6409722222222223 0.01796875 0.05
1 0.95703125 0.8493055555555555 0.01328125 0.03611111111111111
1 0.941796875 0.8694444444444445 0.01328125 0.020833333333333332
1 0.891015625 0.8583333333333333 0.03046875 0.041666666666666664
1 0.8984375 0.9486111111111111 0.0328125 0.059722222222222225
1 0.951171875 0.9756944444444444 0.01484375 0.029166666666666667
1 0.665625 0.8486111111111111 0.0359375 0.058333333333333334
1 0.6109375 0.8715277777777778 0.0234375 0.041666666666666664
1 0.576953125 0.9430555555555555 0.040625 0.08611111111111111
1 0.68671875 0.9881944444444445 0.01640625 0.02361111111111111
1 0.61640625 0.3215277777777778 0.01796875 0.03194444444444444
1 0.423046875 0.08402777777777778 0.02109375 0.04583333333333333
1 0.51953125 0.5722222222222222 0.00859375 0.018055555555555554
1 0.64453125 0.5888888888888889 0.01015625 0.029166666666666667
1 0.504296875 0.9777777777777777 0.015625 0.03611111111111111
1 0.78046875 0.9833333333333333 0.02421875 0.029166666666666667
1 0.261328125 0.01875 0.0234375 0.0375
1 0.333203125 0.18194444444444444 0.02421875 0.04027777777777778
1 0.222265625 0.07222222222222222 0.015625 0.03194444444444444
1 0.226953125 0.00625 0.01328125 0.0125
1 0.212109375 0.14305555555555555 0.01875 0.03333333333333333
1 0.177734375 0.17916666666666667 0.01796875 0.02638888888888889
1 0.249609375 0.32083333333333336 0.04375 0.08888888888888889
1 0.168359375 0.3798611111111111 0.0171875 0.03333333333333333
1 0.27109375 0.4909722222222222 0.02734375 0.06944444444444445
1 0.129296875 0.5236111111111111 0.01796875 0.044444444444444446
1 0.151171875 0.6145833333333334 0.01640625 0.034722222222222224
1 0.203515625 0.6701388888888888 0.0203125 0.030555555555555555
1 0.1734375 0.43680555555555556 0.0109375 0.02361111111111111
1 0.0953125 0.24583333333333332 0.02109375 0.04027777777777778
1 0.34609375 0.7527777777777778 0.01640625 0.04027777777777778
1 0.310546875 0.8722222222222222 0.02421875 0.041666666666666664
1 0.180078125 0.8722222222222222 0.015625 0.03333333333333333
1 0.158984375 0.9298611111111111 0.034375 0.058333333333333334
1 0.094921875 0.9069444444444444 0.02265625 0.041666666666666664
1 0.605078125 0.6319444444444444 0.00625 0.02361111111111111
1 0.663671875 0.2534722222222222 0.01015625 0.02361111111111111
1 0.33671875 0.5958333333333333 0.0828125 0.15694444444444444