1 0.9859375 0.08229166666666667 0.0203125 0.020833333333333332
1 0.2515625 0.7270833333333333 0.10625 0.11041666666666666
1 0.2828125 0.7833333333333333 0.0484375 0.06666666666666667
1 0.30546875 0.7302083333333333 0.0171875 0.025
1 0.3671875 0.75 0.021875 0.025
1 0.41484375 0.7729166666666667 0.0359375 0.04375
1 0.43828125 0.796875 0.0265625 0.0375
1 0.44140625 0.8822916666666667 0.0375 0.03958333333333333
1 0.3203125 0.984375 0.0328125 0.029166666666666667
1 0.21171875 0.94375 0.034375 0.03125
1 0.0046875 0.8416666666666667 0.009375 0.04791666666666667
1 0.046875 0.709375 0.09375 0.09166666666666666
1 0.00390625 0.7760416666666666 0.0078125 0.027083333333333334
1 0.2546875 0.5083333333333333 0.046875 0.05416666666666667
1 0.1890625 0.540625 0.015625 0.025
1 0.09921875 0.4666666666666667 0.0109375 0.016666666666666666
1 0.02109375 0.3260416666666667 0.03125 0.03125
1 0.05703125 0.34375 0.028125 0.03958333333333333
1 0.28359375 0.4 0.0328125 0.041666666666666664
1 0.3203125 0.39791666666666664 0.040625 0.05
1 0.48125 0.5145833333333333 0.0921875 0.1125
1 0.60703125 0.5177083333333333 0.0828125 0.08125
1 0.6765625 0.56875 0.0484375 0.05416666666666667
1 0.5078125 0.778125 0.0234375 0.03958333333333333
1 0.55390625 0.7520833333333333 0.040625 0.03333333333333333
1 0.51484375 0.8447916666666667 0.015625 0.025
1 0.56015625 0.8447916666666667 0.021875 0.041666666666666664
1 0.378125 0.9072916666666667 0.01875 0.022916666666666665
1 0.5546875 0.9385416666666667 0.0125 0.016666666666666666
1 0.61171875 0.9677083333333333 0.0453125 0.06458333333333334
1 0.63515625 0.9072916666666667 0.0453125 0.05
1 0.703125 0.9208333333333333 0.0328125 0.052083333333333336
1 0.75703125 0.7604166666666666 0.0328125 0.05
1 0.8515625 0.71875 0.040625 0.04583333333333333
1 0.9453125 0.7197916666666667 0.0515625 0.05625
1 0.99375 0.7083333333333334 0.0125 0.025
1 0.984375 0.6510416666666666 0.03125 0.05
1 0.83515625 0.5197916666666667 0.04375 0.04375
1 0.82734375 0.4625 0.03125 0.020833333333333332
1 0.9609375 0.5333333333333333 0.0484375 0.041666666666666664
1 0.96484375 0.475 0.0265625 0.03333333333333333
1 0.87890625 0.3385416666666667 0.040625 0.0375
1 0.63125 0.35625 0.0921875 0.09791666666666667
1 0.71875 0.309375 0.040625 0.07083333333333333
1 0.7484375 0.2552083333333333 0.0359375 0.04791666666666667
1 0.7078125 0.20833333333333334 0.0234375 0.05
1 0.690625 0.096875 0.0546875 0.07291666666666667
1 0.65546875 0.023958333333333335 0.0515625 0.04791666666666667
1 0.48828125 0.11458333333333333 0.05 0.05
1 0.25234375 0.14270833333333333 0.0359375 0.03958333333333333
1 0.30703125 0.12291666666666666 0.021875 0.04583333333333333
1 0.30546875 0.01875 0.0328125 0.0375
1 0.3359375 0.08958333333333333 0.0359375 0.06875
1 0.2296875 0.284375 0.040625 0.05
1 0.39375 0.20104166666666667 0.028125 0.035416666666666666
1 0.44296875 0.2833333333333333 0.0265625 0.01875
1 0.8640625 0.190625 0.0515625 0.05625
1 0.91640625 0.12916666666666668 0.0453125 0.05416666666666667
1 0.965625 0.153125 0.0578125 0.0625
1 0.93828125 0.08229166666666667 0.0109375 0.0125
1 0.809375 0.016666666666666666 0.034375 0.03333333333333333
1 0.99140625 0.39166666666666666 0.0109375 0.0125
1 0.865625 0.39479166666666665 0.0265625 0.01875
1 0.12734375 0.05520833333333333 0.0453125 0.041666666666666664
1 0.3640625 0.13541666666666666 0.025 0.0375
0 0.775 0.16666666666666666 0.2015625 0.3333333333333333
0 0.8546875 0.37916666666666665 0.290625 0.33541666666666664
0 0.7484375 0.6510416666666666 0.503125 0.37083333333333335
1 0.6921875 0.76875 0.0109375 0.01875
0 0.803125 0.8833333333333333 0.3515625 0.23333333333333334