1 0.458984375 0.0125 0.015625 0.025
1 0.791015625 0.8423611111111111 0.02265625 0.04027777777777778
1 0.566796875 0.42083333333333334 0.025 0.06388888888888888
1 0.859765625 0.11388888888888889 0.02265625 0.029166666666666667
1 0.202734375 0.13194444444444445 0.0359375 0.05555555555555555
1 0.703515625 0.46805555555555556 0.02421875 0.04722222222222222
1 0.078515625 0.2125 0.02890625 0.05555555555555555
1 0.232421875 0.7708333333333334 0.02265625 0.043055555555555555
1 0.7078125 0.7236111111111111 0.0296875 0.05416666666666667
1 0.403515625 0.9583333333333334 0.015625 0.029166666666666667
1 0.24140625 0.9666666666666667 0.025 0.04722222222222222
1 0.982421875 0.4979166666666667 0.028125 0.07222222222222222
1 0.759765625 0.1451388888888889 0.02265625 0.04861111111111111
1 0.93984375 0.07916666666666666 0.0296875 0.041666666666666664
1 0.829296875 0.21180555555555555 0.028125 0.04861111111111111
1 0.2703125 0.3277777777777778 0.015625 0.03194444444444444
1 0.5609375 0.23194444444444445 0.034375 0.05416666666666667
1 0.698046875 0.9041666666666667 0.01328125 0.03333333333333333
1 0.442578125 0.3055555555555556 0.01640625 0.03333333333333333
0 0.619140625 0.40694444444444444 0.0484375 0.5402777777777777
1 0.894921875 0.8527777777777777 0.01875 0.0375
1 0.678125 0.5923611111111111 0.0125 0.029166666666666667
1 0.682421875 0.02361111111111111 0.02734375 0.04583333333333333
1 0.75625 0.8027777777777778 0.02734375 0.05277777777777778
1 0.696875 0.6229166666666667 0.028125 0.03611111111111111
1 0.9625 0.33819444444444446 0.02265625 0.041666666666666664
1 0.705859375 0.23125 0.02578125 0.05555555555555555
1 0.92109375 0.17777777777777778 0.01875 0.04583333333333333
1 0.89296875 0.6958333333333333 0.01796875 0.04027777777777778
1 0.202734375 0.9215277777777777 0.01875 0.03333333333333333
0 0.06640625 0.20208333333333334 0.1328125 0.4041666666666667
1 0.9078125 0.48333333333333334 0.04140625 0.08888888888888889
1 0.584375 0.2833333333333333 0.02890625 0.05694444444444444
1 0.809765625 0.3506944444444444 0.02265625 0.0375
0 0.645703125 0.8104166666666667 0.17109375 0.33611111111111114
0 0.21953125 0.11458333333333333 0.1015625 0.22916666666666666
1 0.584375 0.6590277777777778 0.040625 0.044444444444444446
0 0.56171875 0.06180555555555556 0.1640625 0.12361111111111112
1 0.271484375 0.9180555555555555 0.0203125 0.034722222222222224
1 0.235546875 0.6409722222222223 0.0265625 0.04583333333333333
1 0.651171875 0.09027777777777778 0.0390625 0.12916666666666668
0 0.66796875 0.9041666666666667 0.13203125 0.19166666666666668
0 0.12578125 0.7618055555555555 0.215625 0.3472222222222222
0 0.1515625 0.5256944444444445 0.2265625 0.32222222222222224
1 0.20234375 0.8597222222222223 0.01640625 0.04027777777777778
1 0.80234375 0.9159722222222222 0.0328125 0.08888888888888889
0 0.190234375 0.9701388888888889 0.10703125 0.058333333333333334
1 0.90234375 0.9361111111111111 0.0203125 0.04027777777777778
1 0.5203125 0.15 0.01953125 0.044444444444444446
0 0.0890625 0.9083333333333333 0.178125 0.18055555555555555
0 0.660546875 0.21875 0.1953125 0.1875
1 0.937890625 0.6319444444444444 0.02265625 0.041666666666666664
1 0.582421875 0.6083333333333333 0.01875 0.03194444444444444
1 0.59765625 0.9777777777777777 0.01953125 0.03611111111111111
1 0.13046875 0.3638888888888889 0.01796875 0.030555555555555555
1 0.398046875 0.7576388888888889 0.0125 0.030555555555555555
1 0.82265625 0.013194444444444444 0.01953125 0.025
1 0.89375 0.3527777777777778 0.0203125 0.03611111111111111
1 0.425390625 0.8534722222222222 0.01796875 0.034722222222222224
1 0.344140625 0.5319444444444444 0.0171875 0.05
1 0.98046875 0.8673611111111111 0.02109375 0.034722222222222224
1 0.991796875 0.37430555555555556 0.01015625 0.034722222222222224
1 0.45546875 0.9909722222222223 0.01796875 0.016666666666666666
1 0.955859375 0.9340277777777778 0.0140625 0.02638888888888889
1 0.09609375 0.5763888888888888 0.01484375 0.0375
1 0.284765625 0.1326388888888889 0.0140625 0.02638888888888889
1 0.957421875 0.7729166666666667 0.01484375 0.02361111111111111
1 0.04765625 0.42291666666666666 0.0171875 0.025
1 0.248828125 0.28194444444444444 0.0125 0.030555555555555555
1 0.12421875 0.5173611111111112 0.0125 0.013888888888888888
1 0.99609375 0.29583333333333334 0.0078125 0.02361111111111111
1 0.99609375 0.07777777777777778 0.0078125 0.027777777777777776