0 0.1375 0.9576388888888889 0.0546875 0.08472222222222223
1 0.317578125 0.5236111111111111 0.021875 0.04027777777777778
0 0.15859375 0.07916666666666666 0.0984375 0.15833333333333333
0 0.09140625 0.1798611111111111 0.1828125 0.3597222222222222
0 0.119140625 0.44583333333333336 0.125 0.38055555555555554
0 0.112890625 0.6840277777777778 0.16328125 0.19583333333333333
0 0.13046875 0.8375 0.2609375 0.15694444444444444
1 0.335546875 0.5041666666666667 0.01171875 0.02638888888888889
1 0.70859375 0.025694444444444443 0.01875 0.04583333333333333
1 0.725390625 0.08263888888888889 0.03125 0.05138888888888889
1 0.74140625 0.10416666666666667 0.015625 0.030555555555555555
1 0.759375 0.07361111111111111 0.0171875 0.03611111111111111
1 0.780078125 0.15138888888888888 0.01015625 0.019444444444444445
1 0.69453125 0.20208333333333334 0.01796875 0.05277777777777778
1 0.8328125 0.2111111111111111 0.0140625 0.02638888888888889
1 0.86796875 0.06319444444444444 0.0265625 0.05694444444444444
1 0.881640625 0.017361111111111112 0.02734375 0.034722222222222224
1 0.916015625 0.030555555555555555 0.025 0.05138888888888889
1 0.97890625 0.35694444444444445 0.01796875 0.025
1 0.8484375 0.5027777777777778 0.0171875 0.02638888888888889
1 0.721484375 0.5458333333333333 0.0296875 0.05277777777777778
1 0.53359375 0.6680555555555555 0.009375 0.019444444444444445
1 0.7453125 0.9715277777777778 0.01953125 0.03333333333333333
1 0.736328125 0.9916666666666667 0.0171875 0.016666666666666666
1 0.844140625 0.8506944444444444 0.01875 0.04722222222222222
1 0.741015625 0.7041666666666667 0.01953125 0.029166666666666667
1 0.762109375 0.6270833333333333 0.01796875 0.03888888888888889
1 0.85 0.7243055555555555 0.01796875 0.03333333333333333
1 0.869921875 0.6993055555555555 0.00859375 0.011111111111111112
1 0.96953125 0.7743055555555556 0.0234375 0.041666666666666664
1 0.965234375 0.9847222222222223 0.0125 0.022222222222222223
1 0.8140625 0.11944444444444445 0.01171875 0.0125
1 0.817578125 0.1597222222222222 0.0078125 0.015277777777777777
1 0.564453125 0.7520833333333333 0.03984375 0.05277777777777778
1 0.609765625 0.8319444444444445 0.02734375 0.059722222222222225
1 0.506640625 0.80625 0.025 0.05277777777777778
1 0.48671875 0.9069444444444444 0.01328125 0.02361111111111111
1 0.490625 0.9368055555555556 0.015625 0.030555555555555555
1 0.42421875 0.9805555555555555 0.01953125 0.03333333333333333
1 0.449609375 0.9944444444444445 0.01328125 0.011111111111111112
1 0.365625 0.95625 0.02578125 0.043055555555555555
1 0.31328125 0.9354166666666667 0.01953125 0.0375
1 0.2796875 0.9326388888888889 0.03359375 0.058333333333333334
1 0.24296875 0.9888888888888889 0.01484375 0.022222222222222223
1 0.0421875 0.95625 0.015625 0.029166666666666667
1 0.137890625 0.7395833333333334 0.0203125 0.03888888888888889
1 0.231640625 0.7305555555555555 0.021875 0.05138888888888889
1 0.3484375 0.8006944444444445 0.03359375 0.08888888888888889
1 0.303125 0.8847222222222222 0.02109375 0.03888888888888889
1 0.328125 0.7479166666666667 0.00703125 0.019444444444444445
1 0.3859375 0.6659722222222222 0.0140625 0.03194444444444444
1 0.255078125 0.6097222222222223 0.0125 0.015277777777777777
1 0.212109375 0.5583333333333333 0.034375 0.059722222222222225
1 0.227734375 0.4826388888888889 0.028125 0.03888888888888889
1 0.108203125 0.4534722222222222 0.02265625 0.03611111111111111
1 0.165234375 0.28194444444444444 0.02265625 0.041666666666666664
1 0.18671875 0.32916666666666666 0.02265625 0.043055555555555555
1 0.230859375 0.25833333333333336 0.02421875 0.04722222222222222
1 0.03125 0.11597222222222223 0.02265625 0.030555555555555555
1 0.31953125 0.11319444444444444 0.0078125 0.015277777777777777
0 0.62734375 0.1375 0.0625 0.275
0 0.682421875 0.22152777777777777 0.31171875 0.25833333333333336
1 0.6953125 0.44027777777777777 0.0140625 0.022222222222222223
0 0.644140625 0.4222222222222222 0.1828125 0.23472222222222222
1 0.288671875 0.2881944444444444 0.046875 0.11527777777777778
1 0.508203125 0.7388888888888889 0.02578125 0.034722222222222224
1 0.176171875 0.9958333333333333 0.01015625 0.008333333333333333
1 0.15390625 0.9888888888888889 0.01875 0.022222222222222223
1 0.305078125 0.009027777777777777 0.01796875 0.018055555555555554
0 0.659765625 0.6784722222222223 0.11640625 0.5361111111111111
0 0.69140625 0.8208333333333333 0.11328125 0.35833333333333334
1 0.63515625 0.9791666666666666 0.02109375 0.041666666666666664
1 0.577734375 0.0625 0.05234375 0.09166666666666666
1 0.6046875 0.01875 0.00859375 0.013888888888888888
1 0.54453125 0.12361111111111112 0.0578125 0.0875
1 0.53359375 0.19930555555555557 0.0265625 0.07916666666666666
1 0.5125 0.1673611111111111 0.01484375 0.044444444444444446
1 0.458984375 0.15625 0.04140625 0.05416666666666667
1 0.44453125 0.08888888888888889 0.01796875 0.041666666666666664
1 0.53125 0.27708333333333335 0.02109375 0.04027777777777778
1 0.557421875 0.2916666666666667 0.025 0.06805555555555555
1 0.521484375 0.35555555555555557 0.0296875 0.06527777777777778
1 0.5375 0.42777777777777776 0.028125 0.07361111111111111
1 0.45625 0.3958333333333333 0.01875 0.030555555555555555
1 0.460546875 0.46805555555555556 0.0140625 0.029166666666666667
1 0.49296875 0.5597222222222222 0.0203125 0.03888888888888889
1 0.51875 0.575 0.015625 0.020833333333333332
1 0.537890625 0.5888888888888889 0.0125 0.04027777777777778
1 0.515625 0.7020833333333333 0.021875 0.03888888888888889