1 0.762109375 0.3861111111111111 0.01484375 0.019444444444444445
1 0.801953125 0.5583333333333333 0.0125 0.02361111111111111
1 0.7421875 0.6465277777777778 0.0203125 0.034722222222222224
1 0.629296875 0.7513888888888889 0.021875 0.034722222222222224
1 0.808203125 0.9895833333333334 0.01484375 0.020833333333333332
1 0.877734375 0.9715277777777778 0.01640625 0.030555555555555555
1 0.987890625 0.9506944444444444 0.01171875 0.018055555555555554
1 0.962890625 0.8972222222222223 0.05234375 0.10277777777777777
1 0.734375 0.8180555555555555 0.0203125 0.041666666666666664
1 0.9671875 0.6861111111111111 0.01171875 0.02361111111111111
1 0.882421875 0.6277777777777778 0.02265625 0.034722222222222224
1 0.868359375 0.6659722222222222 0.01171875 0.025
1 0.821484375 0.5166666666666667 0.0109375 0.022222222222222223
1 0.855859375 0.3854166666666667 0.0171875 0.027777777777777776
1 0.9125 0.41180555555555554 0.02890625 0.04583333333333333
1 0.913671875 0.21319444444444444 0.03046875 0.05138888888888889
1 0.733984375 0.09513888888888888 0.01875 0.03611111111111111
1 0.69375 0.05694444444444444 0.03203125 0.05416666666666667
1 0.565234375 0.027777777777777776 0.03515625 0.05555555555555555
1 0.193359375 0.34305555555555556 0.0265625 0.04027777777777778
1 0.341015625 0.7201388888888889 0.01640625 0.03194444444444444
1 0.245703125 0.6902777777777778 0.015625 0.027777777777777776
1 0.137109375 0.5777777777777777 0.03359375 0.04583333333333333
1 0.08828125 0.70625 0.03125 0.03611111111111111
1 0.29921875 0.9041666666666667 0.0109375 0.019444444444444445
1 0.53046875 0.8659722222222223 0.05859375 0.07777777777777778
1 0.5140625 0.7256944444444444 0.0234375 0.04027777777777778
1 0.46171875 0.6819444444444445 0.03359375 0.04722222222222222
1 0.46015625 0.8305555555555556 0.02578125 0.04027777777777778
1 0.509765625 0.9618055555555556 0.01875 0.029166666666666667
1 0.467578125 0.9375 0.0296875 0.059722222222222225
1 0.25625 0.9875 0.01640625 0.025
1 0.220703125 0.9736111111111111 0.02265625 0.030555555555555555
1 0.5640625 0.38472222222222224 0.03359375 0.059722222222222225
1 0.51484375 0.2861111111111111 0.02109375 0.03333333333333333
1 0.26796875 0.8284722222222223 0.0234375 0.044444444444444446
1 0.44140625 0.3277777777777778 0.03671875 0.06527777777777778
1 0.32109375 0.2708333333333333 0.02265625 0.04861111111111111
1 0.2453125 0.7875 0.03125 0.043055555555555555
1 0.334765625 0.6104166666666667 0.0203125 0.0375
1 0.56640625 0.13472222222222222 0.0359375 0.06111111111111111
1 0.86015625 0.45555555555555555 0.01171875 0.025
1 0.887109375 0.17430555555555555 0.02421875 0.034722222222222224
1 0.726171875 0.23194444444444445 0.01484375 0.030555555555555555
1 0.6125 0.20902777777777778 0.01484375 0.020833333333333332
1 0.470703125 0.4395833333333333 0.02734375 0.03888888888888889
1 0.412890625 0.5291666666666667 0.0125 0.02361111111111111
1 0.482421875 0.7513888888888889 0.015625 0.025
1 0.493359375 0.71875 0.01484375 0.025
1 0.43359375 0.8847222222222222 0.01328125 0.025
1 0.82890625 0.9090277777777778 0.01875 0.03194444444444444
1 0.141796875 0.9083333333333333 0.02109375 0.04027777777777778
0 0.084765625 0.16458333333333333 0.1578125 0.32916666666666666
0 0.098828125 0.4111111111111111 0.19765625 0.26666666666666666
0 0.122265625 0.6722222222222223 0.18359375 0.41805555555555557
0 0.16171875 0.8340277777777778 0.2390625 0.33194444444444443
0 0.640625 0.94375 0.19375 0.1125
0 0.71875 0.6875 0.33359375 0.175
0 0.65625 0.4777777777777778 0.125 0.46944444444444444
0 0.63046875 0.06388888888888888 0.078125 0.12777777777777777
0 0.732421875 0.34097222222222223 0.32265625 0.3541666666666667