1 0.736328125 0.4076388888888889 0.02421875 0.044444444444444446
1 0.23359375 0.9729166666666667 0.021875 0.041666666666666664
1 0.21015625 0.9597222222222223 0.01484375 0.03194444444444444
1 0.165234375 0.9701388888888889 0.021875 0.0375
1 0.1875 0.9555555555555556 0.02890625 0.07083333333333333
1 0.188671875 0.8145833333333333 0.02265625 0.03333333333333333
1 0.16484375 0.7604166666666666 0.03203125 0.043055555555555555
1 0.166796875 0.6729166666666667 0.0203125 0.03888888888888889
1 0.194921875 0.6173611111111111 0.0203125 0.03611111111111111
1 0.223828125 0.6097222222222223 0.021875 0.043055555555555555
1 0.250390625 0.6298611111111111 0.01640625 0.03194444444444444
1 0.212109375 0.5277777777777778 0.028125 0.059722222222222225
1 0.27109375 0.4951388888888889 0.05234375 0.09166666666666666
1 0.27109375 0.37430555555555556 0.040625 0.05277777777777778
1 0.223046875 0.44166666666666665 0.02578125 0.05555555555555555
1 0.216015625 0.38333333333333336 0.01953125 0.04027777777777778
1 0.187890625 0.42430555555555555 0.01328125 0.044444444444444446
1 0.267578125 0.2520833333333333 0.02890625 0.059722222222222225
1 0.242578125 0.21944444444444444 0.02265625 0.06388888888888888
1 0.233984375 0.10833333333333334 0.034375 0.06666666666666667
1 0.298046875 0.07361111111111111 0.0171875 0.04861111111111111
1 0.31640625 0.12430555555555556 0.0171875 0.029166666666666667
1 0.33984375 0.12916666666666668 0.0203125 0.03888888888888889
1 0.496484375 0.08263888888888889 0.02265625 0.03888888888888889
1 0.77265625 0.14722222222222223 0.0359375 0.05694444444444444
1 0.784765625 0.2548611111111111 0.02734375 0.05
1 0.862109375 0.12986111111111112 0.03046875 0.05138888888888889
1 0.816015625 0.0125 0.01875 0.025
1 0.9578125 0.12708333333333333 0.03046875 0.05
1 0.9 0.23541666666666666 0.021875 0.030555555555555555
1 0.876171875 0.20902777777777778 0.01640625 0.029166666666666667
1 0.877734375 0.3597222222222222 0.01171875 0.034722222222222224
1 0.937890625 0.4305555555555556 0.01796875 0.0375
1 0.844921875 0.46111111111111114 0.02265625 0.04027777777777778
1 0.88359375 0.46597222222222223 0.025 0.034722222222222224
1 0.8828125 0.51875 0.03359375 0.044444444444444446
1 0.871875 0.5555555555555556 0.01796875 0.029166666666666667
1 0.981640625 0.5770833333333333 0.02265625 0.03333333333333333
1 0.971875 0.49375 0.01875 0.03333333333333333
1 0.703125 0.48194444444444445 0.02421875 0.04027777777777778
1 0.771484375 0.5666666666666667 0.0234375 0.04027777777777778
1 0.840234375 0.6430555555555556 0.025 0.0625
1 0.89296875 0.6763888888888889 0.021875 0.0375
1 0.9 0.7270833333333333 0.03203125 0.05416666666666667
1 0.920703125 0.6993055555555555 0.01484375 0.027777777777777776
1 0.923828125 0.7368055555555556 0.02109375 0.034722222222222224
1 0.98125 0.7916666666666666 0.0375 0.17916666666666667
1 0.754296875 0.9305555555555556 0.021875 0.043055555555555555
1 0.59609375 0.6881944444444444 0.02265625 0.04861111111111111
1 0.57734375 0.6388888888888888 0.02578125 0.05555555555555555
1 0.534375 0.8951388888888889 0.02109375 0.0375
1 0.5703125 0.9694444444444444 0.025 0.034722222222222224
1 0.608203125 0.3680555555555556 0.02578125 0.043055555555555555
0 0.652734375 0.8583333333333333 0.10703125 0.2833333333333333
0 0.68828125 0.7930555555555555 0.2828125 0.41388888888888886
0 0.712890625 0.44722222222222224 0.21796875 0.3611111111111111
0 0.703125 0.1451388888888889 0.20703125 0.2902777777777778
0 0.67265625 0.08819444444444445 0.1359375 0.1763888888888889
0 0.13359375 0.8423611111111111 0.1671875 0.2875
0 0.138671875 0.5152777777777777 0.08359375 0.4486111111111111
0 0.077734375 0.22083333333333333 0.1546875 0.39305555555555555
0 0.13125 0.059027777777777776 0.0953125 0.11805555555555555
1 0.4703125 0.41597222222222224 0.02109375 0.029166666666666667
1 0.570703125 0.38472222222222224 0.015625 0.041666666666666664
1 0.36875 0.6493055555555556 0.0171875 0.02638888888888889
1 0.308984375 0.55 0.01640625 0.019444444444444445
1 0.215234375 0.20902777777777778 0.01796875 0.03611111111111111
1 0.903515625 0.95625 0.01640625 0.03333333333333333
1 0.88359375 0.9611111111111111 0.01953125 0.030555555555555555
1 0.928125 0.8868055555555555 0.01796875 0.029166666666666667
1 0.9390625 0.8479166666666667 0.01328125 0.02361111111111111
1 0.9640625 0.5298611111111111 0.0234375 0.02361111111111111
1 0.512109375 0.9756944444444444 0.02421875 0.03333333333333333
1 0.58984375 0.7881944444444444 0.01875 0.041666666666666664