1 0.94453125 0.13402777777777777 0.015625 0.019444444444444445
1 0.787109375 0.7069444444444445 0.01875 0.03194444444444444
1 0.723828125 0.7 0.02578125 0.05277777777777778
1 0.72890625 0.4652777777777778 0.0203125 0.03611111111111111
1 0.809375 0.5069444444444444 0.02890625 0.08055555555555556
1 0.516796875 0.48680555555555555 0.02421875 0.03888888888888889
1 0.54453125 0.38125 0.02890625 0.05138888888888889
1 0.44296875 0.6104166666666667 0.015625 0.03333333333333333
1 0.847265625 0.8597222222222223 0.0171875 0.027777777777777776
1 0.722265625 0.37777777777777777 0.02265625 0.04861111111111111
1 0.81328125 0.38472222222222224 0.02265625 0.03333333333333333
1 0.89375 0.8416666666666667 0.01171875 0.020833333333333332
1 0.095703125 0.96875 0.01328125 0.030555555555555555
1 0.56484375 0.8159722222222222 0.01796875 0.02361111111111111
1 0.55546875 0.2798611111111111 0.01875 0.030555555555555555
1 0.557421875 0.20625 0.025 0.03611111111111111
1 0.644921875 0.21875 0.03203125 0.05
1 0.6859375 0.10208333333333333 0.01796875 0.05138888888888889
1 0.994921875 0.36527777777777776 0.009375 0.019444444444444445
1 0.524609375 0.5472222222222223 0.01875 0.03611111111111111
1 0.6234375 0.5368055555555555 0.01875 0.025
1 0.5609375 0.6340277777777777 0.015625 0.018055555555555554
1 0.633984375 0.6965277777777777 0.0421875 0.03888888888888889
1 0.509375 0.7854166666666667 0.01875 0.025
1 0.625 0.8208333333333333 0.01796875 0.025
1 0.535546875 0.9243055555555556 0.03125 0.0375
1 0.232421875 0.575 0.02578125 0.04027777777777778
1 0.202734375 0.18680555555555556 0.0109375 0.027777777777777776
1 0.13125 0.05 0.015625 0.043055555555555555
1 0.212890625 0.3506944444444444 0.01484375 0.019444444444444445
1 0.06875 0.27569444444444446 0.01875 0.020833333333333332
1 0.140625 0.9840277777777777 0.025 0.025
1 0.9734375 0.9354166666666667 0.0140625 0.030555555555555555
1 0.9171875 0.8638888888888889 0.01328125 0.02361111111111111
1 0.902734375 0.7333333333333333 0.02578125 0.05
1 0.815234375 0.9701388888888889 0.02109375 0.05277777777777778
0 0.111328125 0.11180555555555556 0.12578125 0.22361111111111112
0 0.0875 0.2548611111111111 0.1515625 0.275
0 0.70234375 0.31527777777777777 0.2546875 0.14027777777777778
0 0.746875 0.7770833333333333 0.18984375 0.44583333333333336
0 0.752734375 0.9222222222222223 0.15390625 0.15694444444444444
0 0.097265625 0.6180555555555556 0.19375 0.3375
1 0.401171875 0.1388888888888889 0.0140625 0.027777777777777776
1 0.41640625 0.26805555555555555 0.02734375 0.05277777777777778
1 0.473046875 0.034027777777777775 0.028125 0.043055555555555555
1 0.5875 0.04513888888888889 0.02109375 0.05138888888888889
1 0.779296875 0.05625 0.040625 0.08333333333333333
1 0.7765625 0.21875 0.0296875 0.04583333333333333
1 0.829296875 0.2701388888888889 0.025 0.075
1 0.891796875 0.21875 0.02578125 0.03888888888888889
1 0.98046875 0.11527777777777778 0.02421875 0.025