1 0.947265625 0.9319444444444445 0.01953125 0.029166666666666667
1 0.891796875 0.6868055555555556 0.0140625 0.030555555555555555
1 0.993359375 0.07291666666666667 0.01328125 0.034722222222222224
1 0.224609375 0.3861111111111111 0.0140625 0.025
1 0.18046875 0.011111111111111112 0.01875 0.022222222222222223
1 0.6984375 0.3625 0.01015625 0.02361111111111111
1 0.626171875 0.22569444444444445 0.01484375 0.027777777777777776
1 0.81171875 0.1486111111111111 0.01640625 0.03194444444444444
1 0.1984375 0.7659722222222223 0.01171875 0.025
1 0.25703125 0.37222222222222223 0.0140625 0.027777777777777776
1 0.131640625 0.01875 0.0328125 0.030555555555555555
1 0.69375 0.4305555555555556 0.01796875 0.02638888888888889
1 0.469921875 0.8659722222222223 0.01640625 0.0375
1 0.26796875 0.7888888888888889 0.021875 0.029166666666666667
1 0.944140625 0.10833333333333334 0.015625 0.029166666666666667
1 0.143359375 0.39791666666666664 0.01875 0.02638888888888889
1 0.675390625 0.05694444444444444 0.01796875 0.03611111111111111
1 0.22109375 0.2076388888888889 0.0265625 0.044444444444444446
1 0.876171875 0.013194444444444444 0.0234375 0.025
1 0.963671875 0.5236111111111111 0.01875 0.03194444444444444
1 0.96015625 0.9868055555555556 0.01953125 0.022222222222222223
1 0.786328125 0.6777777777777778 0.03046875 0.03611111111111111
1 0.874609375 0.30694444444444446 0.01875 0.04583333333333333
1 0.24921875 0.4222222222222222 0.0234375 0.04583333333333333
1 0.643359375 0.7909722222222222 0.02109375 0.03611111111111111
1 0.619140625 0.6131944444444445 0.02265625 0.034722222222222224
1 0.990234375 0.7388888888888889 0.01953125 0.030555555555555555
0 0.112890625 0.11527777777777778 0.22578125 0.22361111111111112
0 0.12109375 0.7784722222222222 0.2421875 0.4013888888888889
1 0.589453125 0.19305555555555556 0.0609375 0.09166666666666666
0 0.155859375 0.2847222222222222 0.25703125 0.26944444444444443
1 0.767578125 0.9729166666666667 0.0515625 0.05138888888888889
1 0.1296875 0.5604166666666667 0.02578125 0.05138888888888889
1 0.70234375 0.5854166666666667 0.02734375 0.06388888888888888
1 0.87265625 0.8145833333333333 0.03203125 0.04027777777777778
1 0.7953125 0.07291666666666667 0.02421875 0.043055555555555555
1 0.740234375 0.2298611111111111 0.01875 0.04027777777777778
1 0.805078125 0.3472222222222222 0.034375 0.07777777777777778
1 0.634375 0.025 0.02890625 0.05
1 0.2265625 0.8958333333333334 0.01953125 0.05277777777777778
0 0.1484375 0.5909722222222222 0.28046875 0.17916666666666667
1 0.764453125 0.48333333333333334 0.02109375 0.030555555555555555
0 0.714453125 0.059722222222222225 0.025 0.11666666666666667
0 0.164453125 0.8923611111111112 0.109375 0.20694444444444443
1 0.714453125 0.12986111111111112 0.01875 0.04722222222222222
1 0.61640625 0.32013888888888886 0.02734375 0.04722222222222222
1 0.62109375 0.7 0.03046875 0.05694444444444444
1 0.6875 0.18055555555555555 0.03359375 0.08611111111111111
1 0.741015625 0.7576388888888889 0.01640625 0.030555555555555555
1 0.959375 0.3576388888888889 0.0203125 0.03194444444444444
1 0.91484375 0.8576388888888888 0.01953125 0.0375
1 0.846484375 0.12291666666666666 0.06484375 0.08333333333333333
1 0.259375 0.6868055555555556 0.0234375 0.03611111111111111
1 0.782421875 0.7534722222222222 0.0203125 0.03611111111111111
1 0.702734375 0.9777777777777777 0.0234375 0.041666666666666664
1 0.95 0.24305555555555555 0.03671875 0.059722222222222225
1 0.965625 0.4354166666666667 0.0171875 0.0375
1 0.816796875 0.9729166666666667 0.0171875 0.025
1 0.38828125 0.9854166666666667 0.02890625 0.02638888888888889
1 0.9890625 0.39861111111111114 0.01640625 0.059722222222222225
1 0.6359375 0.9097222222222222 0.0265625 0.0375
0 0.675390625 0.2777777777777778 0.0828125 0.49583333333333335
1 0.625390625 0.12986111111111112 0.02109375 0.04861111111111111
1 0.26015625 0.9548611111111112 0.0171875 0.034722222222222224
1 0.942578125 0.86875 0.021875 0.03888888888888889
1 0.86640625 0.3576388888888889 0.0203125 0.027777777777777776
1 0.577734375 0.9111111111111111 0.01953125 0.04027777777777778
0 0.723828125 0.75 0.1671875 0.3458333333333333
1 0.226953125 0.6465277777777778 0.028125 0.027777777777777776
1 0.74609375 0.6006944444444444 0.021875 0.03611111111111111
1 0.99140625 0.5680555555555555 0.01171875 0.04027777777777778
1 0.17109375 0.6381944444444444 0.0171875 0.025
1 0.769921875 0.91875 0.021875 0.025
0 0.1484375 0.02013888888888889 0.0609375 0.04027777777777778
0 0.1640625 0.8652777777777778 0.15234375 0.18472222222222223
0 0.665234375 0.9736111111111111 0.025 0.05277777777777778