1 0.991796875 0.6527777777777778 0.01640625 0.05
1 0.975390625 0.4840277777777778 0.01875 0.044444444444444446
1 0.99140625 0.5305555555555556 0.0171875 0.03333333333333333
1 0.99296875 0.5909722222222222 0.0140625 0.04027777777777778
1 0.7203125 0.5097222222222222 0.01015625 0.02361111111111111
1 0.723046875 0.5548611111111111 0.015625 0.030555555555555555
1 0.728515625 0.7125 0.01328125 0.030555555555555555
1 0.65 0.7291666666666666 0.015625 0.02638888888888889
1 0.7265625 0.7611111111111111 0.0234375 0.019444444444444445
1 0.728125 0.8027777777777778 0.03359375 0.041666666666666664
1 0.763671875 0.8229166666666666 0.015625 0.03611111111111111
1 0.81171875 0.8736111111111111 0.03515625 0.07222222222222222
1 0.7 0.8263888888888888 0.01875 0.02361111111111111
1 0.725 0.8472222222222222 0.0203125 0.044444444444444446
1 0.671484375 0.8923611111111112 0.0140625 0.027777777777777776
1 0.56953125 0.8138888888888889 0.0171875 0.022222222222222223
1 0.87265625 0.76875 0.0125 0.034722222222222224
1 0.916796875 0.8027777777777778 0.0203125 0.03611111111111111
1 0.996484375 0.8590277777777777 0.00703125 0.041666666666666664
1 0.919140625 0.9416666666666667 0.0109375 0.02361111111111111
1 0.6484375 0.9722222222222222 0.021875 0.043055555555555555
1 0.492578125 0.9222222222222223 0.02578125 0.03611111111111111
1 0.32890625 0.8340277777777778 0.0234375 0.041666666666666664
1 0.45703125 0.5777777777777777 0.01171875 0.022222222222222223
1 0.273046875 0.6902777777777778 0.025 0.05
1 0.283984375 0.7354166666666667 0.01171875 0.022222222222222223
1 0.11015625 0.06944444444444445 0.0171875 0.025
1 0.515625 0.00625 0.0125 0.0125
1 0.857421875 0.21388888888888888 0.0140625 0.027777777777777776
1 0.994921875 0.021527777777777778 0.009375 0.022222222222222223
1 0.139453125 0.6236111111111111 0.0125 0.009722222222222222
1 0.1671875 0.6833333333333333 0.0203125 0.03194444444444444
1 0.46484375 0.5305555555555556 0.0078125 0.016666666666666666
1 0.817578125 0.01875 0.01640625 0.030555555555555555
1 0.780859375 0.55625 0.01015625 0.018055555555555554
0 0.064453125 0.2263888888888889 0.12890625 0.3347222222222222
0 0.092578125 0.020833333333333332 0.046875 0.041666666666666664
0 0.028125 0.05694444444444444 0.03125 0.11388888888888889
1 0.85703125 0.4513888888888889 0.0125 0.02361111111111111
1 0.952734375 0.3854166666666667 0.0140625 0.025
1 0.97109375 0.35625 0.0140625 0.05416666666666667
1 0.926953125 0.2361111111111111 0.021875 0.03888888888888889
1 0.943359375 0.043055555555555555 0.0234375 0.05694444444444444
1 0.827734375 0.08263888888888889 0.01796875 0.041666666666666664
1 0.76640625 0.05555555555555555 0.0109375 0.025
1 0.910546875 0.5722222222222222 0.0578125 0.1361111111111111
1 0.785546875 0.18472222222222223 0.0171875 0.030555555555555555
1 0.76015625 0.4097222222222222 0.01484375 0.016666666666666666
1 0.77421875 0.3527777777777778 0.05546875 0.09444444444444444
1 0.739453125 0.3111111111111111 0.0109375 0.029166666666666667
1 0.66484375 0.2722222222222222 0.0453125 0.07361111111111111
1 0.74296875 0.24444444444444444 0.02578125 0.059722222222222225
1 0.739453125 0.1951388888888889 0.01484375 0.027777777777777776
1 0.56171875 0.49722222222222223 0.01328125 0.02361111111111111
1 0.516796875 0.41458333333333336 0.03828125 0.05416666666666667
1 0.49375 0.3736111111111111 0.015625 0.03611111111111111
1 0.511328125 0.23819444444444443 0.01484375 0.027777777777777776
1 0.6390625 0.12916666666666668 0.021875 0.03888888888888889
1 0.53359375 0.07222222222222222 0.01640625 0.022222222222222223
1 0.54765625 0.0375 0.02265625 0.030555555555555555
1 0.491015625 0.013194444444444444 0.015625 0.025
1 0.199609375 0.3138888888888889 0.03046875 0.05416666666666667
1 0.1234375 0.4076388888888889 0.0171875 0.041666666666666664
1 0.117578125 0.3 0.02109375 0.025
1 0.16484375 0.325 0.02890625 0.05138888888888889
1 0.183984375 0.2763888888888889 0.015625 0.025
1 0.21015625 0.2263888888888889 0.03125 0.041666666666666664
1 0.134375 0.18888888888888888 0.02578125 0.04722222222222222
0 0.571484375 0.0625 0.04609375 0.125
0 0.580859375 0.2951388888888889 0.1703125 0.40694444444444444
0 0.656640625 0.48055555555555557 0.33203125 0.2125
0 0.583203125 0.6666666666666666 0.18671875 0.31527777777777777
0 0.59765625 0.9215277777777777 0.271875 0.1527777777777778
0 0.065234375 0.8694444444444445 0.13046875 0.2611111111111111
0 0.064453125 0.4701388888888889 0.121875 0.3402777777777778
1 0.950390625 0.6194444444444445 0.03203125 0.041666666666666664
1 0.9359375 0.6402777777777777 0.01796875 0.027777777777777776