0 0.71875 0.9270833333333334 0.203125 0.14583333333333334
1 0.35625 0.6430555555555556 0.01171875 0.019444444444444445
1 0.07734375 0.9513888888888888 0.01953125 0.03194444444444444
1 0.51015625 0.00625 0.01015625 0.0125
1 0.700390625 0.43819444444444444 0.0078125 0.015277777777777777
0 0.688671875 0.7993055555555556 0.09921875 0.36527777777777776
0 0.693359375 0.6534722222222222 0.1953125 0.6458333333333334
0 0.703125 0.2708333333333333 0.27734375 0.2833333333333333
0 0.642578125 0.12777777777777777 0.1640625 0.25555555555555554
0 0.08984375 0.08541666666666667 0.0359375 0.17083333333333334
0 0.139453125 0.1798611111111111 0.09765625 0.3597222222222222
0 0.1171875 0.42291666666666666 0.234375 0.19583333333333333
0 0.110546875 0.5354166666666667 0.184375 0.22777777777777777
1 0.196875 0.47847222222222224 0.00859375 0.022222222222222223
0 0.171875 0.8263888888888888 0.1984375 0.22916666666666666
0 0.2015625 0.9618055555555556 0.0875 0.0763888888888889
1 0.207421875 0.8993055555555556 0.02265625 0.04861111111111111
1 0.2171875 0.9916666666666667 0.01796875 0.016666666666666666
1 0.206640625 0.9666666666666667 0.02265625 0.022222222222222223
1 0.169921875 0.95625 0.0140625 0.029166666666666667
1 0.193359375 0.9347222222222222 0.01171875 0.018055555555555554
1 0.292578125 0.9881944444444445 0.01328125 0.02361111111111111
1 0.255859375 0.9944444444444445 0.00859375 0.011111111111111112
1 0.38046875 0.9854166666666667 0.0125 0.019444444444444445
1 0.251171875 0.8430555555555556 0.04140625 0.059722222222222225
1 0.248828125 0.8965277777777778 0.0203125 0.04583333333333333
1 0.283984375 0.7319444444444444 0.02109375 0.08194444444444444
1 0.234375 0.7465277777777778 0.02109375 0.043055555555555555
1 0.162109375 0.7256944444444444 0.0234375 0.03888888888888889
1 0.12578125 0.7611111111111111 0.02421875 0.030555555555555555
1 0.141796875 0.7333333333333333 0.01640625 0.020833333333333332
1 0.17734375 0.6138888888888889 0.0328125 0.07361111111111111
1 0.22421875 0.5326388888888889 0.02421875 0.05138888888888889
1 0.28046875 0.5069444444444444 0.05 0.08333333333333333
1 0.315625 0.55625 0.01640625 0.027777777777777776
1 0.15078125 0.5138888888888888 0.0171875 0.03611111111111111
1 0.154296875 0.4666666666666667 0.015625 0.04583333333333333
1 0.154296875 0.4097222222222222 0.009375 0.016666666666666666
1 0.196875 0.3375 0.02890625 0.0375
1 0.23046875 0.31180555555555556 0.02421875 0.04027777777777778
1 0.241015625 0.21388888888888888 0.0140625 0.030555555555555555
1 0.17578125 0.22361111111111112 0.0265625 0.04722222222222222
1 0.14765625 0.11805555555555555 0.01015625 0.019444444444444445
1 0.228515625 0.025 0.02265625 0.03194444444444444
1 0.23984375 0.09305555555555556 0.04921875 0.10277777777777777
1 0.150390625 0.027777777777777776 0.028125 0.05555555555555555
1 0.185546875 0.1076388888888889 0.00546875 0.009722222222222222
1 0.052734375 0.11041666666666666 0.021875 0.03888888888888889
1 0.1109375 0.08402777777777778 0.0109375 0.019444444444444445
1 0.34296875 0.06805555555555555 0.0125 0.02638888888888889
1 0.387109375 0.029861111111111113 0.0265625 0.05138888888888889
1 0.34375 0.23819444444444443 0.01484375 0.05277777777777778
1 0.596484375 0.3159722222222222 0.03359375 0.059722222222222225
1 0.5890625 0.38263888888888886 0.021875 0.0375
1 0.63359375 0.41944444444444445 0.01015625 0.019444444444444445
1 0.686328125 0.29305555555555557 0.03203125 0.08888888888888889
1 0.65546875 0.28402777777777777 0.0203125 0.0375
1 0.61640625 0.25763888888888886 0.03046875 0.044444444444444446
1 0.6828125 0.1527777777777778 0.03515625 0.05277777777777778
1 0.716015625 0.24861111111111112 0.0203125 0.043055555555555555
1 0.7 0.05416666666666667 0.015625 0.02638888888888889
1 0.819140625 0.059722222222222225 0.025 0.03888888888888889
1 0.897265625 0.05 0.01015625 0.034722222222222224
1 0.990625 0.12916666666666668 0.01875 0.05138888888888889
1 0.974609375 0.23680555555555555 0.01171875 0.03194444444444444
1 0.9125 0.19166666666666668 0.040625 0.06527777777777778
1 0.89140625 0.2534722222222222 0.01015625 0.018055555555555554
1 0.94609375 0.2972222222222222 0.0453125 0.04722222222222222
1 0.90625 0.41944444444444445 0.05703125 0.1
1 0.81796875 0.47638888888888886 0.0109375 0.025
1 0.830078125 0.3701388888888889 0.01953125 0.03333333333333333
1 0.787890625 0.3229166666666667 0.01640625 0.029166666666666667
1 0.70703125 0.55 0.02578125 0.0375
1 0.73046875 0.5722222222222222 0.01171875 0.016666666666666666
1 0.77265625 0.6090277777777777 0.01875 0.02361111111111111
1 0.7578125 0.6902777777777778 0.01328125 0.03194444444444444
1 0.687109375 0.6451388888888889 0.0203125 0.02638888888888889
1 0.691015625 0.6881944444444444 0.00859375 0.02361111111111111
1 0.735546875 0.7743055555555556 0.03515625 0.05416666666666667
1 0.83828125 0.7548611111111111 0.015625 0.022222222222222223
1 0.839453125 0.6895833333333333 0.01796875 0.025
1 0.864453125 0.7444444444444445 0.01328125 0.02361111111111111
1 0.875390625 0.7652777777777777 0.01796875 0.027777777777777776
1 0.91640625 0.8 0.01953125 0.030555555555555555
1 0.945703125 0.7993055555555556 0.0140625 0.025
1 0.9625 0.9006944444444445 0.01171875 0.02361111111111111
1 0.851953125 0.9923611111111111 0.015625 0.015277777777777777
1 0.767578125 0.9229166666666667 0.04140625 0.08194444444444444
1 0.6890625 0.8625 0.02890625 0.04722222222222222
1 0.5921875 0.9548611111111112 0.0359375 0.09027777777777778
1 0.6171875 0.8104166666666667 0.015625 0.027777777777777776
1 0.553515625 0.6381944444444444 0.0359375 0.075
1 0.60546875 0.6291666666666667 0.028125 0.08055555555555556
1 0.626171875 0.5027777777777778 0.0125 0.018055555555555554
1 0.807421875 0.7708333333333334 0.01171875 0.020833333333333332
1 0.820703125 0.7041666666666667 0.0109375 0.016666666666666666
1 0.972265625 0.6673611111111111 0.021875 0.0375
1 0.947265625 0.5784722222222223 0.00703125 0.011111111111111112
1 0.960546875 0.6055555555555555 0.01328125 0.015277777777777777