1 0.9015625 0.40625 0.046875 0.04791666666666667
1 0.7484375 0.23854166666666668 0.05625 0.07708333333333334
1 0.690625 0.090625 0.0234375 0.029166666666666667
1 0.628125 0.051041666666666666 0.015625 0.022916666666666665
1 0.6546875 0.16145833333333334 0.0171875 0.020833333333333332
1 0.53125 0.10625 0.0375 0.022916666666666665
1 0.58203125 0.1125 0.0203125 0.03333333333333333
1 0.4953125 0.010416666666666666 0.03125 0.020833333333333332
1 0.7140625 0.013541666666666667 0.0328125 0.027083333333333334
1 0.32578125 0.07916666666666666 0.025 0.029166666666666667
1 0.35234375 0.18958333333333333 0.025 0.03125
1 0.3734375 0.15729166666666666 0.025 0.052083333333333336
1 0.38828125 0.4375 0.0265625 0.035416666666666666
1 0.315625 0.4822916666666667 0.0203125 0.03125
1 0.32578125 0.525 0.04375 0.05625
1 0.2078125 0.5510416666666667 0.01875 0.029166666666666667
1 0.26953125 0.5697916666666667 0.021875 0.03958333333333333
1 0.4890625 0.7010416666666667 0.0203125 0.022916666666666665
1 0.30546875 0.3177083333333333 0.0140625 0.020833333333333332
0 0.41953125 0.6177083333333333 0.2515625 0.16875
0 0.459375 0.8822916666666667 0.225 0.23541666666666666
0 0.50234375 0.053125 0.2359375 0.10625
0 0.471875 0.3260416666666667 0.0984375 0.18333333333333332
1 0.43828125 0.9708333333333333 0.0328125 0.05
1 0.4890625 0.9135416666666667 0.025 0.03333333333333333
1 0.353125 0.8875 0.034375 0.03958333333333333
1 0.275 0.809375 0.021875 0.020833333333333332
1 0.2484375 0.9416666666666667 0.0234375 0.041666666666666664
1 0.28125 0.6729166666666667 0.0328125 0.020833333333333332
1 0.49453125 0.7583333333333333 0.0234375 0.029166666666666667
1 0.62265625 0.8958333333333334 0.01875 0.03958333333333333
1 0.7671875 0.8989583333333333 0.025 0.03125
1 0.56796875 0.60625 0.0375 0.05
1 0.5890625 0.6572916666666667 0.0171875 0.027083333333333334
1 0.66953125 0.69375 0.0171875 0.020833333333333332
1 0.65078125 0.48125 0.025 0.03125
1 0.69921875 0.45 0.0265625 0.03333333333333333
1 0.7015625 0.5145833333333333 0.0296875 0.03333333333333333
1 0.809375 0.41770833333333335 0.0359375 0.05625
1 0.671875 0.33645833333333336 0.0140625 0.022916666666666665