1 0.94765625 0.79375 0.02265625 0.058333333333333334
0 0.10546875 0.2951388888888889 0.14765625 0.3736111111111111
0 0.116796875 0.4708333333333333 0.171875 0.18194444444444444
0 0.228125 0.5826388888888889 0.15 0.26944444444444443
0 0.055859375 0.9715277777777778 0.0953125 0.05694444444444444
0 0.14453125 0.9888888888888889 0.01015625 0.022222222222222223
0 0.640234375 0.9208333333333333 0.23671875 0.15555555555555556
0 0.642578125 0.6520833333333333 0.25625 0.44166666666666665
0 0.651171875 0.5208333333333334 0.07890625 0.29583333333333334
0 0.677734375 0.2513888888888889 0.175 0.5013888888888889
0 0.653125 0.07569444444444444 0.25078125 0.15138888888888888
1 0.059765625 0.10694444444444444 0.0171875 0.027777777777777776
1 0.06484375 0.12638888888888888 0.00625 0.009722222222222222
1 0.113671875 0.14930555555555555 0.01796875 0.04027777777777778
1 0.1171875 0.11319444444444444 0.00625 0.018055555555555554
1 0.1875 0.20833333333333334 0.02265625 0.03194444444444444
1 0.228515625 0.12291666666666666 0.01875 0.041666666666666664
1 0.232421875 0.29791666666666666 0.0390625 0.0625
1 0.180859375 0.2951388888888889 0.01875 0.04027777777777778
1 0.190625 0.010416666666666666 0.01875 0.020833333333333332
1 0.230859375 0.013194444444444444 0.03203125 0.02638888888888889
1 0.1703125 0.009027777777777777 0.00703125 0.018055555555555554
1 0.366796875 0.0375 0.0125 0.034722222222222224
1 0.469140625 0.05763888888888889 0.01171875 0.025
1 0.58515625 0.12013888888888889 0.02265625 0.043055555555555555
1 0.49375 0.15625 0.02265625 0.03333333333333333
1 0.58984375 0.2 0.01640625 0.034722222222222224
1 0.56328125 0.25555555555555554 0.01953125 0.044444444444444446
1 0.598828125 0.2638888888888889 0.00859375 0.044444444444444446
1 0.5484375 0.3236111111111111 0.015625 0.019444444444444445
1 0.618359375 0.4201388888888889 0.02109375 0.08472222222222223
1 0.71953125 0.26180555555555557 0.02265625 0.0375
1 0.71484375 0.025694444444444443 0.0171875 0.027777777777777776
1 0.9265625 0.2125 0.07109375 0.17777777777777778
1 0.98359375 0.28125 0.01796875 0.03333333333333333
1 0.818359375 0.39444444444444443 0.0234375 0.04861111111111111
1 0.858203125 0.47847222222222224 0.02421875 0.034722222222222224
1 0.975390625 0.4777777777777778 0.01796875 0.041666666666666664
1 0.74609375 0.5131944444444444 0.02109375 0.04722222222222222
1 0.775390625 0.5055555555555555 0.0171875 0.0375
1 0.804296875 0.6 0.021875 0.03888888888888889
1 0.60078125 0.5118055555555555 0.0140625 0.03194444444444444
1 0.5890625 0.5430555555555555 0.01171875 0.015277777777777777
1 0.667578125 0.6236111111111111 0.01875 0.029166666666666667
1 0.75234375 0.6979166666666666 0.01328125 0.02361111111111111
1 0.7796875 0.6888888888888889 0.0203125 0.044444444444444446
1 0.815625 0.76875 0.01640625 0.03194444444444444
1 0.8671875 0.78125 0.01171875 0.018055555555555554
1 0.79453125 0.7965277777777777 0.01015625 0.02638888888888889
1 0.767578125 0.8131944444444444 0.015625 0.029166666666666667
1 0.636328125 0.8166666666666667 0.01875 0.034722222222222224
1 0.700390625 0.9138888888888889 0.01015625 0.013888888888888888
1 0.7609375 0.9326388888888889 0.0140625 0.02361111111111111
1 0.802734375 0.9680555555555556 0.01484375 0.027777777777777776
1 0.8765625 0.9930555555555556 0.01015625 0.013888888888888888
1 0.85234375 0.9951388888888889 0.0078125 0.009722222222222222
1 0.61328125 0.9638888888888889 0.02890625 0.05416666666666667
1 0.6609375 0.9409722222222222 0.01953125 0.027777777777777776
1 0.569140625 0.9784722222222222 0.040625 0.043055555555555555
1 0.601953125 0.9951388888888889 0.01015625 0.009722222222222222
1 0.232421875 0.7840277777777778 0.02109375 0.04722222222222222
1 0.20859375 0.8180555555555555 0.01875 0.03333333333333333
1 0.1796875 0.7590277777777777 0.02734375 0.043055555555555555
1 0.287109375 0.8625 0.015625 0.03333333333333333
1 0.325 0.8659722222222223 0.0125 0.022222222222222223
1 0.35546875 0.8340277777777778 0.009375 0.019444444444444445
1 0.351171875 0.8881944444444444 0.03125 0.043055555555555555
1 0.450390625 0.9881944444444445 0.009375 0.016666666666666666
1 0.21796875 0.8840277777777777 0.01015625 0.022222222222222223
1 0.121875 0.89375 0.040625 0.0763888888888889
1 0.236328125 0.9916666666666667 0.015625 0.016666666666666666
1 0.14453125 0.9611111111111111 0.0078125 0.02638888888888889
1 0.104296875 0.6923611111111111 0.00703125 0.015277777777777777
1 0.17421875 0.4736111111111111 0.01953125 0.041666666666666664
1 0.209765625 0.50625 0.00859375 0.02638888888888889
1 0.2328125 0.4652777777777778 0.02578125 0.04027777777777778
1 0.1765625 0.5166666666666667 0.01796875 0.025
1 0.617578125 0.74375 0.009375 0.015277777777777777
1 0.552734375 0.8104166666666667 0.0078125 0.013888888888888888
1 0.96953125 0.775 0.01796875 0.025
1 0.954296875 0.8416666666666667 0.0140625 0.030555555555555555
1 0.99453125 0.8361111111111111 0.0109375 0.027777777777777776
1 0.988671875 0.8972222222222223 0.02265625 0.06527777777777778
0 0.8171875 0.9527777777777777 0.01796875 0.09444444444444444