1 0.60859375 0.5447916666666667 0.01875 0.029166666666666667
1 0.0140625 0.3729166666666667 0.0265625 0.020833333333333332
1 0.46953125 0.8333333333333334 0.015625 0.025
1 0.37421875 0.690625 0.01875 0.020833333333333332
1 0.67109375 0.13125 0.021875 0.022916666666666665
1 0.5375 0.765625 0.0234375 0.022916666666666665
1 0.7875 0.6520833333333333 0.0328125 0.029166666666666667
1 0.85234375 0.2635416666666667 0.028125 0.03333333333333333
1 0.80546875 0.08958333333333333 0.0375 0.04791666666666667
0 0.74375 0.4510416666666667 0.0984375 0.29583333333333334
1 0.43125 0.8260416666666667 0.0171875 0.03125
1 0.390625 0.8885416666666667 0.040625 0.052083333333333336
1 0.5515625 0.5125 0.0265625 0.03125
1 0.81328125 0.14583333333333334 0.0234375 0.025
0 0.69765625 0.68125 0.0984375 0.17708333333333334
1 0.76484375 0.13958333333333334 0.0234375 0.035416666666666666
1 0.3765625 0.2916666666666667 0.03125 0.025
1 0.54921875 0.471875 0.025 0.022916666666666665
0 0.6984375 0.9291666666666667 0.06875 0.14166666666666666
0 0.73828125 0.16041666666666668 0.071875 0.32083333333333336