1 0.39765625 0.07291666666666667 0.0359375 0.027083333333333334
1 0.64609375 0.16770833333333332 0.0328125 0.027083333333333334
1 0.5765625 0.12395833333333334 0.0453125 0.029166666666666667
1 0.7859375 0.2 0.021875 0.025
1 0.8125 0.25416666666666665 0.025 0.025
1 0.82578125 0.290625 0.021875 0.020833333333333332
1 0.78828125 0.4895833333333333 0.0265625 0.04791666666666667
1 0.7890625 0.6166666666666667 0.0234375 0.025
1 0.52578125 0.3072916666666667 0.0515625 0.04583333333333333
1 0.89921875 0.5125 0.03125 0.027083333333333334
1 0.45546875 0.47708333333333336 0.03125 0.027083333333333334
1 0.53203125 0.4739583333333333 0.025 0.025
1 0.5625 0.4583333333333333 0.0296875 0.016666666666666666
1 0.1125 0.41875 0.03125 0.03125
1 0.48046875 0.15729166666666666 0.0234375 0.029166666666666667
1 0.66171875 0.04791666666666667 0.0265625 0.029166666666666667
1 0.54375 0.015625 0.015625 0.020833333333333332
1 0.51953125 0.9302083333333333 0.015625 0.03958333333333333
1 0.51171875 0.6833333333333333 0.0234375 0.020833333333333332
1 0.38828125 0.5854166666666667 0.025 0.022916666666666665
1 0.6109375 0.6302083333333334 0.0203125 0.020833333333333332
1 0.71015625 0.409375 0.01875 0.029166666666666667
1 0.88046875 0.3177083333333333 0.0171875 0.03333333333333333
1 0.715625 0.25729166666666664 0.0171875 0.022916666666666665
1 0.58671875 0.059375 0.021875 0.020833333333333332
1 0.76796875 0.13020833333333334 0.065625 0.03333333333333333
1 0.7984375 0.784375 0.03125 0.025
1 0.09140625 0.6479166666666667 0.01875 0.01875
1 0.50546875 0.259375 0.0359375 0.04583333333333333
1 0.38828125 0.340625 0.025 0.020833333333333332
1 0.553125 0.9427083333333334 0.01875 0.03125
1 0.76328125 0.9572916666666667 0.025 0.05416666666666667
1 0.56328125 0.86875 0.0234375 0.035416666666666666
1 0.50390625 0.85625 0.0453125 0.03958333333333333
1 0.5203125 0.78125 0.0296875 0.029166666666666667
1 0.52265625 0.721875 0.03125 0.03958333333333333
1 0.47578125 0.6416666666666667 0.0359375 0.04583333333333333
1 0.83828125 0.5197916666666667 0.015625 0.020833333333333332
1 0.75625 0.8583333333333333 0.015625 0.01875
1 0.403125 0.14895833333333333 0.0203125 0.027083333333333334
1 0.92890625 0.22395833333333334 0.015625 0.020833333333333332
1 0.84140625 0.33229166666666665 0.021875 0.020833333333333332
1 0.615625 0.19895833333333332 0.0171875 0.016666666666666666
1 0.36484375 0.8020833333333334 0.021875 0.022916666666666665
1 0.378125 0.6260416666666667 0.0140625 0.014583333333333334
1 0.3390625 0.6635416666666667 0.0171875 0.020833333333333332
1 0.55625 0.51875 0.01875 0.025
1 0.5328125 0.65625 0.0171875 0.020833333333333332
0 0.696875 0.8427083333333333 0.159375 0.29583333333333334
0 0.69453125 0.4895833333333333 0.125 0.28958333333333336
0 0.69375 0.28958333333333336 0.2125 0.15208333333333332
1 0.70703125 0.359375 0.0171875 0.03333333333333333
1 0.4390625 0.38645833333333335 0.0171875 0.029166666666666667
1 0.05546875 0.9239583333333333 0.0171875 0.020833333333333332
1 0.22265625 0.5145833333333333 0.021875 0.03125
1 0.84453125 0.7875 0.0296875 0.03125
1 0.63203125 0.6614583333333334 0.0375 0.03958333333333333
1 0.6828125 0.6302083333333334 0.0234375 0.027083333333333334
1 0.4125 0.8552083333333333 0.0265625 0.025
1 0.57890625 0.6510416666666666 0.028125 0.035416666666666666
1 0.346875 0.553125 0.0234375 0.03958333333333333
1 0.271875 0.5 0.025 0.03125
1 0.575 0.2760416666666667 0.015625 0.03333333333333333
1 0.5375 0.14895833333333333 0.0234375 0.03958333333333333