1 0.68828125 0.9729166666666667 0.021875 0.05416666666666667
1 0.65625 0.7770833333333333 0.0890625 0.08125
1 0.69296875 0.71875 0.0453125 0.06458333333333334
1 0.29296875 0.0875 0.0515625 0.08333333333333333
1 0.209375 0.029166666666666667 0.0375 0.04583333333333333
1 0.73828125 0.7083333333333334 0.05 0.06041666666666667
1 0.83828125 0.6895833333333333 0.0421875 0.052083333333333336
1 0.87578125 0.709375 0.034375 0.035416666666666666
1 0.8703125 0.8010416666666667 0.05625 0.058333333333333334
1 0.93046875 0.7916666666666666 0.0421875 0.041666666666666664
1 0.99296875 0.8552083333333333 0.0140625 0.029166666666666667
1 0.95078125 0.9645833333333333 0.040625 0.07083333333333333
1 0.31875 0.3645833333333333 0.040625 0.0375
1 0.33671875 0.5427083333333333 0.0125 0.016666666666666666
1 0.91015625 0.5927083333333333 0.0515625 0.041666666666666664
1 0.87734375 0.4864583333333333 0.0203125 0.014583333333333334
1 0.9375 0.5177083333333333 0.021875 0.029166666666666667
1 0.98359375 0.48125 0.0140625 0.01875
1 0.9734375 0.11354166666666667 0.053125 0.08958333333333333
1 0.9921875 0.184375 0.015625 0.0625
1 0.8828125 0.036458333333333336 0.059375 0.07291666666666667
1 0.35625 0.03333333333333333 0.0125 0.014583333333333334
1 0.57109375 0.007291666666666667 0.021875 0.014583333333333334
1 0.3796875 0.9697916666666667 0.03125 0.029166666666666667
1 0.246875 0.8458333333333333 0.05 0.06041666666666667
1 0.2609375 0.8989583333333333 0.0359375 0.03333333333333333
1 0.26953125 0.8052083333333333 0.021875 0.03125
1 0.45234375 0.8458333333333333 0.028125 0.03333333333333333
1 0.07109375 0.42291666666666666 0.046875 0.035416666666666666
1 0.5359375 0.0375 0.0359375 0.05416666666666667
0 0.78984375 0.15729166666666666 0.2640625 0.3145833333333333
0 0.778125 0.34270833333333334 0.35 0.3125
0 0.771875 0.459375 0.321875 0.4375
0 0.71328125 0.8385416666666666 0.18125 0.3229166666666667
1 0.66875 0.0375 0.0609375 0.06666666666666667
1 0.79296875 0.1625 0.05 0.03958333333333333
1 0.9203125 0.253125 0.0609375 0.04583333333333333
1 0.8421875 0.3645833333333333 0.065625 0.11041666666666666
1 0.55078125 0.14270833333333333 0.0453125 0.06666666666666667
1 0.6953125 0.15 0.084375 0.09583333333333334
1 0.8796875 0.4125 0.0171875 0.022916666666666665
1 0.634375 0.3416666666666667 0.0234375 0.025
1 0.62578125 0.2916666666666667 0.0640625 0.06458333333333334
1 0.50078125 0.2625 0.053125 0.052083333333333336
1 0.39921875 0.2375 0.0734375 0.06458333333333334
1 0.69453125 0.4166666666666667 0.028125 0.022916666666666665
1 0.678125 0.4864583333333333 0.034375 0.041666666666666664
1 0.62578125 0.44895833333333335 0.021875 0.052083333333333336
1 0.58515625 0.46770833333333334 0.0734375 0.08958333333333333
1 0.4015625 0.5958333333333333 0.1046875 0.11458333333333333
1 0.56484375 0.7625 0.0359375 0.05416666666666667
1 0.31171875 0.8458333333333333 0.075 0.06875
1 0.54921875 0.8166666666666667 0.034375 0.0375
1 0.59375 0.9270833333333334 0.115625 0.14583333333333334