1 0.66015625 0.2013888888888889 0.02109375 0.044444444444444446
1 0.76640625 0.29097222222222224 0.02734375 0.044444444444444446
1 0.93203125 0.14097222222222222 0.034375 0.07777777777777778
0 0.68359375 0.8006944444444445 0.09140625 0.3972222222222222
0 0.223828125 0.8729166666666667 0.09921875 0.25416666666666665
1 0.909375 0.4826388888888889 0.02109375 0.03333333333333333
1 0.7390625 0.18541666666666667 0.02890625 0.075
0 0.654296875 0.60625 0.159375 0.43333333333333335
0 0.6859375 0.2638888888888889 0.29375 0.3763888888888889
1 0.273828125 0.7270833333333333 0.03203125 0.05138888888888889
1 0.684765625 0.4625 0.03359375 0.05694444444444444
0 0.666796875 0.13125 0.13359375 0.25972222222222224
0 0.144921875 0.32708333333333334 0.1625 0.43333333333333335
1 0.955078125 0.5208333333333334 0.05234375 0.08611111111111111
1 0.123046875 0.9416666666666667 0.021875 0.04861111111111111
1 0.19765625 0.7041666666666667 0.01796875 0.03888888888888889
1 0.28046875 0.7861111111111111 0.0265625 0.034722222222222224
0 0.125 0.5493055555555556 0.10234375 0.5375
1 0.166015625 0.9340277777777778 0.02109375 0.0375
1 0.1015625 0.022916666666666665 0.02421875 0.044444444444444446
1 0.250390625 0.8486111111111111 0.02265625 0.029166666666666667
1 0.24296875 0.2763888888888889 0.025 0.044444444444444446
1 0.88359375 0.2548611111111111 0.01796875 0.03611111111111111
1 0.194921875 0.5013888888888889 0.01953125 0.04583333333333333
1 0.9921875 0.4201388888888889 0.015625 0.03888888888888889
1 0.68125 0.4 0.0265625 0.04861111111111111
1 0.6015625 0.02013888888888889 0.0171875 0.0375
1 0.287890625 0.9465277777777777 0.021875 0.03194444444444444
1 0.805078125 0.30486111111111114 0.02421875 0.0375
1 0.7421875 0.9875 0.0296875 0.022222222222222223
1 0.183203125 0.5993055555555555 0.01796875 0.029166666666666667
1 0.907421875 0.24375 0.0203125 0.027777777777777776
1 0.806640625 0.6013888888888889 0.0140625 0.030555555555555555
1 0.141796875 0.9909722222222223 0.02265625 0.015277777777777777
1 0.65390625 0.9902777777777778 0.03125 0.016666666666666666
1 0.7625 0.18541666666666667 0.01796875 0.034722222222222224
0 0.154296875 0.06944444444444445 0.09453125 0.07222222222222222