1 0.7296875 0.4166666666666667 0.0140625 0.022916666666666665
1 0.78125 0.9520833333333333 0.0234375 0.04791666666666667
1 0.77890625 0.2 0.053125 0.05
1 0.82421875 0.253125 0.0109375 0.014583333333333334
1 0.85546875 0.3260416666666667 0.05625 0.0875
1 0.81953125 0.409375 0.0375 0.03333333333333333
1 0.6734375 0.3375 0.05 0.0875
1 0.659375 0.44375 0.046875 0.04583333333333333
1 0.65078125 0.55 0.0203125 0.022916666666666665
1 0.7015625 0.7239583333333334 0.0390625 0.025
1 0.59453125 0.83125 0.03125 0.04791666666666667
1 0.6046875 0.9208333333333333 0.053125 0.041666666666666664
1 0.61796875 0.9697916666666667 0.05625 0.06041666666666667
1 0.5375 0.8833333333333333 0.0390625 0.09375
1 0.496875 0.9875 0.0296875 0.01875
1 0.409375 0.884375 0.021875 0.020833333333333332
1 0.225 0.9739583333333334 0.0125 0.01875
1 0.13828125 0.81875 0.0125 0.014583333333333334
1 0.171875 0.7104166666666667 0.025 0.03333333333333333
1 0.4734375 0.771875 0.015625 0.022916666666666665
1 0.578125 0.771875 0.0140625 0.022916666666666665
1 0.9640625 0.9479166666666666 0.034375 0.05
1 0.896875 0.7760416666666666 0.05 0.041666666666666664
1 0.87890625 0.7114583333333333 0.034375 0.04791666666666667
1 0.9 0.63125 0.015625 0.01875
1 0.40546875 0.5375 0.0296875 0.04583333333333333
1 0.265625 0.5854166666666667 0.021875 0.014583333333333334
1 0.23359375 0.37604166666666666 0.05625 0.04583333333333333
1 0.4859375 0.34270833333333334 0.0265625 0.03125
1 0.46953125 0.37916666666666665 0.0390625 0.03958333333333333
1 0.4015625 0.2947916666666667 0.0421875 0.052083333333333336
1 0.4796875 0.29270833333333335 0.015625 0.025
1 0.553125 0.11145833333333334 0.0546875 0.08125
1 0.4515625 0.08229166666666667 0.0984375 0.0875
1 0.553125 0.03854166666666667 0.0390625 0.05
1 0.66953125 0.11354166666666667 0.0296875 0.041666666666666664
1 0.0828125 0.14583333333333334 0.025 0.020833333333333332
1 0.19296875 0.08958333333333333 0.0296875 0.03958333333333333
1 0.25078125 0.004166666666666667 0.0171875 0.008333333333333333
1 0.0875 0.33229166666666665 0.009375 0.0125
1 0.29453125 0.5177083333333333 0.025 0.027083333333333334
1 0.3328125 0.5229166666666667 0.0109375 0.014583333333333334
0 0.6171875 0.9854166666666667 0.1484375 0.029166666666666667
1 0.12421875 0.703125 0.0125 0.016666666666666666
0 0.65546875 0.8364583333333333 0.509375 0.32708333333333334
1 0.95234375 0.55625 0.021875 0.016666666666666666
1 0.5078125 0.625 0.015625 0.03125
1 0.89375 0.21770833333333334 0.0203125 0.025
1 0.934375 0.28229166666666666 0.0171875 0.022916666666666665
1 0.99375 0.32083333333333336 0.0125 0.03125
0 0.60859375 0.13645833333333332 0.2921875 0.27291666666666664
0 0.6296875 0.58125 0.3 0.46875
1 0.26328125 0.46979166666666666 0.0109375 0.0125