0 0.57109375 0.3541666666666667 0.584375 0.20833333333333334
0 0.67734375 0.12604166666666666 0.40625 0.2520833333333333
0 0.5265625 0.684375 0.3859375 0.44375
0 0.684375 0.8572916666666667 0.2734375 0.28541666666666665
1 0.3953125 0.14895833333333333 0.0265625 0.04375
1 0.35234375 0.13645833333333332 0.015625 0.025
1 0.37109375 0.159375 0.0203125 0.0375
1 0.4578125 0.2875 0.034375 0.04375
1 0.49765625 0.29270833333333335 0.034375 0.0375
1 0.3015625 0.0375 0.025 0.027083333333333334
1 0.66640625 0.2125 0.0265625 0.03333333333333333
1 0.79453125 0.16770833333333332 0.0359375 0.0375
1 0.7921875 0.09791666666666667 0.01875 0.025
1 0.95390625 0.15416666666666667 0.0171875 0.020833333333333332
1 0.9890625 0.21875 0.021875 0.027083333333333334
1 0.7015625 0.5010416666666667 0.0234375 0.03333333333333333
1 0.628125 0.553125 0.0328125 0.022916666666666665
1 0.47734375 0.46041666666666664 0.025 0.041666666666666664
1 0.87109375 0.621875 0.0203125 0.035416666666666666
1 0.9546875 0.5229166666666667 0.021875 0.01875
1 0.9640625 0.565625 0.0171875 0.025
1 0.97890625 0.42083333333333334 0.0140625 0.020833333333333332
1 0.80859375 0.3541666666666667 0.025 0.027083333333333334
1 0.3875 0.9375 0.015625 0.025
1 0.321875 0.9583333333333334 0.0265625 0.022916666666666665
1 0.2796875 0.521875 0.0234375 0.025
1 0.328125 0.45208333333333334 0.0296875 0.04583333333333333
1 0.48984375 0.6770833333333334 0.028125 0.029166666666666667
1 0.23359375 0.6947916666666667 0.0140625 0.022916666666666665
1 0.25625 0.6052083333333333 0.0140625 0.027083333333333334
1 0.27578125 0.6260416666666667 0.0125 0.020833333333333332
1 0.3453125 0.6854166666666667 0.01875 0.03125
1 0.83359375 0.66875 0.01875 0.027083333333333334
1 0.7609375 0.6322916666666667 0.0234375 0.020833333333333332
1 0.7765625 0.615625 0.028125 0.041666666666666664
1 0.828125 0.365625 0.0140625 0.016666666666666666
1 0.7640625 0.84375 0.0171875 0.022916666666666665
1 0.8546875 0.9125 0.0171875 0.01875
1 0.94921875 0.9333333333333333 0.01875 0.016666666666666666
1 0.96328125 0.9375 0.0109375 0.01875
1 0.5390625 0.975 0.0171875 0.05
1 0.940625 0.29375 0.028125 0.0375
1 0.9625 0.2947916666666667 0.015625 0.025
1 0.76328125 0.3333333333333333 0.0125 0.016666666666666666
1 0.75859375 0.35104166666666664 0.025 0.016666666666666666
1 0.81328125 0.246875 0.015625 0.01875
1 0.81015625 0.2125 0.0296875 0.03333333333333333