1 0.91015625 0.29305555555555557 0.009375 0.020833333333333332
0 0.117578125 0.6305555555555555 0.14609375 0.19305555555555556
1 0.061328125 0.8416666666666667 0.0328125 0.05
1 0.008984375 0.027777777777777776 0.0171875 0.05555555555555555
0 0.138671875 0.48125 0.2078125 0.18333333333333332
1 0.0609375 0.9611111111111111 0.01953125 0.03333333333333333
1 0.834765625 0.56875 0.0203125 0.04027777777777778
1 0.553125 0.7243055555555555 0.021875 0.04583333333333333
1 0.5828125 0.9701388888888889 0.02109375 0.041666666666666664
1 0.54765625 0.20902777777777778 0.01796875 0.04722222222222222
1 0.179296875 0.17291666666666666 0.01328125 0.043055555555555555
1 0.130859375 0.07152777777777777 0.0203125 0.029166666666666667
1 0.12109375 0.5715277777777777 0.01484375 0.022222222222222223
1 0.7625 0.03958333333333333 0.02265625 0.034722222222222224
1 0.206640625 0.5125 0.02421875 0.04861111111111111
1 0.292578125 0.008333333333333333 0.02265625 0.016666666666666666
1 0.25078125 0.35347222222222224 0.01640625 0.019444444444444445
1 0.07578125 0.35208333333333336 0.0140625 0.02361111111111111
1 0.231640625 0.9506944444444444 0.0125 0.02361111111111111
1 0.74921875 0.5263888888888889 0.0125 0.02361111111111111
1 0.4109375 0.36944444444444446 0.01328125 0.022222222222222223
1 0.981640625 0.5340277777777778 0.0140625 0.03194444444444444
1 0.2234375 0.2 0.0125 0.022222222222222223
1 0.869921875 0.8868055555555555 0.009375 0.022222222222222223
1 0.406640625 0.7368055555555556 0.0140625 0.03333333333333333
1 0.466796875 0.0125 0.0109375 0.018055555555555554
1 0.15078125 0.33958333333333335 0.0125 0.015277777777777777
1 0.14453125 0.20416666666666666 0.02578125 0.03194444444444444
1 0.085546875 0.5173611111111112 0.021875 0.029166666666666667
1 0.382421875 0.12569444444444444 0.01484375 0.020833333333333332
1 0.426953125 0.55 0.0125 0.019444444444444445
1 0.4546875 0.6097222222222223 0.0109375 0.020833333333333332
1 0.43515625 0.8256944444444444 0.01796875 0.03194444444444444
1 0.4546875 0.79375 0.0125 0.03333333333333333
1 0.375 0.9527777777777777 0.01171875 0.025
1 0.532421875 0.24097222222222223 0.01015625 0.015277777777777777
1 0.494140625 0.008333333333333333 0.00703125 0.013888888888888888
1 0.678125 0.12013888888888889 0.01640625 0.018055555555555554
1 0.687890625 0.09513888888888888 0.01796875 0.011111111111111112
1 0.80703125 0.6743055555555556 0.009375 0.015277777777777777
1 0.983203125 0.7451388888888889 0.0140625 0.022222222222222223
1 0.998046875 0.7902777777777777 0.00390625 0.019444444444444445
1 0.89609375 0.31805555555555554 0.00859375 0.016666666666666666
1 0.89375 0.12708333333333333 0.00703125 0.015277777777777777
1 0.6296875 0.7611111111111111 0.00859375 0.019444444444444445
1 0.299609375 0.04375 0.02578125 0.05
1 0.935546875 0.6027777777777777 0.03203125 0.06111111111111111
1 0.7109375 0.8548611111111111 0.046875 0.06527777777777778
1 0.8 0.19305555555555556 0.04296875 0.10138888888888889
1 0.766796875 0.14930555555555555 0.01640625 0.029166666666666667
1 0.96328125 0.5708333333333333 0.03984375 0.06666666666666667
1 0.9328125 0.4791666666666667 0.053125 0.09861111111111111
1 0.933203125 0.8423611111111111 0.03046875 0.05138888888888889
1 0.949609375 0.10555555555555556 0.04296875 0.09166666666666666
1 0.7515625 0.32013888888888886 0.0203125 0.04583333333333333
1 0.741015625 0.6611111111111111 0.0265625 0.04722222222222222
1 0.939453125 0.35347222222222224 0.02421875 0.04861111111111111
1 0.682421875 0.4909722222222222 0.02578125 0.0625
1 0.68828125 0.61875 0.0359375 0.06388888888888888
1 0.948828125 0.2423611111111111 0.01171875 0.02638888888888889
1 0.650390625 0.4111111111111111 0.01484375 0.020833333333333332
1 0.105859375 0.6284722222222222 0.0140625 0.03194444444444444
1 0.49296875 0.61875 0.01875 0.025
1 0.93125 0.034027777777777775 0.0140625 0.030555555555555555
1 0.303125 0.5458333333333333 0.01484375 0.027777777777777776
1 0.101171875 0.7833333333333333 0.01640625 0.0375
1 0.584765625 0.5145833333333333 0.01484375 0.02361111111111111
1 0.5546875 0.6458333333333334 0.02421875 0.03888888888888889
1 0.826171875 0.9465277777777777 0.01328125 0.030555555555555555
1 0.76875 0.7993055555555556 0.0203125 0.029166666666666667
1 0.080078125 0.2465277777777778 0.01640625 0.025
1 0.12109375 0.8138888888888889 0.02890625 0.05138888888888889
1 0.8 0.5402777777777777 0.02734375 0.0375
1 0.445703125 0.675 0.0203125 0.03611111111111111
1 0.552734375 0.5659722222222222 0.01484375 0.030555555555555555
1 0.1703125 0.7180555555555556 0.02265625 0.04861111111111111
1 0.431640625 0.39166666666666666 0.0171875 0.04722222222222222
1 0.980078125 0.4895833333333333 0.03984375 0.075
1 0.147265625 0.5861111111111111 0.02109375 0.0375
1 0.916015625 0.05347222222222222 0.0171875 0.029166666666666667
1 0.549609375 0.3159722222222222 0.01875 0.020833333333333332
1 0.216796875 0.24930555555555556 0.0171875 0.03194444444444444
1 0.859765625 0.5631944444444444 0.01796875 0.02638888888888889
1 0.831640625 0.7256944444444444 0.0234375 0.03611111111111111
1 0.50859375 0.5451388888888888 0.0171875 0.03194444444444444
1 0.460546875 0.09375 0.03125 0.06527777777777778
1 0.405859375 0.6923611111111111 0.046875 0.07361111111111111
1 0.48828125 0.2548611111111111 0.028125 0.04583333333333333
1 0.06171875 0.38333333333333336 0.02109375 0.034722222222222224
1 0.031640625 0.42569444444444443 0.02265625 0.03611111111111111
1 0.37421875 0.21041666666666667 0.0265625 0.07916666666666666
1 0.753515625 0.7215277777777778 0.01953125 0.05694444444444444
1 0.875390625 0.21388888888888888 0.034375 0.06944444444444445
1 0.130078125 0.8604166666666667 0.01875 0.03194444444444444
1 0.853125 0.30694444444444446 0.0203125 0.08055555555555556
1 0.502734375 0.9944444444444445 0.009375 0.011111111111111112
1 0.11484375 0.8847222222222222 0.01484375 0.02638888888888889
1 0.425 0.8875 0.01015625 0.018055555555555554
1 0.487109375 0.9965277777777778 0.0078125 0.006944444444444444
0 0.6125 0.7076388888888889 0.05078125 0.35694444444444445
1 0.426171875 0.9861111111111112 0.0234375 0.027777777777777776
1 0.978125 0.029861111111111113 0.04375 0.059722222222222225
1 0.976953125 0.2111111111111111 0.04609375 0.10277777777777777
1 0.4890625 0.9277777777777778 0.040625 0.08611111111111111
0 0.63359375 0.8701388888888889 0.16953125 0.11527777777777778
0 0.12109375 0.03263888888888889 0.11171875 0.06527777777777778
1 0.84609375 0.18333333333333332 0.03828125 0.08472222222222223
0 0.65859375 0.5736111111111111 0.16328125 0.49722222222222223
1 0.483203125 0.8381944444444445 0.05390625 0.06666666666666667
0 0.628515625 0.09166666666666666 0.1765625 0.1625
0 0.139453125 0.7451388888888889 0.07421875 0.1486111111111111
1 0.909375 0.66875 0.01328125 0.020833333333333332
1 0.856640625 0.05416666666666667 0.0171875 0.020833333333333332
1 0.925390625 0.1625 0.0140625 0.025
1 0.930859375 0.23958333333333334 0.01796875 0.02361111111111111
1 0.88046875 0.6826388888888889 0.02265625 0.03194444444444444
1 0.5203125 0.9430555555555555 0.01328125 0.06388888888888888
1 0.873828125 0.4736111111111111 0.01640625 0.030555555555555555
1 0.848046875 0.0763888888888889 0.0125 0.018055555555555554