1 0.96953125 0.46875 0.0109375 0.014583333333333334
1 0.18515625 0.9885416666666667 0.0234375 0.022916666666666665
1 0.25859375 0.9614583333333333 0.0109375 0.0125
0 0.58203125 0.021875 0.128125 0.04375
0 0.59453125 0.2625 0.3484375 0.475
0 0.57578125 0.4510416666666667 0.2234375 0.45
0 0.625 0.7208333333333333 0.3328125 0.5104166666666666
0 0.61171875 0.9541666666666667 0.390625 0.09166666666666666
1 0.2796875 0.2875 0.084375 0.13958333333333334
1 0.378125 0.296875 0.0359375 0.04791666666666667
1 0.3859375 0.16770833333333332 0.0359375 0.04791666666666667
1 0.3875 0.20625 0.0328125 0.029166666666666667
1 0.2171875 0.28958333333333336 0.040625 0.041666666666666664
1 0.20859375 0.06770833333333333 0.025 0.03958333333333333
1 0.23984375 0.09479166666666666 0.028125 0.05
1 0.278125 0.07708333333333334 0.0328125 0.0375
1 0.45390625 0.13229166666666667 0.01875 0.029166666666666667
1 0.47734375 0.08125 0.0625 0.05625
1 0.31640625 0.017708333333333333 0.0484375 0.035416666666666666
1 0.0078125 0.026041666666666668 0.015625 0.022916666666666665
1 0.23359375 0.007291666666666667 0.0203125 0.014583333333333334
1 0.67734375 0.014583333333333334 0.059375 0.029166666666666667
1 0.76171875 0.015625 0.028125 0.03125
1 0.7296875 0.11979166666666667 0.015625 0.03125
1 0.6421875 0.23541666666666666 0.0375 0.04375
1 0.959375 0.11666666666666667 0.0359375 0.052083333333333336
1 0.8140625 0.3229166666666667 0.053125 0.10416666666666667
1 0.87265625 0.35 0.0546875 0.14166666666666666
1 0.91015625 0.36770833333333336 0.021875 0.025
1 0.9390625 0.34791666666666665 0.053125 0.08125
1 0.9359375 0.5291666666666667 0.0359375 0.05625
1 0.9015625 0.41875 0.028125 0.035416666666666666
1 0.96484375 0.5083333333333333 0.0265625 0.05
1 0.9015625 0.47604166666666664 0.0203125 0.020833333333333332
1 0.9265625 0.24375 0.05 0.11875
1 0.8453125 0.21145833333333333 0.065625 0.06458333333333334
1 0.8078125 0.23958333333333334 0.0203125 0.027083333333333334
1 0.9046875 0.17083333333333334 0.0421875 0.0375
1 0.9 0.10520833333333333 0.021875 0.01875
1 0.92265625 0.059375 0.0296875 0.04375
1 0.84609375 0.03333333333333333 0.0296875 0.058333333333333334
1 0.1859375 0.6947916666666667 0.0359375 0.06875
1 0.21171875 0.7291666666666666 0.0375 0.05
1 0.2484375 0.703125 0.0453125 0.08541666666666667
1 0.22109375 0.6416666666666667 0.0421875 0.04375
1 0.15625 0.7479166666666667 0.01875 0.022916666666666665
1 0.071875 0.8 0.0296875 0.0375
1 0.30703125 0.975 0.0296875 0.05
1 0.34765625 0.9864583333333333 0.01875 0.022916666666666665
1 0.4171875 0.8875 0.046875 0.07708333333333334
1 0.46953125 0.8854166666666666 0.025 0.041666666666666664
1 0.49765625 0.9177083333333333 0.034375 0.03958333333333333
1 0.51796875 0.884375 0.0203125 0.022916666666666665
1 0.5109375 0.7854166666666667 0.03125 0.03958333333333333
1 0.5984375 0.8197916666666667 0.0234375 0.0375
1 0.62109375 0.8614583333333333 0.0203125 0.03958333333333333
1 0.64921875 0.721875 0.046875 0.058333333333333334
1 0.340625 0.6739583333333333 0.046875 0.0375
1 0.32890625 0.48333333333333334 0.015625 0.01875
1 0.4015625 0.45729166666666665 0.0234375 0.022916666666666665
1 0.48125 0.6583333333333333 0.03125 0.04583333333333333
1 0.534375 0.584375 0.0234375 0.020833333333333332
1 0.44921875 0.5864583333333333 0.025 0.027083333333333334
1 0.6640625 0.6260416666666667 0.021875 0.03125
1 0.753125 0.63125 0.021875 0.0375
1 0.71484375 0.84375 0.028125 0.03958333333333333
1 0.890625 0.7541666666666667 0.034375 0.075
1 0.93828125 0.7895833333333333 0.05 0.041666666666666664
1 0.94296875 0.8197916666666667 0.034375 0.0375
1 0.84140625 0.9614583333333333 0.0453125 0.052083333333333336
1 0.98203125 0.9052083333333333 0.0203125 0.0375
1 0.9140625 0.984375 0.0265625 0.03125
1 0.93046875 0.9416666666666667 0.028125 0.041666666666666664
1 0.85390625 0.609375 0.0296875 0.03958333333333333
1 0.9015625 0.6572916666666667 0.0265625 0.03958333333333333
1 0.7625 0.5479166666666667 0.0453125 0.06458333333333334
1 0.796875 0.5864583333333333 0.028125 0.04583333333333333
1 0.953125 0.590625 0.0390625 0.04375
1 0.96640625 0.16354166666666667 0.015625 0.01875
1 0.99609375 0.1 0.0078125 0.020833333333333332
1 0.340625 0.5979166666666667 0.0109375 0.022916666666666665
1 0.221875 0.8854166666666666 0.01875 0.027083333333333334
1 0.165625 0.9270833333333334 0.0171875 0.03333333333333333
1 0.2671875 0.5364583333333334 0.0109375 0.0125
1 0.4375 0.4239583333333333 0.0140625 0.022916666666666665
1 0.62890625 0.41354166666666664 0.009375 0.0125
1 0.8453125 0.44166666666666665 0.0140625 0.01875