1 0.440625 0.9822916666666667 0.0328125 0.035416666666666666
1 0.51953125 0.846875 0.059375 0.06666666666666667
1 0.60390625 0.8375 0.04375 0.08125
1 0.6828125 0.8427083333333333 0.034375 0.04791666666666667
1 0.73671875 0.8729166666666667 0.01875 0.020833333333333332
1 0.7609375 0.8822916666666667 0.028125 0.027083333333333334
1 0.81875 0.8739583333333333 0.059375 0.052083333333333336
1 0.5796875 0.928125 0.021875 0.027083333333333334
1 0.6 0.9052083333333333 0.028125 0.03333333333333333
1 0.63984375 0.9447916666666667 0.021875 0.025
1 0.44921875 0.8958333333333334 0.05 0.06041666666666667
1 0.31875 0.990625 0.0140625 0.01875
1 0.16953125 0.95 0.0265625 0.041666666666666664
1 0.1984375 0.9645833333333333 0.0171875 0.020833333333333332
1 0.21953125 0.9552083333333333 0.0125 0.029166666666666667
1 0.15625 0.9927083333333333 0.01875 0.014583333333333334
1 0.21875 0.9947916666666666 0.01875 0.010416666666666666
1 0.0578125 0.8395833333333333 0.0171875 0.014583333333333334
1 0.08984375 0.725 0.0234375 0.04583333333333333
1 0.009375 0.6572916666666667 0.01875 0.05
1 0.1 0.646875 0.0484375 0.0375
1 0.2625 0.7354166666666667 0.0265625 0.03333333333333333
1 0.26640625 0.684375 0.0203125 0.0375
1 0.30390625 0.7645833333333333 0.0359375 0.0375
1 0.16171875 0.5416666666666666 0.025 0.022916666666666665
1 0.0140625 0.49895833333333334 0.028125 0.03958333333333333
1 0.01484375 0.3416666666666667 0.0296875 0.05416666666666667
1 0.01328125 0.28125 0.0125 0.03333333333333333
1 0.03984375 0.3072916666666667 0.021875 0.016666666666666666
1 0.0375 0.24270833333333333 0.0265625 0.020833333333333332
1 0.0796875 0.2125 0.0140625 0.041666666666666664
1 0.17578125 0.1875 0.0578125 0.058333333333333334
1 0.12890625 0.12604166666666666 0.0203125 0.020833333333333332
1 0.2546875 0.18854166666666666 0.0640625 0.05
1 0.24453125 0.2375 0.0453125 0.052083333333333336
1 0.27890625 0.30520833333333336 0.1 0.0875
1 0.2828125 0.08541666666666667 0.0234375 0.04583333333333333
1 0.36171875 0.059375 0.078125 0.05625
1 0.4109375 0.022916666666666665 0.025 0.027083333333333334
1 0.51640625 0.017708333333333333 0.034375 0.035416666666666666
1 0.62578125 0.11354166666666667 0.0234375 0.03125
1 0.66328125 0.08125 0.0265625 0.058333333333333334
1 0.75078125 0.11770833333333333 0.0296875 0.03333333333333333
1 0.8140625 0.11666666666666667 0.025 0.035416666666666666
1 0.5609375 0.16666666666666666 0.028125 0.0375
1 0.46640625 0.24791666666666667 0.021875 0.025
1 0.5796875 0.24375 0.015625 0.025
1 0.6921875 0.25416666666666665 0.015625 0.01875
1 0.7234375 0.3145833333333333 0.021875 0.029166666666666667
1 0.74765625 0.303125 0.0234375 0.05
1 0.64453125 0.38125 0.04375 0.06875
1 0.69375 0.4 0.0328125 0.041666666666666664
1 0.7625 0.43645833333333334 0.025 0.0375
1 0.76484375 0.37916666666666665 0.025 0.0375
1 0.65546875 0.5677083333333334 0.0609375 0.04375
1 0.5375 0.5447916666666667 0.028125 0.03125
1 0.5359375 0.6072916666666667 0.028125 0.025
1 0.7578125 0.70625 0.03125 0.0375
1 0.9234375 0.8083333333333333 0.0296875 0.022916666666666665
1 0.97734375 0.7291666666666666 0.0265625 0.03958333333333333
1 0.7578125 0.6145833333333334 0.01875 0.025
1 0.93359375 0.5822916666666667 0.021875 0.035416666666666666
1 0.65859375 0.5125 0.0203125 0.027083333333333334
1 0.53046875 0.475 0.0171875 0.020833333333333332
1 0.37109375 0.4239583333333333 0.025 0.04791666666666667
1 0.40546875 0.4375 0.040625 0.05416666666666667
1 0.46328125 0.38333333333333336 0.015625 0.03958333333333333
1 0.41640625 0.3729166666666667 0.0203125 0.025
1 0.91171875 0.020833333333333332 0.03125 0.03125
1 0.9625 0.08125 0.0265625 0.01875
1 0.84453125 0.49166666666666664 0.021875 0.022916666666666665
1 0.8546875 0.9625 0.0109375 0.01875
1 0.38046875 0.6395833333333333 0.009375 0.016666666666666666
0 0.4109375 0.11041666666666666 0.128125 0.22083333333333333
0 0.43828125 0.33125 0.271875 0.13541666666666666
0 0.44921875 0.6260416666666667 0.1375 0.26666666666666666
0 0.42421875 0.840625 0.253125 0.15208333333333332
1 0.86015625 0.6260416666666667 0.0515625 0.05416666666666667
1 0.8625 0.3260416666666667 0.0234375 0.022916666666666665
1 0.96875 0.890625 0.015625 0.020833333333333332
1 0.62109375 0.4479166666666667 0.0109375 0.03125
1 0.80546875 0.5072916666666667 0.01875 0.020833333333333332
1 0.73359375 0.18020833333333333 0.021875 0.020833333333333332
1 0.8421875 0.23020833333333332 0.0234375 0.025
1 0.45 0.6322916666666667 0.0171875 0.01875
1 0.18984375 0.041666666666666664 0.0296875 0.020833333333333332
1 0.0796875 0.041666666666666664 0.0171875 0.027083333333333334
1 0.04609375 0.6510416666666666 0.05 0.0375
1 0.8375 0.71875 0.0265625 0.03125
1 0.9109375 0.5177083333333333 0.021875 0.03125
1 0.89140625 0.4083333333333333 0.021875 0.01875