1 0.7546875 0.740625 0.0296875 0.020833333333333332
1 0.76328125 0.7802083333333333 0.025 0.027083333333333334
1 0.7 0.8114583333333333 0.0265625 0.027083333333333334
1 0.55859375 0.8489583333333334 0.0234375 0.0375
1 0.64921875 0.9416666666666667 0.0203125 0.020833333333333332
1 0.53046875 0.9135416666666667 0.0125 0.029166666666666667
1 0.1359375 0.9447916666666667 0.0234375 0.025
1 0.82265625 0.5583333333333333 0.01875 0.01875
1 0.91484375 0.55 0.0234375 0.03125
1 0.8859375 0.3875 0.0265625 0.03125
1 0.94453125 0.39166666666666666 0.0140625 0.027083333333333334
1 0.86875 0.315625 0.0140625 0.035416666666666666
1 0.7796875 0.290625 0.0171875 0.01875
1 0.71796875 0.215625 0.0390625 0.06458333333333334
1 0.81484375 0.21666666666666667 0.0203125 0.03333333333333333
1 0.81015625 0.10104166666666667 0.025 0.03958333333333333
1 0.87265625 0.016666666666666666 0.0265625 0.03333333333333333
1 0.93828125 0.035416666666666666 0.0265625 0.04375
1 0.928125 0.10833333333333334 0.015625 0.022916666666666665
1 0.53828125 0.05520833333333333 0.046875 0.03125
1 0.58125 0.08125 0.040625 0.03125
1 0.478125 0.12916666666666668 0.0109375 0.027083333333333334
1 0.5 0.12916666666666668 0.021875 0.03125
1 0.384375 0.12604166666666666 0.021875 0.022916666666666665
1 0.38046875 0.15208333333333332 0.03125 0.03333333333333333
1 0.3421875 0.20833333333333334 0.0171875 0.01875
1 0.23359375 0.25104166666666666 0.0484375 0.03958333333333333
1 0.27578125 0.2833333333333333 0.0296875 0.03958333333333333
1 0.16484375 0.35 0.021875 0.035416666666666666
1 0.16875 0.415625 0.034375 0.0375
1 0.115625 0.459375 0.0234375 0.01875
1 0.0109375 0.37916666666666665 0.021875 0.025
1 0.08515625 0.3489583333333333 0.0203125 0.029166666666666667
1 0.03359375 0.253125 0.0328125 0.04791666666666667
1 0.0875 0.21145833333333333 0.0265625 0.029166666666666667
1 0.2171875 0.13958333333333334 0.0125 0.029166666666666667
1 0.27421875 0.38229166666666664 0.0234375 0.03333333333333333
1 0.39140625 0.7114583333333333 0.025 0.04375
1 0.41484375 0.740625 0.009375 0.016666666666666666
1 0.2796875 0.7260416666666667 0.0140625 0.01875
1 0.5 0.30104166666666665 0.034375 0.035416666666666666
1 0.440625 0.2989583333333333 0.0171875 0.022916666666666665
1 0.5828125 0.3072916666666667 0.021875 0.020833333333333332
1 0.08984375 0.9854166666666667 0.0203125 0.029166666666666667
1 0.009375 0.9270833333333334 0.01875 0.041666666666666664
1 0.0390625 0.9770833333333333 0.025 0.04583333333333333
1 0.10625 0.9239583333333333 0.0421875 0.04791666666666667
1 0.09296875 0.8114583333333333 0.0390625 0.035416666666666666
1 0.0578125 0.725 0.028125 0.058333333333333334
1 0.25625 0.615625 0.015625 0.01875
1 0.271875 0.56875 0.0515625 0.052083333333333336
1 0.26328125 0.475 0.1 0.11875
0 0.4875 0.20520833333333333 0.1 0.2604166666666667
0 0.56171875 0.434375 0.1390625 0.22291666666666668
1 0.93828125 0.7177083333333333 0.0234375 0.0375
0 0.4671875 0.9385416666666667 0.13125 0.12291666666666666
0 0.41171875 0.671875 0.25 0.23125
1 0.93671875 0.8166666666666667 0.0328125 0.035416666666666666
1 0.5359375 0.6447916666666667 0.028125 0.025
1 0.5140625 0.7770833333333333 0.0125 0.014583333333333334
1 0.4703125 0.753125 0.0234375 0.027083333333333334
1 0.53203125 0.7166666666666667 0.034375 0.035416666666666666
1 0.5875 0.40625 0.0265625 0.020833333333333332
1 0.47109375 0.6385416666666667 0.0109375 0.0125
1 0.34296875 0.603125 0.0171875 0.014583333333333334
1 0.44765625 0.56875 0.03125 0.0375
1 0.41171875 0.596875 0.028125 0.025
1 0.44375 0.46875 0.0421875 0.04375
1 0.7328125 0.4510416666666667 0.021875 0.03333333333333333
1 0.88671875 0.125 0.025 0.03125
1 0.67734375 0.49895833333333334 0.025 0.035416666666666666
1 0.95390625 0.22604166666666667 0.0078125 0.016666666666666666
1 0.81328125 0.9302083333333333 0.01875 0.029166666666666667
1 0.12734375 0.7822916666666667 0.021875 0.022916666666666665
1 0.12890625 0.240625 0.0125 0.020833333333333332
1 0.76171875 0.5645833333333333 0.028125 0.03333333333333333
1 0.74453125 0.6385416666666667 0.0171875 0.01875
1 0.7734375 0.6041666666666666 0.021875 0.027083333333333334
1 0.67421875 0.6791666666666667 0.015625 0.027083333333333334
1 0.7671875 0.7083333333333334 0.01875 0.022916666666666665