0 0.116796875 0.76875 0.171875 0.4625
1 0.932421875 0.7930555555555555 0.03671875 0.06527777777777778
1 0.61484375 0.2590277777777778 0.03203125 0.06388888888888888
1 0.546875 0.8944444444444445 0.01875 0.034722222222222224
1 0.740625 0.43819444444444444 0.015625 0.030555555555555555
1 0.215625 0.19375 0.025 0.034722222222222224
1 0.678125 0.8305555555555556 0.0390625 0.05
0 0.71171875 0.20972222222222223 0.1796875 0.41944444444444445
1 0.160546875 0.18472222222222223 0.0234375 0.041666666666666664
1 0.771875 0.6930555555555555 0.01796875 0.03194444444444444
1 0.734765625 0.9277777777777778 0.0171875 0.034722222222222224
1 0.61328125 0.9715277777777778 0.034375 0.05277777777777778
1 0.94609375 0.58125 0.0265625 0.041666666666666664
1 0.59765625 0.5708333333333333 0.01796875 0.034722222222222224
1 0.734375 0.7131944444444445 0.0265625 0.043055555555555555
0 0.678125 0.6208333333333333 0.078125 0.2777777777777778
1 0.921875 0.8770833333333333 0.03828125 0.11666666666666667
1 0.696875 0.53125 0.0234375 0.03611111111111111
1 0.165234375 0.8868055555555555 0.01875 0.04583333333333333
1 0.630078125 0.47152777777777777 0.02734375 0.04583333333333333
1 0.991015625 0.11805555555555555 0.01328125 0.034722222222222224
0 0.116015625 0.21666666666666667 0.23046875 0.39861111111111114
0 0.149609375 0.5118055555555555 0.11171875 0.43194444444444446
1 0.764453125 0.46875 0.0234375 0.04722222222222222
1 0.78359375 0.22430555555555556 0.02890625 0.043055555555555555
1 0.57578125 0.6055555555555555 0.02734375 0.0625
1 0.763671875 0.5340277777777778 0.04921875 0.06111111111111111
1 0.383203125 0.6006944444444444 0.03671875 0.09583333333333334
1 0.869921875 0.36875 0.03203125 0.04583333333333333
1 0.205078125 0.9166666666666666 0.01953125 0.027777777777777776
1 0.75 0.6284722222222222 0.0296875 0.06388888888888888
1 0.779296875 0.3013888888888889 0.0234375 0.03888888888888889
1 0.69921875 0.13541666666666666 0.028125 0.06388888888888888
1 0.215234375 0.4423611111111111 0.0171875 0.034722222222222224
1 0.248046875 0.84375 0.03359375 0.04861111111111111
1 0.414453125 0.6229166666666667 0.02265625 0.06944444444444445
1 0.50234375 0.9402777777777778 0.01484375 0.03333333333333333
0 0.125 0.08472222222222223 0.24765625 0.16805555555555557
0 0.67421875 0.9520833333333333 0.10390625 0.09444444444444444
1 0.87578125 0.8611111111111112 0.02109375 0.034722222222222224
1 0.71171875 0.6458333333333334 0.025 0.05694444444444444
1 0.9890625 0.9395833333333333 0.01796875 0.0375
1 0.940234375 0.4215277777777778 0.02265625 0.041666666666666664
1 0.248046875 0.23541666666666666 0.02109375 0.03333333333333333
1 0.2921875 0.6993055555555555 0.0296875 0.04583333333333333
0 0.128515625 0.9 0.17109375 0.19722222222222222
1 0.91796875 0.7493055555555556 0.01875 0.034722222222222224
0 0.730859375 0.7548611111111111 0.24453125 0.14444444444444443
1 0.25859375 0.34305555555555556 0.01875 0.03333333333333333
1 0.990234375 0.2881944444444444 0.0125 0.03194444444444444
1 0.415234375 0.8791666666666667 0.01328125 0.03194444444444444
1 0.8828125 0.5798611111111112 0.01953125 0.03333333333333333
1 0.833203125 0.7756944444444445 0.015625 0.027777777777777776
1 0.8625 0.9576388888888889 0.0234375 0.05
1 0.257421875 0.6034722222222222 0.01640625 0.029166666666666667
1 0.63828125 0.3472222222222222 0.01796875 0.034722222222222224
1 0.74453125 0.15208333333333332 0.0171875 0.03888888888888889
1 0.751171875 0.9555555555555556 0.01953125 0.04583333333333333
1 0.762890625 0.01875 0.01875 0.030555555555555555
1 0.98984375 0.6347222222222222 0.0140625 0.030555555555555555
1 0.9125 0.4125 0.01953125 0.041666666666666664
1 0.6203125 0.16597222222222222 0.0171875 0.034722222222222224
1 0.96328125 0.07013888888888889 0.02109375 0.02638888888888889
1 0.150390625 0.8583333333333333 0.0171875 0.041666666666666664
1 0.1171875 0.12083333333333333 0.01875 0.027777777777777776
1 0.8140625 0.5354166666666667 0.01640625 0.02361111111111111
1 0.956640625 0.5465277777777777 0.01796875 0.03333333333333333
1 0.945703125 0.49027777777777776 0.0140625 0.02361111111111111
1 0.856640625 0.7784722222222222 0.01953125 0.03611111111111111
1 0.462890625 0.4395833333333333 0.0140625 0.03194444444444444
1 0.569140625 0.4756944444444444 0.0171875 0.030555555555555555
1 0.276171875 0.8215277777777777 0.015625 0.029166666666666667
1 0.25 0.5104166666666666 0.015625 0.034722222222222224
1 0.7375 0.30625 0.0140625 0.029166666666666667
1 0.575 0.9236111111111112 0.0140625 0.025
1 0.16328125 0.8222222222222222 0.0171875 0.03194444444444444
1 0.73515625 0.6708333333333333 0.015625 0.018055555555555554
1 0.64765625 0.9819444444444444 0.0234375 0.02638888888888889
1 0.401953125 0.5409722222222222 0.0125 0.0375
1 0.18828125 0.8465277777777778 0.01171875 0.013888888888888888
1 0.007421875 0.39791666666666664 0.01484375 0.05
1 0.888671875 0.24583333333333332 0.01328125 0.02361111111111111
1 0.91015625 0.94375 0.01171875 0.020833333333333332
1 0.438671875 0.34652777777777777 0.01015625 0.025
1 0.233203125 0.3548611111111111 0.0109375 0.027777777777777776
1 0.725390625 0.9854166666666667 0.01171875 0.022222222222222223