1 0.70546875 0.15625 0.021875 0.03333333333333333
1 0.91328125 0.4041666666666667 0.0203125 0.016666666666666666
1 0.88359375 0.409375 0.025 0.03958333333333333
1 0.859375 0.45729166666666665 0.075 0.058333333333333334
1 0.796875 0.371875 0.0453125 0.0625
1 0.91015625 0.45 0.0296875 0.03958333333333333
1 0.99453125 0.6010416666666667 0.0109375 0.027083333333333334
1 0.8625 0.565625 0.0390625 0.035416666666666666
1 0.97421875 0.6697916666666667 0.0390625 0.0875
1 0.875 0.7833333333333333 0.0546875 0.0625
1 0.92421875 0.8458333333333333 0.0171875 0.016666666666666666
1 0.96015625 0.8416666666666667 0.0390625 0.04375
1 0.921875 0.9364583333333333 0.040625 0.03958333333333333
1 0.71875 0.8104166666666667 0.0453125 0.04791666666666667
1 0.28203125 0.3802083333333333 0.0328125 0.027083333333333334
1 0.20390625 0.46145833333333336 0.0375 0.03958333333333333
1 0.23359375 0.571875 0.0390625 0.029166666666666667
1 0.26015625 0.7645833333333333 0.028125 0.029166666666666667
1 0.02265625 0.840625 0.0203125 0.020833333333333332
1 0.028125 0.8989583333333333 0.0375 0.04583333333333333
1 0.178125 0.9375 0.0234375 0.025
1 0.5890625 0.8739583333333333 0.034375 0.03333333333333333
1 0.51015625 0.9833333333333333 0.0546875 0.03333333333333333
1 0.42890625 0.884375 0.028125 0.03333333333333333
1 0.434375 0.7895833333333333 0.0296875 0.052083333333333336
1 0.55078125 0.6895833333333333 0.06875 0.07083333333333333
1 0.75234375 0.6552083333333333 0.0796875 0.075
1 0.66796875 0.5885416666666666 0.0421875 0.04583333333333333
1 0.6203125 0.48541666666666666 0.01875 0.020833333333333332
1 0.6484375 0.4114583333333333 0.0171875 0.020833333333333332
1 0.64453125 0.30104166666666665 0.0171875 0.027083333333333334
1 0.56171875 0.06041666666666667 0.0125 0.016666666666666666
1 0.6625 0.09583333333333334 0.0125 0.0125
1 0.6 0.15833333333333333 0.05625 0.06458333333333334
1 0.3953125 0.08229166666666667 0.0515625 0.07083333333333333
1 0.31796875 0.015625 0.0203125 0.020833333333333332
1 0.428125 0.022916666666666665 0.040625 0.04583333333333333
1 0.85390625 0.234375 0.053125 0.04791666666666667
1 0.159375 0.48125 0.021875 0.04583333333333333
0 0.753125 0.20520833333333333 0.346875 0.32708333333333334
1 0.9875 0.32708333333333334 0.015625 0.022916666666666665
0 0.7609375 0.4354166666666667 0.2640625 0.42291666666666666
1 0.6796875 0.7052083333333333 0.015625 0.01875
0 0.6625 0.675 0.0671875 0.14583333333333334
0 0.65625 0.8822916666666667 0.140625 0.23541666666666666
1 0.3703125 0.8708333333333333 0.0125 0.010416666666666666
1 0.13046875 0.11770833333333333 0.015625 0.020833333333333332
1 0.9109375 0.03125 0.034375 0.05
1 0.8671875 0.026041666666666668 0.04375 0.052083333333333336
1 0.96171875 0.12083333333333333 0.0765625 0.10416666666666667
1 0.77890625 0.28854166666666664 0.01875 0.020833333333333332