1 0.929296875 0.15763888888888888 0.0453125 0.10138888888888889
1 0.95234375 0.26805555555555555 0.03515625 0.07222222222222222
1 0.865234375 0.16944444444444445 0.02109375 0.0375
1 0.28515625 0.5513888888888889 0.028125 0.04027777777777778
0 0.120703125 0.25972222222222224 0.16015625 0.5194444444444445
0 0.134765625 0.7034722222222223 0.26953125 0.19722222222222222
1 0.81796875 0.07222222222222222 0.03359375 0.07916666666666666
1 0.1421875 0.9618055555555556 0.0265625 0.05
1 0.585546875 0.1625 0.02265625 0.05555555555555555
1 0.2296875 0.2048611111111111 0.02890625 0.05416666666666667
0 0.691796875 0.7173611111111111 0.128125 0.4236111111111111
1 0.82109375 0.8847222222222222 0.0359375 0.04861111111111111
0 0.698046875 0.23819444444444443 0.15390625 0.47638888888888886
1 0.752734375 0.7229166666666667 0.01875 0.05694444444444444
1 0.9921875 0.3729166666666667 0.015625 0.04583333333333333
1 0.980859375 0.22013888888888888 0.02890625 0.05694444444444444
1 0.965625 0.9291666666666667 0.0203125 0.034722222222222224
1 0.910546875 0.11944444444444445 0.0171875 0.03194444444444444
1 0.3 0.21180555555555555 0.0171875 0.03333333333333333
1 0.315625 0.5340277777777778 0.015625 0.029166666666666667
0 0.684375 0.09861111111111111 0.19296875 0.18611111111111112
1 0.5703125 0.6805555555555556 0.02109375 0.041666666666666664
1 0.618359375 0.46875 0.03125 0.0625
1 0.691015625 0.0875 0.0109375 0.034722222222222224
1 0.125 0.24930555555555556 0.009375 0.02638888888888889
1 0.996484375 0.24861111111111112 0.00703125 0.018055555555555554
1 0.659765625 0.4965277777777778 0.0140625 0.015277777777777777
1 0.66171875 0.4722222222222222 0.0125 0.018055555555555554
0 0.70234375 0.3326388888888889 0.11640625 0.6652777777777777
1 0.97421875 0.5798611111111112 0.0140625 0.02638888888888889
1 0.733984375 0.6340277777777777 0.0125 0.018055555555555554
1 0.88125 0.9881944444444445 0.0125 0.020833333333333332
0 0.1109375 0.9041666666666667 0.221875 0.19166666666666668
1 0.725390625 0.9659722222222222 0.0203125 0.03888888888888889
1 0.746484375 0.6770833333333334 0.01171875 0.041666666666666664
1 0.153125 0.7652777777777777 0.01875 0.027777777777777776
1 0.65625 0.10347222222222222 0.01875 0.04027777777777778
1 0.971875 0.021527777777777778 0.0390625 0.043055555555555555
1 0.685546875 0.3680555555555556 0.0140625 0.03333333333333333
1 0.7 0.28680555555555554 0.02421875 0.044444444444444446
1 0.919921875 0.5451388888888888 0.0171875 0.05416666666666667
1 0.67890625 0.6111111111111112 0.02109375 0.0375
1 0.6875 0.4388888888888889 0.021875 0.044444444444444446
0 0.69140625 0.8076388888888889 0.11796875 0.38472222222222224
1 0.76328125 0.6395833333333333 0.02109375 0.044444444444444446
1 0.30625 0.475 0.034375 0.043055555555555555
1 0.6328125 0.8534722222222222 0.01875 0.05138888888888889
1 0.2234375 0.4201388888888889 0.0265625 0.04583333333333333
0 0.1109375 0.10208333333333333 0.2109375 0.2
1 0.964453125 0.4201388888888889 0.0265625 0.05
1 0.970703125 0.7479166666666667 0.01875 0.03611111111111111
1 0.3375 0.19166666666666668 0.0328125 0.07777777777777778
1 0.15234375 0.3347222222222222 0.03046875 0.04583333333333333
1 0.58828125 0.8131944444444444 0.0296875 0.07083333333333333
1 0.963671875 0.8375 0.021875 0.03611111111111111
1 0.717578125 0.6826388888888889 0.01171875 0.03888888888888889
0 0.673828125 0.9263888888888889 0.0765625 0.14722222222222223
0 0.619921875 0.0798611111111111 0.06875 0.15555555555555556
1 0.898828125 0.25833333333333336 0.02421875 0.058333333333333334
1 0.615625 0.6333333333333333 0.03046875 0.059722222222222225