1 0.563671875 0.26180555555555557 0.0234375 0.04027777777777778
0 0.66171875 0.4375 0.16640625 0.47638888888888886
0 0.7265625 0.19930555555555557 0.31953125 0.2986111111111111
0 0.6875 0.019444444444444445 0.0390625 0.03888888888888889
0 0.069921875 0.09513888888888888 0.1140625 0.19027777777777777
0 0.10078125 0.2263888888888889 0.2015625 0.29583333333333334
0 0.09921875 0.3972222222222222 0.17421875 0.4236111111111111
0 0.083203125 0.5527777777777778 0.15625 0.41944444444444445
0 0.09921875 0.8680555555555556 0.1984375 0.24583333333333332
0 0.157421875 0.9729166666666667 0.03984375 0.05416666666666667
1 0.51328125 0.36527777777777776 0.05 0.08055555555555556
1 0.529296875 0.4965277777777778 0.028125 0.06111111111111111
1 0.5078125 0.5368055555555555 0.01328125 0.027777777777777776
1 0.18203125 0.07569444444444444 0.01953125 0.027777777777777776
1 0.23828125 0.4909722222222222 0.01953125 0.04722222222222222
1 0.273828125 0.49375 0.02109375 0.03194444444444444
1 0.253515625 0.6027777777777777 0.03359375 0.07777777777777778
1 0.3421875 0.5930555555555556 0.02109375 0.03611111111111111
1 0.33671875 0.6243055555555556 0.0125 0.019444444444444445
1 0.422265625 0.6444444444444445 0.01328125 0.025
1 0.171484375 0.41388888888888886 0.0234375 0.041666666666666664
1 0.241015625 0.34375 0.01171875 0.025
1 0.281640625 0.3236111111111111 0.0296875 0.05277777777777778
1 0.313671875 0.3090277777777778 0.034375 0.05416666666666667
1 0.430078125 0.20069444444444445 0.028125 0.05138888888888889
1 0.63203125 0.2465277777777778 0.01875 0.043055555555555555
1 0.655078125 0.2125 0.01484375 0.025
1 0.455078125 0.12291666666666666 0.01328125 0.022222222222222223
1 0.50859375 0.13541666666666666 0.01796875 0.04027777777777778
1 0.573828125 0.027777777777777776 0.0390625 0.05555555555555555
1 0.61796875 0.11458333333333333 0.01640625 0.03611111111111111
1 0.735546875 0.011111111111111112 0.01796875 0.022222222222222223
1 0.894921875 0.03263888888888889 0.0203125 0.041666666666666664
1 0.913671875 0.04652777777777778 0.01953125 0.03611111111111111
1 0.940234375 0.09444444444444444 0.028125 0.04027777777777778
1 0.728515625 0.2152777777777778 0.025 0.04027777777777778
1 0.810546875 0.2881944444444444 0.01875 0.030555555555555555
1 0.767578125 0.36527777777777776 0.01640625 0.022222222222222223
1 0.731640625 0.41597222222222224 0.0125 0.013888888888888888
1 0.084765625 0.0375 0.0203125 0.03333333333333333
1 0.606640625 0.9930555555555556 0.0171875 0.013888888888888888
1 0.251171875 0.9868055555555556 0.01484375 0.02638888888888889
1 0.15 0.8416666666666667 0.0125 0.018055555555555554
1 0.057421875 0.9888888888888889 0.01953125 0.022222222222222223
1 0.9078125 0.08194444444444444 0.00859375 0.013888888888888888
1 0.86875 0.044444444444444446 0.009375 0.025
1 0.16875 0.19583333333333333 0.015625 0.015277777777777777
1 0.15625 0.15069444444444444 0.0140625 0.03333333333333333
1 0.065625 0.3236111111111111 0.02578125 0.058333333333333334
1 0.08203125 0.49236111111111114 0.0171875 0.0375
1 0.123828125 0.60625 0.01640625 0.0375
1 0.053125 0.5493055555555556 0.0515625 0.08194444444444444
1 0.0734375 0.7375 0.03515625 0.06388888888888888
1 0.153515625 0.6534722222222222 0.0203125 0.044444444444444446
1 0.283203125 0.7673611111111112 0.01484375 0.02638888888888889
1 0.18203125 0.8694444444444445 0.01796875 0.03194444444444444
1 0.215625 0.89375 0.01640625 0.022222222222222223
1 0.13515625 0.9090277777777778 0.01484375 0.034722222222222224
1 0.161328125 0.9104166666666667 0.02734375 0.04027777777777778
1 0.51875 0.8680555555555556 0.015625 0.027777777777777776
1 0.49921875 0.8555555555555555 0.01171875 0.02638888888888889
1 0.458203125 0.8819444444444444 0.034375 0.05555555555555555
1 0.97578125 0.5048611111111111 0.015625 0.030555555555555555
1 0.8703125 0.6819444444444445 0.00859375 0.018055555555555554
1 0.816796875 0.9618055555555556 0.01875 0.03194444444444444
1 0.96328125 0.8673611111111111 0.01640625 0.0375
1 0.910546875 0.7708333333333334 0.009375 0.016666666666666666
1 0.83515625 0.7604166666666666 0.0203125 0.034722222222222224
1 0.796484375 0.8 0.03125 0.09305555555555556
1 0.855859375 0.8090277777777778 0.0125 0.022222222222222223
0 0.644140625 0.9722222222222222 0.02890625 0.05555555555555555
0 0.61640625 0.85 0.22890625 0.3
0 0.681640625 0.6729166666666667 0.08515625 0.48055555555555557