1 0.52890625 0.27708333333333335 0.0171875 0.027083333333333334
1 0.2703125 0.859375 0.034375 0.029166666666666667
1 0.35234375 0.4354166666666667 0.0203125 0.025
1 0.696875 0.4197916666666667 0.01875 0.029166666666666667
1 0.321875 0.26458333333333334 0.0171875 0.025
1 0.74765625 0.91875 0.0140625 0.035416666666666666
1 0.3703125 0.6822916666666666 0.015625 0.020833333333333332
1 0.2453125 0.6854166666666667 0.0140625 0.020833333333333332
1 0.81484375 0.08854166666666667 0.05 0.05
1 0.2921875 0.071875 0.015625 0.020833333333333332
0 0.5359375 0.3645833333333333 0.1984375 0.08333333333333333
0 0.55 0.8895833333333333 0.084375 0.22083333333333333
1 0.36875 0.14895833333333333 0.034375 0.035416666666666666
0 0.56875 0.6697916666666667 0.11875 0.46875
0 0.55703125 0.096875 0.2609375 0.19375
1 0.475 0.8197916666666667 0.015625 0.016666666666666666
1 0.4796875 0.7208333333333333 0.0546875 0.052083333333333336
1 0.34609375 0.64375 0.01875 0.01875
1 0.4640625 0.5916666666666667 0.0265625 0.022916666666666665
1 0.28828125 0.7375 0.0375 0.041666666666666664
1 0.2671875 0.5739583333333333 0.0203125 0.025
1 0.33984375 0.48125 0.0328125 0.04583333333333333
1 0.321875 0.5260416666666666 0.021875 0.01875
1 0.4671875 0.4625 0.0375 0.04375
1 0.61171875 0.68125 0.0171875 0.029166666666666667
1 0.66328125 0.925 0.0234375 0.027083333333333334
1 0.7375 0.790625 0.025 0.025
1 0.6359375 0.5114583333333333 0.015625 0.025