1 0.621875 0.8048611111111111 0.03359375 0.03611111111111111
0 0.091015625 0.3972222222222222 0.1765625 0.4527777777777778
0 0.18671875 0.6027777777777777 0.22109375 0.22916666666666666
0 0.084765625 0.8777777777777778 0.16953125 0.24444444444444444
0 0.798046875 0.08958333333333333 0.07890625 0.17916666666666667
0 0.703125 0.4986111111111111 0.1171875 0.5486111111111112
0 0.726953125 0.6229166666666667 0.13984375 0.48194444444444445
0 0.7359375 0.9131944444444444 0.19375 0.17083333333333334
1 0.487890625 0.4305555555555556 0.01796875 0.04861111111111111
1 0.5625 0.24097222222222223 0.0171875 0.05138888888888889
1 0.66015625 0.09097222222222222 0.0328125 0.06388888888888888
1 0.65703125 0.19027777777777777 0.021875 0.05694444444444444
1 0.737109375 0.21388888888888888 0.02265625 0.030555555555555555
1 0.80078125 0.5881944444444445 0.0140625 0.04583333333333333
1 0.825390625 0.6236111111111111 0.040625 0.043055555555555555
1 0.958203125 0.5347222222222222 0.02265625 0.03194444444444444
1 0.560546875 0.5326388888888889 0.025 0.059722222222222225
1 0.553125 0.7319444444444444 0.015625 0.03194444444444444
1 0.550390625 0.89375 0.0171875 0.03194444444444444
1 0.44765625 0.9041666666666667 0.025 0.05277777777777778
1 0.45 0.8090277777777778 0.021875 0.03333333333333333
1 0.1125 0.6784722222222223 0.05390625 0.05277777777777778
1 0.126953125 0.18125 0.025 0.03611111111111111
1 0.891796875 0.34444444444444444 0.0140625 0.03194444444444444
1 0.8890625 0.88125 0.009375 0.027777777777777776
1 0.969140625 0.9805555555555555 0.02109375 0.025
1 0.67578125 0.8819444444444444 0.03359375 0.05138888888888889
1 0.4984375 0.03125 0.02265625 0.05555555555555555
1 0.2203125 0.40069444444444446 0.0203125 0.044444444444444446
1 0.6359375 0.34305555555555556 0.015625 0.027777777777777776
1 0.740625 0.39444444444444443 0.0140625 0.027777777777777776
1 0.74375 0.5854166666666667 0.0203125 0.03333333333333333