1 0.4921875 0.7131944444444445 0.02578125 0.05138888888888889
1 0.51796875 0.7131944444444445 0.03203125 0.05555555555555555
1 0.458203125 0.4875 0.015625 0.019444444444444445
1 0.521875 0.5513888888888889 0.0140625 0.030555555555555555
1 0.571484375 0.5131944444444444 0.05703125 0.06388888888888888
1 0.079296875 0.24722222222222223 0.04765625 0.05694444444444444
1 0.690625 0.6902777777777778 0.0140625 0.030555555555555555
1 0.701171875 0.4173611111111111 0.03125 0.03611111111111111
1 0.769140625 0.44166666666666665 0.0390625 0.04027777777777778
1 0.1546875 0.8173611111111111 0.02890625 0.06388888888888888
1 0.455078125 0.1840277777777778 0.015625 0.03333333333333333
1 0.587890625 0.9020833333333333 0.015625 0.03611111111111111
1 0.6828125 0.2534722222222222 0.03828125 0.058333333333333334
1 0.5 0.36319444444444443 0.01796875 0.044444444444444446
1 0.1921875 0.6395833333333333 0.0203125 0.03194444444444444
1 0.816796875 0.05694444444444444 0.03359375 0.06111111111111111
1 0.76484375 0.3020833333333333 0.0640625 0.13472222222222222
1 0.4484375 0.8916666666666667 0.025 0.04583333333333333
1 0.2390625 0.8340277777777778 0.021875 0.0625
1 0.541015625 0.041666666666666664 0.02421875 0.04027777777777778
1 0.486328125 0.11805555555555555 0.025 0.03333333333333333
1 0.486328125 0.22013888888888888 0.04296875 0.059722222222222225
1 0.759765625 0.8763888888888889 0.03828125 0.05555555555555555
1 0.816796875 0.8125 0.01796875 0.044444444444444446
1 0.969921875 0.84375 0.02265625 0.043055555555555555
1 0.808203125 0.56875 0.01875 0.05694444444444444
1 0.95078125 0.6013888888888889 0.01796875 0.0375
1 0.962890625 0.40208333333333335 0.07109375 0.1763888888888889
1 0.883203125 0.7138888888888889 0.02734375 0.07083333333333333
1 0.767578125 0.7326388888888888 0.0203125 0.05555555555555555
1 0.7328125 0.6868055555555556 0.04765625 0.23333333333333334
1 0.6 0.7215277777777778 0.02421875 0.059722222222222225
1 0.56640625 0.7159722222222222 0.02734375 0.059722222222222225
0 0.0921875 0.2298611111111111 0.18359375 0.14027777777777778
0 0.0921875 0.3909722222222222 0.184375 0.1736111111111111
0 0.11171875 0.725 0.1546875 0.4625
0 0.0828125 0.9201388888888888 0.165625 0.1527777777777778
0 0.67265625 0.20069444444444445 0.13359375 0.39444444444444443
0 0.598828125 0.3034722222222222 0.13203125 0.5402777777777777
0 0.6453125 0.4673611111111111 0.28046875 0.18888888888888888
0 0.664453125 0.6888888888888889 0.103125 0.34444444444444444
0 0.683203125 0.9076388888888889 0.140625 0.17777777777777778
1 0.194140625 0.07013888888888889 0.021875 0.058333333333333334
1 0.200390625 0.12152777777777778 0.01796875 0.019444444444444445
1 0.471484375 0.6180555555555556 0.025 0.04583333333333333
1 0.533984375 0.625 0.021875 0.03194444444444444