1 0.60546875 0.36354166666666665 0.0234375 0.020833333333333332
1 0.99453125 0.4041666666666667 0.0109375 0.027083333333333334
0 0.4625 0.990625 0.0203125 0.01875
0 0.39296875 0.878125 0.3265625 0.24166666666666667
0 0.43203125 0.5020833333333333 0.1453125 0.5875
0 0.52734375 0.3104166666666667 0.3109375 0.31875
0 0.3640625 0.08541666666666667 0.3890625 0.17083333333333334
1 0.3953125 0.54375 0.0125 0.025
1 0.35390625 0.6135416666666667 0.015625 0.025
1 0.02578125 0.7302083333333333 0.01875 0.020833333333333332
1 0.0625 0.240625 0.0140625 0.022916666666666665
1 0.3390625 0.40208333333333335 0.0140625 0.03125
1 0.29140625 0.9385416666666667 0.040625 0.03125
1 0.30546875 0.9083333333333333 0.0328125 0.03125
1 0.328125 0.8645833333333334 0.04375 0.0625
1 0.34921875 0.9885416666666667 0.028125 0.022916666666666665
1 0.4671875 0.55 0.0140625 0.029166666666666667
1 0.6140625 0.6989583333333333 0.0265625 0.016666666666666666
1 0.6046875 0.6635416666666667 0.0484375 0.052083333333333336
1 0.790625 0.540625 0.015625 0.01875
1 0.85390625 0.5364583333333334 0.0140625 0.022916666666666665
1 0.89765625 0.5520833333333334 0.0234375 0.035416666666666666
1 0.89609375 0.6052083333333333 0.0234375 0.027083333333333334
1 0.88359375 0.6510416666666666 0.0203125 0.029166666666666667
1 0.8234375 0.646875 0.0328125 0.035416666666666666
1 0.81875 0.6875 0.028125 0.03125
1 0.7609375 0.7677083333333333 0.0234375 0.027083333333333334
1 0.6703125 0.703125 0.021875 0.025
1 0.68203125 0.6010416666666667 0.028125 0.0375
1 0.88671875 0.584375 0.0125 0.014583333333333334
1 0.90390625 0.590625 0.0140625 0.0125
1 0.8234375 0.803125 0.0140625 0.016666666666666666
1 0.8640625 0.86875 0.015625 0.01875
1 0.84609375 0.9052083333333333 0.046875 0.0625
1 0.86015625 0.9458333333333333 0.0234375 0.01875
1 0.740625 0.81875 0.0125 0.014583333333333334
1 0.1 0.184375 0.0390625 0.052083333333333336
1 0.3109375 0.38333333333333336 0.0546875 0.058333333333333334
1 0.30859375 0.47604166666666664 0.06875 0.06875
1 0.31484375 0.5322916666666667 0.034375 0.020833333333333332
1 0.46171875 0.678125 0.028125 0.03333333333333333
1 0.4671875 0.7291666666666666 0.03125 0.0375
1 0.6140625 0.4635416666666667 0.0234375 0.035416666666666666
1 0.75078125 0.321875 0.01875 0.025
1 0.87421875 0.16041666666666668 0.0140625 0.01875
1 0.81796875 0.15 0.0484375 0.08958333333333333
1 0.82890625 0.028125 0.0171875 0.01875
1 0.73671875 0.014583333333333334 0.0234375 0.025
1 0.5625 0.027083333333333334 0.028125 0.0375
1 0.29765625 0.057291666666666664 0.0296875 0.025
1 0.5625 0.6364583333333333 0.0640625 0.05416666666666667
1 0.334375 0.010416666666666666 0.034375 0.020833333333333332
1 0.70390625 0.35 0.0265625 0.03958333333333333
1 0.59609375 0.2677083333333333 0.0296875 0.04375
1 0.5890625 0.30833333333333335 0.0375 0.027083333333333334
1 0.64375 0.3260416666666667 0.0578125 0.05
1 0.67890625 0.32916666666666666 0.01875 0.025
1 0.73359375 0.3614583333333333 0.0140625 0.020833333333333332