0 0.3203125 0.13645833333333332 0.1515625 0.2604166666666667
0 0.38046875 0.3458333333333333 0.1984375 0.11458333333333333
0 0.378125 0.6427083333333333 0.28125 0.23333333333333334
0 0.41015625 0.8802083333333334 0.20625 0.17916666666666667
1 0.1203125 0.6979166666666666 0.0421875 0.05416666666666667
1 0.21796875 0.7 0.046875 0.03958333333333333
1 0.284375 0.784375 0.0296875 0.03333333333333333
1 0.29765625 0.828125 0.0265625 0.04583333333333333
1 0.5265625 0.8239583333333333 0.0296875 0.025
1 0.56640625 0.8541666666666666 0.0234375 0.041666666666666664
1 0.63046875 0.7458333333333333 0.0609375 0.035416666666666666
1 0.6515625 0.6677083333333333 0.0296875 0.035416666666666666
1 0.57421875 0.60625 0.04375 0.041666666666666664
1 0.61015625 0.49166666666666664 0.028125 0.0375
1 0.58671875 0.275 0.034375 0.08541666666666667
1 0.609375 0.21458333333333332 0.0234375 0.029166666666666667
1 0.653125 0.16354166666666667 0.0234375 0.029166666666666667
1 0.57734375 0.08229166666666667 0.0234375 0.025
1 0.44453125 0.019791666666666666 0.059375 0.03125
1 0.55703125 0.028125 0.0125 0.020833333333333332
1 0.69296875 0.041666666666666664 0.0484375 0.03333333333333333
1 0.47578125 0.14166666666666666 0.059375 0.03333333333333333
1 0.409375 0.475 0.0234375 0.027083333333333334
1 0.4765625 0.45416666666666666 0.0171875 0.01875
1 0.62890625 0.9791666666666666 0.034375 0.041666666666666664
1 0.70234375 0.815625 0.0234375 0.041666666666666664
1 0.85234375 0.7822916666666667 0.025 0.027083333333333334
1 0.53046875 0.653125 0.021875 0.04791666666666667
1 0.24453125 0.8541666666666666 0.0328125 0.03958333333333333
1 0.13671875 0.821875 0.0375 0.029166666666666667
1 0.1625 0.8489583333333334 0.0140625 0.025
1 0.534375 0.9458333333333333 0.03125 0.0375
1 0.46640625 0.28020833333333334 0.0453125 0.04375
1 0.29609375 0.23541666666666666 0.0296875 0.03333333333333333
1 0.23515625 0.340625 0.0234375 0.03333333333333333
1 0.1859375 0.509375 0.0234375 0.020833333333333332
1 0.00859375 0.5416666666666666 0.015625 0.020833333333333332
1 0.86328125 0.2604166666666667 0.0140625 0.027083333333333334
1 0.59296875 0.17083333333333334 0.0140625 0.01875
1 0.58359375 0.9885416666666667 0.0296875 0.022916666666666665
1 0.33984375 0.46041666666666664 0.01875 0.03958333333333333
1 0.203125 0.2989583333333333 0.01875 0.020833333333333332
1 0.053125 0.22083333333333333 0.0328125 0.01875
1 0.45 0.803125 0.025 0.029166666666666667
1 0.53828125 0.7760416666666666 0.0203125 0.025
1 0.47265625 0.671875 0.0171875 0.029166666666666667