1 0.569921875 0.35694444444444445 0.028125 0.07777777777777778
0 0.68515625 0.4076388888888889 0.3703125 0.11944444444444445
0 0.721484375 0.7013888888888888 0.296875 0.4125
1 0.553125 0.4895833333333333 0.0203125 0.03333333333333333
1 0.63984375 0.90625 0.02421875 0.05
1 0.1921875 0.9701388888888889 0.0140625 0.03888888888888889
1 0.26875 0.16458333333333333 0.01328125 0.02361111111111111
1 0.209765625 0.2548611111111111 0.025 0.030555555555555555
1 0.0625 0.16180555555555556 0.0296875 0.06805555555555555
1 0.248828125 0.4111111111111111 0.02265625 0.04027777777777778
1 0.217578125 0.9222222222222223 0.04296875 0.06805555555555555
1 0.805078125 0.19930555555555557 0.0171875 0.027777777777777776
1 0.69375 0.08472222222222223 0.02578125 0.030555555555555555
1 0.71640625 0.04791666666666667 0.02109375 0.03888888888888889
1 0.68125 0.03125 0.04296875 0.05138888888888889
1 0.47734375 0.8847222222222222 0.01328125 0.025
1 0.478515625 0.9743055555555555 0.025 0.04861111111111111
1 0.426171875 0.9638888888888889 0.0296875 0.04861111111111111
1 0.319140625 0.7798611111111111 0.0515625 0.08472222222222223
1 0.4796875 0.6597222222222222 0.0171875 0.0375
1 0.44921875 0.6847222222222222 0.015625 0.030555555555555555
1 0.4390625 0.78125 0.01171875 0.027777777777777776
1 0.3921875 0.5409722222222222 0.0140625 0.030555555555555555
1 0.461328125 0.35555555555555557 0.01484375 0.020833333333333332
1 0.437890625 0.36875 0.0203125 0.02638888888888889
1 0.3921875 0.16527777777777777 0.03203125 0.043055555555555555
1 0.494140625 0.20625 0.1296875 0.18472222222222223
1 0.41015625 0.022222222222222223 0.0578125 0.04027777777777778
1 0.48203125 0.05694444444444444 0.08828125 0.11388888888888889
1 0.57109375 0.9708333333333333 0.03359375 0.058333333333333334
1 0.537890625 0.9256944444444445 0.03984375 0.11388888888888889
1 0.5984375 0.875 0.04921875 0.12638888888888888
1 0.580078125 0.6833333333333333 0.05 0.05555555555555555
1 0.7796875 0.4583333333333333 0.02578125 0.03611111111111111
1 0.86484375 0.41180555555555554 0.065625 0.05277777777777778
1 0.620703125 0.5375 0.03203125 0.0375
1 0.526953125 0.5090277777777777 0.0296875 0.08333333333333333
1 0.510546875 0.6201388888888889 0.02265625 0.043055555555555555
1 0.50703125 0.7 0.0203125 0.04583333333333333
1 0.512890625 0.7930555555555555 0.09765625 0.12222222222222222
1 0.7734375 0.86875 0.02109375 0.027777777777777776
1 0.8578125 0.9194444444444444 0.015625 0.030555555555555555
1 0.821875 0.8777777777777778 0.0296875 0.06805555555555555
1 0.78125 0.9430555555555555 0.03515625 0.03611111111111111
1 0.884765625 0.7583333333333333 0.0203125 0.03888888888888889
1 0.848828125 0.7930555555555555 0.0203125 0.04027777777777778
1 0.88515625 0.6083333333333333 0.0171875 0.030555555555555555
1 0.855859375 0.6229166666666667 0.0203125 0.05555555555555555
1 0.8625 0.56875 0.02421875 0.05
1 0.81171875 0.5194444444444445 0.0203125 0.09027777777777778
1 0.737109375 0.8527777777777777 0.02109375 0.03888888888888889
1 0.886328125 0.9861111111111112 0.03671875 0.025
1 0.915625 0.8604166666666667 0.02578125 0.0375
1 0.88046875 0.9201388888888888 0.021875 0.05277777777777778
1 0.989453125 0.9708333333333333 0.0140625 0.019444444444444445
1 0.969140625 0.9368055555555556 0.025 0.05555555555555555
1 0.9921875 0.7673611111111112 0.015625 0.03194444444444444
1 0.92109375 0.7104166666666667 0.02265625 0.05694444444444444
1 0.99140625 0.27361111111111114 0.0140625 0.025
1 0.9875 0.2298611111111111 0.015625 0.030555555555555555
1 0.987890625 0.3819444444444444 0.01328125 0.05
1 0.967578125 0.4986111111111111 0.06171875 0.08055555555555556
1 0.993359375 0.044444444444444446 0.01328125 0.03194444444444444
1 0.96953125 0.034027777777777775 0.0203125 0.03611111111111111
1 0.92265625 0.0798611111111111 0.0703125 0.14166666666666666
1 0.87265625 0.08958333333333333 0.03203125 0.06527777777777778
1 0.831640625 0.10416666666666667 0.02578125 0.04861111111111111
1 0.8328125 0.04027777777777778 0.01796875 0.058333333333333334
1 0.866796875 0.3215277777777778 0.03828125 0.03888888888888889
1 0.751171875 0.6597222222222222 0.02265625 0.04861111111111111
1 0.70234375 0.6583333333333333 0.0390625 0.044444444444444446
1 0.721484375 0.5916666666666667 0.046875 0.08888888888888889
1 0.75625 0.12430555555555556 0.02265625 0.043055555555555555
1 0.7734375 0.30625 0.02265625 0.05555555555555555
1 0.725390625 0.3472222222222222 0.03515625 0.044444444444444446
1 0.6328125 0.34791666666666665 0.06796875 0.075
1 0.50390625 0.4 0.06015625 0.09583333333333334
1 0.457421875 0.4875 0.0171875 0.04027777777777778
1 0.387109375 0.6520833333333333 0.02421875 0.06388888888888888
0 0.146484375 0.9145833333333333 0.07578125 0.17083333333333334
0 0.12421875 0.7638888888888888 0.2484375 0.4722222222222222
0 0.1234375 0.48055555555555557 0.2 0.2361111111111111
0 0.11015625 0.2951388888888889 0.21796875 0.1527777777777778
0 0.088671875 0.13055555555555556 0.13671875 0.2569444444444444
0 0.672265625 0.8472222222222222 0.23046875 0.3055555555555556
0 0.622265625 0.16319444444444445 0.2828125 0.3263888888888889
0 0.683203125 0.10833333333333334 0.125 0.20972222222222223