1 0.691015625 0.8708333333333333 0.021875 0.04027777777777778
1 0.09609375 0.46041666666666664 0.028125 0.05277777777777778
1 0.112890625 0.9736111111111111 0.02421875 0.034722222222222224
1 0.621484375 0.8784722222222222 0.01875 0.030555555555555555
1 0.60546875 0.5395833333333333 0.025 0.06805555555555555
1 0.474609375 0.8243055555555555 0.0203125 0.02638888888888889
1 0.190625 0.4083333333333333 0.02109375 0.03611111111111111
0 0.617578125 0.7381944444444445 0.125 0.5027777777777778
0 0.60703125 0.47430555555555554 0.165625 0.4041666666666667
0 0.596484375 0.12222222222222222 0.23515625 0.2375
0 0.1109375 0.9118055555555555 0.08828125 0.16944444444444445
0 0.064453125 0.7291666666666666 0.12421875 0.5263888888888889
0 0.063671875 0.2638888888888889 0.12734375 0.4083333333333333
0 0.063671875 0.04375 0.12734375 0.08055555555555556
1 0.0234375 0.5798611111111112 0.01953125 0.0375
1 0.973046875 0.20694444444444443 0.03046875 0.07083333333333333
1 0.94375 0.18472222222222223 0.01328125 0.05
1 0.914453125 0.14652777777777778 0.0296875 0.07083333333333333
1 0.81484375 0.2048611111111111 0.02109375 0.05416666666666667
1 0.732421875 0.5590277777777778 0.03046875 0.05138888888888889
1 0.673046875 0.022222222222222223 0.01875 0.029166666666666667
1 0.670703125 0.08194444444444444 0.01953125 0.03611111111111111
1 0.6671875 0.3229166666666667 0.0578125 0.09861111111111111
1 0.66953125 0.41597222222222224 0.05078125 0.07222222222222222
1 0.6796875 0.55 0.0203125 0.04861111111111111
1 0.575 0.7777777777777778 0.040625 0.0375
1 0.638671875 0.8347222222222223 0.025 0.044444444444444446
1 0.730078125 0.8326388888888889 0.0171875 0.03333333333333333
1 0.69140625 0.7888888888888889 0.01796875 0.044444444444444446
1 0.990234375 0.9055555555555556 0.01953125 0.04583333333333333
1 0.914453125 0.9159722222222222 0.04765625 0.09583333333333334
1 0.8734375 0.9243055555555556 0.02109375 0.02638888888888889
1 0.84453125 0.9388888888888889 0.01796875 0.034722222222222224
1 0.76484375 0.9868055555555556 0.06171875 0.02638888888888889
1 0.798046875 0.93125 0.01875 0.030555555555555555
1 0.76953125 0.8777777777777778 0.01796875 0.03333333333333333
1 0.7828125 0.7972222222222223 0.0484375 0.08888888888888889
1 0.810546875 0.6465277777777778 0.03671875 0.07083333333333333
1 0.90078125 0.6291666666666667 0.05390625 0.058333333333333334
1 0.8 0.55625 0.03671875 0.0763888888888889
1 0.818359375 0.4840277777777778 0.046875 0.04722222222222222
1 0.90078125 0.46041666666666664 0.040625 0.09027777777777778
1 0.863671875 0.22291666666666668 0.0203125 0.05694444444444444
1 0.765234375 0.2611111111111111 0.03984375 0.075
1 0.691015625 0.18888888888888888 0.0546875 0.13194444444444445
1 0.9078125 0.014583333333333334 0.0140625 0.020833333333333332
1 0.802734375 0.022222222222222223 0.02421875 0.03888888888888889
1 0.848828125 0.11944444444444445 0.04921875 0.07222222222222222
1 0.766796875 0.13194444444444445 0.06953125 0.14305555555555555
1 0.734375 0.9444444444444444 0.02265625 0.04861111111111111
1 0.696484375 0.9361111111111111 0.03203125 0.09027777777777778
1 0.629296875 0.9638888888888889 0.0453125 0.06388888888888888
1 0.655078125 0.9229166666666667 0.05 0.09861111111111111
1 0.175390625 0.6173611111111111 0.0265625 0.05
1 0.1984375 0.5583333333333333 0.025 0.04027777777777778
1 0.1640625 0.2423611111111111 0.028125 0.04583333333333333
1 0.12421875 0.3472222222222222 0.021875 0.043055555555555555
1 0.08125 0.19722222222222222 0.05546875 0.0625
1 0.10078125 0.11527777777777778 0.06015625 0.06527777777777778
1 0.173828125 0.05416666666666667 0.046875 0.0625
1 0.173046875 0.16527777777777777 0.0484375 0.0763888888888889
1 0.240625 0.1909722222222222 0.040625 0.07222222222222222
1 0.296875 0.19375 0.02265625 0.03611111111111111
1 0.234375 0.38333333333333336 0.0359375 0.04583333333333333
1 0.1921875 0.8805555555555555 0.01015625 0.025
1 0.215625 0.8791666666666667 0.02109375 0.03194444444444444
1 0.34296875 0.9 0.0203125 0.041666666666666664
1 0.216796875 0.79375 0.02890625 0.07083333333333333
1 0.209765625 0.7194444444444444 0.0359375 0.05416666666666667
1 0.215234375 0.65 0.04140625 0.04722222222222222
1 0.278125 0.6013888888888889 0.02734375 0.05694444444444444
1 0.282421875 0.5013888888888889 0.0484375 0.07916666666666666
1 0.30390625 0.4152777777777778 0.0609375 0.09583333333333334