1 0.48984375 0.7270833333333333 0.028125 0.06041666666666667
1 0.03046875 0.8489583333333334 0.021875 0.0375
1 0.11953125 0.49375 0.015625 0.022916666666666665
1 0.77734375 0.121875 0.021875 0.027083333333333334
1 0.89375 0.08541666666666667 0.015625 0.035416666666666666
1 0.81796875 0.21458333333333332 0.015625 0.03958333333333333
1 0.80546875 0.29791666666666666 0.015625 0.035416666666666666
1 0.86171875 0.4270833333333333 0.028125 0.04791666666666667
1 0.48984375 0.6541666666666667 0.021875 0.029166666666666667
1 0.86640625 0.6427083333333333 0.0234375 0.035416666666666666
1 0.13671875 0.8083333333333333 0.0265625 0.01875
1 0.08671875 0.12604166666666666 0.028125 0.020833333333333332
1 0.05625 0.18020833333333333 0.015625 0.03333333333333333
1 0.04375 0.20416666666666666 0.0171875 0.022916666666666665
1 0.0171875 0.3 0.034375 0.04791666666666667
1 0.10390625 0.15625 0.040625 0.03333333333333333
1 0.1671875 0.159375 0.01875 0.020833333333333332
1 0.1625 0.21770833333333334 0.0296875 0.022916666666666665
1 0.23515625 0.234375 0.0828125 0.07291666666666667
1 0.184375 0.3229166666666667 0.0375 0.05416666666666667
1 0.2296875 0.33541666666666664 0.040625 0.041666666666666664
1 0.14453125 0.384375 0.015625 0.03333333333333333
1 0.27734375 0.3854166666666667 0.028125 0.020833333333333332
1 0.303125 0.3958333333333333 0.0109375 0.010416666666666666
1 0.2984375 0.6572916666666667 0.028125 0.020833333333333332
1 0.34453125 0.6416666666666667 0.01875 0.022916666666666665
1 0.34921875 0.7052083333333333 0.025 0.03958333333333333
1 0.359375 0.81875 0.0234375 0.04583333333333333
1 0.36640625 0.8822916666666667 0.0203125 0.027083333333333334
1 0.31953125 0.946875 0.040625 0.03125
1 0.3875 0.9916666666666667 0.028125 0.016666666666666666
1 0.20703125 0.9260416666666667 0.0171875 0.020833333333333332
1 0.50859375 0.9291666666666667 0.071875 0.07291666666666667
1 0.596875 0.903125 0.0296875 0.029166666666666667
1 0.6484375 0.9791666666666666 0.03125 0.029166666666666667
1 0.7 0.93125 0.034375 0.04583333333333333
1 0.775 0.9010416666666666 0.053125 0.052083333333333336
1 0.61484375 0.815625 0.0234375 0.035416666666666666
1 0.46328125 0.8145833333333333 0.053125 0.06666666666666667
1 0.4109375 0.80625 0.0328125 0.03958333333333333
1 0.54296875 0.7177083333333333 0.0171875 0.035416666666666666
1 0.5890625 0.678125 0.03125 0.027083333333333334
1 0.725 0.5177083333333333 0.0203125 0.03958333333333333
1 0.7875 0.7416666666666667 0.0265625 0.025
1 0.8625 0.815625 0.0203125 0.029166666666666667
1 0.9375 0.7510416666666667 0.021875 0.03125
1 0.81875 0.871875 0.0125 0.016666666666666666
1 0.89296875 0.9854166666666667 0.015625 0.029166666666666667
1 0.990625 0.9510416666666667 0.01875 0.03125
1 0.49140625 0.5302083333333333 0.0234375 0.035416666666666666
1 0.76796875 0.43854166666666666 0.0140625 0.020833333333333332
1 0.79140625 0.4041666666666667 0.021875 0.029166666666666667
1 0.66484375 0.2875 0.01875 0.022916666666666665
1 0.62421875 0.428125 0.028125 0.0375
1 0.25234375 0.15104166666666666 0.025 0.0375
1 0.30859375 0.21354166666666666 0.0234375 0.03333333333333333
1 0.009375 0.896875 0.01875 0.03958333333333333
1 0.05390625 0.6739583333333333 0.0125 0.022916666666666665
1 0.01171875 0.38229166666666664 0.0234375 0.0375
1 0.38671875 0.153125 0.0265625 0.029166666666666667
1 0.3109375 0.01875 0.0296875 0.0375
1 0.2875 0.052083333333333336 0.01875 0.022916666666666665
1 0.1609375 0.03229166666666667 0.028125 0.0375
1 0.01953125 0.03854166666666667 0.015625 0.014583333333333334
1 0.76171875 0.553125 0.0265625 0.035416666666666666
1 0.83515625 0.9072916666666667 0.021875 0.022916666666666665
1 0.6890625 0.796875 0.0125 0.01875
1 0.46171875 0.9729166666666667 0.0125 0.020833333333333332
1 0.80078125 0.2604166666666667 0.01875 0.022916666666666665
1 0.65390625 0.15729166666666666 0.009375 0.016666666666666666
0 0.3796875 0.2625 0.240625 0.24166666666666667
0 0.37109375 0.49375 0.184375 0.15625
0 0.43125 0.013541666666666667 0.021875 0.027083333333333334
0 0.440625 0.7489583333333333 0.2421875 0.10833333333333334
1 0.66015625 0.790625 0.0390625 0.05625
1 0.01171875 0.73125 0.0234375 0.06875
1 0.92265625 0.18645833333333334 0.065625 0.10625
1 0.95078125 0.25833333333333336 0.028125 0.03125
1 0.7625 0.28125 0.0296875 0.025
1 0.73125 0.18125 0.040625 0.03958333333333333
1 0.59375 0.22395833333333334 0.04375 0.05
1 0.60625 0.13541666666666666 0.028125 0.041666666666666664
1 0.62421875 0.09791666666666667 0.021875 0.03333333333333333
1 0.53671875 0.019791666666666666 0.03125 0.025
1 0.7125 0.0125 0.025 0.025
1 0.70546875 0.08333333333333333 0.015625 0.035416666666666666
1 0.784375 0.053125 0.028125 0.029166666666666667
1 0.8625 0.015625 0.0125 0.03125
1 0.9453125 0.05416666666666667 0.040625 0.041666666666666664
1 0.9125 0.06145833333333333 0.0171875 0.016666666666666666
1 0.51171875 0.30520833333333336 0.025 0.027083333333333334
1 0.471875 0.36666666666666664 0.025 0.020833333333333332
1 0.44765625 0.4479166666666667 0.040625 0.0375
1 0.49375 0.47708333333333336 0.0375 0.035416666666666666
1 0.56875 0.43854166666666666 0.059375 0.08333333333333333
1 0.634375 0.5125 0.021875 0.029166666666666667
1 0.36640625 0.5458333333333333 0.0359375 0.07291666666666667
1 0.178125 0.5770833333333333 0.1421875 0.1125
1 0.15859375 0.496875 0.021875 0.035416666666666666
1 0.19609375 0.49270833333333336 0.0359375 0.05
1 0.26171875 0.4583333333333333 0.03125 0.05
1 0.25703125 0.56875 0.0171875 0.03333333333333333
1 0.178125 0.7135416666666666 0.0625 0.052083333333333336
1 0.234375 0.7760416666666666 0.0390625 0.03958333333333333
1 0.2265625 0.8302083333333333 0.046875 0.03958333333333333
1 0.06875 0.8145833333333333 0.0375 0.0375