1 0.928515625 0.5951388888888889 0.01328125 0.02361111111111111
1 0.007421875 0.4388888888888889 0.01484375 0.03611111111111111
1 0.967578125 0.9895833333333334 0.02109375 0.020833333333333332
1 0.966796875 0.7833333333333333 0.01171875 0.02638888888888889
1 0.926953125 0.8909722222222223 0.01328125 0.03333333333333333
1 0.960546875 0.18541666666666667 0.01953125 0.041666666666666664
1 0.90625 0.3486111111111111 0.025 0.05
1 0.865625 0.3840277777777778 0.0109375 0.018055555555555554
1 0.89453125 0.29375 0.01796875 0.02638888888888889
1 0.84921875 0.23472222222222222 0.0140625 0.019444444444444445
1 0.815234375 0.23472222222222222 0.01796875 0.04861111111111111
1 0.8359375 0.06388888888888888 0.01484375 0.034722222222222224
1 0.459765625 0.25833333333333336 0.00859375 0.018055555555555554
1 0.7390625 0.39166666666666666 0.0140625 0.020833333333333332
1 0.69921875 0.3861111111111111 0.025 0.04583333333333333
1 0.87421875 0.5222222222222223 0.01328125 0.025
1 0.8625 0.5930555555555556 0.01640625 0.020833333333333332
1 0.6109375 0.5902777777777778 0.01640625 0.019444444444444445
1 0.563671875 0.5583333333333333 0.01484375 0.020833333333333332
1 0.786328125 0.7472222222222222 0.0078125 0.015277777777777777
1 0.676953125 0.7270833333333333 0.015625 0.027777777777777776
1 0.551953125 0.8833333333333333 0.0390625 0.05555555555555555
1 0.5671875 0.9972222222222222 0.00859375 0.005555555555555556
1 0.535546875 0.9513888888888888 0.009375 0.025
1 0.393359375 0.9694444444444444 0.015625 0.020833333333333332
1 0.244140625 0.9604166666666667 0.0125 0.03194444444444444
0 0.153125 0.9715277777777778 0.11484375 0.05694444444444444
1 0.169921875 0.8326388888888889 0.01484375 0.016666666666666666
1 0.265234375 0.5652777777777778 0.0109375 0.018055555555555554
1 0.209375 0.6402777777777777 0.015625 0.025
1 0.1578125 0.22361111111111112 0.01484375 0.022222222222222223
1 0.069921875 0.44375 0.0265625 0.03888888888888889
1 0.12890625 0.3819444444444444 0.0109375 0.02638888888888889
1 0.062109375 0.3402777777777778 0.01484375 0.02361111111111111
1 0.026171875 0.22777777777777777 0.0203125 0.03194444444444444
1 0.38828125 0.015277777777777777 0.01875 0.030555555555555555
0 0.107421875 0.375 0.11484375 0.49027777777777776
0 0.09609375 0.12708333333333333 0.1921875 0.2111111111111111
0 0.09453125 0.05694444444444444 0.1421875 0.11388888888888889
0 0.087109375 0.6986111111111111 0.17421875 0.39444444444444443
0 0.657421875 0.9340277777777778 0.06015625 0.13194444444444445
0 0.646875 0.7138888888888889 0.11953125 0.2125
0 0.637890625 0.4965277777777778 0.1859375 0.18611111111111112
0 0.665625 0.30833333333333335 0.18203125 0.24444444444444444
0 0.695703125 0.13541666666666666 0.14609375 0.2708333333333333