1 0.0796875 0.4864583333333333 0.0234375 0.025
1 0.28359375 0.69375 0.0828125 0.07083333333333333
1 0.2875 0.628125 0.05 0.052083333333333336
1 0.378125 0.6104166666666667 0.0296875 0.035416666666666666
1 0.409375 0.6395833333333333 0.0234375 0.025
1 0.440625 0.5479166666666667 0.04375 0.04583333333333333
1 0.1609375 0.6729166666666667 0.0234375 0.0375
1 0.1828125 0.6354166666666666 0.025 0.04583333333333333
1 0.20625 0.5729166666666666 0.028125 0.027083333333333334
1 0.359375 0.052083333333333336 0.0328125 0.035416666666666666
1 0.38984375 0.1 0.025 0.04375
1 0.440625 0.06770833333333333 0.025 0.03125
1 0.46484375 0.025 0.028125 0.03125
1 0.565625 0.023958333333333335 0.0265625 0.04791666666666667
1 0.4609375 0.184375 0.028125 0.0375
1 0.528125 0.190625 0.0546875 0.04791666666666667
1 0.51640625 0.271875 0.09375 0.06875
1 0.63359375 0.23125 0.059375 0.06041666666666667
1 0.63984375 0.3416666666666667 0.053125 0.07083333333333333
1 0.703125 0.3260416666666667 0.071875 0.0625
1 0.75390625 0.3572916666666667 0.0265625 0.035416666666666666
1 0.165625 0.5197916666666667 0.03125 0.027083333333333334
1 0.140625 0.5520833333333334 0.0390625 0.029166666666666667
1 0.1171875 0.5072916666666667 0.0140625 0.03125
1 0.12890625 0.315625 0.0140625 0.03125
1 0.1328125 0.35625 0.021875 0.025
1 0.14453125 0.3927083333333333 0.028125 0.027083333333333334
1 0.2484375 0.2875 0.01875 0.03333333333333333
1 0.27578125 0.325 0.065625 0.058333333333333334
1 0.32265625 0.46041666666666664 0.034375 0.04583333333333333
1 0.315625 0.16354166666666667 0.0578125 0.1
1 0.38046875 0.16875 0.0375 0.0625
1 0.33359375 0.24895833333333334 0.0359375 0.04375
1 0.08359375 0.052083333333333336 0.046875 0.07708333333333334
1 0.18359375 0.04375 0.0375 0.07708333333333334
1 0.2421875 0.1 0.03125 0.029166666666666667
0 0.5359375 0.14479166666666668 0.2671875 0.2875
0 0.57578125 0.471875 0.5015625 0.2833333333333333
0 0.5703125 0.6479166666666667 0.2546875 0.22916666666666666
0 0.53515625 0.9322916666666666 0.234375 0.13541666666666666
1 0.26328125 0.425 0.0390625 0.05
1 0.54140625 0.37083333333333335 0.0203125 0.041666666666666664
1 0.72890625 0.007291666666666667 0.0296875 0.014583333333333334
1 0.68515625 0.034375 0.040625 0.041666666666666664
1 0.66796875 0.09479166666666666 0.071875 0.07083333333333333
1 0.821875 0.04479166666666667 0.08125 0.07708333333333334
1 0.8265625 0.10729166666666666 0.0609375 0.052083333333333336
1 0.8796875 0.12083333333333333 0.046875 0.1125
1 0.8828125 0.014583333333333334 0.03125 0.029166666666666667
1 0.93671875 0.029166666666666667 0.0328125 0.058333333333333334
1 0.928125 0.10520833333333333 0.0484375 0.06666666666666667
1 0.984375 0.06770833333333333 0.03125 0.03958333333333333
1 0.96640625 0.21979166666666666 0.05625 0.09583333333333334
1 0.95625 0.2947916666666667 0.021875 0.022916666666666665
1 0.85703125 0.26145833333333335 0.01875 0.022916666666666665
1 0.88203125 0.234375 0.0203125 0.020833333333333332
1 0.75234375 0.4010416666666667 0.0390625 0.041666666666666664
1 0.82421875 0.3697916666666667 0.021875 0.029166666666666667
1 0.86640625 0.4125 0.090625 0.125
1 0.96953125 0.34375 0.021875 0.025
1 0.97109375 0.3854166666666667 0.046875 0.058333333333333334
1 0.99296875 0.4083333333333333 0.0140625 0.022916666666666665
1 0.97421875 0.4375 0.028125 0.035416666666666666
1 0.86171875 0.5072916666666667 0.05625 0.052083333333333336
1 0.96328125 0.48125 0.0234375 0.020833333333333332
1 0.9421875 0.5260416666666666 0.0328125 0.025
1 0.9921875 0.5791666666666667 0.015625 0.04791666666666667
1 0.8296875 0.5770833333333333 0.034375 0.03958333333333333
1 0.878125 0.58125 0.04375 0.05625
1 0.9265625 0.6010416666666667 0.0390625 0.04583333333333333
1 0.93984375 0.6520833333333333 0.0265625 0.03333333333333333
1 0.8234375 0.6395833333333333 0.021875 0.027083333333333334
1 0.84765625 0.6666666666666666 0.0171875 0.025
1 0.803125 0.7010416666666667 0.03125 0.0375
1 0.75078125 0.8 0.0703125 0.06875
1 0.80625 0.8145833333333333 0.01875 0.025
1 0.64609375 0.75 0.025 0.027083333333333334
1 0.6484375 0.8197916666666667 0.053125 0.05416666666666667
1 0.69765625 0.821875 0.03125 0.0375
1 0.6265625 0.9041666666666667 0.065625 0.07083333333333333
1 0.67421875 0.9125 0.03125 0.06666666666666667
1 0.7 0.94375 0.01875 0.03333333333333333
1 0.72421875 0.909375 0.0203125 0.025
1 0.478125 0.8666666666666667 0.05625 0.08541666666666667
1 0.52109375 0.7947916666666667 0.0375 0.04583333333333333
1 0.46171875 0.74375 0.05 0.04791666666666667
1 0.35390625 0.7822916666666667 0.0265625 0.03333333333333333
1 0.1296875 0.8958333333333334 0.090625 0.10208333333333333
1 0.15078125 0.9552083333333333 0.01875 0.020833333333333332
1 0.2109375 0.96875 0.025 0.03125
1 0.06171875 0.909375 0.0125 0.014583333333333334
1 0.2765625 0.9885416666666667 0.025 0.022916666666666665
1 0.33046875 0.9375 0.015625 0.0125
1 0.3375 0.85625 0.009375 0.008333333333333333
1 0.67265625 0.9958333333333333 0.03125 0.008333333333333333
1 0.7171875 0.9947916666666666 0.015625 0.010416666666666666
1 0.853125 0.9145833333333333 0.0625 0.07083333333333333
1 0.88125 0.8645833333333334 0.040625 0.035416666666666666
1 0.92109375 0.7989583333333333 0.0953125 0.09166666666666666
1 0.978125 0.7864583333333334 0.0203125 0.025
1 0.1921875 0.17291666666666666 0.0234375 0.03125
1 0.959375 0.871875 0.08125 0.1
1 0.971875 0.9833333333333333 0.05625 0.03333333333333333
1 0.978125 0.725 0.025 0.035416666666666666
1 0.5734375 0.5625 0.0359375 0.04375
1 0.16796875 0.478125 0.0171875 0.020833333333333332
1 0.209375 0.5375 0.0125 0.01875
1 0.33515625 0.396875 0.0140625 0.0125
1 0.4421875 0.4239583333333333 0.0203125 0.020833333333333332
1 0.16875 0.7916666666666666 0.01875 0.01875