1 0.25078125 0.20416666666666666 0.0328125 0.05625
1 0.290625 0.23229166666666667 0.0109375 0.022916666666666665
1 0.32890625 0.19375 0.028125 0.03125
1 0.40703125 0.2 0.0328125 0.04375
1 0.36171875 0.1625 0.025 0.027083333333333334
1 0.38125 0.09479166666666666 0.034375 0.04583333333333333
1 0.403125 0.13645833333333332 0.034375 0.03958333333333333
1 0.446875 0.078125 0.053125 0.06875
1 0.49296875 0.06979166666666667 0.015625 0.014583333333333334
1 0.340625 0.036458333333333336 0.0125 0.03125
1 0.3625 0.00625 0.0171875 0.0125
1 0.57421875 0.04895833333333333 0.0328125 0.04791666666666667
1 0.59375 0.08229166666666667 0.0203125 0.027083333333333334
1 0.57578125 0.17395833333333333 0.025 0.025
1 0.5203125 0.19166666666666668 0.015625 0.01875
1 0.628125 0.2125 0.028125 0.03958333333333333
1 0.67109375 0.20833333333333334 0.0421875 0.07916666666666666
1 0.6421875 0.12395833333333334 0.0328125 0.03125
1 0.7 0.09791666666666667 0.021875 0.0375
1 0.6828125 0.11354166666666667 0.0265625 0.03958333333333333
1 0.60234375 0.128125 0.01875 0.020833333333333332
1 0.67734375 0.00625 0.015625 0.0125
1 0.678125 0.028125 0.0203125 0.022916666666666665
1 0.709375 0.03333333333333333 0.040625 0.035416666666666666
1 0.77890625 0.1 0.025 0.027083333333333334
1 0.8140625 0.11145833333333334 0.0234375 0.04375
1 0.78984375 0.041666666666666664 0.0359375 0.025
1 0.85625 0.01875 0.0125 0.027083333333333334
1 0.85078125 0.046875 0.0171875 0.020833333333333332
1 0.98359375 0.035416666666666666 0.0328125 0.05625
1 0.77109375 0.18541666666666667 0.0234375 0.020833333333333332
1 0.7609375 0.24375 0.0140625 0.01875
1 0.74140625 0.29270833333333335 0.015625 0.025
1 0.75 0.3302083333333333 0.015625 0.022916666666666665
1 0.81171875 0.28125 0.015625 0.016666666666666666
1 0.83203125 0.275 0.0171875 0.010416666666666666
1 0.3859375 0.5395833333333333 0.040625 0.05
1 0.371875 0.5791666666666667 0.021875 0.03125
1 0.39765625 0.6020833333333333 0.0375 0.04375
1 0.3078125 0.5395833333333333 0.0203125 0.025
1 0.2984375 0.5822916666666667 0.0109375 0.014583333333333334
1 0.25703125 0.6291666666666667 0.03125 0.04791666666666667
1 0.30703125 0.6364583333333333 0.028125 0.03125
1 0.2046875 0.6052083333333333 0.0234375 0.035416666666666666
1 0.30625 0.684375 0.0296875 0.04583333333333333
1 0.07421875 0.5520833333333334 0.034375 0.03333333333333333
1 0.09765625 0.50625 0.0265625 0.03125
1 0.0078125 0.5166666666666667 0.0125 0.01875
1 0.03515625 0.3927083333333333 0.01875 0.03125
1 0.0875 0.390625 0.025 0.01875
1 0.07734375 0.6885416666666667 0.0125 0.020833333333333332
1 0.84453125 0.93125 0.0140625 0.022916666666666665
1 0.70234375 0.6958333333333333 0.0125 0.020833333333333332
1 0.25859375 0.9729166666666667 0.0140625 0.01875
1 0.034375 0.9395833333333333 0.0125 0.014583333333333334
1 0.09921875 0.8229166666666666 0.0140625 0.014583333333333334
1 0.26015625 0.5520833333333334 0.0109375 0.016666666666666666
1 0.4140625 0.35833333333333334 0.0234375 0.016666666666666666
1 0.2546875 0.13333333333333333 0.0109375 0.010416666666666666
1 0.17578125 0.12395833333333334 0.0234375 0.025
1 0.1421875 0.12916666666666668 0.021875 0.020833333333333332
1 0.1234375 0.10104166666666667 0.0203125 0.041666666666666664
1 0.084375 0.109375 0.021875 0.035416666666666666
1 0.0421875 0.10104166666666667 0.0296875 0.03125
1 0.0140625 0.20729166666666668 0.0171875 0.025
1 0.20625 0.20104166666666667 0.0234375 0.03125
1 0.1390625 0.23541666666666666 0.0234375 0.027083333333333334
1 0.0796875 0.26979166666666665 0.0390625 0.058333333333333334
1 0.33046875 0.40729166666666666 0.0171875 0.027083333333333334
1 0.2578125 0.41458333333333336 0.0265625 0.020833333333333332
0 0.53515625 0.125 0.1734375 0.13333333333333333
0 0.5140625 0.4708333333333333 0.084375 0.38125
0 0.5125 0.7135416666666666 0.040625 0.16875
0 0.50234375 0.9135416666666667 0.1140625 0.17291666666666666
1 0.1125 0.9239583333333333 0.0375 0.05
1 0.1109375 0.8739583333333333 0.0359375 0.041666666666666664
1 0.15703125 0.8708333333333333 0.03125 0.0375
1 0.2453125 0.8520833333333333 0.025 0.025
1 0.275 0.846875 0.028125 0.03958333333333333
1 0.29765625 0.8302083333333333 0.0140625 0.029166666666666667
1 0.25390625 0.8947916666666667 0.0296875 0.027083333333333334
1 0.19375 0.8104166666666667 0.015625 0.022916666666666665
1 0.00859375 0.8958333333333334 0.0171875 0.020833333333333332
1 0.06328125 0.778125 0.03125 0.03125
1 0.03125 0.8 0.025 0.0375
1 0.24296875 0.8083333333333333 0.01875 0.029166666666666667
1 0.284375 0.765625 0.0265625 0.04791666666666667
1 0.3234375 0.8979166666666667 0.0265625 0.035416666666666666
1 0.340625 0.88125 0.015625 0.025
1 0.4109375 0.84375 0.0296875 0.035416666666666666
1 0.45390625 0.8614583333333333 0.01875 0.01875
1 0.38828125 0.9958333333333333 0.009375 0.008333333333333333
1 0.45 0.9166666666666666 0.0203125 0.025
1 0.5203125 0.9447916666666667 0.0234375 0.03125
1 0.5515625 0.9635416666666666 0.021875 0.025
1 0.5703125 0.9239583333333333 0.021875 0.035416666666666666
1 0.59140625 0.9854166666666667 0.0359375 0.029166666666666667
1 0.65390625 0.9927083333333333 0.065625 0.014583333333333334
1 0.67578125 0.9697916666666667 0.021875 0.025
1 0.6375 0.9416666666666667 0.0234375 0.03125
1 0.7140625 0.9614583333333333 0.028125 0.03333333333333333
1 0.71640625 0.9 0.0328125 0.041666666666666664
1 0.76796875 0.8854166666666666 0.01875 0.029166666666666667
1 0.79921875 0.86875 0.0203125 0.03958333333333333
1 0.540625 0.7614583333333333 0.034375 0.03958333333333333
1 0.5359375 0.8010416666666667 0.0265625 0.025
1 0.475 0.76875 0.025 0.03125
1 0.60390625 0.7770833333333333 0.028125 0.027083333333333334
1 0.640625 0.7645833333333333 0.0328125 0.03958333333333333
1 0.44140625 0.7020833333333333 0.03125 0.03333333333333333
1 0.90625 0.8833333333333333 0.0140625 0.03333333333333333
1 0.92265625 0.871875 0.015625 0.01875
1 0.984375 0.915625 0.03125 0.05
1 0.73671875 0.93125 0.0171875 0.025
1 0.9921875 0.84375 0.015625 0.029166666666666667
1 0.9828125 0.7583333333333333 0.021875 0.027083333333333334
1 0.8265625 0.7010416666666667 0.040625 0.05
1 0.97734375 0.6729166666666667 0.0234375 0.027083333333333334
1 0.915625 0.5833333333333334 0.0171875 0.022916666666666665
1 0.99140625 0.5635416666666667 0.0171875 0.025
1 0.9859375 0.5239583333333333 0.015625 0.027083333333333334
1 0.9796875 0.45416666666666666 0.028125 0.03333333333333333
1 0.865625 0.43333333333333335 0.0296875 0.022916666666666665
1 0.91484375 0.3802083333333333 0.040625 0.058333333333333334
1 0.9140625 0.42291666666666666 0.0234375 0.027083333333333334
1 0.7890625 0.43020833333333336 0.0203125 0.029166666666666667
1 0.7453125 0.4239583333333333 0.0171875 0.020833333333333332
1 0.67890625 0.4979166666666667 0.0390625 0.06458333333333334
1 0.71796875 0.4895833333333333 0.0109375 0.025
1 0.73671875 0.5229166666666667 0.0390625 0.0375
1 0.6890625 0.5635416666666667 0.028125 0.041666666666666664
1 0.74296875 0.6270833333333333 0.0203125 0.04583333333333333
1 0.51953125 0.49583333333333335 0.0390625 0.035416666666666666
1 0.58125 0.41770833333333335 0.0515625 0.04375
1 0.5359375 0.4 0.021875 0.020833333333333332
1 0.58203125 0.359375 0.040625 0.05416666666666667
1 0.51640625 0.27708333333333335 0.034375 0.0375
1 0.4625 0.2760416666666667 0.028125 0.03333333333333333
1 0.41875 0.271875 0.0296875 0.03125
1 0.34453125 0.29270833333333335 0.04375 0.04375