1 0.75 0.17604166666666668 0.0390625 0.0375
0 0.54765625 0.07708333333333334 0.1234375 0.15416666666666667
0 0.56015625 0.32083333333333336 0.23125 0.09166666666666666
0 0.59375 0.640625 0.1421875 0.28958333333333336
1 0.3359375 0.9416666666666667 0.0203125 0.020833333333333332
1 0.7171875 0.7510416666666667 0.015625 0.025
1 0.91484375 0.5416666666666666 0.015625 0.025
1 0.3625 0.7583333333333333 0.0140625 0.022916666666666665
1 0.3859375 0.11458333333333333 0.03125 0.025
1 0.60546875 0.2625 0.0203125 0.020833333333333332
1 0.803125 0.6041666666666666 0.021875 0.029166666666666667
1 0.96953125 0.5895833333333333 0.015625 0.025
1 0.91171875 0.7072916666666667 0.015625 0.020833333333333332
1 0.8515625 0.778125 0.0484375 0.04791666666666667
1 0.7640625 0.9177083333333333 0.028125 0.03958333333333333
1 0.7625 0.98125 0.0171875 0.03333333333333333
1 0.2640625 0.5052083333333334 0.028125 0.0625
1 0.3640625 0.027083333333333334 0.025 0.027083333333333334
1 0.34921875 0.08229166666666667 0.025 0.035416666666666666
1 0.50859375 0.03958333333333333 0.03125 0.025
1 0.66015625 0.009375 0.025 0.01875
1 0.49609375 0.08229166666666667 0.0296875 0.029166666666666667
1 0.66484375 0.11979166666666667 0.0203125 0.05
1 0.8703125 0.378125 0.040625 0.041666666666666664
1 0.79375 0.309375 0.0171875 0.027083333333333334
1 0.93515625 0.25416666666666665 0.0265625 0.05
1 0.85078125 0.4510416666666667 0.0375 0.04375
1 0.7125 0.4166666666666667 0.028125 0.041666666666666664
1 0.39453125 0.34791666666666665 0.028125 0.035416666666666666
1 0.56171875 0.44583333333333336 0.0265625 0.03125
1 0.5640625 0.28854166666666664 0.021875 0.022916666666666665
1 0.4875 0.2520833333333333 0.0375 0.020833333333333332
1 0.47421875 0.3802083333333333 0.0296875 0.029166666666666667
1 0.64140625 0.46770833333333334 0.0296875 0.027083333333333334
1 0.61328125 0.39895833333333336 0.05625 0.06666666666666667
1 0.71875 0.6354166666666666 0.034375 0.041666666666666664
1 0.86484375 0.65 0.05 0.07083333333333333
1 0.83828125 0.7197916666666667 0.0328125 0.03958333333333333
1 0.76953125 0.7145833333333333 0.0265625 0.035416666666666666
1 0.7375 0.5625 0.078125 0.07708333333333334
0 0.5984375 0.9020833333333333 0.2390625 0.12708333333333333
1 0.5265625 0.9708333333333333 0.0171875 0.035416666666666666
1 0.653125 0.9479166666666666 0.028125 0.03958333333333333
1 0.375 0.84375 0.046875 0.029166666666666667
1 0.3921875 0.8802083333333334 0.0203125 0.029166666666666667
1 0.51015625 0.8177083333333334 0.028125 0.035416666666666666
1 0.76328125 0.34375 0.0265625 0.025
1 0.6390625 0.34270833333333334 0.015625 0.025
1 0.4625 0.61875 0.0171875 0.022916666666666665
1 0.65703125 0.5864583333333333 0.0296875 0.03125