1 0.361328125 0.525 0.01015625 0.018055555555555554
0 0.160546875 0.10138888888888889 0.153125 0.20277777777777778
0 0.12890625 0.20972222222222223 0.1109375 0.32916666666666666
0 0.1296875 0.5340277777777778 0.2578125 0.13472222222222222
0 0.1359375 0.6777777777777778 0.2234375 0.1736111111111111
0 0.14921875 0.9020833333333333 0.2421875 0.19583333333333333
0 0.693359375 0.93125 0.21328125 0.13472222222222222
0 0.68671875 0.7715277777777778 0.11796875 0.4527777777777778
0 0.73828125 0.6520833333333333 0.275 0.39305555555555555
0 0.729296875 0.275 0.20234375 0.39861111111111114
0 0.68046875 0.19444444444444445 0.32109375 0.2916666666666667
1 0.08359375 0.21666666666666667 0.02109375 0.04722222222222222
1 0.11015625 0.24375 0.02421875 0.0625
1 0.077734375 0.25555555555555554 0.01015625 0.016666666666666666
1 0.061328125 0.25555555555555554 0.00859375 0.020833333333333332
1 0.1859375 0.18958333333333333 0.01953125 0.043055555555555555
1 0.214453125 0.11597222222222223 0.00859375 0.019444444444444445
1 0.229296875 0.13402777777777777 0.02421875 0.03611111111111111
1 0.245703125 0.20277777777777778 0.01640625 0.030555555555555555
1 0.304296875 0.16527777777777777 0.01875 0.030555555555555555
1 0.109765625 0.1076388888888889 0.0234375 0.04722222222222222
1 0.282421875 0.06527777777777778 0.01953125 0.043055555555555555
1 0.333984375 0.31319444444444444 0.00859375 0.0125
1 0.253515625 0.3798611111111111 0.03515625 0.05277777777777778
1 0.20703125 0.34097222222222223 0.0359375 0.08472222222222223
1 0.169140625 0.4097222222222222 0.0234375 0.03611111111111111
1 0.198828125 0.5194444444444445 0.01875 0.02361111111111111
1 0.199609375 0.5541666666666667 0.0171875 0.041666666666666664
1 0.10078125 0.4909722222222222 0.0125 0.02361111111111111
1 0.031640625 0.5111111111111111 0.03359375 0.03194444444444444
1 0.31640625 0.5993055555555555 0.01171875 0.02638888888888889
1 0.289453125 0.6423611111111112 0.0171875 0.029166666666666667
1 0.306640625 0.6951388888888889 0.015625 0.025
1 0.316796875 0.71875 0.0140625 0.03333333333333333
1 0.23515625 0.7215277777777778 0.046875 0.07083333333333333
1 0.272265625 0.7583333333333333 0.01875 0.03194444444444444
1 0.298046875 0.8395833333333333 0.01953125 0.025
1 0.23671875 0.85625 0.04765625 0.059722222222222225
1 0.18984375 0.7972222222222223 0.02578125 0.04583333333333333
1 0.130078125 0.75625 0.0140625 0.025
1 0.117578125 0.8118055555555556 0.028125 0.059722222222222225
1 0.24765625 0.9138888888888889 0.021875 0.034722222222222224
1 0.25859375 0.9395833333333333 0.0140625 0.025
1 0.223046875 0.9916666666666667 0.01953125 0.016666666666666666
1 0.15234375 0.9229166666666667 0.01796875 0.02361111111111111
1 0.60390625 0.9902777777777778 0.015625 0.019444444444444445
1 0.62578125 0.9888888888888889 0.00625 0.011111111111111112
1 0.658984375 0.8798611111111111 0.01328125 0.020833333333333332
1 0.695703125 0.8701388888888889 0.01640625 0.044444444444444446
1 0.875390625 0.8986111111111111 0.02109375 0.043055555555555555
1 0.970703125 0.8347222222222223 0.03515625 0.09305555555555556
1 0.880078125 0.8166666666666667 0.028125 0.03888888888888889
1 0.8359375 0.7555555555555555 0.0265625 0.03611111111111111
1 0.9359375 0.7097222222222223 0.03828125 0.06388888888888888
1 0.9671875 0.6208333333333333 0.01953125 0.04861111111111111
1 0.957421875 0.5513888888888889 0.03984375 0.058333333333333334
1 0.9859375 0.5534722222222223 0.01484375 0.03611111111111111
1 0.9609375 0.47291666666666665 0.0078125 0.018055555555555554
1 0.966796875 0.4041666666666667 0.0390625 0.10416666666666667
1 0.89375 0.2076388888888889 0.03125 0.05694444444444444
1 0.90078125 0.09930555555555555 0.01484375 0.029166666666666667
1 0.88203125 0.020833333333333332 0.01953125 0.034722222222222224
1 0.827734375 0.20069444444444445 0.01640625 0.02638888888888889
1 0.810546875 0.30694444444444446 0.01875 0.03611111111111111
1 0.72265625 0.36180555555555555 0.0125 0.02361111111111111
1 0.75234375 0.36666666666666664 0.0234375 0.05
1 0.758203125 0.4840277777777778 0.01953125 0.04027777777777778
1 0.656640625 0.48819444444444443 0.03984375 0.05
1 0.6296875 0.43472222222222223 0.01796875 0.044444444444444446
1 0.680078125 0.5722222222222222 0.01328125 0.0375
1 0.7 0.60625 0.015625 0.02361111111111111
1 0.666796875 0.5902777777777778 0.0125 0.03194444444444444
1 0.571875 0.5451388888888888 0.00859375 0.022222222222222223
1 0.595703125 0.6013888888888889 0.025 0.05555555555555555
1 0.51796875 0.4125 0.021875 0.043055555555555555
1 0.533203125 0.3506944444444444 0.01171875 0.018055555555555554
1 0.428125 0.38472222222222224 0.0078125 0.020833333333333332
1 0.435546875 0.5166666666666667 0.03359375 0.10555555555555556
1 0.51875 0.47638888888888886 0.0140625 0.030555555555555555
1 0.475 0.6423611111111112 0.01875 0.02638888888888889
1 0.553125 0.7458333333333333 0.009375 0.02361111111111111
1 0.612109375 0.7347222222222223 0.01015625 0.03194444444444444
1 0.591796875 0.8715277777777778 0.01171875 0.020833333333333332
1 0.533984375 0.03263888888888889 0.01484375 0.027777777777777776
1 0.59453125 0.10972222222222222 0.0109375 0.018055555555555554
1 0.5640625 0.002777777777777778 0.0078125 0.005555555555555556
1 0.814453125 0.9909722222222223 0.00859375 0.018055555555555554
1 0.98125 0.925 0.01328125 0.02638888888888889
1 0.951953125 0.9319444444444445 0.01015625 0.019444444444444445
1 0.910546875 0.15833333333333333 0.01328125 0.0125
1 0.942578125 0.04652777777777778 0.0125 0.020833333333333332
1 0.315234375 0.4736111111111111 0.009375 0.022222222222222223
1 0.221875 0.8076388888888889 0.0078125 0.015277777777777777
1 0.2125 0.7520833333333333 0.0125 0.04027777777777778