1 0.27109375 0.46458333333333335 0.03828125 0.05555555555555555
1 0.131640625 0.48541666666666666 0.02265625 0.04861111111111111
1 0.058203125 0.44375 0.02734375 0.034722222222222224
1 0.173046875 0.4083333333333333 0.021875 0.03194444444444444
1 0.20625 0.39444444444444443 0.03671875 0.0375
1 0.309375 0.38472222222222224 0.046875 0.06944444444444445
1 0.26015625 0.31319444444444444 0.04140625 0.05138888888888889
1 0.212890625 0.26875 0.03671875 0.041666666666666664
1 0.193359375 0.21041666666666667 0.0296875 0.05277777777777778
1 0.111328125 0.18194444444444444 0.02421875 0.029166666666666667
1 0.162109375 0.1 0.03671875 0.05694444444444444
1 0.211328125 0.0125 0.06328125 0.025
1 0.27265625 0.23333333333333334 0.02421875 0.044444444444444446
1 0.30078125 0.2013888888888889 0.02109375 0.044444444444444446
1 0.27734375 0.17222222222222222 0.02265625 0.034722222222222224
1 0.289453125 0.11597222222222223 0.021875 0.04027777777777778
1 0.2640625 0.09166666666666666 0.01875 0.03888888888888889
1 0.966796875 0.04791666666666667 0.03671875 0.08055555555555556
1 0.930859375 0.3138888888888889 0.0296875 0.06111111111111111
1 0.855859375 0.3527777777777778 0.0234375 0.05277777777777778
1 0.94765625 0.44305555555555554 0.0265625 0.10277777777777777
1 0.958984375 0.5666666666666667 0.0453125 0.08194444444444444
1 0.9125 0.6375 0.02890625 0.08611111111111111
1 0.910546875 0.8736111111111111 0.0125 0.02361111111111111
1 0.8765625 0.7423611111111111 0.0109375 0.016666666666666666
1 0.86953125 0.8666666666666667 0.0171875 0.02361111111111111
1 0.24609375 0.18125 0.015625 0.03333333333333333
1 0.407421875 0.07708333333333334 0.01640625 0.07083333333333333
1 0.837890625 0.2965277777777778 0.01796875 0.03194444444444444
1 0.91328125 0.011111111111111112 0.021875 0.022222222222222223
1 0.78203125 0.4236111111111111 0.025 0.04861111111111111
1 0.6109375 0.5270833333333333 0.0296875 0.075
1 0.588671875 0.6027777777777777 0.0203125 0.06111111111111111
1 0.61640625 0.6888888888888889 0.0359375 0.06388888888888888
1 0.78828125 0.6638888888888889 0.0375 0.0875
1 0.815234375 0.7125 0.03359375 0.05416666666666667
1 0.984375 0.7319444444444444 0.02734375 0.05277777777777778
1 0.94140625 0.8201388888888889 0.05859375 0.09583333333333334
1 0.891015625 0.8875 0.01953125 0.04027777777777778
1 0.78984375 0.8986111111111111 0.0484375 0.0625
1 0.634765625 0.9138888888888889 0.034375 0.06388888888888888
0 0.700390625 0.9479166666666666 0.24140625 0.10416666666666667
0 0.682421875 0.7548611111111111 0.24609375 0.20694444444444443
0 0.701953125 0.5944444444444444 0.17109375 0.5138888888888888
0 0.72109375 0.3368055555555556 0.19453125 0.5319444444444444
0 0.685546875 0.14375 0.19296875 0.2875
1 0.17109375 0.9770833333333333 0.0140625 0.022222222222222223
0 0.1421875 0.8534722222222222 0.12734375 0.29305555555555557
0 0.158984375 0.5520833333333334 0.165625 0.31805555555555554
0 0.1265625 0.2916666666666667 0.16953125 0.20416666666666666
1 0.287109375 0.9159722222222222 0.015625 0.02361111111111111
1 0.236328125 0.8229166666666666 0.02109375 0.041666666666666664
1 0.2640625 0.73125 0.03046875 0.04861111111111111
1 0.248046875 0.6923611111111111 0.02109375 0.043055555555555555
1 0.20625 0.74375 0.021875 0.05694444444444444
1 0.145703125 0.8145833333333333 0.01875 0.03888888888888889
1 0.149609375 0.6784722222222223 0.02578125 0.03611111111111111
1 0.24140625 0.9715277777777778 0.01796875 0.043055555555555555
1 0.273828125 0.9826388888888888 0.01640625 0.025
1 0.209765625 0.9791666666666666 0.0203125 0.0375
1 0.18046875 0.6083333333333333 0.03515625 0.07222222222222222
1 0.205078125 0.575 0.015625 0.03194444444444444
1 0.288671875 0.5909722222222222 0.02109375 0.05277777777777778