1 0.99140625 0.06944444444444445 0.01171875 0.041666666666666664
1 0.35546875 0.017361111111111112 0.0234375 0.034722222222222224
1 0.27890625 0.06180555555555556 0.01640625 0.03333333333333333
1 0.283984375 0.01875 0.0265625 0.0375
1 0.19765625 0.007638888888888889 0.0140625 0.015277777777777777
1 0.224609375 0.02638888888888889 0.0171875 0.04722222222222222
1 0.36953125 0.15069444444444444 0.0140625 0.03333333333333333
1 0.417578125 0.25555555555555554 0.01875 0.05
1 0.4140625 0.21180555555555555 0.01484375 0.030555555555555555
1 0.376953125 0.2638888888888889 0.01953125 0.04027777777777778
1 0.3890625 0.4375 0.01484375 0.025
1 0.400390625 0.37222222222222223 0.02109375 0.04861111111111111
1 0.475 0.04513888888888889 0.01953125 0.05138888888888889
1 0.42734375 0.11666666666666667 0.01484375 0.03194444444444444
1 0.462109375 0.1625 0.0140625 0.03333333333333333
1 0.58203125 0.15208333333333332 0.021875 0.04583333333333333
1 0.552734375 0.1597222222222222 0.01640625 0.0375
1 0.56328125 0.30694444444444446 0.025 0.06388888888888888
1 0.635546875 0.23819444444444443 0.02109375 0.04027777777777778
1 0.612890625 0.21388888888888888 0.01015625 0.019444444444444445
1 0.6359375 0.19027777777777777 0.01875 0.0375
1 0.60546875 0.36041666666666666 0.01640625 0.025
1 0.70703125 0.46458333333333335 0.021875 0.04722222222222222
1 0.7265625 0.4395833333333333 0.015625 0.027777777777777776
1 0.112109375 0.7958333333333333 0.02109375 0.05277777777777778
1 0.099609375 0.9604166666666667 0.0203125 0.041666666666666664
1 0.36953125 0.8215277777777777 0.01953125 0.044444444444444446
1 0.434765625 0.8402777777777778 0.01484375 0.02638888888888889
1 0.536328125 0.9895833333333334 0.01796875 0.020833333333333332
1 0.55 0.95625 0.01953125 0.04027777777777778
1 0.467578125 0.9416666666666667 0.01640625 0.04027777777777778
1 0.444140625 0.9597222222222223 0.01640625 0.044444444444444446
1 0.597265625 0.5784722222222223 0.03515625 0.07361111111111111
1 0.529296875 0.5965277777777778 0.02109375 0.043055555555555555
1 0.59453125 0.7055555555555556 0.02578125 0.03611111111111111
1 0.59921875 0.6590277777777778 0.0234375 0.04583333333333333
1 0.714453125 0.4152777777777778 0.01640625 0.029166666666666667
1 0.6859375 0.21041666666666667 0.01875 0.03333333333333333
1 0.79375 0.06875 0.0125 0.03194444444444444
1 0.7453125 0.11666666666666667 0.0109375 0.018055555555555554
1 0.8046875 0.175 0.015625 0.034722222222222224
1 0.763671875 0.09583333333333334 0.01953125 0.04583333333333333
1 0.93046875 0.02361111111111111 0.0125 0.02638888888888889
1 0.84453125 0.02638888888888889 0.0265625 0.05277777777777778
1 0.995703125 0.20347222222222222 0.00859375 0.02361111111111111
1 0.98671875 0.13819444444444445 0.0203125 0.043055555555555555
1 0.994921875 0.11180555555555556 0.01015625 0.05
1 0.975 0.09444444444444444 0.0203125 0.0375
1 0.86484375 0.14166666666666666 0.03359375 0.058333333333333334
1 0.903125 0.23819444444444443 0.01875 0.0375
1 0.849609375 0.25416666666666665 0.0203125 0.03194444444444444
1 0.930859375 0.3486111111111111 0.02734375 0.059722222222222225
1 0.99296875 0.3576388888888889 0.0140625 0.06111111111111111
1 0.99375 0.5388888888888889 0.0125 0.03194444444444444
1 0.902734375 0.6534722222222222 0.01953125 0.06111111111111111
1 0.95 0.6104166666666667 0.0203125 0.043055555555555555
1 0.98515625 0.5861111111111111 0.0234375 0.03333333333333333
1 0.980859375 0.6256944444444444 0.0328125 0.044444444444444446
1 0.96328125 0.8833333333333333 0.01484375 0.0375
1 0.9796875 0.84375 0.0171875 0.03333333333333333
1 0.992578125 0.9236111111111112 0.01484375 0.05138888888888889
1 0.94609375 0.9604166666666667 0.03828125 0.06111111111111111
1 0.824609375 0.9652777777777778 0.02109375 0.05416666666666667
1 0.666796875 0.9340277777777778 0.02578125 0.044444444444444446
1 0.63828125 0.9159722222222222 0.02265625 0.04583333333333333
1 0.7171875 0.9458333333333333 0.02421875 0.03888888888888889
1 0.7046875 0.9125 0.028125 0.03333333333333333
1 0.773046875 0.8784722222222222 0.0265625 0.03333333333333333
1 0.777734375 0.7326388888888888 0.04140625 0.04027777777777778
1 0.76328125 0.6958333333333333 0.021875 0.02638888888888889
1 0.744140625 0.5958333333333333 0.0203125 0.03611111111111111
1 0.755078125 0.6520833333333333 0.021875 0.041666666666666664
1 0.79296875 0.6131944444444445 0.021875 0.044444444444444446
1 0.82109375 0.5673611111111111 0.0234375 0.034722222222222224
1 0.8484375 0.44305555555555554 0.04609375 0.09583333333333334
1 0.86328125 0.37569444444444444 0.02109375 0.03611111111111111
1 0.802734375 0.4486111111111111 0.021875 0.03888888888888889
1 0.740234375 0.3715277777777778 0.01484375 0.02361111111111111
1 0.446875 0.0125 0.0140625 0.025
1 0.3515625 0.3840277777777778 0.01796875 0.029166666666666667
1 0.350390625 0.3458333333333333 0.01953125 0.029166666666666667
1 0.280078125 0.5909722222222222 0.01640625 0.02638888888888889
1 0.28359375 0.7673611111111112 0.02109375 0.04027777777777778
1 0.330859375 0.9222222222222223 0.01875 0.05
1 0.285546875 0.8673611111111111 0.015625 0.022222222222222223
1 0.205078125 0.9243055555555556 0.02109375 0.044444444444444446
1 0.235546875 0.8569444444444444 0.0234375 0.07222222222222222
1 0.0859375 0.5361111111111111 0.01171875 0.02638888888888889
1 0.09921875 0.6298611111111111 0.02421875 0.041666666666666664
1 0.38046875 0.5993055555555555 0.01875 0.02638888888888889
1 0.2734375 0.6729166666666667 0.0171875 0.030555555555555555
1 0.196484375 0.5916666666666667 0.0265625 0.0375
1 0.20859375 0.5125 0.01484375 0.03194444444444444
1 0.15703125 0.46805555555555556 0.0265625 0.034722222222222224
1 0.166796875 0.4097222222222222 0.01953125 0.03194444444444444
1 0.16796875 0.29375 0.01796875 0.03888888888888889
1 0.255859375 0.2701388888888889 0.0140625 0.03333333333333333
1 0.205078125 0.12152777777777778 0.01796875 0.04583333333333333
1 0.218359375 0.1840277777777778 0.02734375 0.059722222222222225
1 0.1953125 0.26319444444444445 0.021875 0.044444444444444446
1 0.238671875 0.22430555555555556 0.0140625 0.03333333333333333
1 0.9015625 0.03125 0.0203125 0.03611111111111111
1 0.68046875 0.03333333333333333 0.02734375 0.03611111111111111
0 0.217578125 0.7388888888888889 0.12421875 0.30694444444444446
1 0.875 0.013888888888888888 0.02578125 0.027777777777777776
1 0.2390625 0.3625 0.01328125 0.029166666666666667
1 0.66171875 0.29583333333333334 0.01484375 0.02638888888888889
1 0.248046875 0.13541666666666666 0.01796875 0.02638888888888889
1 0.815234375 0.8527777777777777 0.053125 0.13055555555555556
1 0.259765625 0.9708333333333333 0.02265625 0.05555555555555555
0 0.13828125 0.8048611111111111 0.0953125 0.3902777777777778
1 0.872265625 0.9708333333333333 0.0328125 0.05416666666666667
1 0.454296875 0.66875 0.11484375 0.24305555555555555
0 0.6375 0.6111111111111112 0.225 0.44166666666666665
1 0.865625 0.6840277777777778 0.03046875 0.04583333333333333
0 0.728515625 0.3784722222222222 0.25078125 0.3138888888888889
1 0.933984375 0.8597222222222223 0.021875 0.04722222222222222
1 0.9640625 0.016666666666666666 0.0515625 0.03333333333333333
1 0.8921875 0.5277777777777778 0.02734375 0.05138888888888889
1 0.71640625 0.7277777777777777 0.0375 0.04027777777777778
1 0.877734375 0.3034722222222222 0.0234375 0.05694444444444444
1 0.683984375 0.7291666666666666 0.01953125 0.07083333333333333
1 0.76640625 0.24861111111111112 0.02109375 0.034722222222222224
1 0.164453125 0.06805555555555555 0.046875 0.07361111111111111
1 0.8671875 0.8951388888888889 0.021875 0.03888888888888889
1 0.439453125 0.2604166666666667 0.01484375 0.06944444444444445
1 0.73515625 0.5618055555555556 0.02109375 0.034722222222222224
1 0.72265625 0.07013888888888889 0.01796875 0.041666666666666664
1 0.240234375 0.5965277777777778 0.01875 0.03194444444444444
1 0.241796875 0.7041666666666667 0.0171875 0.029166666666666667
1 0.17734375 0.5506944444444445 0.02734375 0.06111111111111111
1 0.9296875 0.6715277777777777 0.0359375 0.04722222222222222
0 0.70625 0.17708333333333334 0.1703125 0.3541666666666667
1 0.97578125 0.4152777777777778 0.0359375 0.059722222222222225
1 0.9046875 0.3076388888888889 0.0234375 0.03333333333333333
0 0.198828125 0.9625 0.0515625 0.07361111111111111
1 0.921484375 0.0798611111111111 0.01640625 0.0375
1 0.958984375 0.8243055555555555 0.025 0.04583333333333333
1 0.8296875 0.7159722222222222 0.01875 0.029166666666666667
1 0.81171875 0.03888888888888889 0.0234375 0.05694444444444444
1 0.9203125 0.43680555555555556 0.03671875 0.10694444444444444
1 0.18984375 0.12777777777777777 0.01484375 0.03194444444444444
1 0.5828125 0.025694444444444443 0.01875 0.04583333333333333
1 0.183203125 0.4847222222222222 0.0171875 0.0375
1 0.2421875 0.02847222222222222 0.01953125 0.0375
1 0.736328125 0.16041666666666668 0.021875 0.04027777777777778
1 0.228515625 0.5013888888888889 0.021875 0.04722222222222222
1 0.846484375 0.07083333333333333 0.0203125 0.03888888888888889
1 0.7515625 0.9034722222222222 0.01875 0.04722222222222222
1 0.583984375 0.7625 0.01796875 0.03194444444444444
1 0.592578125 0.20972222222222223 0.02890625 0.075
1 0.125390625 0.4847222222222222 0.0328125 0.05
1 0.2046875 0.7805555555555556 0.02734375 0.044444444444444446
1 0.816015625 0.25277777777777777 0.01875 0.029166666666666667
1 0.596875 0.5104166666666666 0.02890625 0.05277777777777778
0 0.661328125 0.8458333333333333 0.228125 0.18333333333333332
1 0.902734375 0.36736111111111114 0.021875 0.058333333333333334
1 0.617578125 0.30694444444444446 0.01875 0.03888888888888889
1 0.896875 0.9020833333333333 0.01875 0.034722222222222224
1 0.222265625 0.9520833333333333 0.01484375 0.030555555555555555
1 0.908984375 0.8548611111111111 0.01875 0.041666666666666664
1 0.67890625 0.4340277777777778 0.02265625 0.04583333333333333
1 0.726953125 0.6354166666666666 0.02734375 0.06944444444444445
1 0.965234375 0.20972222222222223 0.02109375 0.03611111111111111
1 0.977734375 0.29097222222222224 0.0171875 0.03888888888888889
1 0.944140625 0.7736111111111111 0.021875 0.029166666666666667
1 0.758203125 0.83125 0.0359375 0.06805555555555555
1 0.72109375 0.12777777777777777 0.01484375 0.027777777777777776
1 0.652734375 0.46111111111111114 0.0140625 0.022222222222222223
0 0.69296875 0.9597222222222223 0.121875 0.07916666666666666
1 0.594921875 0.08541666666666667 0.01875 0.041666666666666664
1 0.89765625 0.07708333333333334 0.01796875 0.0375
0 0.1234375 0.22152777777777777 0.0890625 0.44305555555555554
1 0.153515625 0.2465277777777778 0.01640625 0.03611111111111111
1 0.127734375 0.41875 0.01875 0.027777777777777776
1 0.26171875 0.48333333333333334 0.02734375 0.05416666666666667
1 0.974609375 0.5243055555555556 0.0296875 0.04722222222222222
1 0.85 0.29583333333333334 0.0203125 0.03333333333333333
1 0.219140625 0.3819444444444444 0.0234375 0.058333333333333334
1 0.491796875 0.025 0.0171875 0.027777777777777776
1 0.580859375 0.3715277777777778 0.01796875 0.03888888888888889
1 0.98828125 0.7770833333333333 0.01796875 0.075
1 0.525390625 0.11875 0.0203125 0.04583333333333333
1 0.715234375 0.8180555555555555 0.01796875 0.025
1 0.880078125 0.7243055555555555 0.02109375 0.03194444444444444
1 0.84296875 0.6416666666666667 0.0203125 0.04027777777777778
0 0.111328125 0.3958333333333333 0.22265625 0.11666666666666667
1 0.713671875 0.5979166666666667 0.02265625 0.03888888888888889
1 0.226953125 0.4236111111111111 0.01796875 0.03611111111111111
1 0.889453125 0.5777777777777777 0.0171875 0.03611111111111111
1 0.180859375 0.15763888888888888 0.025 0.03333333333333333
1 0.264453125 0.5263888888888889 0.01640625 0.029166666666666667
1 0.953515625 0.33611111111111114 0.025 0.06111111111111111
1 0.891796875 0.16666666666666666 0.02578125 0.03888888888888889
1 0.76796875 0.4013888888888889 0.02265625 0.03888888888888889
1 0.21171875 0.4583333333333333 0.01953125 0.0375
1 0.926953125 0.9013888888888889 0.01875 0.03333333333333333
1 0.92734375 0.2361111111111111 0.0234375 0.08194444444444444
1 0.09453125 0.7423611111111111 0.01953125 0.04027777777777778