1 0.866015625 0.11666666666666667 0.0125 0.034722222222222224
0 0.08984375 0.4284722222222222 0.1796875 0.22777777777777777
0 0.1140625 0.1951388888888889 0.14453125 0.2763888888888889
1 0.827734375 0.5611111111111111 0.0078125 0.0125
0 0.653515625 0.03819444444444445 0.03203125 0.0763888888888889
0 0.66640625 0.2465277777777778 0.15703125 0.4930555555555556
0 0.705078125 0.3958333333333333 0.27421875 0.125
1 0.625 0.6215277777777778 0.0078125 0.016666666666666666
0 0.08671875 0.07222222222222222 0.1734375 0.14444444444444443
0 0.6296875 0.9791666666666666 0.0328125 0.041666666666666664
0 0.715234375 0.7083333333333334 0.1625 0.46805555555555556
0 0.71796875 0.8194444444444444 0.10390625 0.3611111111111111
1 0.532421875 0.2534722222222222 0.01171875 0.019444444444444445
1 0.8703125 0.6201388888888889 0.0171875 0.05416666666666667
0 0.0828125 0.90625 0.165625 0.1875
0 0.09765625 0.8451388888888889 0.1953125 0.30972222222222223
1 0.6828125 0.7673611111111112 0.009375 0.019444444444444445
1 0.95234375 0.7166666666666667 0.009375 0.020833333333333332
1 0.930078125 0.5694444444444444 0.01328125 0.02361111111111111
1 0.594921875 0.24513888888888888 0.0109375 0.020833333333333332
1 0.41796875 0.475 0.01328125 0.019444444444444445
1 0.3921875 0.4798611111111111 0.01640625 0.022222222222222223
1 0.333203125 0.5138888888888888 0.00859375 0.027777777777777776
1 0.407421875 0.7513888888888889 0.01328125 0.015277777777777777
1 0.93515625 0.9833333333333333 0.0109375 0.013888888888888888
1 0.1203125 0.8930555555555556 0.01953125 0.030555555555555555
1 0.787109375 0.7826388888888889 0.01171875 0.027777777777777776
1 0.20390625 0.5208333333333334 0.01015625 0.011111111111111112
1 0.21015625 0.16805555555555557 0.02109375 0.04027777777777778
1 0.229296875 0.2659722222222222 0.01796875 0.03194444444444444
1 0.15390625 0.8451388888888889 0.0109375 0.025
1 0.7953125 0.9777777777777777 0.0125 0.02361111111111111
1 0.815234375 0.3680555555555556 0.0078125 0.013888888888888888
1 0.891015625 0.41388888888888886 0.01015625 0.018055555555555554
1 0.605859375 0.006944444444444444 0.01328125 0.013888888888888888
1 0.6578125 0.050694444444444445 0.0109375 0.03333333333333333
1 0.68984375 0.00625 0.01640625 0.0125
1 0.68828125 0.03611111111111111 0.02421875 0.04027777777777778
1 0.598046875 0.10138888888888889 0.021875 0.03888888888888889
1 0.571875 0.06388888888888888 0.02265625 0.043055555555555555
1 0.994140625 0.2076388888888889 0.009375 0.015277777777777777
1 0.96015625 0.16875 0.00859375 0.019444444444444445
1 0.984765625 0.23472222222222222 0.00859375 0.018055555555555554
1 0.9546875 0.23472222222222222 0.0140625 0.022222222222222223
1 0.8859375 0.05625 0.015625 0.025
1 0.8078125 0.18611111111111112 0.01171875 0.030555555555555555
1 0.862890625 0.21388888888888888 0.02109375 0.04722222222222222
1 0.923046875 0.27361111111111114 0.02109375 0.022222222222222223
1 0.92109375 0.3701388888888889 0.0140625 0.030555555555555555
1 0.7828125 0.32569444444444445 0.015625 0.027777777777777776
1 0.664453125 0.3590277777777778 0.01171875 0.030555555555555555
1 0.71953125 0.3472222222222222 0.0515625 0.11944444444444445
1 0.721875 0.46041666666666664 0.00703125 0.016666666666666666
1 0.741796875 0.46458333333333335 0.015625 0.029166666666666667
1 0.744921875 0.5201388888888889 0.01328125 0.025
1 0.816796875 0.47847222222222224 0.0171875 0.022222222222222223
1 0.793359375 0.4909722222222222 0.015625 0.025
1 0.780859375 0.5243055555555556 0.0375 0.05
1 0.89765625 0.9368055555555556 0.00859375 0.029166666666666667
1 0.872265625 0.95 0.0140625 0.019444444444444445
1 0.987890625 0.8805555555555555 0.02421875 0.08055555555555556
1 0.983203125 0.775 0.03359375 0.09027777777777778
1 0.896484375 0.6916666666666667 0.0125 0.022222222222222223
1 0.8390625 0.6555555555555556 0.01796875 0.025
1 0.801171875 0.675 0.01796875 0.03333333333333333
1 0.76328125 0.6013888888888889 0.0265625 0.04583333333333333
1 0.72890625 0.7493055555555556 0.01640625 0.034722222222222224
1 0.73828125 0.70625 0.0234375 0.05416666666666667
1 0.79375 0.9104166666666667 0.01015625 0.029166666666666667
1 0.78671875 0.8805555555555555 0.0140625 0.030555555555555555
1 0.740625 0.8569444444444444 0.025 0.044444444444444446
1 0.630859375 0.9409722222222222 0.0140625 0.027777777777777776
1 0.614453125 0.88125 0.02421875 0.0375
1 0.584375 0.8861111111111111 0.03515625 0.10972222222222222
1 0.51171875 0.9354166666666667 0.015625 0.019444444444444445
1 0.4078125 0.90625 0.0109375 0.034722222222222224
1 0.245703125 0.8034722222222223 0.03828125 0.058333333333333334
1 0.144921875 0.6819444444444445 0.01640625 0.019444444444444445
1 0.227734375 0.6277777777777778 0.02109375 0.03888888888888889
1 0.260546875 0.5111111111111111 0.02265625 0.03194444444444444
1 0.242578125 0.3347222222222222 0.02734375 0.027777777777777776
1 0.255078125 0.22430555555555556 0.01484375 0.019444444444444445
1 0.151953125 0.04652777777777778 0.0234375 0.04027777777777778
1 0.21484375 0.08611111111111111 0.03203125 0.0625
1 0.76328125 0.9555555555555556 0.01953125 0.034722222222222224
1 0.154296875 0.0875 0.01875 0.020833333333333332
1 0.583984375 0.9951388888888889 0.0109375 0.009722222222222222
1 0.7734375 0.6527777777777778 0.028125 0.06111111111111111
1 0.69140625 0.4826388888888889 0.028125 0.03888888888888889
1 0.817578125 0.5076388888888889 0.0140625 0.019444444444444445
1 0.866796875 0.5041666666666667 0.02421875 0.03333333333333333
1 0.315625 0.6722222222222223 0.015625 0.027777777777777776
1 0.387109375 0.6819444444444445 0.01328125 0.0125
1 0.650390625 0.65 0.02734375 0.04861111111111111
1 0.63203125 0.7194444444444444 0.0484375 0.12916666666666668
1 0.570703125 0.6402777777777777 0.02265625 0.04027777777777778
1 0.482421875 0.6888888888888889 0.0484375 0.08333333333333333
1 0.448828125 0.6486111111111111 0.02734375 0.04861111111111111
1 0.43828125 0.5770833333333333 0.01328125 0.022222222222222223
1 0.501953125 0.5833333333333334 0.0234375 0.034722222222222224
1 0.60390625 0.5194444444444445 0.03515625 0.06527777777777778
1 0.553125 0.43125 0.02109375 0.04027777777777778
1 0.582421875 0.3423611111111111 0.0109375 0.019444444444444445
1 0.575 0.36944444444444446 0.0125 0.019444444444444445
1 0.569140625 0.34444444444444444 0.0125 0.025
1 0.48125 0.3576388888888889 0.0234375 0.043055555555555555
1 0.39921875 0.2569444444444444 0.02890625 0.029166666666666667
1 0.38515625 0.11805555555555555 0.0078125 0.015277777777777777
1 0.41953125 0.5673611111111111 0.015625 0.043055555555555555
1 0.481640625 0.002777777777777778 0.01484375 0.005555555555555556
1 0.527734375 0.3298611111111111 0.04921875 0.075
1 0.49921875 0.1375 0.021875 0.03888888888888889
1 0.558203125 0.3701388888888889 0.01875 0.03888888888888889
1 0.424609375 0.6 0.0125 0.025
1 0.51953125 0.7236111111111111 0.03046875 0.0625