1 0.259765625 0.24583333333333332 0.06171875 0.09583333333333334
1 0.6921875 0.25277777777777777 0.021875 0.027777777777777776
1 0.630859375 0.98125 0.025 0.03333333333333333
0 0.100390625 0.175 0.18359375 0.35
1 0.084375 0.80625 0.0140625 0.025
1 0.48203125 0.9430555555555555 0.02421875 0.043055555555555555
1 0.54765625 0.9159722222222222 0.0171875 0.025
1 0.2125 0.3763888888888889 0.025 0.05138888888888889
1 0.46875 0.8076388888888889 0.021875 0.027777777777777776
0 0.171875 0.825 0.1296875 0.3458333333333333
1 0.46953125 0.6930555555555555 0.01875 0.02361111111111111
1 0.725390625 0.9527777777777777 0.01796875 0.0375
1 0.142578125 0.7701388888888889 0.0140625 0.030555555555555555
1 0.466796875 0.18611111111111112 0.01328125 0.027777777777777776
0 0.680078125 0.8347222222222223 0.1 0.33055555555555555
0 0.126953125 0.4048611111111111 0.11640625 0.49583333333333335
1 0.22734375 0.7534722222222222 0.0171875 0.029166666666666667
1 0.253125 0.6097222222222223 0.0203125 0.03611111111111111
1 0.266015625 0.5756944444444444 0.0171875 0.034722222222222224
1 0.46875 0.41597222222222224 0.0234375 0.05416666666666667
1 0.64140625 0.6361111111111111 0.01875 0.030555555555555555
1 0.630078125 0.9208333333333333 0.028125 0.075
1 0.215625 0.08958333333333333 0.02890625 0.044444444444444446
1 0.721484375 0.8458333333333333 0.01953125 0.03888888888888889
1 0.51640625 0.9756944444444444 0.02109375 0.03333333333333333
1 0.95703125 0.5729166666666666 0.02421875 0.034722222222222224
1 0.966796875 0.7868055555555555 0.02421875 0.03888888888888889
0 0.1234375 0.5354166666666667 0.22578125 0.2791666666666667
1 0.497265625 0.8854166666666666 0.01796875 0.029166666666666667
1 0.9890625 0.59375 0.01640625 0.030555555555555555
1 0.552734375 0.85625 0.02890625 0.05694444444444444
1 0.089453125 0.3527777777777778 0.02421875 0.043055555555555555
1 0.88984375 0.6263888888888889 0.0515625 0.05555555555555555
1 0.24765625 0.5006944444444444 0.0296875 0.0763888888888889
1 0.2234375 0.8805555555555555 0.03125 0.059722222222222225
1 0.646484375 0.7965277777777777 0.01796875 0.034722222222222224
1 0.828515625 0.61875 0.02109375 0.030555555555555555
1 0.47734375 0.6090277777777777 0.025 0.04861111111111111
0 0.156640625 0.9201388888888888 0.1484375 0.1597222222222222
1 0.901171875 0.88125 0.0359375 0.08333333333333333
1 0.691796875 0.6625 0.0265625 0.0625
1 0.253125 0.37083333333333335 0.03359375 0.06111111111111111
0 0.708203125 0.53125 0.1609375 0.4444444444444444
1 0.228125 0.6513888888888889 0.02265625 0.04583333333333333
1 0.208203125 0.03819444444444445 0.021875 0.05138888888888889
0 0.687109375 0.14583333333333334 0.25 0.2916666666666667
0 0.68984375 0.3715277777777778 0.2359375 0.2875
1 0.815234375 0.7159722222222222 0.03515625 0.05277777777777778
1 0.7484375 0.4722222222222222 0.01328125 0.020833333333333332
1 0.293359375 0.15763888888888888 0.021875 0.030555555555555555
1 0.8078125 0.9347222222222222 0.0171875 0.027777777777777776
1 0.51640625 0.6034722222222222 0.01328125 0.02361111111111111
1 0.88671875 0.7895833333333333 0.01953125 0.034722222222222224
1 0.38046875 0.5041666666666667 0.0140625 0.029166666666666667
1 0.794140625 0.7604166666666666 0.01484375 0.03194444444444444
1 0.180859375 0.9354166666666667 0.01875 0.03333333333333333
1 0.137109375 0.8090277777777778 0.01484375 0.030555555555555555
1 0.077734375 0.4486111111111111 0.0109375 0.020833333333333332
1 0.86796875 0.005555555555555556 0.01171875 0.011111111111111112
1 0.32421875 0.6097222222222223 0.015625 0.029166666666666667
1 0.933203125 0.0125 0.01640625 0.022222222222222223
1 0.992578125 0.6409722222222223 0.009375 0.029166666666666667
1 0.56875 0.02361111111111111 0.01953125 0.04027777777777778
0 0.631640625 0.03333333333333333 0.1296875 0.06666666666666667
1 0.233203125 0.29375 0.015625 0.030555555555555555
1 0.959765625 0.009027777777777777 0.01640625 0.018055555555555554
1 0.279296875 0.22083333333333333 0.03203125 0.06388888888888888
1 0.7234375 0.30486111111111114 0.01328125 0.027777777777777776
1 0.14375 0.46944444444444444 0.01953125 0.0375
1 0.257421875 0.9923611111111111 0.015625 0.015277777777777777
1 0.163671875 0.9361111111111111 0.0125 0.03888888888888889
1 0.447265625 0.3854166666666667 0.01640625 0.020833333333333332
0 0.10234375 0.125 0.14375 0.25