1 0.53203125 0.9395833333333333 0.01875 0.029166666666666667
1 0.53203125 0.903125 0.01875 0.022916666666666665
1 0.66328125 0.840625 0.03125 0.035416666666666666
1 0.89453125 0.33958333333333335 0.0296875 0.025
1 0.846875 0.3125 0.03125 0.05625
1 0.5421875 0.11666666666666667 0.025 0.03333333333333333
1 0.48046875 0.12708333333333333 0.03125 0.05416666666666667
0 0.43984375 0.9166666666666666 0.0953125 0.16666666666666666
0 0.45234375 0.6666666666666666 0.2859375 0.24791666666666667
0 0.37421875 0.3302083333333333 0.2921875 0.2125
0 0.40546875 0.14166666666666666 0.0796875 0.2791666666666667
1 0.484375 0.5458333333333333 0.0140625 0.022916666666666665
1 0.68046875 0.10104166666666667 0.0140625 0.020833333333333332
1 0.640625 0.234375 0.0171875 0.025
1 0.05078125 0.22604166666666667 0.021875 0.035416666666666666
1 0.3453125 0.6958333333333333 0.015625 0.029166666666666667
1 0.353125 0.596875 0.0359375 0.025
1 0.33515625 0.7666666666666667 0.025 0.03333333333333333
1 0.13984375 0.559375 0.0171875 0.01875
1 0.0328125 0.6177083333333333 0.021875 0.027083333333333334
1 0.02734375 0.32916666666666666 0.015625 0.01875
1 0.1640625 0.375 0.0234375 0.029166666666666667
1 0.2359375 0.07708333333333334 0.0296875 0.01875
1 0.8515625 0.17708333333333334 0.01875 0.027083333333333334
1 0.31171875 0.6635416666666667 0.0203125 0.0375
1 0.2453125 0.75625 0.0265625 0.03333333333333333
1 0.87265625 0.8979166666666667 0.0390625 0.04791666666666667