1 0.14921875 0.5708333333333333 0.0234375 0.035416666666666666
1 0.28671875 0.41458333333333336 0.0171875 0.022916666666666665
1 0.38125 0.008333333333333333 0.0125 0.016666666666666666
1 0.7296875 0.85 0.021875 0.027083333333333334
1 0.71328125 0.8864583333333333 0.0125 0.01875
1 0.15859375 0.11041666666666666 0.053125 0.07708333333333334
1 0.2125 0.04895833333333333 0.03125 0.03958333333333333
1 0.00703125 0.2677083333333333 0.0140625 0.025
1 0.0375 0.240625 0.025 0.025
1 0.2265625 0.4 0.025 0.025
1 0.36328125 0.421875 0.0265625 0.027083333333333334
1 0.2359375 0.5447916666666667 0.0265625 0.029166666666666667
1 0.28515625 0.6010416666666667 0.0453125 0.0375
1 0.32265625 0.5635416666666667 0.0296875 0.03333333333333333
1 0.28125 0.6822916666666666 0.03125 0.041666666666666664
1 0.23203125 0.8270833333333333 0.015625 0.016666666666666666
1 0.2875 0.834375 0.078125 0.06458333333333334
1 0.1546875 0.925 0.04375 0.052083333333333336
1 0.2078125 0.9541666666666667 0.0375 0.03333333333333333
1 0.009375 0.9770833333333333 0.01875 0.029166666666666667
1 0.05625 0.859375 0.0140625 0.01875
1 0.415625 0.9 0.034375 0.06666666666666667
1 0.45078125 0.825 0.025 0.022916666666666665
1 0.51796875 0.8572916666666667 0.0359375 0.052083333333333336
1 0.546875 0.8135416666666667 0.021875 0.035416666666666666
1 0.6703125 0.8479166666666667 0.0203125 0.0375
1 0.825 0.865625 0.0484375 0.06666666666666667
1 0.9875 0.9260416666666667 0.025 0.05416666666666667
1 0.9640625 0.7802083333333333 0.025 0.029166666666666667
1 0.75234375 0.6833333333333333 0.01875 0.03333333333333333
1 0.74296875 0.75 0.015625 0.01875
1 0.6984375 0.715625 0.0265625 0.022916666666666665
1 0.59765625 0.621875 0.0296875 0.052083333333333336
1 0.66171875 0.56875 0.028125 0.022916666666666665
1 0.79140625 0.6083333333333333 0.0390625 0.05625
1 0.66328125 0.43854166666666666 0.03125 0.0375
1 0.76015625 0.3854166666666667 0.0328125 0.06875
1 0.7203125 0.3458333333333333 0.0140625 0.027083333333333334
1 0.85 0.44166666666666665 0.0203125 0.022916666666666665
1 0.6 0.0875 0.0296875 0.05416666666666667
1 0.6546875 0.11666666666666667 0.0421875 0.041666666666666664
1 0.7140625 0.11354166666666667 0.025 0.027083333333333334
1 0.7390625 0.234375 0.03125 0.06458333333333334
1 0.88203125 0.1375 0.025 0.022916666666666665
1 0.23203125 0.009375 0.0203125 0.01875
1 0.32421875 0.04895833333333333 0.06875 0.04583333333333333
1 0.39375 0.18020833333333333 0.0140625 0.03333333333333333
1 0.3671875 0.275 0.0421875 0.05416666666666667
1 0.409375 0.2916666666666667 0.034375 0.022916666666666665
1 0.31796875 0.31354166666666666 0.015625 0.029166666666666667
1 0.90859375 0.44895833333333335 0.0203125 0.035416666666666666
1 0.91640625 0.052083333333333336 0.01875 0.025
0 0.47890625 0.4114583333333333 0.06875 0.11875
0 0.4875 0.7104166666666667 0.1765625 0.11041666666666666
0 0.51484375 0.12708333333333333 0.0703125 0.25416666666666665