1 0.190234375 0.6798611111111111 0.0125 0.027777777777777776
1 0.3171875 0.6972222222222222 0.01015625 0.025
1 0.277734375 0.7444444444444445 0.01953125 0.0375
1 0.244140625 0.8597222222222223 0.01640625 0.03194444444444444
1 0.205078125 0.9888888888888889 0.01171875 0.022222222222222223
1 0.25625 0.03680555555555556 0.05 0.07361111111111111
1 0.22109375 0.04791666666666667 0.02421875 0.04861111111111111
1 0.180859375 0.09861111111111111 0.0265625 0.044444444444444446
1 0.152734375 0.12777777777777777 0.01171875 0.02361111111111111
1 0.219921875 0.15902777777777777 0.0359375 0.05277777777777778
1 0.23515625 0.22013888888888888 0.0328125 0.05
1 0.187109375 0.25833333333333336 0.021875 0.04027777777777778
1 0.190234375 0.3819444444444444 0.03125 0.12777777777777777
1 0.22578125 0.37569444444444444 0.025 0.03888888888888889
1 0.235546875 0.4395833333333333 0.0265625 0.059722222222222225
1 0.219140625 0.4638888888888889 0.01328125 0.022222222222222223
1 0.156640625 0.4791666666666667 0.0265625 0.06666666666666667
1 0.138671875 0.41180555555555554 0.01796875 0.0375
1 0.958203125 0.04027777777777778 0.015625 0.029166666666666667
0 0.142578125 0.17291666666666666 0.11171875 0.3458333333333333
0 0.14375 0.28888888888888886 0.11953125 0.30972222222222223
0 0.151953125 0.7430555555555556 0.09296875 0.3055555555555556
0 0.15234375 0.9534722222222223 0.10546875 0.09305555555555556
0 0.673828125 0.8909722222222223 0.140625 0.21805555555555556
1 0.81953125 0.6930555555555555 0.01171875 0.018055555555555554
0 0.658984375 0.8548611111111111 0.2375 0.2222222222222222
0 0.674609375 0.5319444444444444 0.1125 0.5069444444444444
0 0.7375 0.09027777777777778 0.26015625 0.18055555555555555
1 0.8078125 0.06041666666666667 0.009375 0.016666666666666666
1 0.980078125 0.04791666666666667 0.025 0.058333333333333334
1 0.1171875 0.13819444444444445 0.00859375 0.019444444444444445
1 0.68828125 0.022222222222222223 0.01015625 0.016666666666666666
1 0.70703125 0.010416666666666666 0.0203125 0.020833333333333332
1 0.1125 0.3715277777777778 0.01796875 0.04027777777777778
1 0.08671875 0.5152777777777777 0.0203125 0.03611111111111111
1 0.10546875 0.6305555555555555 0.021875 0.020833333333333332
1 0.15625 0.6361111111111111 0.01015625 0.019444444444444445
1 0.1671875 0.6451388888888889 0.01015625 0.018055555555555554
1 0.501171875 0.2763888888888889 0.0109375 0.022222222222222223
1 0.447265625 0.19583333333333333 0.01015625 0.019444444444444445
1 0.8765625 0.6041666666666666 0.00625 0.011111111111111112
1 0.93828125 0.5638888888888889 0.0140625 0.030555555555555555
1 0.684765625 0.9625 0.00703125 0.006944444444444444
1 0.698828125 0.9513888888888888 0.0125 0.018055555555555554
1 0.7296875 0.9097222222222222 0.02265625 0.0375
1 0.32890625 0.7381944444444445 0.009375 0.015277777777777777
1 0.30234375 0.7875 0.00859375 0.020833333333333332
1 0.31328125 0.98125 0.0140625 0.02638888888888889
1 0.495703125 0.4340277777777778 0.01796875 0.06944444444444445
1 0.472265625 0.016666666666666666 0.01015625 0.015277777777777777
1 0.6046875 0.006944444444444444 0.03046875 0.013888888888888888
1 0.60546875 0.14583333333333334 0.01796875 0.025
1 0.59765625 0.2222222222222222 0.05625 0.125
1 0.905859375 0.027083333333333334 0.01640625 0.03611111111111111
1 0.93203125 0.6597222222222222 0.01953125 0.027777777777777776
1 0.959765625 0.6756944444444445 0.01015625 0.025
1 0.9171875 0.7472222222222222 0.01171875 0.027777777777777776
1 0.9921875 0.7993055555555556 0.015625 0.04027777777777778
1 0.994140625 0.8423611111111111 0.01171875 0.03333333333333333
1 0.988671875 0.9375 0.02265625 0.058333333333333334
1 0.75078125 0.9895833333333334 0.0171875 0.020833333333333332
1 0.76875 0.9638888888888889 0.01484375 0.022222222222222223
1 0.829296875 0.9888888888888889 0.00859375 0.019444444444444445
1 0.681640625 0.8729166666666667 0.04140625 0.05416666666666667
1 0.629296875 0.8923611111111112 0.02890625 0.059722222222222225
1 0.59296875 0.05138888888888889 0.00859375 0.020833333333333332
1 0.651953125 0.8625 0.01015625 0.013888888888888888
1 0.59453125 0.9652777777777778 0.01171875 0.03333333333333333
1 0.550390625 0.9423611111111111 0.0125 0.02638888888888889
1 0.505859375 0.8798611111111111 0.01171875 0.019444444444444445
1 0.579296875 0.8256944444444444 0.00859375 0.011111111111111112
1 0.6953125 0.7680555555555556 0.0296875 0.02638888888888889
1 0.72734375 0.7597222222222222 0.02109375 0.0375
1 0.7953125 0.7708333333333334 0.01015625 0.019444444444444445
1 0.703515625 0.8118055555555556 0.0171875 0.030555555555555555
1 0.677734375 0.7013888888888888 0.0265625 0.04027777777777778
1 0.616015625 0.6270833333333333 0.02734375 0.041666666666666664
1 0.63359375 0.6541666666666667 0.0125 0.022222222222222223
1 0.65 0.6138888888888889 0.01953125 0.025
1 0.583203125 0.64375 0.0265625 0.043055555555555555
1 0.774609375 0.5625 0.01953125 0.029166666666666667
1 0.82265625 0.5673611111111111 0.0234375 0.059722222222222225
1 0.76328125 0.61875 0.0125 0.02361111111111111
1 0.69453125 0.5736111111111111 0.01015625 0.02638888888888889
1 0.70703125 0.5548611111111111 0.01015625 0.02361111111111111
1 0.627734375 0.5284722222222222 0.01640625 0.0375
1 0.668359375 0.5770833333333333 0.0109375 0.020833333333333332
1 0.632421875 0.49166666666666664 0.009375 0.009722222222222222
1 0.622265625 0.5006944444444444 0.00625 0.015277777777777777
1 0.646484375 0.36736111111111114 0.03203125 0.06666666666666667
1 0.8109375 0.12569444444444444 0.02421875 0.04861111111111111
1 0.722265625 0.20625 0.025 0.05138888888888889
1 0.694140625 0.2659722222222222 0.0359375 0.06388888888888888
1 0.787109375 0.07847222222222222 0.01171875 0.02638888888888889
1 0.676953125 0.10972222222222222 0.03125 0.044444444444444446
1 0.653515625 0.06319444444444444 0.01640625 0.03333333333333333
1 0.629296875 0.04513888888888889 0.02890625 0.03194444444444444
1 0.855078125 0.14444444444444443 0.0125 0.02361111111111111
1 0.866796875 0.11666666666666667 0.01875 0.034722222222222224
1 0.89921875 0.08958333333333333 0.01796875 0.029166666666666667
1 0.940234375 0.12986111111111112 0.03125 0.058333333333333334
1 0.665625 0.34444444444444444 0.01875 0.04861111111111111
1 0.728125 0.3576388888888889 0.0140625 0.03194444444444444
1 0.696875 0.44027777777777777 0.025 0.05555555555555555
1 0.744140625 0.09444444444444444 0.06171875 0.06805555555555555
1 0.732421875 0.42430555555555555 0.0171875 0.043055555555555555
1 0.796484375 0.3840277777777778 0.01171875 0.02361111111111111
1 0.9875 0.3277777777777778 0.025 0.05
1 0.98125 0.46041666666666664 0.03125 0.04861111111111111
1 0.897265625 0.36180555555555555 0.05 0.1361111111111111
1 0.83828125 0.3729166666666667 0.05546875 0.09722222222222222
1 0.787109375 0.4930555555555556 0.08125 0.10833333333333334
1 0.16953125 0.00625 0.01015625 0.0125
1 0.33125 0.10277777777777777 0.0109375 0.019444444444444445
1 0.30859375 0.18888888888888888 0.01015625 0.016666666666666666
1 0.2546875 0.35625 0.01171875 0.02638888888888889
1 0.2453125 0.32083333333333336 0.0109375 0.02638888888888889
1 0.285546875 0.3090277777777778 0.01953125 0.030555555555555555
1 0.2734375 0.2743055555555556 0.01484375 0.018055555555555554
1 0.307421875 0.48194444444444445 0.0140625 0.030555555555555555
1 0.219140625 0.5361111111111111 0.0140625 0.03194444444444444
1 0.18359375 0.5541666666666667 0.01953125 0.03333333333333333
1 0.271875 0.5722222222222222 0.02734375 0.06944444444444445
1 0.333984375 0.6333333333333333 0.00703125 0.0125
1 0.301171875 0.6173611111111111 0.00859375 0.015277777777777777
1 0.273046875 0.9847222222222223 0.03828125 0.030555555555555555
1 0.20546875 0.9256944444444445 0.015625 0.02361111111111111
1 0.147265625 0.8645833333333334 0.01640625 0.02361111111111111
1 0.10234375 0.8611111111111112 0.01953125 0.0375
1 0.19375 0.7881944444444444 0.01484375 0.015277777777777777
1 0.154296875 0.7784722222222222 0.021875 0.043055555555555555
1 0.1640625 0.7256944444444444 0.01875 0.04027777777777778
1 0.225390625 0.7131944444444445 0.0140625 0.030555555555555555
1 0.20859375 0.6229166666666667 0.0125 0.015277777777777777
1 0.19453125 0.6493055555555556 0.0109375 0.02361111111111111