1 0.623828125 0.5777777777777777 0.03515625 0.041666666666666664
1 0.58984375 0.49444444444444446 0.03671875 0.05
1 0.535546875 0.4201388888888889 0.015625 0.0375
1 0.877734375 0.5680555555555555 0.0171875 0.027777777777777776
1 0.560546875 0.36041666666666666 0.021875 0.03333333333333333
1 0.5703125 0.19583333333333333 0.0109375 0.016666666666666666
1 0.56875 0.10486111111111111 0.00859375 0.016666666666666666
1 0.544140625 0.09513888888888888 0.0140625 0.018055555555555554
1 0.53125 0.1763888888888889 0.0140625 0.019444444444444445
1 0.55703125 0.15625 0.0140625 0.04861111111111111
1 0.446875 0.14722222222222223 0.00859375 0.02638888888888889
1 0.403125 0.21388888888888888 0.01875 0.02361111111111111
1 0.159765625 0.007638888888888889 0.01328125 0.015277777777777777
1 0.137890625 0.0375 0.0359375 0.05555555555555555
1 0.214453125 0.018055555555555554 0.0375 0.03611111111111111
1 0.18671875 0.011805555555555555 0.0171875 0.02361111111111111
1 0.180859375 0.06597222222222222 0.0140625 0.025
1 0.207421875 0.08680555555555555 0.01171875 0.020833333333333332
1 0.209765625 0.1673611111111111 0.03046875 0.044444444444444446
1 0.18671875 0.1125 0.01796875 0.043055555555555555
1 0.128125 0.20625 0.021875 0.02638888888888889
1 0.130078125 0.27569444444444446 0.015625 0.020833333333333332
1 0.16875 0.2611111111111111 0.0140625 0.0375
1 0.187109375 0.3347222222222222 0.0265625 0.05416666666666667
1 0.20859375 0.28125 0.0265625 0.04027777777777778
1 0.208984375 0.2298611111111111 0.03359375 0.03611111111111111
1 0.328125 0.23958333333333334 0.009375 0.018055555555555554
1 0.32265625 0.28541666666666665 0.021875 0.04583333333333333
1 0.2765625 0.23333333333333334 0.0234375 0.04861111111111111
1 0.248046875 0.29583333333333334 0.03671875 0.12222222222222222
1 0.254296875 0.39305555555555555 0.01328125 0.0375
1 0.23203125 0.4423611111111111 0.01640625 0.044444444444444446
1 0.152734375 0.44305555555555554 0.0265625 0.044444444444444446
1 0.227734375 0.5458333333333333 0.02265625 0.058333333333333334
1 0.26328125 0.4986111111111111 0.0390625 0.044444444444444446
1 0.276171875 0.7138888888888889 0.021875 0.034722222222222224
1 0.249609375 0.6840277777777778 0.0203125 0.04027777777777778
1 0.203515625 0.6701388888888888 0.01875 0.03194444444444444
1 0.13671875 0.6291666666666667 0.009375 0.03194444444444444
1 0.17734375 0.6173611111111111 0.01796875 0.034722222222222224
1 0.170703125 0.69375 0.015625 0.03333333333333333
1 0.16171875 0.7243055555555555 0.01875 0.025
1 0.11171875 0.6875 0.0171875 0.0375
1 0.0546875 0.7902777777777777 0.02578125 0.034722222222222224
1 0.091796875 0.8965277777777778 0.01875 0.022222222222222223
1 0.08125 0.9416666666666667 0.01328125 0.02638888888888889
1 0.1015625 0.9784722222222222 0.0125 0.022222222222222223
1 0.173046875 0.9097222222222222 0.01171875 0.04027777777777778
1 0.130078125 0.9006944444444445 0.03359375 0.075
0 0.670703125 0.7152777777777778 0.2546875 0.36944444444444446
0 0.70859375 0.8333333333333334 0.15 0.3333333333333333
0 0.705078125 0.95625 0.1328125 0.0875
0 0.109375 0.11666666666666667 0.21796875 0.23333333333333334
0 0.101171875 0.3284722222222222 0.13359375 0.475
0 0.14296875 0.6006944444444444 0.14296875 0.3888888888888889
0 0.130078125 0.8736111111111111 0.2 0.2152777777777778
0 0.18203125 0.9402777777777778 0.09296875 0.11944444444444445
0 0.678515625 0.26319444444444445 0.25703125 0.4666666666666667
0 0.62578125 0.14444444444444443 0.1953125 0.24861111111111112
0 0.67890625 0.07569444444444444 0.03984375 0.15138888888888888
1 0.844140625 0.5604166666666667 0.0125 0.018055555555555554
1 0.207421875 0.8979166666666667 0.04296875 0.07083333333333333
1 0.234375 0.9444444444444444 0.0390625 0.09444444444444444
1 0.278125 0.8819444444444444 0.03203125 0.034722222222222224
1 0.335546875 0.9083333333333333 0.01171875 0.018055555555555554
1 0.225390625 0.8458333333333333 0.03203125 0.07222222222222222
1 0.153125 0.8458333333333333 0.01953125 0.05138888888888889
1 0.480859375 0.5944444444444444 0.01171875 0.03611111111111111
1 0.504296875 0.6423611111111112 0.028125 0.029166666666666667
1 0.049609375 0.41388888888888886 0.01796875 0.03333333333333333
1 0.634765625 0.9875 0.021875 0.025
1 0.61328125 0.9208333333333333 0.0125 0.02638888888888889
1 0.63125 0.8270833333333333 0.015625 0.0375
1 0.595703125 0.8701388888888889 0.02421875 0.03888888888888889
1 0.99140625 0.22083333333333333 0.01328125 0.019444444444444445
1 0.955078125 0.15347222222222223 0.0109375 0.020833333333333332
1 0.91953125 0.09861111111111111 0.0140625 0.027777777777777776
1 0.973046875 0.04513888888888889 0.02890625 0.04583333333333333
1 0.95234375 0.0125 0.01640625 0.025
1 0.877734375 0.04513888888888889 0.01953125 0.030555555555555555
1 0.8546875 0.009027777777777777 0.034375 0.018055555555555554
1 0.81328125 0.06527777777777778 0.0234375 0.05138888888888889
1 0.794921875 0.09652777777777778 0.01328125 0.02361111111111111
1 0.8078125 0.16180555555555556 0.028125 0.0625
1 0.88671875 0.23541666666666666 0.03515625 0.075
1 0.64375 0.3798611111111111 0.01171875 0.019444444444444445
1 0.66953125 0.4354166666666667 0.02734375 0.05277777777777778
1 0.83828125 0.4513888888888889 0.009375 0.020833333333333332
1 0.7546875 0.4486111111111111 0.03203125 0.06111111111111111
1 0.7890625 0.3798611111111111 0.0171875 0.03333333333333333
1 0.825 0.3625 0.01328125 0.019444444444444445
1 0.841015625 0.34305555555555556 0.0203125 0.03888888888888889
1 0.978125 0.3298611111111111 0.01796875 0.059722222222222225
1 0.925390625 0.3951388888888889 0.03359375 0.04583333333333333
1 0.993359375 0.525 0.01328125 0.029166666666666667
1 0.905078125 0.4736111111111111 0.015625 0.044444444444444446
1 0.9546875 0.4847222222222222 0.0390625 0.075
1 0.941796875 0.5513888888888889 0.015625 0.0375
1 0.934765625 0.6076388888888888 0.015625 0.019444444444444445
1 0.80078125 0.6625 0.0125 0.029166666666666667
1 0.70546875 0.7381944444444445 0.01640625 0.034722222222222224
1 0.734765625 0.8326388888888889 0.01875 0.03888888888888889
1 0.81875 0.7666666666666667 0.009375 0.019444444444444445
1 0.995703125 0.6826388888888889 0.00859375 0.016666666666666666
1 0.984765625 0.7888888888888889 0.025 0.0375
1 0.908203125 0.85 0.01171875 0.018055555555555554
1 0.904296875 0.8138888888888889 0.0171875 0.03194444444444444
1 0.83046875 0.7354166666666667 0.01796875 0.029166666666666667
1 0.844921875 0.7819444444444444 0.01328125 0.03194444444444444
1 0.89609375 0.7201388888888889 0.02109375 0.0625
1 0.870703125 0.7173611111111111 0.01875 0.0625
1 0.847265625 0.6486111111111111 0.0203125 0.03333333333333333
1 0.894921875 0.5847222222222223 0.0140625 0.022222222222222223
1 0.0703125 0.10625 0.0265625 0.058333333333333334
1 0.0296875 0.18194444444444444 0.009375 0.0125
1 0.332421875 0.5618055555555556 0.01328125 0.03888888888888889
1 0.53515625 0.03611111111111111 0.009375 0.016666666666666666
1 0.285546875 0.022222222222222223 0.0078125 0.016666666666666666
1 0.669140625 0.013194444444444444 0.0109375 0.018055555555555554
1 0.710546875 0.07916666666666666 0.0109375 0.018055555555555554
1 0.832421875 0.5854166666666667 0.0140625 0.022222222222222223
1 0.794921875 0.525 0.01640625 0.025
1 0.71640625 0.5847222222222223 0.0328125 0.05694444444444444
1 0.671484375 0.5472222222222223 0.03359375 0.0375
1 0.50546875 0.12638888888888888 0.015625 0.034722222222222224
1 0.58125 0.5631944444444444 0.0265625 0.05555555555555555