1 0.58359375 0.89375 0.0125 0.030555555555555555
1 0.650390625 0.7875 0.0125 0.018055555555555554
1 0.680078125 0.8548611111111111 0.0109375 0.03888888888888889
1 0.855078125 0.9423611111111111 0.0140625 0.025
1 0.79765625 0.9270833333333334 0.0203125 0.03194444444444444
1 0.831640625 0.9583333333333334 0.01953125 0.03888888888888889
1 0.944921875 0.9590277777777778 0.05703125 0.07777777777777778
1 0.984765625 0.9041666666666667 0.03046875 0.10833333333333334
1 0.9203125 0.8868055555555555 0.02109375 0.043055555555555555
1 0.941015625 0.8555555555555555 0.0765625 0.075
1 0.86875 0.85 0.01484375 0.022222222222222223
1 0.934765625 0.7472222222222222 0.01953125 0.03888888888888889
1 0.844921875 0.7055555555555556 0.01171875 0.022222222222222223
1 0.746484375 0.71875 0.015625 0.03333333333333333
1 0.677734375 0.5166666666666667 0.01640625 0.022222222222222223
1 0.753515625 0.4625 0.0234375 0.03888888888888889
1 0.760546875 0.5576388888888889 0.01875 0.025
1 0.7921875 0.6152777777777778 0.0421875 0.06805555555555555
1 0.80390625 0.5833333333333334 0.01953125 0.05694444444444444
1 0.867578125 0.6340277777777777 0.02890625 0.05694444444444444
1 0.83671875 0.5916666666666667 0.03671875 0.07361111111111111
1 0.96875 0.6152777777777778 0.0625 0.09444444444444444
1 0.921484375 0.6375 0.01328125 0.020833333333333332
1 0.915625 0.5708333333333333 0.01875 0.027777777777777776
1 0.941015625 0.5444444444444444 0.01484375 0.020833333333333332
1 0.937890625 0.5104166666666666 0.0390625 0.05555555555555555
1 0.846875 0.4826388888888889 0.01953125 0.019444444444444445
1 0.899609375 0.40555555555555556 0.01171875 0.016666666666666666
1 0.98671875 0.4361111111111111 0.0265625 0.04861111111111111
1 0.963671875 0.4548611111111111 0.03515625 0.04583333333333333
1 0.3015625 0.41875 0.0296875 0.043055555555555555
1 0.209375 0.3645833333333333 0.0171875 0.02361111111111111
1 0.215625 0.33055555555555555 0.0125 0.018055555555555554
1 0.26015625 0.34375 0.01640625 0.019444444444444445
1 0.38125 0.31666666666666665 0.0140625 0.018055555555555554
1 0.367578125 0.26666666666666666 0.02265625 0.034722222222222224
1 0.423046875 0.21319444444444444 0.02578125 0.06388888888888888
1 0.546875 0.04027777777777778 0.02890625 0.06666666666666667
1 0.905859375 0.4673611111111111 0.01484375 0.020833333333333332
1 0.920703125 0.45208333333333334 0.0125 0.020833333333333332
1 0.946484375 0.3680555555555556 0.0171875 0.018055555555555554
1 0.931640625 0.37569444444444444 0.01171875 0.019444444444444445
1 0.948828125 0.30486111111111114 0.01484375 0.02638888888888889
0 0.179296875 0.9625 0.0453125 0.075
1 0.9265625 0.21736111111111112 0.01015625 0.019444444444444445
1 0.89453125 0.25416666666666665 0.0140625 0.019444444444444445
1 0.885546875 0.21875 0.009375 0.016666666666666666
1 0.91953125 0.1527777777777778 0.0125 0.019444444444444445
1 0.993359375 0.1111111111111111 0.01328125 0.05138888888888889
1 0.953125 0.013888888888888888 0.0109375 0.016666666666666666
1 0.896484375 0.05555555555555555 0.00859375 0.0125
1 0.85546875 0.022222222222222223 0.0109375 0.02361111111111111
1 0.8953125 0.31527777777777777 0.01640625 0.03333333333333333
1 0.715234375 0.32916666666666666 0.021875 0.04722222222222222
1 0.72265625 0.28194444444444444 0.06171875 0.08055555555555556
1 0.74453125 0.21319444444444444 0.0140625 0.02638888888888889
1 0.811328125 0.24583333333333332 0.01796875 0.022222222222222223
1 0.785546875 0.2298611111111111 0.0171875 0.04027777777777778
1 0.30859375 0.4638888888888889 0.01875 0.03194444444444444
1 0.4640625 0.5173611111111112 0.025 0.04722222222222222
1 0.380078125 0.6222222222222222 0.02578125 0.06388888888888888
1 0.490234375 0.6423611111111112 0.028125 0.043055555555555555
1 0.528515625 0.3229166666666667 0.01875 0.043055555555555555
1 0.573046875 0.16944444444444445 0.034375 0.06805555555555555
1 0.612890625 0.175 0.01796875 0.034722222222222224
1 0.644921875 0.13402777777777777 0.0234375 0.044444444444444446
1 0.5734375 0.0798611111111111 0.01640625 0.034722222222222224
1 0.707421875 0.10486111111111111 0.02421875 0.06111111111111111
1 0.749609375 0.09652777777777778 0.01015625 0.018055555555555554
0 0.09765625 0.4951388888888889 0.190625 0.23194444444444445
0 0.091796875 0.28055555555555556 0.1453125 0.3888888888888889
0 0.112109375 0.059027777777777776 0.08125 0.11805555555555555
1 0.509375 0.25625 0.0140625 0.020833333333333332
1 0.6828125 0.16597222222222222 0.0140625 0.029166666666666667
1 0.6171875 0.2604166666666667 0.0140625 0.019444444444444445
1 0.5640625 0.2902777777777778 0.01953125 0.030555555555555555
1 0.781640625 0.08194444444444444 0.02265625 0.029166666666666667
1 0.490234375 0.022222222222222223 0.01953125 0.029166666666666667
1 0.4734375 0.04861111111111111 0.0171875 0.034722222222222224
1 0.463671875 0.12986111111111112 0.02421875 0.06111111111111111
1 0.380078125 0.09236111111111112 0.03125 0.05555555555555555
1 0.223828125 0.15902777777777777 0.0125 0.029166666666666667
1 0.194921875 0.17777777777777778 0.028125 0.0625
1 0.159765625 0.11527777777777778 0.0109375 0.0125
1 0.03203125 0.18611111111111112 0.01484375 0.019444444444444445
1 0.036328125 0.02013888888888889 0.01875 0.03194444444444444
0 0.721875 0.02361111111111111 0.03203125 0.04722222222222222
0 0.595703125 0.31319444444444444 0.2578125 0.175
0 0.626171875 0.5659722222222222 0.16953125 0.2111111111111111
0 0.15703125 0.90625 0.18515625 0.1875
0 0.6609375 0.8909722222222223 0.1578125 0.21805555555555556
1 0.7109375 0.36527777777777776 0.0078125 0.019444444444444445
1 0.63828125 0.06319444444444444 0.02109375 0.07083333333333333
1 0.754296875 0.1451388888888889 0.01640625 0.0625
1 0.74921875 0.9069444444444444 0.01015625 0.018055555555555554
1 0.547265625 0.7 0.0109375 0.022222222222222223
1 0.540625 0.3854166666666667 0.01015625 0.011111111111111112
1 0.4671875 0.4048611111111111 0.00859375 0.027777777777777776
1 0.494140625 0.4375 0.00625 0.015277777777777777
1 0.46796875 0.4444444444444444 0.0140625 0.020833333333333332
1 0.0171875 0.45 0.01875 0.022222222222222223
1 0.05703125 0.27361111111111114 0.01015625 0.02638888888888889
1 0.0140625 0.27361111111111114 0.02421875 0.05138888888888889
1 0.070703125 0.30416666666666664 0.0140625 0.02638888888888889
1 0.1859375 0.12152777777777778 0.01640625 0.025
1 0.21484375 0.9 0.01171875 0.015277777777777777
1 0.22890625 0.6041666666666666 0.00859375 0.02361111111111111
1 0.18515625 0.5770833333333333 0.01484375 0.0375
1 0.15859375 0.6041666666666666 0.01484375 0.019444444444444445
1 0.2234375 0.6444444444444445 0.01484375 0.019444444444444445
1 0.16015625 0.7333333333333333 0.009375 0.018055555555555554
1 0.069921875 0.7736111111111111 0.01640625 0.025
1 0.084765625 0.7451388888888889 0.0125 0.02638888888888889
1 0.087109375 0.6493055555555556 0.01171875 0.015277777777777777
1 0.04453125 0.8104166666666667 0.03046875 0.03611111111111111
1 0.169140625 0.7791666666666667 0.0171875 0.027777777777777776
1 0.11328125 0.8388888888888889 0.0125 0.025
1 0.09609375 0.8895833333333333 0.02109375 0.02638888888888889
1 0.1296875 0.9541666666666667 0.0109375 0.027777777777777776
1 0.159375 0.9555555555555556 0.02109375 0.034722222222222224
1 0.3078125 0.9243055555555556 0.0109375 0.020833333333333332
1 0.435546875 0.7833333333333333 0.015625 0.03888888888888889
1 0.41796875 0.76875 0.0140625 0.022222222222222223
1 0.51171875 0.9277777777777778 0.0171875 0.019444444444444445
1 0.5546875 0.9333333333333333 0.0140625 0.03333333333333333
1 0.693359375 0.9784722222222222 0.0296875 0.041666666666666664