1 0.7875 0.6885416666666667 0.0296875 0.027083333333333334
1 0.77578125 0.64375 0.028125 0.025
1 0.6171875 0.5739583333333333 0.0203125 0.029166666666666667
1 0.9234375 0.4125 0.05625 0.03125
1 0.83125 0.440625 0.015625 0.01875
1 0.8265625 0.48125 0.028125 0.022916666666666665
1 0.76015625 0.4979166666666667 0.0328125 0.035416666666666666
1 0.76875 0.43333333333333335 0.01875 0.03125
1 0.81328125 0.403125 0.01875 0.016666666666666666
1 0.87578125 0.38125 0.028125 0.035416666666666666
1 0.8953125 0.315625 0.0390625 0.035416666666666666
1 0.96015625 0.2916666666666667 0.0234375 0.022916666666666665
1 0.715625 0.2520833333333333 0.084375 0.13333333333333333
1 0.796875 0.27708333333333335 0.0484375 0.04791666666666667
1 0.78203125 0.16354166666666667 0.0359375 0.07083333333333333
1 0.71953125 0.15416666666666667 0.053125 0.07916666666666666
1 0.875 0.18541666666666667 0.05 0.06041666666666667
1 0.940625 0.21666666666666667 0.0265625 0.025
1 0.6609375 0.265625 0.0234375 0.025
1 0.79921875 0.096875 0.025 0.0375
1 0.85546875 0.05625 0.0203125 0.016666666666666666
1 0.93046875 0.0875 0.028125 0.04583333333333333
1 0.5625 0.1375 0.03125 0.03125
1 0.58828125 0.08854166666666667 0.025 0.029166666666666667
1 0.5515625 0.23229166666666667 0.0375 0.03125
1 0.80625 0.21875 0.0203125 0.03958333333333333
1 0.3140625 0.011458333333333333 0.0578125 0.022916666666666665
1 0.34609375 0.04375 0.0296875 0.04583333333333333
1 0.375 0.07604166666666666 0.0375 0.03958333333333333
1 0.49453125 0.030208333333333334 0.040625 0.058333333333333334
1 0.4203125 0.090625 0.0359375 0.05
1 0.3734375 0.21354166666666666 0.0203125 0.027083333333333334
1 0.4078125 0.24895833333333334 0.0421875 0.04583333333333333
1 0.41171875 0.17604166666666668 0.0484375 0.035416666666666666
1 0.4171875 0.35104166666666664 0.0171875 0.027083333333333334
1 0.33828125 0.42291666666666666 0.021875 0.05625
1 0.29296875 0.46145833333333336 0.0390625 0.04583333333333333
1 0.29375 0.4041666666666667 0.015625 0.016666666666666666
1 0.109375 0.34270833333333334 0.028125 0.04375
1 0.10234375 0.30520833333333336 0.0109375 0.0125
1 0.13828125 0.31666666666666665 0.0203125 0.03333333333333333
1 0.184375 0.36770833333333336 0.025 0.035416666666666666
1 0.175 0.2125 0.0484375 0.07708333333333334
1 0.22109375 0.12083333333333333 0.034375 0.11041666666666666
1 0.03125 0.178125 0.0171875 0.020833333333333332
1 0.0703125 0.011458333333333333 0.0140625 0.022916666666666665
1 0.03671875 0.28125 0.015625 0.035416666666666666
1 0.02265625 0.45 0.0453125 0.0375
1 0.16953125 0.49270833333333336 0.0171875 0.01875
1 0.26640625 0.615625 0.0296875 0.03333333333333333
1 0.378125 0.6083333333333333 0.0171875 0.022916666666666665
1 0.42890625 0.71875 0.04375 0.03125
1 0.471875 0.8104166666666667 0.028125 0.052083333333333336
1 0.4265625 0.8416666666666667 0.0203125 0.022916666666666665
1 0.3125 0.8864583333333333 0.0890625 0.07083333333333333
1 0.28671875 0.8427083333333333 0.0234375 0.027083333333333334
1 0.3921875 0.93125 0.0390625 0.07916666666666666
1 0.51875 0.9802083333333333 0.0234375 0.03125
1 0.57890625 0.8822916666666667 0.0125 0.0375
1 0.37578125 0.859375 0.025 0.022916666666666665
1 0.0828125 0.9354166666666667 0.0234375 0.020833333333333332
1 0.11875 0.559375 0.0140625 0.01875
1 0.08671875 0.546875 0.025 0.03333333333333333
1 0.8859375 0.7145833333333333 0.025 0.027083333333333334
1 0.76015625 0.01875 0.0296875 0.0375
1 0.48046875 0.15729166666666666 0.0140625 0.01875
1 0.265625 0.290625 0.0234375 0.025
1 0.0609375 0.378125 0.015625 0.025
1 0.4625 0.5427083333333333 0.0140625 0.022916666666666665
1 0.51484375 0.575 0.021875 0.027083333333333334
1 0.6515625 0.40729166666666666 0.0265625 0.01875
1 0.66640625 0.36041666666666666 0.0140625 0.020833333333333332
1 0.60390625 0.3875 0.0109375 0.022916666666666665
1 0.9734375 0.08229166666666667 0.053125 0.03958333333333333
1 0.7703125 0.9875 0.0328125 0.025
0 0.65 0.036458333333333336 0.1015625 0.07291666666666667
0 0.6265625 0.18854166666666666 0.0703125 0.29583333333333334
0 0.6265625 0.5239583333333333 0.2875 0.11875
0 0.58046875 0.715625 0.221875 0.1875
0 0.5515625 0.9770833333333333 0.0328125 0.04583333333333333
1 0.8203125 0.9166666666666666 0.0171875 0.016666666666666666
1 0.85390625 0.946875 0.0296875 0.04375
1 0.77578125 0.828125 0.0234375 0.041666666666666664
1 0.7171875 0.9104166666666667 0.1125 0.09166666666666666
1 0.9875 0.8979166666666667 0.025 0.03125
1 0.8546875 0.73125 0.03125 0.075
1 0.87421875 0.8041666666666667 0.0109375 0.016666666666666666
1 0.9421875 0.85 0.0171875 0.016666666666666666
1 0.68671875 0.7510416666666667 0.03125 0.0375
1 0.61875 0.759375 0.0140625 0.01875