1 0.2234375 0.20520833333333333 0.0359375 0.0375
1 0.5921875 0.12395833333333334 0.01875 0.029166666666666667
1 0.63359375 0.03333333333333333 0.021875 0.04583333333333333
1 0.33046875 0.8052083333333333 0.01875 0.029166666666666667
1 0.20625 0.65 0.0140625 0.01875
1 0.22265625 0.5604166666666667 0.0109375 0.0125
1 0.10859375 0.1375 0.034375 0.022916666666666665
1 0.17265625 0.06979166666666667 0.05 0.11041666666666666
1 0.421875 0.69375 0.0171875 0.029166666666666667
1 0.27265625 0.440625 0.0140625 0.029166666666666667
1 0.05078125 0.9770833333333333 0.0171875 0.020833333333333332
1 0.20625 0.9885416666666667 0.0203125 0.022916666666666665
1 0.3609375 0.19479166666666667 0.028125 0.029166666666666667
1 0.24453125 0.13541666666666666 0.03125 0.03125
1 0.5046875 0.6020833333333333 0.0140625 0.020833333333333332
1 0.6625 0.16041666666666668 0.040625 0.022916666666666665
1 0.73125 0.121875 0.021875 0.027083333333333334
1 0.5515625 0.3770833333333333 0.021875 0.020833333333333332
1 0.72734375 0.728125 0.021875 0.03958333333333333
1 0.66015625 0.4166666666666667 0.034375 0.041666666666666664
0 0.38671875 0.9375 0.0796875 0.125
0 0.36953125 0.6333333333333333 0.10625 0.21875
0 0.37109375 0.3572916666666667 0.1625 0.08541666666666667
1 0.24765625 0.39791666666666664 0.0390625 0.041666666666666664
1 0.30546875 0.5552083333333333 0.0265625 0.0375
1 0.434375 0.56875 0.0328125 0.041666666666666664
1 0.6171875 0.8833333333333333 0.0296875 0.03125
1 0.54296875 0.90625 0.0234375 0.025
1 0.24453125 0.90625 0.0765625 0.07916666666666666
1 0.11796875 0.6604166666666667 0.053125 0.06666666666666667
1 0.05546875 0.6020833333333333 0.0796875 0.035416666666666666
1 0.1625 0.5114583333333333 0.0125 0.014583333333333334
1 0.2234375 0.0375 0.040625 0.075
1 0.84453125 0.19166666666666668 0.0359375 0.029166666666666667
1 0.77890625 0.25833333333333336 0.0171875 0.01875
1 0.91171875 0.29375 0.0265625 0.027083333333333334
1 0.53984375 0.6708333333333333 0.021875 0.022916666666666665