1 0.993359375 0.6784722222222223 0.01328125 0.02638888888888889
1 0.845703125 0.81875 0.015625 0.029166666666666667
1 0.81796875 0.7180555555555556 0.0171875 0.025
1 0.8375 0.6965277777777777 0.0125 0.03333333333333333
1 0.75 0.8430555555555556 0.03828125 0.09444444444444444
1 0.701953125 0.8194444444444444 0.021875 0.04583333333333333
1 0.621875 0.6701388888888888 0.0328125 0.07916666666666666
1 0.590234375 0.7055555555555556 0.01328125 0.019444444444444445
1 0.56484375 0.6111111111111112 0.01328125 0.022222222222222223
1 0.7109375 0.65625 0.025 0.03611111111111111
1 0.781640625 0.6847222222222222 0.015625 0.030555555555555555
1 0.82734375 0.60625 0.0453125 0.059722222222222225
1 0.07734375 0.5041666666666667 0.0171875 0.030555555555555555
0 0.662890625 0.9756944444444444 0.0171875 0.04861111111111111
0 0.701953125 0.8277777777777777 0.2671875 0.26805555555555555
0 0.735546875 0.45555555555555555 0.171875 0.5277777777777778
0 0.7375 0.3909722222222222 0.27578125 0.2763888888888889
0 0.690234375 0.23958333333333334 0.16640625 0.4791666666666667
0 0.584765625 0.10972222222222222 0.11875 0.21944444444444444
0 0.183984375 0.9402777777777778 0.059375 0.11944444444444445
0 0.285546875 0.8513888888888889 0.178125 0.2972222222222222
0 0.1984375 0.4861111111111111 0.2234375 0.14305555555555555
0 0.128515625 0.33541666666666664 0.1578125 0.41944444444444445
0 0.159375 0.15694444444444444 0.09140625 0.3138888888888889
1 0.74765625 0.14722222222222223 0.00859375 0.020833333333333332
1 0.875390625 0.2972222222222222 0.01015625 0.03194444444444444
1 0.80390625 0.45208333333333334 0.0265625 0.058333333333333334
1 0.1328125 0.41944444444444445 0.02109375 0.044444444444444446
1 0.201953125 0.5604166666666667 0.03046875 0.03611111111111111
1 0.241015625 0.5048611111111111 0.015625 0.029166666666666667
1 0.28125 0.5534722222222223 0.01328125 0.029166666666666667
1 0.319140625 0.5145833333333333 0.01328125 0.029166666666666667
1 0.278515625 0.4638888888888889 0.02109375 0.03611111111111111
1 0.225 0.4 0.0265625 0.04722222222222222
1 0.27734375 0.3798611111111111 0.01875 0.04861111111111111
1 0.200390625 0.36875 0.0140625 0.020833333333333332
1 0.246484375 0.2951388888888889 0.04375 0.12916666666666668
1 0.459765625 0.9715277777777778 0.00859375 0.013888888888888888
1 0.638671875 0.03819444444444445 0.00546875 0.02361111111111111
1 0.58984375 0.09166666666666666 0.00703125 0.022222222222222223
1 0.817578125 0.07361111111111111 0.02578125 0.043055555555555555
1 0.7765625 0.09097222222222222 0.021875 0.043055555555555555
1 0.75859375 0.05347222222222222 0.01640625 0.043055555555555555
1 0.747265625 0.24027777777777778 0.01171875 0.03888888888888889
1 0.696875 0.3111111111111111 0.02109375 0.05138888888888889
1 0.588671875 0.18472222222222223 0.0171875 0.02638888888888889
1 0.61796875 0.1361111111111111 0.0109375 0.019444444444444445
1 0.443359375 0.18055555555555555 0.015625 0.03888888888888889
1 0.55703125 0.3736111111111111 0.0265625 0.04027777777777778
1 0.73046875 0.034722222222222224 0.0390625 0.06944444444444445
1 0.94765625 0.09791666666666667 0.046875 0.09166666666666666
1 0.9078125 0.08055555555555556 0.01171875 0.025
1 0.858203125 0.14791666666666667 0.06640625 0.10972222222222222
1 0.933984375 0.22847222222222222 0.00859375 0.018055555555555554
1 0.993359375 0.2625 0.01328125 0.05416666666666667
1 0.970703125 0.3076388888888889 0.0109375 0.02361111111111111
1 0.959375 0.3611111111111111 0.02265625 0.030555555555555555
1 0.90625 0.4527777777777778 0.009375 0.02361111111111111
1 0.93125 0.4131944444444444 0.028125 0.04583333333333333
1 0.97421875 0.5972222222222222 0.0109375 0.02361111111111111
1 0.93671875 0.5506944444444445 0.06328125 0.09444444444444444
1 0.8578125 0.5881944444444445 0.01171875 0.015277777777777777
1 0.777734375 0.5152777777777777 0.01640625 0.05694444444444444
1 0.246484375 0.7090277777777778 0.034375 0.07777777777777778
1 0.246875 0.7965277777777777 0.03125 0.05694444444444444
1 0.26953125 0.7888888888888889 0.015625 0.030555555555555555
1 0.340234375 0.8548611111111111 0.0234375 0.03333333333333333
1 0.237890625 0.9770833333333333 0.02890625 0.04583333333333333
1 0.15546875 0.9159722222222222 0.01015625 0.015277777777777777
1 0.141796875 0.7722222222222223 0.0375 0.06111111111111111
1 0.177734375 0.7756944444444445 0.01875 0.04027777777777778
1 0.141015625 0.7229166666666667 0.01015625 0.029166666666666667
1 0.084375 0.6895833333333333 0.01875 0.02361111111111111
1 0.0421875 0.70625 0.0109375 0.02361111111111111
1 0.815234375 0.5416666666666666 0.03046875 0.05138888888888889
1 0.27890625 0.2513888888888889 0.01796875 0.0625
1 0.23203125 0.15069444444444444 0.0171875 0.03611111111111111
1 0.3125 0.175 0.02734375 0.04722222222222222
1 0.296484375 0.07222222222222222 0.021875 0.04027777777777778
1 0.21796875 0.05763888888888889 0.01640625 0.034722222222222224
1 0.249609375 0.01875 0.02578125 0.0375
1 0.08203125 0.12291666666666666 0.0125 0.027777777777777776
1 0.0578125 0.12430555555555556 0.02109375 0.043055555555555555
1 0.120703125 0.12708333333333333 0.02421875 0.03888888888888889
1 0.185546875 0.07152777777777777 0.00703125 0.015277777777777777
1 0.153125 0.008333333333333333 0.00859375 0.016666666666666666
1 0.15625 0.23958333333333334 0.015625 0.029166666666666667
1 0.5484375 0.8993055555555556 0.00703125 0.015277777777777777
1 0.626953125 0.9201388888888888 0.01640625 0.03194444444444444
1 0.74375 0.9826388888888888 0.021875 0.034722222222222224
1 0.823046875 0.98125 0.03828125 0.0375
1 0.909375 0.9458333333333333 0.05 0.058333333333333334
1 0.98359375 0.9840277777777777 0.0328125 0.03194444444444444
1 0.977734375 0.8506944444444444 0.021875 0.04027777777777778
1 0.976953125 0.7729166666666667 0.01953125 0.03333333333333333
1 0.994140625 0.8159722222222222 0.01171875 0.03611111111111111
1 0.970703125 0.7215277777777778 0.0453125 0.05