1 0.186328125 0.5375 0.00625 0.016666666666666666
1 0.10234375 0.49583333333333335 0.015625 0.02638888888888889
1 0.1421875 0.3138888888888889 0.015625 0.02361111111111111
1 0.052734375 0.6347222222222222 0.01484375 0.022222222222222223
1 0.116015625 0.5486111111111112 0.00703125 0.016666666666666666
1 0.12109375 0.6791666666666667 0.0140625 0.02638888888888889
1 0.094140625 0.7097222222222223 0.015625 0.044444444444444446
1 0.180078125 0.6416666666666667 0.01015625 0.029166666666666667
1 0.1265625 0.8006944444444445 0.02421875 0.03194444444444444
1 0.246875 0.8368055555555556 0.0171875 0.03333333333333333
1 0.13203125 0.9729166666666667 0.0171875 0.04027777777777778
1 0.1796875 0.9 0.00859375 0.020833333333333332
1 0.191796875 0.9944444444444445 0.01640625 0.011111111111111112
1 0.5484375 0.9631944444444445 0.0390625 0.0625
1 0.484765625 0.7923611111111111 0.01328125 0.02638888888888889
1 0.718359375 0.8020833333333334 0.03828125 0.05694444444444444
1 0.7140625 0.6506944444444445 0.0234375 0.04027777777777778
1 0.609765625 0.5680555555555555 0.01796875 0.030555555555555555
1 0.689453125 0.4666666666666667 0.02421875 0.06944444444444445
1 0.576171875 0.6472222222222223 0.0296875 0.058333333333333334
1 0.866796875 0.4305555555555556 0.03046875 0.029166666666666667
1 0.909375 0.5131944444444444 0.01640625 0.025
1 0.98671875 0.6361111111111111 0.01015625 0.03194444444444444
1 0.9859375 0.5958333333333333 0.01328125 0.027777777777777776
1 0.83046875 0.6486111111111111 0.0109375 0.016666666666666666
1 0.983203125 0.8930555555555556 0.02265625 0.034722222222222224
1 0.995703125 0.9388888888888889 0.00859375 0.02638888888888889
1 0.888671875 0.28958333333333336 0.01640625 0.029166666666666667
1 0.72109375 0.16875 0.01171875 0.02638888888888889
1 0.902734375 0.016666666666666666 0.03359375 0.03333333333333333
1 0.830078125 0.005555555555555556 0.00859375 0.011111111111111112
1 0.64453125 0.66875 0.01796875 0.02638888888888889
1 0.48984375 0.5819444444444445 0.01953125 0.03333333333333333
1 0.26015625 0.8777777777777778 0.0125 0.02638888888888889
1 0.047265625 0.6722222222222223 0.0125 0.020833333333333332
1 0.153515625 0.25833333333333336 0.015625 0.030555555555555555
1 0.126171875 0.29375 0.02734375 0.044444444444444446
1 0.06875 0.3729166666666667 0.025 0.04722222222222222
1 0.17578125 0.37083333333333335 0.025 0.04861111111111111
1 0.155859375 0.4048611111111111 0.01640625 0.044444444444444446
1 0.169140625 0.4375 0.015625 0.027777777777777776
1 0.225390625 0.46319444444444446 0.0234375 0.029166666666666667
0 0.08984375 0.2659722222222222 0.11484375 0.1597222222222222
0 0.057421875 0.4111111111111111 0.11328125 0.15416666666666667
0 0.07734375 0.8972222222222223 0.1546875 0.15555555555555556
0 0.618359375 0.9291666666666667 0.1421875 0.14166666666666666
0 0.555859375 0.7173611111111111 0.203125 0.31666666666666665
0 0.591015625 0.5097222222222222 0.184375 0.37222222222222223
0 0.5765625 0.19236111111111112 0.115625 0.3263888888888889
0 0.594140625 0.12777777777777777 0.1203125 0.25555555555555554
1 0.194921875 0.5083333333333333 0.0234375 0.0375
1 0.1 0.16805555555555557 0.01328125 0.044444444444444446
0 0.08828125 0.07847222222222222 0.0390625 0.034722222222222224
1 0.133984375 0.01597222222222222 0.02265625 0.027777777777777776
1 0.150390625 0.07430555555555556 0.0453125 0.06111111111111111
1 0.212109375 0.04583333333333333 0.02109375 0.041666666666666664
1 0.334375 0.05763888888888889 0.0171875 0.034722222222222224