0 0.144140625 0.06666666666666667 0.08046875 0.13055555555555556
1 0.3203125 0.01597222222222222 0.046875 0.03194444444444444
1 0.084375 0.6951388888888889 0.028125 0.0375
1 0.5953125 0.8576388888888888 0.03671875 0.059722222222222225
1 0.677734375 0.4027777777777778 0.03515625 0.08055555555555556
0 0.664453125 0.33402777777777776 0.1640625 0.3972222222222222
1 0.928515625 0.5541666666666667 0.02109375 0.05277777777777778
1 0.944140625 0.027777777777777776 0.034375 0.05138888888888889
0 0.11953125 0.5361111111111111 0.2390625 0.2222222222222222
0 0.65625 0.12986111111111112 0.21875 0.25277777777777777
0 0.69375 0.9319444444444445 0.05078125 0.1361111111111111
1 0.986328125 0.5083333333333333 0.01640625 0.030555555555555555
1 0.991796875 0.7534722222222222 0.01171875 0.03888888888888889
1 0.285546875 0.8652777777777778 0.01171875 0.02638888888888889
1 0.949609375 0.4895833333333333 0.01875 0.03888888888888889
1 0.83671875 0.8548611111111111 0.01875 0.034722222222222224
1 0.710546875 0.8569444444444444 0.0296875 0.025
1 0.64921875 0.8666666666666667 0.02109375 0.05
1 0.70703125 0.8979166666666667 0.02421875 0.027777777777777776
1 0.755859375 0.5958333333333333 0.0203125 0.034722222222222224
1 0.289453125 0.3659722222222222 0.021875 0.034722222222222224
1 0.951171875 0.9743055555555555 0.0171875 0.029166666666666667
1 0.29296875 0.07013888888888889 0.021875 0.030555555555555555
1 0.91953125 0.41041666666666665 0.02890625 0.05
1 0.90390625 0.9430555555555555 0.02734375 0.034722222222222224
0 0.1046875 0.23402777777777778 0.1546875 0.4638888888888889
1 0.19609375 0.07291666666666667 0.015625 0.027777777777777776
1 0.710546875 0.8 0.0515625 0.05138888888888889
1 0.60078125 0.035416666666666666 0.02890625 0.04027777777777778
1 0.598828125 0.9861111111111112 0.028125 0.025
0 0.17109375 0.9291666666666667 0.2828125 0.14166666666666666
1 0.9796875 0.34652777777777777 0.01875 0.04027777777777778
1 0.6640625 0.7034722222222223 0.0265625 0.034722222222222224
1 0.951171875 0.75625 0.0328125 0.06666666666666667
1 0.853125 0.8993055555555556 0.0265625 0.05694444444444444
1 0.90234375 0.16875 0.02109375 0.03888888888888889
0 0.70625 0.08472222222222223 0.046875 0.16944444444444445
1 0.2515625 0.28541666666666665 0.02421875 0.044444444444444446
1 0.883984375 0.5555555555555556 0.0328125 0.07083333333333333
1 0.6109375 0.81875 0.02109375 0.044444444444444446
1 0.68984375 0.5430555555555555 0.0234375 0.04861111111111111
1 0.210546875 0.029861111111111113 0.01796875 0.04027777777777778
1 0.91484375 0.34444444444444444 0.0421875 0.06527777777777778
1 0.609375 0.38680555555555557 0.025 0.05555555555555555
1 0.5796875 0.48194444444444445 0.0203125 0.0375
0 0.659765625 0.5965277777777778 0.0921875 0.2222222222222222
1 0.58359375 0.20347222222222222 0.021875 0.04583333333333333
1 0.903125 0.03194444444444444 0.0265625 0.0625
1 0.87265625 0.26319444444444445 0.0296875 0.058333333333333334