1 0.83671875 0.10625 0.0203125 0.029166666666666667
1 0.803125 0.04895833333333333 0.015625 0.020833333333333332
1 0.9015625 0.128125 0.0375 0.035416666666666666
1 0.8859375 0.03125 0.0671875 0.0625
1 0.8296875 0.009375 0.04375 0.01875
1 0.9890625 0.13020833333333334 0.0203125 0.035416666666666666
1 0.99453125 0.09583333333333334 0.0109375 0.022916666666666665
1 0.96171875 0.04791666666666667 0.0265625 0.029166666666666667
1 0.9609375 0.015625 0.0203125 0.03125
1 0.40703125 0.1 0.0234375 0.03125
1 0.46328125 0.023958333333333335 0.015625 0.016666666666666666
1 0.653125 0.06458333333333334 0.103125 0.12916666666666668
1 0.58046875 0.05416666666666667 0.034375 0.0375
1 0.5765625 0.010416666666666666 0.0359375 0.020833333333333332
1 0.5359375 0.0125 0.040625 0.025
1 0.56328125 0.18229166666666666 0.065625 0.058333333333333334
1 0.54296875 0.14583333333333334 0.025 0.03333333333333333
1 0.65 0.21875 0.0515625 0.05416666666666667
1 0.6328125 0.2708333333333333 0.03125 0.03958333333333333
1 0.540625 0.29270833333333335 0.0484375 0.052083333333333336
1 0.53671875 0.24166666666666667 0.0328125 0.03958333333333333
1 0.48515625 0.22604166666666667 0.0234375 0.035416666666666666
1 0.51015625 0.5 0.0265625 0.020833333333333332
1 0.5015625 0.434375 0.065625 0.06875
1 0.49921875 0.378125 0.025 0.01875
1 0.47890625 0.3614583333333333 0.01875 0.022916666666666665
1 0.2296875 0.38645833333333335 0.028125 0.041666666666666664
1 0.25625 0.3614583333333333 0.034375 0.029166666666666667
1 0.3453125 0.42916666666666664 0.0203125 0.022916666666666665
1 0.378125 0.41041666666666665 0.025 0.035416666666666666
1 0.4078125 0.34791666666666665 0.0359375 0.03125
1 0.30390625 0.325 0.0171875 0.025
0 0.346875 0.05 0.225 0.09791666666666667
0 0.5390625 0.23333333333333334 0.434375 0.4666666666666667
0 0.43125 0.6 0.1875 0.6416666666666667
0 0.55859375 0.828125 0.7 0.34375
1 0.13671875 0.07083333333333333 0.021875 0.029166666666666667
1 0.15625 0.051041666666666666 0.01875 0.022916666666666665
1 0.096875 0.014583333333333334 0.0125 0.014583333333333334
1 0.27109375 0.025 0.0140625 0.025
1 0.20625 0.128125 0.0375 0.04583333333333333
1 0.15546875 0.165625 0.0203125 0.029166666666666667
1 0.10703125 0.14375 0.03125 0.035416666666666666
1 0.26875 0.17708333333333334 0.040625 0.07083333333333333
1 0.0046875 0.26666666666666666 0.009375 0.020833333333333332
1 0.13671875 0.6375 0.0234375 0.029166666666666667
1 0.12578125 0.9145833333333333 0.0546875 0.05416666666666667
1 0.3546875 0.928125 0.0265625 0.04791666666666667
1 0.2890625 0.9052083333333333 0.034375 0.04583333333333333
1 0.19453125 0.8697916666666666 0.021875 0.020833333333333332
1 0.1609375 0.8385416666666666 0.04375 0.08541666666666667
1 0.21640625 0.78125 0.034375 0.03333333333333333
1 0.33359375 0.7479166666666667 0.0203125 0.022916666666666665
1 0.43828125 0.7229166666666667 0.0140625 0.01875
1 0.48671875 0.6885416666666667 0.0296875 0.04583333333333333
1 0.34453125 0.5947916666666667 0.0203125 0.025
1 0.325 0.6260416666666667 0.025 0.035416666666666666
1 0.26953125 0.596875 0.0875 0.07083333333333333
1 0.30625 0.5489583333333333 0.0421875 0.035416666666666666
1 0.184375 0.4895833333333333 0.021875 0.03333333333333333
1 0.0953125 0.496875 0.0265625 0.04375
1 0.0359375 0.48541666666666666 0.021875 0.03333333333333333
1 0.0171875 0.446875 0.025 0.04375
1 0.56328125 0.5739583333333333 0.096875 0.10625
1 0.4953125 0.58125 0.0640625 0.05
1 0.80703125 0.5166666666666667 0.0171875 0.020833333333333332
1 0.94921875 0.8114583333333333 0.0125 0.020833333333333332
1 0.6265625 0.9333333333333333 0.259375 0.13333333333333333
1 0.5453125 0.8302083333333333 0.075 0.058333333333333334
1 0.61640625 0.8572916666666667 0.0515625 0.07083333333333333
1 0.6890625 0.7229166666666667 0.053125 0.04791666666666667
1 0.62421875 0.68125 0.078125 0.12708333333333333
1 0.69921875 0.8270833333333333 0.0328125 0.03125
1 0.85390625 0.9458333333333333 0.0125 0.016666666666666666
1 0.8015625 0.8916666666666667 0.0703125 0.0875
1 0.87421875 0.8197916666666667 0.0171875 0.014583333333333334
1 0.81640625 0.828125 0.028125 0.03958333333333333
1 0.7125 0.6375 0.0171875 0.029166666666666667
1 0.6515625 0.5802083333333333 0.0296875 0.03958333333333333
1 0.63046875 0.48541666666666666 0.071875 0.05
1 0.77109375 0.2833333333333333 0.0140625 0.020833333333333332
1 0.67265625 0.3958333333333333 0.04375 0.04583333333333333
1 0.6671875 0.3260416666666667 0.0921875 0.07291666666666667
1 0.6296875 0.3854166666666667 0.0171875 0.029166666666666667
1 0.81328125 0.6833333333333333 0.0296875 0.035416666666666666
1 0.78359375 0.6895833333333333 0.0203125 0.025
1 0.9046875 0.7635416666666667 0.0140625 0.016666666666666666
1 0.9953125 0.94375 0.009375 0.014583333333333334
1 0.96328125 0.9291666666666667 0.0453125 0.04791666666666667
1 0.95703125 0.8708333333333333 0.0390625 0.03125
1 0.98984375 0.8604166666666667 0.0203125 0.03125
1 0.9875 0.78125 0.0203125 0.016666666666666666
1 0.9796875 0.6927083333333334 0.0328125 0.03958333333333333
1 0.853125 0.4864583333333333 0.0125 0.008333333333333333
1 0.83203125 0.5 0.0203125 0.041666666666666664
1 0.8375 0.471875 0.0125 0.014583333333333334
1 0.80859375 0.478125 0.0234375 0.03333333333333333
1 0.815625 0.44166666666666665 0.0171875 0.016666666666666666
1 0.8859375 0.49166666666666664 0.0109375 0.01875
1 0.984375 0.48020833333333335 0.0265625 0.03333333333333333
1 0.94609375 0.37083333333333335 0.0421875 0.09583333333333334
1 0.8859375 0.22916666666666666 0.040625 0.0375
1 0.9296875 0.21041666666666667 0.0140625 0.014583333333333334