1 0.218359375 0.9347222222222222 0.0265625 0.08333333333333333
1 0.709375 0.5965277777777778 0.01796875 0.04027777777777778
1 0.727734375 0.58125 0.01484375 0.013888888888888888
1 0.816796875 0.5166666666666667 0.01875 0.020833333333333332
1 0.91640625 0.5909722222222222 0.01953125 0.029166666666666667
1 0.887890625 0.6465277777777778 0.0296875 0.075
1 0.962890625 0.48333333333333334 0.01796875 0.04722222222222222
1 0.933984375 0.4236111111111111 0.01328125 0.0375
1 0.952734375 0.3993055555555556 0.02265625 0.034722222222222224
1 0.836328125 0.38680555555555557 0.01484375 0.02638888888888889
1 0.84921875 0.40069444444444446 0.0234375 0.0375
1 0.73125 0.3770833333333333 0.01796875 0.03611111111111111
1 0.772265625 0.35625 0.01875 0.02638888888888889
1 0.787890625 0.30833333333333335 0.01484375 0.025
1 0.8328125 0.30625 0.03828125 0.075
1 0.70078125 0.34097222222222223 0.0375 0.06388888888888888
1 0.945703125 0.2361111111111111 0.0140625 0.027777777777777776
1 0.96328125 0.2743055555555556 0.021875 0.04027777777777778
1 0.953515625 0.12222222222222222 0.0140625 0.02361111111111111
1 0.976953125 0.06388888888888888 0.0140625 0.03888888888888889
1 0.9890625 0.10902777777777778 0.01171875 0.020833333333333332
1 0.948828125 0.005555555555555556 0.0140625 0.011111111111111112
1 0.862109375 0.006944444444444444 0.02734375 0.013888888888888888
1 0.736328125 0.029861111111111113 0.01484375 0.03333333333333333
1 0.581640625 0.1423611111111111 0.01875 0.04027777777777778
1 0.62890625 0.2375 0.0265625 0.04722222222222222
1 0.587109375 0.34791666666666665 0.01640625 0.022222222222222223
1 0.827734375 0.12569444444444444 0.01015625 0.016666666666666666
1 0.398046875 0.26458333333333334 0.015625 0.03194444444444444
1 0.580859375 0.5875 0.0109375 0.013888888888888888
1 0.594140625 0.6069444444444444 0.01171875 0.029166666666666667
1 0.57578125 0.9173611111111111 0.01328125 0.027777777777777776
1 0.219140625 0.035416666666666666 0.0140625 0.025
1 0.17109375 0.5791666666666667 0.05390625 0.12361111111111112
1 0.0875 0.4409722222222222 0.0109375 0.025
1 0.19453125 0.48125 0.0109375 0.0125
1 0.22890625 0.5166666666666667 0.0203125 0.0375
1 0.24765625 0.4965277777777778 0.01640625 0.025
1 0.265234375 0.4083333333333333 0.01015625 0.03611111111111111
1 0.196484375 0.4444444444444444 0.02109375 0.03611111111111111
1 0.191015625 0.39444444444444443 0.0234375 0.04027777777777778
1 0.191015625 0.35138888888888886 0.02578125 0.0375
1 0.25546875 0.25 0.01015625 0.020833333333333332
1 0.20078125 0.2986111111111111 0.028125 0.03611111111111111
1 0.2015625 0.22847222222222222 0.02890625 0.059722222222222225
1 0.164453125 0.23819444444444443 0.0125 0.025
1 0.17734375 0.2152777777777778 0.0140625 0.03611111111111111
1 0.152734375 0.16875 0.0234375 0.029166666666666667
1 0.200390625 0.1625 0.009375 0.03333333333333333
1 0.204296875 0.07430555555555556 0.05625 0.08333333333333333
0 0.666015625 0.17708333333333334 0.1078125 0.3541666666666667
0 0.591015625 0.2923611111111111 0.21953125 0.26944444444444443
0 0.6984375 0.5416666666666666 0.1703125 0.2916666666666667
0 0.664453125 0.68125 0.09609375 0.3736111111111111
0 0.676953125 0.8993055555555556 0.09453125 0.2013888888888889
0 0.126171875 0.7277777777777777 0.075 0.33611111111111114
0 0.08359375 0.5895833333333333 0.1671875 0.3055555555555556
0 0.098046875 0.38125 0.19609375 0.2
0 0.088671875 0.1763888888888889 0.17734375 0.3527777777777778
1 0.281640625 0.5145833333333333 0.00859375 0.02361111111111111
1 0.308984375 0.5590277777777778 0.0171875 0.027777777777777776
1 0.39453125 0.4673611111111111 0.0203125 0.043055555555555555
1 0.38984375 0.39444444444444443 0.0171875 0.03194444444444444
1 0.459375 0.49722222222222223 0.0078125 0.016666666666666666
1 0.230859375 0.6597222222222222 0.0203125 0.04027777777777778
1 0.207421875 0.6784722222222223 0.03046875 0.02638888888888889
1 0.197265625 0.7111111111111111 0.0296875 0.03611111111111111
1 0.2578125 0.7319444444444444 0.021875 0.029166666666666667
1 0.3046875 0.8125 0.03359375 0.08055555555555556
1 0.25546875 0.8881944444444444 0.01640625 0.03194444444444444
1 0.34375 0.9479166666666666 0.0125 0.029166666666666667
1 0.1828125 0.9006944444444445 0.0109375 0.02638888888888889
1 0.13671875 0.9743055555555555 0.053125 0.05138888888888889
1 0.1875 0.9895833333333334 0.0140625 0.020833333333333332
1 0.097265625 0.95 0.01328125 0.02638888888888889
1 0.037890625 0.6513888888888889 0.0203125 0.044444444444444446
1 0.101953125 0.8375 0.0078125 0.016666666666666666
1 0.1015625 0.7784722222222222 0.0046875 0.016666666666666666
1 0.15625 0.7277777777777777 0.01015625 0.013888888888888888
1 0.529296875 0.9534722222222223 0.0109375 0.015277777777777777
1 0.606640625 0.8527777777777777 0.0359375 0.10277777777777777
1 0.64921875 0.8263888888888888 0.01328125 0.03194444444444444
1 0.608203125 0.7375 0.025 0.05
1 0.55 0.7270833333333333 0.015625 0.02361111111111111
1 0.69453125 0.7694444444444445 0.028125 0.05416666666666667
1 0.72890625 0.7930555555555555 0.0125 0.02638888888888889
1 0.811328125 0.7708333333333334 0.02578125 0.04027777777777778
1 0.85 0.8444444444444444 0.0203125 0.03333333333333333
1 0.829296875 0.8673611111111111 0.0125 0.018055555555555554
1 0.885546875 0.81875 0.01640625 0.029166666666666667
1 0.909375 0.7659722222222223 0.01171875 0.019444444444444445
1 0.953125 0.7743055555555556 0.02578125 0.044444444444444446
1 0.975390625 0.8125 0.01953125 0.03888888888888889
1 0.990234375 0.8402777777777778 0.01796875 0.034722222222222224
1 0.974609375 0.85 0.0140625 0.02361111111111111
1 0.978515625 0.8875 0.0265625 0.025
1 0.959375 0.9173611111111111 0.03828125 0.05694444444444444
1 0.762109375 0.9201388888888888 0.02265625 0.03888888888888889
1 0.727734375 0.9215277777777777 0.00859375 0.0125
1 0.751171875 0.675 0.01484375 0.03194444444444444
1 0.7765625 0.6569444444444444 0.015625 0.030555555555555555
1 0.781640625 0.6111111111111112 0.0265625 0.041666666666666664
1 0.2453125 0.1986111111111111 0.0125 0.02638888888888889
1 0.24375 0.32916666666666666 0.00859375 0.013888888888888888
1 0.915234375 0.39444444444444443 0.01328125 0.015277777777777777
1 0.975390625 0.5055555555555555 0.00703125 0.018055555555555554
1 0.598046875 0.30416666666666664 0.00859375 0.020833333333333332