1 0.71171875 0.04652777777777778 0.02890625 0.075
1 0.651171875 0.05763888888888889 0.009375 0.019444444444444445
1 0.471484375 0.003472222222222222 0.00859375 0.006944444444444444
1 0.521484375 0.022222222222222223 0.03125 0.044444444444444446
1 0.583203125 0.09791666666666667 0.00703125 0.011111111111111112
1 0.596484375 0.08402777777777778 0.0203125 0.03611111111111111
1 0.66953125 0.13402777777777777 0.0671875 0.12916666666666668
1 0.65703125 0.25763888888888886 0.01015625 0.020833333333333332
1 0.613671875 0.17708333333333334 0.02265625 0.03888888888888889
1 0.592578125 0.24722222222222223 0.01875 0.0375
1 0.49375 0.22777777777777777 0.0078125 0.015277777777777777
1 0.465625 0.22361111111111112 0.01640625 0.04722222222222222
1 0.458203125 0.18472222222222223 0.03046875 0.05555555555555555
1 0.468359375 0.13333333333333333 0.0328125 0.06388888888888888
1 0.409375 0.20694444444444443 0.01171875 0.019444444444444445
1 0.432421875 0.2326388888888889 0.01171875 0.025
1 0.518359375 0.2972222222222222 0.0390625 0.05416666666666667
1 0.468359375 0.31875 0.0109375 0.02638888888888889
1 0.4203125 0.35555555555555557 0.01171875 0.03888888888888889
1 0.42421875 0.30069444444444443 0.0140625 0.027777777777777776
1 0.405078125 0.2965277777777778 0.01484375 0.03194444444444444
1 0.537109375 0.38125 0.040625 0.06388888888888888
1 0.473046875 0.4215277777777778 0.028125 0.06111111111111111
1 0.431640625 0.4305555555555556 0.040625 0.06666666666666667
1 0.42890625 0.5361111111111111 0.01796875 0.03888888888888889
1 0.499609375 0.4847222222222222 0.0515625 0.059722222222222225
1 0.664453125 0.4673611111111111 0.01171875 0.019444444444444445
1 0.66015625 0.5395833333333333 0.028125 0.03611111111111111
1 0.63203125 0.5375 0.0203125 0.05694444444444444
1 0.59921875 0.5486111111111112 0.01015625 0.013888888888888888
1 0.638671875 0.6131944444444445 0.0125 0.029166666666666667
1 0.617578125 0.6236111111111111 0.0265625 0.04722222222222222
1 0.581640625 0.6763888888888889 0.0109375 0.020833333333333332
1 0.5328125 0.6229166666666667 0.0125 0.025
1 0.5328125 0.58125 0.03046875 0.05138888888888889
1 0.437890625 0.6680555555555555 0.0140625 0.020833333333333332
1 0.491796875 0.6534722222222222 0.01796875 0.029166666666666667
1 0.53828125 0.7423611111111111 0.01875 0.029166666666666667
1 0.535546875 0.7069444444444445 0.0203125 0.041666666666666664
1 0.512890625 0.6881944444444444 0.025 0.05
1 0.629296875 0.8111111111111111 0.01171875 0.027777777777777776
1 0.614453125 0.7902777777777777 0.01953125 0.05138888888888889
1 0.548046875 0.8479166666666667 0.03203125 0.09861111111111111
1 0.517578125 0.8145833333333333 0.03671875 0.05555555555555555
1 0.56875 0.9152777777777777 0.01796875 0.03611111111111111
1 0.672265625 0.9923611111111111 0.015625 0.015277777777777777
1 0.593359375 0.975 0.03046875 0.04722222222222222
1 0.45390625 0.9888888888888889 0.01875 0.022222222222222223
1 0.51953125 0.9027777777777778 0.0140625 0.03194444444444444
1 0.50234375 0.8659722222222223 0.01640625 0.027777777777777776
1 0.476171875 0.9104166666666667 0.03515625 0.09583333333333334
1 0.430859375 0.7756944444444445 0.0359375 0.075
1 0.196484375 0.2388888888888889 0.01015625 0.013888888888888888
1 0.019140625 0.04097222222222222 0.02265625 0.05416666666666667
1 0.005078125 0.010416666666666666 0.009375 0.020833333333333332
1 0.23828125 0.15069444444444444 0.0234375 0.041666666666666664
1 0.21015625 0.16458333333333333 0.04140625 0.075
1 0.195703125 0.11597222222222223 0.02265625 0.058333333333333334
1 0.165625 0.11944444444444445 0.01953125 0.03888888888888889
1 0.169140625 0.5388888888888889 0.0171875 0.02638888888888889
1 0.1734375 0.5972222222222222 0.02421875 0.02638888888888889
1 0.115625 0.6444444444444445 0.01953125 0.03888888888888889
1 0.1 0.6729166666666667 0.028125 0.05138888888888889
1 0.25703125 0.79375 0.02578125 0.034722222222222224
1 0.22421875 0.74375 0.01640625 0.02638888888888889
1 0.10546875 0.8986111111111111 0.03515625 0.05
1 0.080078125 0.9770833333333333 0.02421875 0.041666666666666664
1 0.14609375 0.9256944444444445 0.03203125 0.03611111111111111
0 0.1078125 0.04652777777777778 0.1609375 0.09305555555555556
0 0.125390625 0.33402777777777776 0.13359375 0.27361111111111114
0 0.078515625 0.4131944444444444 0.14296875 0.4930555555555556
1 0.14921875 0.16041666666666668 0.01796875 0.0375
0 0.08828125 0.7701388888888889 0.1765625 0.1625
0 0.131640625 0.9583333333333334 0.11328125 0.08333333333333333
0 0.682421875 0.9006944444444445 0.1953125 0.1986111111111111
0 0.6890625 0.6631944444444444 0.11796875 0.09722222222222222
0 0.710546875 0.43194444444444446 0.0703125 0.1638888888888889
0 0.645703125 0.22361111111111112 0.0671875 0.20277777777777778
1 0.133203125 0.9479166666666666 0.021875 0.016666666666666666
1 0.25625 0.9534722222222223 0.01484375 0.022222222222222223
1 0.227734375 0.98125 0.0109375 0.015277777777777777
1 0.09609375 0.7215277777777778 0.021875 0.041666666666666664
1 0.084765625 0.14375 0.0234375 0.05138888888888889
1 0.0609375 0.12916666666666668 0.04296875 0.10972222222222222
1 0.144921875 0.24375 0.015625 0.044444444444444446
1 0.19296875 0.32013888888888886 0.015625 0.030555555555555555
1 0.2359375 0.4222222222222222 0.04921875 0.05
1 0.20078125 0.3638888888888889 0.01484375 0.025
1 0.065625 0.3104166666666667 0.01953125 0.029166666666666667
1 0.11796875 0.45069444444444445 0.015625 0.03333333333333333
1 0.169140625 0.3888888888888889 0.02265625 0.043055555555555555
1 0.08046875 0.35625 0.04609375 0.09027777777777778
1 0.11171875 0.39791666666666664 0.0296875 0.05277777777777778
1 0.105859375 0.5541666666666667 0.01484375 0.04722222222222222
1 0.48984375 0.8319444444444445 0.0078125 0.020833333333333332
1 0.722265625 0.1486111111111111 0.00625 0.013888888888888888
1 0.96484375 0.70625 0.009375 0.015277777777777777
1 0.5328125 0.2298611111111111 0.01171875 0.018055555555555554
1 0.971875 0.31805555555555554 0.015625 0.030555555555555555
1 0.977734375 0.38125 0.00703125 0.009722222222222222
1 0.68046875 0.4284722222222222 0.02109375 0.04583333333333333
1 0.742578125 0.3840277777777778 0.01484375 0.03333333333333333
1 0.699609375 0.38472222222222224 0.02734375 0.06111111111111111
1 0.870703125 0.0125 0.01484375 0.025
1 0.955859375 0.041666666666666664 0.02734375 0.05416666666666667
1 0.95234375 0.2569444444444444 0.01640625 0.027777777777777776
1 0.973828125 0.19722222222222222 0.0140625 0.025
1 0.94375 0.19791666666666666 0.01484375 0.025
1 0.92890625 0.21388888888888888 0.0125 0.016666666666666666
1 0.953515625 0.09444444444444444 0.02109375 0.0375
1 0.92265625 0.08263888888888889 0.02421875 0.05
1 0.84296875 0.15416666666666667 0.04765625 0.09444444444444444
1 0.75859375 0.26458333333333334 0.0109375 0.013888888888888888
1 0.764453125 0.2152777777777778 0.01484375 0.019444444444444445
1 0.809765625 0.19305555555555556 0.015625 0.02638888888888889
1 0.78984375 0.2326388888888889 0.04453125 0.07083333333333333
1 0.7296875 0.22361111111111112 0.0265625 0.05416666666666667
1 0.881640625 0.2826388888888889 0.0609375 0.14444444444444443
1 0.88515625 0.38125 0.02578125 0.043055555555555555
1 0.86640625 0.44027777777777777 0.009375 0.02361111111111111
1 0.84375 0.38333333333333336 0.03984375 0.075
1 0.990625 0.4486111111111111 0.0125 0.02361111111111111
1 0.953125 0.46111111111111114 0.009375 0.016666666666666666
1 0.929296875 0.5604166666666667 0.00859375 0.013888888888888888
1 0.919140625 0.5236111111111111 0.0140625 0.025
1 0.855859375 0.5097222222222222 0.015625 0.03888888888888889
1 0.7890625 0.5180555555555556 0.01328125 0.020833333333333332
1 0.837109375 0.5930555555555556 0.01328125 0.03611111111111111
1 0.94609375 0.6548611111111111 0.01875 0.02638888888888889
1 0.866015625 0.7652777777777777 0.02265625 0.030555555555555555
1 0.93515625 0.7583333333333333 0.028125 0.03194444444444444
1 0.9109375 0.7472222222222222 0.0203125 0.05
1 0.968359375 0.8923611111111112 0.00703125 0.013888888888888888
1 0.965625 0.8569444444444444 0.02890625 0.05555555555555555
1 0.88828125 0.8597222222222223 0.02421875 0.03611111111111111
1 0.85703125 0.95 0.00703125 0.015277777777777777
1 0.951171875 0.9930555555555556 0.01171875 0.013888888888888888
1 0.880078125 0.9833333333333333 0.0203125 0.03333333333333333
1 0.849609375 0.9888888888888889 0.015625 0.022222222222222223
1 0.808203125 0.8756944444444444 0.02265625 0.04722222222222222
1 0.762109375 0.8486111111111111 0.02734375 0.029166666666666667
1 0.76796875 0.9555555555555556 0.025 0.043055555555555555
1 0.724609375 0.8930555555555556 0.028125 0.08472222222222223
1 0.08671875 0.5263888888888889 0.0109375 0.013888888888888888
1 0.037109375 0.4756944444444444 0.01484375 0.02361111111111111
1 0.177734375 0.6840277777777778 0.00703125 0.0125
1 0.77890625 0.010416666666666666 0.0140625 0.020833333333333332