1 0.7515625 0.175 0.009375 0.01875
1 0.84453125 0.009375 0.0125 0.01875
1 0.68828125 0.023958333333333335 0.0265625 0.020833333333333332
1 0.75703125 0.022916666666666665 0.0171875 0.022916666666666665
1 0.778125 0.05520833333333333 0.0453125 0.027083333333333334
1 0.49921875 0.09166666666666666 0.0453125 0.03333333333333333
1 0.33046875 0.06875 0.0125 0.03333333333333333
1 0.2828125 0.013541666666666667 0.034375 0.027083333333333334
1 0.26171875 0.05625 0.0265625 0.05625
1 0.18203125 0.025 0.0171875 0.022916666666666665
1 0.17734375 0.10208333333333333 0.0109375 0.022916666666666665
1 0.2015625 0.165625 0.025 0.035416666666666666
1 0.00625 0.030208333333333334 0.0125 0.025
1 0.0203125 0.12916666666666668 0.0390625 0.04791666666666667
0 0.46640625 0.7927083333333333 0.203125 0.11041666666666666
0 0.46015625 0.46875 0.071875 0.27291666666666664
0 0.47265625 0.17916666666666667 0.15 0.28958333333333336
1 0.19375 0.6833333333333333 0.0484375 0.03958333333333333
1 0.26875 0.665625 0.0359375 0.07083333333333333
1 0.31875 0.6947916666666667 0.0109375 0.014583333333333334
1 0.321875 0.6385416666666667 0.0125 0.0125
1 0.3984375 0.684375 0.01875 0.029166666666666667
1 0.4609375 0.61875 0.021875 0.025
1 0.4890625 0.53125 0.0203125 0.022916666666666665
1 0.50078125 0.5666666666666667 0.021875 0.029166666666666667
1 0.5578125 0.678125 0.01875 0.025
1 0.62578125 0.703125 0.028125 0.03125
1 0.59453125 0.7572916666666667 0.015625 0.025
1 0.5859375 0.809375 0.03125 0.035416666666666666
1 0.52265625 0.80625 0.028125 0.01875
1 0.69453125 0.90625 0.0140625 0.016666666666666666
1 0.73125 0.8833333333333333 0.0203125 0.027083333333333334
1 0.7609375 0.9239583333333333 0.0203125 0.020833333333333332
1 0.8015625 0.9260416666666667 0.021875 0.022916666666666665
1 0.85390625 0.8479166666666667 0.0109375 0.025
1 0.9921875 0.8385416666666666 0.015625 0.0125
1 0.9625 0.6875 0.0265625 0.027083333333333334
1 0.86328125 0.6489583333333333 0.025 0.0375
1 0.76875 0.6802083333333333 0.0125 0.025
1 0.60625 0.5947916666666667 0.0265625 0.027083333333333334
1 0.6453125 0.5666666666666667 0.0578125 0.0625
1 0.76328125 0.584375 0.028125 0.035416666666666666
1 0.62734375 0.5166666666666667 0.0109375 0.03125
1 0.51171875 0.42604166666666665 0.028125 0.01875
1 0.5625 0.38229166666666664 0.028125 0.0375
1 0.76953125 0.35833333333333334 0.040625 0.05625
1 0.8625 0.36875 0.028125 0.027083333333333334
1 0.94609375 0.42916666666666664 0.04375 0.027083333333333334
1 0.98671875 0.3958333333333333 0.0265625 0.04375
1 0.9859375 0.35208333333333336 0.028125 0.025
1 0.5859375 0.23125 0.025 0.029166666666666667
1 0.575 0.28020833333333334 0.028125 0.03333333333333333
1 0.6375 0.26145833333333335 0.0140625 0.014583333333333334
1 0.67890625 0.2604166666666667 0.0125 0.022916666666666665
1 0.3109375 0.27708333333333335 0.0171875 0.025
1 0.34765625 0.28125 0.0359375 0.03333333333333333
1 0.37265625 0.23854166666666668 0.03125 0.035416666666666666
1 0.27265625 0.26875 0.0328125 0.03958333333333333
1 0.1875 0.325 0.0296875 0.05
1 0.03125 0.378125 0.0171875 0.03125
1 0.00546875 0.4239583333333333 0.0109375 0.022916666666666665
1 0.11171875 0.5677083333333334 0.0265625 0.035416666666666666
1 0.07890625 0.5927083333333333 0.009375 0.020833333333333332
1 0.11796875 0.4583333333333333 0.015625 0.01875
1 0.13828125 0.38958333333333334 0.01875 0.01875
1 0.1125 0.31979166666666664 0.0265625 0.020833333333333332
1 0.1296875 0.271875 0.015625 0.041666666666666664
1 0.21953125 0.22395833333333334 0.015625 0.020833333333333332
1 0.38046875 0.40729166666666666 0.040625 0.052083333333333336
1 0.33515625 0.5083333333333333 0.028125 0.035416666666666666
1 0.184375 0.9604166666666667 0.0359375 0.05625
1 0.2421875 0.9760416666666667 0.01875 0.025
1 0.284375 0.9260416666666667 0.05 0.052083333333333336
1 0.34765625 0.9208333333333333 0.021875 0.025
1 0.15546875 0.825 0.015625 0.020833333333333332
1 0.09921875 0.7739583333333333 0.0265625 0.03333333333333333
1 0.08671875 0.9270833333333334 0.021875 0.01875
1 0.0265625 0.09270833333333334 0.053125 0.022916666666666665
1 0.90234375 0.8583333333333333 0.015625 0.01875
1 0.671875 0.8614583333333333 0.0140625 0.016666666666666666