0 0.160546875 0.8340277777777778 0.14140625 0.2847222222222222
0 0.6765625 0.9805555555555555 0.0578125 0.03888888888888889
0 0.68125 0.8715277777777778 0.1671875 0.2569444444444444
0 0.67734375 0.37430555555555556 0.09765625 0.24166666666666667
0 0.7234375 0.5527777777777778 0.2 0.28194444444444444
1 0.466796875 0.15069444444444444 0.01640625 0.029166666666666667
1 0.2875 0.9145833333333333 0.03125 0.04583333333333333
1 0.85390625 0.9777777777777777 0.028125 0.03611111111111111
1 0.502734375 0.7875 0.02421875 0.07361111111111111
1 0.62578125 0.6625 0.009375 0.027777777777777776
1 0.308203125 0.23819444444444443 0.0609375 0.08888888888888889
1 0.263671875 0.5215277777777778 0.0125 0.025
1 0.8421875 0.1798611111111111 0.034375 0.05694444444444444
1 0.514453125 0.4777777777777778 0.0265625 0.043055555555555555
1 0.280859375 0.6576388888888889 0.06640625 0.12916666666666668
1 0.9453125 0.5826388888888889 0.02578125 0.05
1 0.521484375 0.6784722222222223 0.025 0.034722222222222224
1 0.96328125 0.66875 0.07265625 0.17083333333333334
1 0.99375 0.9277777777777778 0.0125 0.04722222222222222
1 0.2578125 0.7715277777777778 0.025 0.05416666666666667
1 0.6828125 0.7861111111111111 0.03515625 0.05
1 0.4046875 0.10138888888888889 0.01484375 0.029166666666666667
1 0.44375 0.41805555555555557 0.0109375 0.016666666666666666
1 0.0046875 0.13680555555555557 0.009375 0.029166666666666667
1 0.464453125 0.32430555555555557 0.02265625 0.041666666666666664
1 0.331640625 0.7708333333333334 0.0296875 0.03611111111111111
1 0.748046875 0.6381944444444444 0.03359375 0.05694444444444444
1 0.278125 0.8125 0.0125 0.025
1 0.45625 0.5222222222222223 0.02421875 0.03888888888888889
1 0.317578125 0.53125 0.05625 0.11666666666666667
1 0.034375 0.13541666666666666 0.02578125 0.034722222222222224
1 0.01328125 0.018055555555555554 0.0265625 0.03611111111111111
1 0.230859375 0.11458333333333333 0.06875 0.09861111111111111
1 0.50703125 0.4340277777777778 0.01015625 0.015277777777777777
1 0.231640625 0.36041666666666666 0.02421875 0.05
1 0.18359375 0.09930555555555555 0.02109375 0.05138888888888889
1 0.637109375 0.9659722222222222 0.028125 0.06388888888888888
1 0.707421875 0.9694444444444444 0.01875 0.027777777777777776
1 0.516015625 0.3277777777777778 0.01640625 0.029166666666666667
1 0.526953125 0.5666666666666667 0.0203125 0.05416666666666667
1 0.40859375 0.024305555555555556 0.01328125 0.018055555555555554
1 0.53046875 0.7604166666666666 0.0140625 0.04583333333333333
1 0.610546875 0.36180555555555555 0.0203125 0.044444444444444446
1 0.634765625 0.7638888888888888 0.015625 0.025
1 0.63359375 0.42916666666666664 0.0421875 0.04722222222222222
1 0.54140625 0.3902777777777778 0.0109375 0.027777777777777776
1 0.145703125 0.25833333333333336 0.028125 0.05416666666666667
1 0.080078125 0.4618055555555556 0.0140625 0.02361111111111111
1 0.6140625 0.8354166666666667 0.0390625 0.09027777777777778
1 0.50546875 0.5701388888888889 0.01796875 0.0375
1 0.672265625 0.8902777777777777 0.0140625 0.029166666666666667
1 0.20859375 0.03888888888888889 0.03984375 0.04861111111111111
1 0.29375 0.3451388888888889 0.0359375 0.08055555555555556
1 0.12734375 0.65625 0.0359375 0.11388888888888889
1 0.237890625 0.23055555555555557 0.0515625 0.06666666666666667
1 0.2203125 0.41180555555555554 0.00859375 0.013888888888888888
1 0.375 0.2923611111111111 0.01640625 0.03194444444444444
1 0.0359375 0.34652777777777777 0.05234375 0.05694444444444444
1 0.134375 0.9583333333333334 0.03046875 0.05694444444444444
1 0.140625 0.74375 0.03046875 0.08888888888888889
1 0.336328125 0.7 0.01171875 0.022222222222222223
1 0.216796875 0.7805555555555556 0.03671875 0.08055555555555556
1 0.517578125 0.8173611111111111 0.0140625 0.043055555555555555
1 0.248828125 0.8881944444444444 0.025 0.05694444444444444
1 0.46875 0.9597222222222223 0.0421875 0.07916666666666666
1 0.6015625 0.4986111111111111 0.0765625 0.06666666666666667
1 0.497265625 0.8520833333333333 0.02265625 0.05277777777777778
1 0.41953125 0.9152777777777777 0.02109375 0.0375
1 0.18515625 0.6145833333333334 0.0234375 0.044444444444444446
1 0.514453125 0.39791666666666664 0.0265625 0.05416666666666667
1 0.5015625 0.5138888888888888 0.021875 0.03611111111111111
1 0.469140625 0.24722222222222223 0.025 0.043055555555555555
1 0.70546875 0.35 0.0265625 0.03611111111111111
1 0.656640625 0.5479166666666667 0.01484375 0.034722222222222224
1 0.595703125 0.5590277777777778 0.05390625 0.06666666666666667
1 0.688671875 0.5451388888888888 0.0171875 0.03611111111111111
1 0.08125 0.8958333333333334 0.0296875 0.09722222222222222
1 0.595703125 0.27361111111111114 0.025 0.043055555555555555
1 0.57265625 0.15 0.01796875 0.0375
1 0.54140625 0.059722222222222225 0.0234375 0.04722222222222222
1 0.568359375 0.05 0.0140625 0.029166666666666667
1 0.699609375 0.04097222222222222 0.02421875 0.027777777777777776
1 0.522265625 0.00625 0.025 0.0125
1 0.5375 0.017361111111111112 0.01171875 0.018055555555555554
1 0.5921875 0.04375 0.028125 0.044444444444444446
1 0.6625 0.08194444444444444 0.025 0.05416666666666667
1 0.610546875 0.08888888888888889 0.034375 0.041666666666666664
1 0.68828125 0.93125 0.0171875 0.030555555555555555
1 0.88046875 0.9319444444444445 0.0125 0.022222222222222223
1 0.897265625 0.9041666666666667 0.01640625 0.029166666666666667
1 0.76328125 0.9152777777777777 0.02109375 0.04583333333333333
1 0.82109375 0.9368055555555556 0.01796875 0.029166666666666667
1 0.858203125 0.9361111111111111 0.01796875 0.02638888888888889
1 0.678515625 0.06111111111111111 0.015625 0.029166666666666667
1 0.06328125 0.9798611111111111 0.0625 0.04027777777777778
1 0.06328125 0.6659722222222222 0.0484375 0.11388888888888889
1 0.55234375 0.2222222222222222 0.03359375 0.05277777777777778
1 0.67265625 0.7263888888888889 0.0515625 0.07777777777777778
1 0.595703125 0.4583333333333333 0.02890625 0.030555555555555555
1 0.85625 0.09375 0.01484375 0.020833333333333332
1 0.72890625 0.22083333333333333 0.05234375 0.16666666666666666
1 0.524609375 0.03888888888888889 0.01796875 0.025
1 0.4890625 0.8958333333333334 0.01640625 0.027777777777777776
1 0.652734375 0.010416666666666666 0.02265625 0.020833333333333332
1 0.0953125 0.5923611111111111 0.02109375 0.02638888888888889
1 0.919140625 0.8833333333333333 0.01171875 0.029166666666666667
1 0.853515625 0.0375 0.05625 0.075
1 0.784375 0.8520833333333333 0.01328125 0.0375
1 0.763671875 0.10833333333333334 0.0265625 0.05416666666666667
1 0.694140625 0.41458333333333336 0.015625 0.030555555555555555
1 0.061328125 0.0625 0.05390625 0.06666666666666667
1 0.66796875 0.45625 0.0109375 0.034722222222222224
1 0.98359375 0.2881944444444444 0.02421875 0.06944444444444445
1 0.558203125 0.4326388888888889 0.0296875 0.05
1 0.766015625 0.51875 0.0171875 0.03333333333333333
1 0.797265625 0.20277777777777778 0.03046875 0.03611111111111111
1 0.922265625 0.39166666666666666 0.0265625 0.04722222222222222
1 0.869140625 0.66875 0.0484375 0.08194444444444444
1 0.6546875 0.1840277777777778 0.01640625 0.030555555555555555
1 0.8328125 0.8069444444444445 0.01484375 0.03194444444444444
1 0.83359375 0.07916666666666666 0.01171875 0.015277777777777777
1 0.809375 0.25069444444444444 0.02109375 0.05138888888888889
1 0.775 0.25277777777777777 0.03203125 0.04722222222222222
1 0.302734375 0.08819444444444445 0.05625 0.06944444444444445
1 0.821484375 0.6215277777777778 0.0375 0.12777777777777777
1 0.873046875 0.6111111111111112 0.02578125 0.030555555555555555
1 0.795703125 0.06111111111111111 0.015625 0.029166666666666667
1 0.756640625 0.027777777777777776 0.01484375 0.030555555555555555
1 0.890625 0.044444444444444446 0.0109375 0.020833333333333332
1 0.908984375 0.4986111111111111 0.05078125 0.1375
1 0.917578125 0.2652777777777778 0.0109375 0.022222222222222223
1 0.980078125 0.12638888888888888 0.03203125 0.034722222222222224
1 0.76328125 0.7125 0.05625 0.09305555555555556
1 0.875 0.29791666666666666 0.0109375 0.018055555555555554
1 0.840234375 0.11388888888888889 0.021875 0.029166666666666667
1 0.857421875 0.7527777777777778 0.0390625 0.09305555555555556
1 0.74921875 0.7965277777777777 0.07734375 0.11805555555555555
1 0.856640625 0.5381944444444444 0.0140625 0.02361111111111111
1 0.83828125 0.3680555555555556 0.015625 0.03611111111111111
1 0.687890625 0.2465277777777778 0.0140625 0.029166666666666667
1 0.985546875 0.06388888888888888 0.0171875 0.025
1 0.676953125 0.17916666666666667 0.021875 0.043055555555555555
1 0.907421875 0.19652777777777777 0.04453125 0.08611111111111111
1 0.733203125 0.07013888888888889 0.0078125 0.034722222222222224
1 0.836328125 0.2638888888888889 0.021875 0.041666666666666664
1 0.801171875 0.34444444444444444 0.0296875 0.04861111111111111
1 0.90625 0.3326388888888889 0.03984375 0.058333333333333334
1 0.908203125 0.06944444444444445 0.015625 0.04722222222222222
1 0.991015625 0.16944444444444445 0.0171875 0.04722222222222222
1 0.912109375 0.011805555555555555 0.01484375 0.02361111111111111
1 0.05078125 0.2222222222222222 0.0203125 0.019444444444444445
1 0.75546875 0.4548611111111111 0.025 0.05138888888888889
0 0.121484375 0.3090277777777778 0.10546875 0.6
1 0.80703125 0.4534722222222222 0.02265625 0.03611111111111111
1 0.609375 0.21875 0.021875 0.03333333333333333
0 0.128515625 0.5777777777777777 0.25703125 0.11527777777777778
1 0.905859375 0.7666666666666667 0.04375 0.07083333333333333
1 0.26875 0.8479166666666667 0.00859375 0.018055555555555554
0 0.6609375 0.1 0.1890625 0.2
0 0.161328125 0.90625 0.0640625 0.1875
0 0.086328125 0.13402777777777777 0.17109375 0.26805555555555555