1 0.06171875 0.6479166666666667 0.0265625 0.03958333333333333
1 0.95234375 0.1 0.028125 0.03333333333333333
1 0.83125 0.17395833333333333 0.0140625 0.020833333333333332
1 0.509375 0.041666666666666664 0.01875 0.022916666666666665
1 0.41875 0.19791666666666666 0.040625 0.03958333333333333
1 0.30078125 0.15520833333333334 0.05625 0.09375
1 0.2734375 0.046875 0.0328125 0.0375
1 0.1703125 0.19166666666666668 0.0171875 0.025
1 0.02578125 0.04375 0.021875 0.03958333333333333
1 0.7125 0.051041666666666666 0.03125 0.0875
1 0.91796875 0.36875 0.01875 0.016666666666666666
1 0.84609375 0.40625 0.0328125 0.05416666666666667
1 0.81171875 0.3958333333333333 0.01875 0.020833333333333332
1 0.7859375 0.3302083333333333 0.0265625 0.029166666666666667
1 0.74140625 0.37395833333333334 0.040625 0.0875
1 0.81875 0.47291666666666665 0.015625 0.020833333333333332
1 0.76328125 0.4510416666666667 0.0265625 0.0375
1 0.80703125 0.525 0.0203125 0.022916666666666665
1 0.77421875 0.546875 0.021875 0.0375
1 0.6546875 0.5479166666666667 0.01875 0.0375
1 0.58046875 0.4239583333333333 0.034375 0.025
1 0.553125 0.5604166666666667 0.0359375 0.03125
1 0.4890625 0.3072916666666667 0.0265625 0.022916666666666665
1 0.3890625 0.35104166666666664 0.0328125 0.035416666666666666
1 0.365625 0.40729166666666666 0.0359375 0.058333333333333334
1 0.328125 0.37916666666666665 0.0234375 0.041666666666666664
1 0.3671875 0.265625 0.04375 0.07083333333333333
1 0.30859375 0.3125 0.0609375 0.0625
1 0.36328125 0.5833333333333334 0.0296875 0.0375
1 0.30234375 0.5364583333333334 0.0640625 0.0875
1 0.25234375 0.490625 0.0203125 0.022916666666666665
1 0.20078125 0.48333333333333334 0.0328125 0.041666666666666664
1 0.17578125 0.42916666666666664 0.0515625 0.058333333333333334
1 0.0609375 0.525 0.028125 0.020833333333333332
1 0.8765625 0.18333333333333332 0.025 0.03958333333333333
1 0.13828125 0.6604166666666667 0.028125 0.020833333333333332
1 0.121875 0.6135416666666667 0.0328125 0.03958333333333333
1 0.31484375 0.7 0.021875 0.03333333333333333
1 0.33359375 0.765625 0.0375 0.04583333333333333
1 0.3046875 0.8291666666666667 0.0359375 0.041666666666666664
1 0.225 0.828125 0.0578125 0.08333333333333333
1 0.1875 0.9875 0.0265625 0.025
1 0.2796875 0.9166666666666666 0.06875 0.06875
1 0.40078125 0.890625 0.0234375 0.027083333333333334
1 0.34140625 0.8770833333333333 0.021875 0.04583333333333333
1 0.47109375 0.9020833333333333 0.01875 0.029166666666666667
1 0.77578125 0.6739583333333333 0.021875 0.01875
1 0.63828125 0.6447916666666667 0.028125 0.03125
1 0.6703125 0.7416666666666667 0.0109375 0.01875
1 0.928125 0.7916666666666666 0.025 0.027083333333333334
1 0.6078125 0.815625 0.0375 0.041666666666666664
1 0.6375 0.946875 0.0265625 0.041666666666666664
1 0.5875 0.9854166666666667 0.0296875 0.029166666666666667
1 0.5890625 0.86875 0.0265625 0.035416666666666666
1 0.78125 0.7760416666666666 0.075 0.1125
1 0.23828125 0.09791666666666667 0.053125 0.07708333333333334
1 0.13828125 0.18541666666666667 0.0234375 0.03333333333333333
0 0.42734375 0.015625 0.0484375 0.03125
0 0.46875 0.15104166666666666 0.15625 0.10416666666666667
0 0.52421875 0.37916666666666665 0.1484375 0.3625
0 0.546875 0.659375 0.225 0.20833333333333334
0 0.46640625 0.9291666666666667 0.1265625 0.13958333333333334
1 0.04921875 0.9927083333333333 0.025 0.014583333333333334
1 0.0296875 0.9729166666666667 0.0109375 0.014583333333333334
1 0.01171875 0.8395833333333333 0.01875 0.020833333333333332
1 0.06328125 0.15625 0.0234375 0.041666666666666664
1 0.11171875 0.009375 0.0171875 0.01875
1 0.68125 0.13958333333333334 0.040625 0.058333333333333334
1 0.66875 0.029166666666666667 0.0453125 0.0375
1 0.76171875 0.10208333333333333 0.021875 0.027083333333333334