1 0.4515625 0.6270833333333333 0.046875 0.05
0 0.803125 0.9708333333333333 0.39375 0.05625
0 0.59765625 0.678125 0.55625 0.37916666666666665
0 0.7453125 0.4552083333333333 0.453125 0.7520833333333333
0 0.61875 0.23854166666666668 0.35 0.2375
0 0.6875 0.046875 0.18125 0.08958333333333333
1 0.49140625 0.6520833333333333 0.015625 0.022916666666666665
1 0.40703125 0.44895833333333335 0.0359375 0.03125
1 0.7375 0.40520833333333334 0.0390625 0.058333333333333334
1 0.3609375 0.7239583333333334 0.034375 0.03958333333333333
1 0.3234375 0.740625 0.0515625 0.07916666666666666
1 0.27421875 0.5385416666666667 0.0234375 0.029166666666666667
1 0.28671875 0.6145833333333334 0.01875 0.020833333333333332
1 0.34375 0.584375 0.028125 0.027083333333333334
1 0.34453125 0.48541666666666666 0.04375 0.05
1 0.40859375 0.484375 0.0296875 0.025
1 0.54765625 0.33541666666666664 0.0296875 0.041666666666666664
1 0.51484375 0.3541666666666667 0.046875 0.058333333333333334
1 0.52890625 0.40729166666666666 0.0484375 0.04583333333333333
1 0.55234375 0.49270833333333336 0.021875 0.027083333333333334
1 0.5921875 0.5114583333333333 0.0234375 0.022916666666666665
1 0.584375 0.5354166666666667 0.028125 0.027083333333333334
1 0.528125 0.878125 0.0390625 0.05
1 0.4421875 0.715625 0.046875 0.05416666666666667
1 0.73203125 0.8114583333333333 0.028125 0.0375
1 0.840625 0.74375 0.04375 0.06875
1 0.80703125 0.32395833333333335 0.040625 0.04791666666666667
1 0.68984375 0.14895833333333333 0.03125 0.04583333333333333
1 0.4328125 0.18645833333333334 0.0421875 0.029166666666666667
1 0.50390625 0.209375 0.0453125 0.05625