1 0.76796875 0.5097222222222222 0.01015625 0.02638888888888889
1 0.46171875 0.011111111111111112 0.01953125 0.022222222222222223
1 0.47734375 0.00625 0.01171875 0.0125
1 0.4796875 0.08263888888888889 0.02421875 0.08194444444444444
1 0.454296875 0.06736111111111111 0.0109375 0.03194444444444444
1 0.528125 0.11458333333333333 0.01953125 0.06527777777777778
1 0.54375 0.1 0.009375 0.02361111111111111
1 0.55625 0.08263888888888889 0.0140625 0.03888888888888889
1 0.53125 0.03611111111111111 0.01484375 0.030555555555555555
1 0.578515625 0.00625 0.01796875 0.0125
1 0.551171875 0.15 0.02109375 0.03611111111111111
1 0.57734375 0.15763888888888888 0.0203125 0.043055555555555555
1 0.60625 0.10972222222222222 0.025 0.05138888888888889
1 0.58203125 0.28541666666666665 0.02421875 0.043055555555555555
1 0.528125 0.24444444444444444 0.0078125 0.016666666666666666
1 0.54453125 0.2534722222222222 0.0140625 0.030555555555555555
1 0.484375 0.34097222222222223 0.015625 0.034722222222222224
1 0.52421875 0.38055555555555554 0.028125 0.044444444444444446
1 0.578515625 0.3638888888888889 0.01640625 0.03333333333333333
1 0.62109375 0.37083333333333335 0.01015625 0.02361111111111111
1 0.525390625 0.5097222222222222 0.04296875 0.05138888888888889
1 0.518359375 0.5555555555555556 0.01484375 0.029166666666666667
1 0.542578125 0.6520833333333333 0.01484375 0.030555555555555555
1 0.538671875 0.7 0.0109375 0.025
1 0.480859375 0.7333333333333333 0.0390625 0.05
1 0.42890625 0.6763888888888889 0.0421875 0.04861111111111111
1 0.511328125 0.8069444444444445 0.02578125 0.0625
1 0.494140625 0.9722222222222222 0.01484375 0.0375
1 0.539453125 0.9694444444444444 0.02265625 0.06111111111111111
1 0.675390625 0.7923611111111111 0.0234375 0.04861111111111111
1 0.8578125 0.9736111111111111 0.0328125 0.05277777777777778
1 0.933984375 0.7986111111111112 0.0203125 0.05
1 0.857421875 0.7395833333333334 0.02890625 0.04722222222222222
1 0.887890625 0.7111111111111111 0.0171875 0.04027777777777778
1 0.84921875 0.6243055555555556 0.01953125 0.03611111111111111
1 0.8078125 0.56875 0.028125 0.04722222222222222
1 0.5953125 0.5270833333333333 0.01875 0.03888888888888889
1 0.789453125 0.2923611111111111 0.01171875 0.027777777777777776
1 0.501171875 0.5819444444444445 0.00625 0.0125
1 0.424609375 0.5236111111111111 0.01484375 0.03194444444444444
1 0.123046875 0.19027777777777777 0.01640625 0.04027777777777778
1 0.059375 0.18541666666666667 0.00703125 0.018055555555555554
1 0.0359375 0.14444444444444443 0.0140625 0.029166666666666667
1 0.088671875 0.05138888888888889 0.0171875 0.03194444444444444
1 0.1109375 0.9784722222222222 0.034375 0.043055555555555555
1 0.087890625 0.7291666666666666 0.015625 0.020833333333333332
1 0.13671875 0.7229166666666667 0.015625 0.02638888888888889
1 0.126953125 0.5666666666666667 0.0140625 0.018055555555555554
1 0.461328125 0.5694444444444444 0.0109375 0.025
0 0.71953125 0.2222222222222222 0.10859375 0.4444444444444444
0 0.674609375 0.4263888888888889 0.109375 0.4361111111111111
0 0.7796875 0.6833333333333333 0.1890625 0.3375
0 0.710546875 0.7930555555555555 0.1671875 0.1986111111111111
1 0.72578125 0.9743055555555555 0.01796875 0.029166666666666667
0 0.69609375 0.9125 0.0765625 0.175
0 0.12734375 0.9013888888888889 0.2546875 0.19722222222222222
0 0.134375 0.58125 0.07421875 0.25277777777777777
0 0.144140625 0.27152777777777776 0.15546875 0.5430555555555555
1 0.5609375 0.2076388888888889 0.071875 0.06388888888888888
1 0.108203125 0.41944444444444445 0.01015625 0.020833333333333332
1 0.1296875 0.5215277777777778 0.01484375 0.025
1 0.0671875 0.4840277777777778 0.0296875 0.06805555555555555
1 0.24453125 0.5222222222222223 0.01640625 0.029166666666666667
1 0.21640625 0.40902777777777777 0.02109375 0.041666666666666664
1 0.194140625 0.4375 0.015625 0.0375
1 0.310546875 0.2659722222222222 0.01796875 0.03888888888888889
1 0.495703125 0.2923611111111111 0.0109375 0.02361111111111111
1 0.928125 0.13541666666666666 0.02421875 0.04027777777777778
1 0.7625 0.04722222222222222 0.0359375 0.05416666666666667
1 0.890625 0.23819444444444443 0.03671875 0.07916666666666666