1 0.3484375 0.37916666666666665 0.0171875 0.052083333333333336
0 0.6546875 0.09270833333333334 0.165625 0.18125
0 0.59765625 0.31875 0.0765625 0.20833333333333334
0 0.57890625 0.58125 0.1453125 0.175
0 0.64765625 0.9020833333333333 0.1671875 0.19583333333333333
1 0.72421875 0.678125 0.028125 0.0375
1 0.70859375 0.615625 0.009375 0.01875
1 0.8515625 0.6604166666666667 0.0296875 0.035416666666666666
1 0.90546875 0.6052083333333333 0.0328125 0.029166666666666667
1 0.33203125 0.05625 0.0234375 0.029166666666666667
1 0.08515625 0.41875 0.0140625 0.022916666666666665
1 0.51796875 0.9895833333333334 0.046875 0.020833333333333332
1 0.87734375 0.43645833333333334 0.0296875 0.03333333333333333
1 0.534375 0.9354166666666667 0.0375 0.052083333333333336
1 0.66171875 0.51875 0.021875 0.03125
1 0.45234375 0.1375 0.0375 0.058333333333333334
1 0.36015625 0.9270833333333334 0.0375 0.05625
1 0.31796875 0.4583333333333333 0.0140625 0.01875
1 0.4046875 0.36041666666666666 0.04375 0.07916666666666666
1 0.6515625 0.021875 0.0484375 0.03125
1 0.73125 0.29583333333333334 0.0125 0.01875
1 0.7328125 0.41770833333333335 0.0234375 0.035416666666666666
1 0.909375 0.26666666666666666 0.03125 0.03958333333333333
1 0.875 0.30104166666666665 0.04375 0.0375
1 0.7734375 0.20208333333333334 0.0140625 0.020833333333333332
1 0.89453125 0.5510416666666667 0.0109375 0.01875
1 0.02109375 0.621875 0.0171875 0.014583333333333334
1 0.55546875 0.3145833333333333 0.0125 0.035416666666666666
1 0.36953125 0.5322916666666667 0.021875 0.01875
1 0.4375 0.8177083333333334 0.015625 0.014583333333333334
1 0.78125 0.014583333333333334 0.021875 0.014583333333333334
1 0.8546875 0.12395833333333334 0.015625 0.022916666666666665
1 0.82578125 0.265625 0.0171875 0.01875
1 0.38515625 0.2375 0.021875 0.029166666666666667
1 0.140625 0.9083333333333333 0.0203125 0.022916666666666665
1 0.16953125 0.9875 0.03125 0.025
1 0.3859375 0.07083333333333333 0.0140625 0.025