1 0.97421875 0.6902777777777778 0.03984375 0.058333333333333334
1 0.8171875 0.5923611111111111 0.01015625 0.015277777777777777
1 0.580859375 0.2013888888888889 0.01796875 0.03194444444444444
1 0.53671875 0.9902777777777778 0.0234375 0.016666666666666666
1 0.2671875 0.9104166666666667 0.01484375 0.029166666666666667
1 0.94296875 0.9708333333333333 0.03203125 0.05555555555555555
1 0.514453125 0.04027777777777778 0.01953125 0.034722222222222224
1 0.21796875 0.6180555555555556 0.02734375 0.04722222222222222
1 0.934375 0.4388888888888889 0.01953125 0.041666666666666664
1 0.22109375 0.32083333333333336 0.03515625 0.05694444444444444
1 0.258203125 0.6111111111111112 0.015625 0.029166666666666667
1 0.409765625 0.6680555555555555 0.0140625 0.02361111111111111
1 0.60703125 0.8201388888888889 0.01640625 0.027777777777777776
1 0.815625 0.6166666666666667 0.01875 0.02361111111111111
1 0.887109375 0.5611111111111111 0.03125 0.06666666666666667
1 0.79453125 0.12291666666666666 0.0203125 0.03611111111111111
1 0.41015625 0.41875 0.0125 0.027777777777777776
1 0.976171875 0.9756944444444444 0.01953125 0.03194444444444444
1 0.56953125 0.07152777777777777 0.01875 0.04583333333333333
1 0.819921875 0.1361111111111111 0.015625 0.022222222222222223
1 0.706640625 0.20972222222222223 0.0234375 0.05416666666666667
1 0.886328125 0.08958333333333333 0.02109375 0.044444444444444446
0 0.64609375 0.8145833333333333 0.06953125 0.3638888888888889
1 0.73203125 0.39375 0.0171875 0.02638888888888889
1 0.89140625 0.575 0.03359375 0.06111111111111111
1 0.96875 0.28055555555555556 0.02265625 0.044444444444444446
1 0.85546875 0.6 0.03203125 0.04722222222222222
1 0.775 0.8048611111111111 0.021875 0.03194444444444444
1 0.540625 0.44722222222222224 0.01796875 0.043055555555555555
1 0.9828125 0.6319444444444444 0.0265625 0.04583333333333333
1 0.85625 0.41875 0.02578125 0.05277777777777778
1 0.782421875 0.24444444444444444 0.03203125 0.04583333333333333
1 0.844140625 0.9361111111111111 0.025 0.044444444444444446
1 0.988671875 0.78125 0.01640625 0.03888888888888889
1 0.687890625 0.8402777777777778 0.02578125 0.04722222222222222
1 0.9609375 0.38125 0.01875 0.030555555555555555
1 0.696484375 0.6458333333333334 0.0203125 0.041666666666666664
0 0.6484375 0.09930555555555555 0.23515625 0.19722222222222222
1 0.16484375 0.40902777777777777 0.01953125 0.034722222222222224
1 0.9703125 0.21458333333333332 0.01640625 0.03333333333333333
0 0.102734375 0.8027777777777778 0.20390625 0.24583333333333332
1 0.816796875 0.32013888888888886 0.0203125 0.04583333333333333
1 0.721875 0.3277777777777778 0.02265625 0.03888888888888889
0 0.71875 0.9826388888888888 0.06328125 0.03194444444444444
1 0.82890625 0.4951388888888889 0.01640625 0.03194444444444444
1 0.769921875 0.6145833333333334 0.02265625 0.044444444444444446
1 0.88515625 0.26319444444444445 0.0140625 0.029166666666666667
1 0.748046875 0.875 0.0203125 0.0375
1 0.769921875 0.9625 0.0203125 0.04722222222222222
1 0.501953125 0.7479166666666667 0.0171875 0.03888888888888889
1 0.21484375 0.10972222222222222 0.0265625 0.06666666666666667
1 0.651953125 0.7520833333333333 0.01796875 0.03194444444444444
0 0.623046875 0.24027777777777778 0.109375 0.2833333333333333
0 0.63828125 0.5368055555555555 0.09921875 0.33055555555555555
1 0.86875 0.7298611111111111 0.01171875 0.02638888888888889
1 0.99453125 0.4 0.0109375 0.027777777777777776
1 0.823828125 0.050694444444444445 0.0578125 0.06388888888888888
0 0.173046875 0.91875 0.128125 0.15694444444444444
1 0.758984375 0.7201388888888889 0.08203125 0.12083333333333333
1 0.583984375 0.6520833333333333 0.0390625 0.07777777777777778
0 0.1109375 0.10138888888888889 0.221875 0.20277777777777778
1 0.871875 0.15833333333333333 0.0484375 0.07916666666666666
1 0.891015625 0.9736111111111111 0.0234375 0.04861111111111111
1 0.372265625 0.2375 0.0171875 0.034722222222222224
1 0.930859375 0.11875 0.03828125 0.10277777777777777
1 0.885546875 0.39444444444444443 0.02109375 0.04583333333333333
0 0.6 0.6493055555555556 0.221875 0.4708333333333333
1 0.983984375 0.8368055555555556 0.025 0.041666666666666664
1 0.810546875 0.44930555555555557 0.02421875 0.04583333333333333
1 0.94296875 0.6270833333333333 0.04921875 0.05416666666666667
1 0.98515625 0.49236111111111114 0.0234375 0.06111111111111111
1 0.5953125 0.11736111111111111 0.02890625 0.04861111111111111
1 0.38515625 0.4625 0.02421875 0.030555555555555555
1 0.6109375 0.5597222222222222 0.0234375 0.05277777777777778
1 0.980078125 0.07777777777777778 0.03671875 0.10833333333333334
1 0.603125 0.29097222222222224 0.025 0.05138888888888889
1 0.901171875 0.44166666666666665 0.040625 0.03333333333333333