1 0.73515625 0.24166666666666667 0.0203125 0.0375
1 0.7578125 0.2864583333333333 0.04375 0.04583333333333333
1 0.24140625 0.9135416666666667 0.0203125 0.03125
1 0.3421875 0.04583333333333333 0.0140625 0.029166666666666667
1 0.31015625 0.53125 0.0171875 0.020833333333333332
0 0.6921875 0.16666666666666666 0.128125 0.3333333333333333
1 0.98203125 0.057291666666666664 0.025 0.025
1 0.9265625 0.05 0.0453125 0.08125
1 0.8328125 0.053125 0.065625 0.07916666666666666
1 0.978125 0.234375 0.01875 0.01875
1 0.90078125 0.16041666666666668 0.0265625 0.03958333333333333
0 0.6484375 0.64375 0.40625 0.375
1 0.82421875 0.15104166666666666 0.0390625 0.04375
1 0.80390625 0.2 0.0265625 0.0375
1 0.90625 0.22916666666666666 0.03125 0.035416666666666666
1 0.94609375 0.4510416666666667 0.0203125 0.020833333333333332
1 0.85625 0.49166666666666664 0.04375 0.05416666666666667
1 0.43828125 0.5083333333333333 0.0125 0.014583333333333334
1 0.865625 0.38958333333333334 0.0421875 0.052083333333333336
1 0.78515625 0.33229166666666665 0.0265625 0.03958333333333333
1 0.7578125 0.3260416666666667 0.028125 0.035416666666666666
1 0.31171875 0.4625 0.015625 0.029166666666666667
0 0.740625 0.9104166666666667 0.2453125 0.17916666666666667
1 0.88828125 0.5885416666666666 0.03125 0.025
1 0.96015625 0.5875 0.028125 0.03333333333333333
1 0.9484375 0.6177083333333333 0.01875 0.029166666666666667
1 0.9578125 0.6697916666666667 0.0421875 0.041666666666666664
1 0.96328125 0.7083333333333334 0.03125 0.035416666666666666
1 0.9328125 0.7427083333333333 0.0328125 0.03333333333333333
1 0.90546875 0.853125 0.021875 0.022916666666666665
1 0.71171875 0.80625 0.025 0.022916666666666665
1 0.4484375 0.9625 0.0609375 0.05
1 0.459375 0.8979166666666667 0.0171875 0.016666666666666666
1 0.4875 0.84375 0.0265625 0.03333333333333333
1 0.2890625 0.9145833333333333 0.0609375 0.07291666666666667
1 0.321875 0.9270833333333334 0.01875 0.01875
1 0.16328125 0.859375 0.0171875 0.008333333333333333
1 0.503125 0.7552083333333334 0.021875 0.016666666666666666
1 0.559375 0.45 0.021875 0.03958333333333333
1 0.1953125 0.5104166666666666 0.034375 0.035416666666666666
1 0.01953125 0.48541666666666666 0.0234375 0.041666666666666664
1 0.2453125 0.353125 0.03125 0.03333333333333333
1 0.5640625 0.3125 0.01875 0.022916666666666665
1 0.63203125 0.15104166666666666 0.0421875 0.07083333333333333
1 0.6734375 0.10104166666666667 0.03125 0.025
1 0.64296875 0.06041666666666667 0.0265625 0.04375
1 0.58515625 0.07916666666666666 0.015625 0.025
1 0.69453125 0.21979166666666666 0.01875 0.020833333333333332