1 0.544921875 0.33194444444444443 0.02421875 0.06388888888888888
1 0.546484375 0.19027777777777777 0.0140625 0.030555555555555555
1 0.2453125 0.3854166666666667 0.021875 0.05277777777777778
1 0.195703125 0.5069444444444444 0.01640625 0.03333333333333333
1 0.58828125 0.7333333333333333 0.0234375 0.043055555555555555
1 0.608203125 0.7763888888888889 0.0203125 0.04583333333333333
1 0.5796875 0.8159722222222222 0.01015625 0.016666666666666666
1 0.66015625 0.9340277777777778 0.02265625 0.034722222222222224
1 0.165625 0.027083333333333334 0.03359375 0.05416666666666667
1 0.503515625 0.9715277777777778 0.02578125 0.05
1 0.45625 0.8131944444444444 0.0234375 0.04861111111111111
1 0.328125 0.8131944444444444 0.04453125 0.07083333333333333
1 0.351171875 0.8402777777777778 0.0125 0.015277777777777777
1 0.36328125 0.74375 0.025 0.04583333333333333
1 0.275 0.7784722222222222 0.02421875 0.05555555555555555
1 0.533203125 0.06944444444444445 0.0140625 0.025
1 0.521484375 0.050694444444444445 0.01796875 0.03333333333333333
1 0.265234375 0.8465277777777778 0.0203125 0.05
1 0.230859375 0.9833333333333333 0.0234375 0.03333333333333333
1 0.333984375 0.4027777777777778 0.0203125 0.030555555555555555
1 0.113671875 0.006944444444444444 0.01328125 0.013888888888888888
0 0.61328125 0.8173611111111111 0.05 0.36527777777777776
0 0.143359375 0.9520833333333333 0.05546875 0.09583333333333334
0 0.098046875 0.8222222222222222 0.19609375 0.35555555555555557
0 0.13125 0.5555555555555556 0.13515625 0.5027777777777778
0 0.076171875 0.20069444444444445 0.15234375 0.3402777777777778
0 0.117578125 0.07847222222222222 0.165625 0.15694444444444444
0 0.69140625 0.059722222222222225 0.17890625 0.11944444444444445
0 0.662890625 0.20347222222222222 0.19296875 0.33194444444444443
1 0.696484375 0.1673611111111111 0.0109375 0.020833333333333332
0 0.66484375 0.4201388888888889 0.0671875 0.5111111111111111
0 0.64609375 0.75625 0.159375 0.3055555555555556
1 0.627734375 0.7194444444444444 0.00859375 0.018055555555555554
1 0.65625 0.00625 0.00703125 0.0125
1 0.64453125 0.005555555555555556 0.009375 0.011111111111111112
1 0.447265625 0.6625 0.00546875 0.0125
1 0.99140625 0.95 0.0171875 0.04027777777777778
1 0.941015625 0.8986111111111111 0.0265625 0.02361111111111111
1 0.93125 0.8701388888888889 0.0234375 0.034722222222222224
1 0.98515625 0.6486111111111111 0.01015625 0.0125
1 0.321484375 0.33125 0.03046875 0.041666666666666664
1 0.38515625 0.5006944444444444 0.02578125 0.059722222222222225
1 0.865234375 0.5472222222222223 0.01796875 0.030555555555555555
1 0.8265625 0.4777777777777778 0.01796875 0.02638888888888889
1 0.764453125 0.4673611111111111 0.0203125 0.02361111111111111
1 0.782421875 0.31805555555555554 0.0109375 0.027777777777777776
1 0.744140625 0.3333333333333333 0.02734375 0.05
1 0.943359375 0.32222222222222224 0.015625 0.025
1 0.9234375 0.25555555555555554 0.0109375 0.022222222222222223
1 0.977734375 0.03333333333333333 0.01953125 0.025
1 0.859765625 0.07430555555555556 0.02265625 0.044444444444444446
1 0.808984375 0.12291666666666666 0.04453125 0.05277777777777778
1 0.60703125 0.10625 0.015625 0.0375
1 0.6109375 0.21944444444444444 0.02578125 0.04583333333333333