1 0.4546875 0.921875 0.05 0.04791666666666667
1 0.50234375 0.9947916666666666 0.021875 0.010416666666666666
1 0.3390625 0.9010416666666666 0.025 0.0375
1 0.38125 0.796875 0.0453125 0.052083333333333336
1 0.44609375 0.8208333333333333 0.0203125 0.027083333333333334
1 0.18515625 0.7125 0.0109375 0.027083333333333334
1 0.03125 0.6125 0.0203125 0.029166666666666667
1 0.6015625 0.5166666666666667 0.0390625 0.041666666666666664
1 0.63203125 0.46458333333333335 0.065625 0.075
1 0.88203125 0.5479166666666667 0.0125 0.014583333333333334
1 0.96015625 0.5229166666666667 0.0140625 0.014583333333333334
1 0.9921875 0.6979166666666666 0.015625 0.025
1 0.62734375 0.36666666666666664 0.021875 0.0375
1 0.00859375 0.98125 0.0171875 0.0375
1 0.2796875 0.9239583333333333 0.01875 0.020833333333333332
1 0.8484375 0.9875 0.0140625 0.0125
1 0.70078125 0.9239583333333333 0.0296875 0.04583333333333333
1 0.63125 0.9166666666666666 0.034375 0.05625
1 0.59921875 0.9416666666666667 0.028125 0.041666666666666664
1 0.75703125 0.9520833333333333 0.078125 0.08958333333333333
1 0.996875 0.98125 0.00625 0.027083333333333334
1 0.965625 0.9520833333333333 0.034375 0.04791666666666667
1 0.91171875 0.828125 0.0578125 0.07708333333333334
1 0.83984375 0.8072916666666666 0.0328125 0.0375
1 0.7953125 0.7864583333333334 0.034375 0.03333333333333333
1 0.8 0.696875 0.0359375 0.03333333333333333
1 0.75625 0.6729166666666667 0.0515625 0.0375
1 0.6375 0.665625 0.0375 0.041666666666666664
1 0.78359375 0.5802083333333333 0.0765625 0.07708333333333334
1 0.9078125 0.4083333333333333 0.0265625 0.03333333333333333
1 0.88984375 0.4739583333333333 0.0296875 0.03125
1 0.85078125 0.43125 0.0484375 0.05625
1 0.75078125 0.2125 0.040625 0.06041666666666667
1 0.75859375 0.14375 0.046875 0.03958333333333333
1 0.884375 0.30625 0.015625 0.022916666666666665
1 0.98203125 0.2947916666666667 0.0359375 0.05625
1 0.92734375 0.004166666666666667 0.01875 0.008333333333333333
1 0.88671875 0.05416666666666667 0.0734375 0.04791666666666667
1 0.82421875 0.008333333333333333 0.0484375 0.016666666666666666
1 0.77578125 0.016666666666666666 0.0375 0.03333333333333333
1 0.73125 0.034375 0.0140625 0.016666666666666666
1 0.5984375 0.05520833333333333 0.0109375 0.014583333333333334
1 0.6265625 0.016666666666666666 0.028125 0.03333333333333333
1 0.5921875 0.010416666666666666 0.015625 0.020833333333333332
1 0.5734375 0.19583333333333333 0.0375 0.0375
1 0.13515625 0.06354166666666666 0.0296875 0.027083333333333334
1 0.2453125 0.159375 0.0296875 0.06666666666666667
1 0.22265625 0.225 0.0328125 0.029166666666666667
1 0.04921875 0.31354166666666666 0.065625 0.0375
1 0.203125 0.38125 0.0515625 0.058333333333333334
1 0.15 0.49270833333333336 0.0125 0.0125
1 0.06953125 0.4666666666666667 0.040625 0.029166666666666667
1 0.225 0.5645833333333333 0.0265625 0.06041666666666667
1 0.1546875 0.640625 0.0296875 0.03125
0 0.71640625 0.88125 0.140625 0.20833333333333334
1 0.671875 0.7322916666666667 0.0484375 0.06666666666666667
1 0.58203125 0.7270833333333333 0.015625 0.01875
1 0.58828125 0.6708333333333333 0.0515625 0.06458333333333334
1 0.52578125 0.678125 0.053125 0.05416666666666667
1 0.46328125 0.6489583333333333 0.078125 0.10833333333333334
1 0.43984375 0.5708333333333333 0.0875 0.12916666666666668
1 0.409375 0.44375 0.053125 0.04791666666666667
1 0.496875 0.41875 0.034375 0.03958333333333333
1 0.5328125 0.4 0.0265625 0.03125
1 0.56875 0.35 0.0421875 0.0625
1 0.5734375 0.2625 0.0359375 0.04791666666666667
1 0.5125 0.2677083333333333 0.0625 0.07083333333333333
1 0.47109375 0.22708333333333333 0.0375 0.03958333333333333
1 0.47734375 0.125 0.021875 0.029166666666666667
1 0.475 0.021875 0.046875 0.04375
1 0.33984375 0.011458333333333333 0.0234375 0.022916666666666665
1 0.3890625 0.029166666666666667 0.0671875 0.058333333333333334
0 0.72109375 0.5302083333333333 0.2734375 0.27291666666666664
0 0.78125 0.11145833333333334 0.4125 0.22291666666666668
0 0.7609375 0.28125 0.25 0.5020833333333333
1 0.66875 0.959375 0.0125 0.01875
1 0.65625 0.8333333333333334 0.0359375 0.029166666666666667
1 0.56328125 0.7822916666666667 0.040625 0.04791666666666667
1 0.3890625 0.98125 0.0390625 0.0375
1 0.39921875 0.9177083333333333 0.021875 0.0375