1 0.92265625 0.4722222222222222 0.0375 0.04861111111111111
1 0.84453125 0.39166666666666666 0.01328125 0.03194444444444444
1 0.841796875 0.42916666666666664 0.015625 0.030555555555555555
1 0.89453125 0.4201388888888889 0.0328125 0.04027777777777778
1 0.921875 0.4263888888888889 0.0203125 0.0375
1 0.946875 0.4791666666666667 0.00859375 0.016666666666666666
1 0.96328125 0.4666666666666667 0.01015625 0.0125
1 0.988671875 0.5409722222222222 0.02265625 0.04583333333333333
1 0.9328125 0.5159722222222223 0.01640625 0.029166666666666667
1 0.92890625 0.5666666666666667 0.01796875 0.041666666666666664
1 0.944140625 0.5958333333333333 0.0203125 0.025
1 0.97890625 0.6180555555555556 0.04140625 0.09583333333333334
1 0.8171875 0.4423611111111111 0.0171875 0.029166666666666667
1 0.7171875 0.4263888888888889 0.0125 0.029166666666666667
1 0.776171875 0.46041666666666664 0.01171875 0.02361111111111111
1 0.990625 0.23541666666666666 0.0171875 0.02361111111111111
1 0.962109375 0.2638888888888889 0.01171875 0.02638888888888889
1 0.998046875 0.16597222222222222 0.00390625 0.02361111111111111
1 0.7359375 0.5173611111111112 0.06875 0.16527777777777777
1 0.812109375 0.5715277777777777 0.02421875 0.03333333333333333
1 0.858984375 0.5465277777777777 0.03125 0.05
1 0.875 0.5819444444444445 0.0484375 0.058333333333333334
1 0.91953125 0.6402777777777777 0.01640625 0.030555555555555555
1 0.898828125 0.6708333333333333 0.028125 0.06805555555555555
1 0.948828125 0.6798611111111111 0.04296875 0.05416666666666667
1 0.984765625 0.7493055555555556 0.02265625 0.034722222222222224
1 0.928125 0.7118055555555556 0.025 0.043055555555555555
1 0.923828125 0.7493055555555556 0.0171875 0.029166666666666667
1 0.948046875 0.7388888888888889 0.0203125 0.03611111111111111
1 0.941015625 0.8381944444444445 0.07734375 0.14305555555555555
1 0.851171875 0.8152777777777778 0.06640625 0.12083333333333333
1 0.824609375 0.7048611111111112 0.021875 0.034722222222222224
1 0.819140625 0.7458333333333333 0.0203125 0.03888888888888889
1 0.77578125 0.7520833333333333 0.03671875 0.08611111111111111
1 0.79453125 0.6541666666666667 0.01640625 0.029166666666666667
1 0.809375 0.6104166666666667 0.01171875 0.027777777777777776
1 0.833984375 0.61875 0.0296875 0.06388888888888888
1 0.8203125 0.6583333333333333 0.01640625 0.027777777777777776
1 0.712890625 0.6583333333333333 0.01953125 0.034722222222222224
1 0.702734375 0.6833333333333333 0.0203125 0.029166666666666667
1 0.69453125 0.7354166666666667 0.02421875 0.07361111111111111
1 0.663671875 0.6611111111111111 0.03046875 0.06527777777777778
1 0.6375 0.6694444444444444 0.028125 0.05
1 0.665234375 0.7083333333333334 0.01640625 0.03333333333333333
1 0.661328125 0.7743055555555556 0.01640625 0.0375
1 0.654296875 0.7430555555555556 0.009375 0.0125
1 0.6890625 0.6416666666666667 0.01875 0.029166666666666667
1 0.681640625 0.5944444444444444 0.0171875 0.04027777777777778
1 0.660546875 0.5680555555555555 0.03203125 0.03888888888888889
0 0.108984375 0.0763888888888889 0.21328125 0.1527777777777778
0 0.11171875 0.3263888888888889 0.2234375 0.16666666666666666
0 0.1234375 0.5527777777777778 0.15546875 0.37083333333333335
0 0.1015625 0.7791666666666667 0.1546875 0.44166666666666665
0 0.63359375 0.8361111111111111 0.1859375 0.3277777777777778
0 0.622265625 0.4486111111111111 0.13984375 0.2972222222222222
0 0.6390625 0.24375 0.21171875 0.4875
1 0.9875 0.07291666666666667 0.025 0.14583333333333334
1 0.933984375 0.014583333333333334 0.0171875 0.029166666666666667
1 0.9203125 0.03958333333333333 0.021875 0.05138888888888889
1 0.84609375 0.025694444444444443 0.0375 0.05138888888888889
1 0.80390625 0.025694444444444443 0.0234375 0.05138888888888889
1 0.776953125 0.009722222222222222 0.01640625 0.016666666666666666
1 0.751953125 0.03611111111111111 0.01953125 0.043055555555555555
1 0.725390625 0.08055555555555556 0.01875 0.03611111111111111
1 0.694921875 0.05486111111111111 0.03046875 0.0375
1 0.6578125 0.0125 0.0203125 0.022222222222222223
1 0.7578125 0.09236111111111112 0.0125 0.025
1 0.79765625 0.10416666666666667 0.0203125 0.03333333333333333
1 0.82265625 0.09166666666666666 0.0421875 0.08055555555555556
1 0.873046875 0.06041666666666667 0.01640625 0.027777777777777776
1 0.892578125 0.12708333333333333 0.0125 0.025
1 0.915234375 0.12916666666666668 0.0109375 0.022222222222222223
1 0.944921875 0.1423611111111111 0.01328125 0.03888888888888889
1 0.87734375 0.2076388888888889 0.0140625 0.05
1 0.926953125 0.2263888888888889 0.0203125 0.02361111111111111
1 0.915234375 0.2534722222222222 0.01640625 0.034722222222222224
1 0.8046875 0.15416666666666667 0.01328125 0.027777777777777776
1 0.7765625 0.19444444444444445 0.01640625 0.029166666666666667
1 0.783984375 0.2326388888888889 0.01953125 0.03194444444444444
1 0.7953125 0.2659722222222222 0.0265625 0.04861111111111111
1 0.82734375 0.2590277777777778 0.015625 0.022222222222222223
1 0.7 0.18958333333333333 0.0390625 0.06388888888888888
1 0.66875 0.20208333333333334 0.02109375 0.05555555555555555
1 0.690625 0.10486111111111111 0.01796875 0.019444444444444445
1 0.65625 0.36736111111111114 0.02109375 0.03333333333333333
1 0.6796875 0.23958333333333334 0.0171875 0.019444444444444445
1 0.7015625 0.25833333333333336 0.01875 0.034722222222222224
1 0.727734375 0.26805555555555555 0.01953125 0.03194444444444444
1 0.698046875 0.3034722222222222 0.0328125 0.04583333333333333
1 0.66640625 0.29444444444444445 0.02421875 0.04027777777777778
1 0.616796875 0.30069444444444443 0.02265625 0.034722222222222224
1 0.6015625 0.33125 0.0140625 0.016666666666666666
1 0.73125 0.32222222222222224 0.025 0.03611111111111111
1 0.7609375 0.32222222222222224 0.00859375 0.015277777777777777
1 0.76953125 0.3527777777777778 0.01171875 0.018055555555555554
1 0.80703125 0.33194444444444443 0.02265625 0.034722222222222224
1 0.8296875 0.3416666666666667 0.009375 0.027777777777777776
1 0.98515625 0.28055555555555556 0.02890625 0.03611111111111111
1 0.936328125 0.3104166666666667 0.01328125 0.029166666666666667
1 0.950390625 0.3236111111111111 0.00859375 0.013888888888888888
1 0.973828125 0.33055555555555555 0.0296875 0.03611111111111111
1 0.980859375 0.36666666666666664 0.0375 0.05416666666666667
1 0.86875 0.38333333333333336 0.02109375 0.027777777777777776
1 0.627734375 0.5680555555555555 0.00859375 0.018055555555555554
1 0.624609375 0.6 0.01640625 0.03194444444444444
1 0.673828125 0.5215277777777778 0.0484375 0.10277777777777777
1 0.75546875 0.8354166666666667 0.02421875 0.03194444444444444
1 0.750390625 0.8791666666666667 0.02578125 0.041666666666666664
1 0.728125 0.8375 0.01328125 0.029166666666666667
1 0.706640625 0.8159722222222222 0.01328125 0.027777777777777776
1 0.838671875 0.8840277777777777 0.059375 0.05
1 0.8078125 0.9138888888888889 0.034375 0.06805555555555555
1 0.848828125 0.9513888888888888 0.05703125 0.09444444444444444
1 0.87578125 0.9263888888888889 0.02578125 0.03611111111111111
1 0.880078125 0.9680555555555556 0.03203125 0.04027777777777778
1 0.963671875 0.9708333333333333 0.05859375 0.05555555555555555
1 0.68828125 0.8993055555555556 0.01484375 0.030555555555555555
1 0.729296875 0.9680555555555556 0.028125 0.04861111111111111
1 0.7625 0.9118055555555555 0.0109375 0.018055555555555554
1 0.682421875 0.9798611111111111 0.03203125 0.03611111111111111
1 0.6046875 0.9027777777777778 0.0125 0.05138888888888889
1 0.6453125 0.9152777777777777 0.00859375 0.020833333333333332
1 0.6421875 0.9604166666666667 0.00546875 0.0125
1 0.625390625 0.9708333333333333 0.00703125 0.013888888888888888
1 0.58359375 0.8916666666666667 0.0125 0.029166666666666667
1 0.55625 0.9451388888888889 0.040625 0.10972222222222222
1 0.517578125 0.9097222222222222 0.00859375 0.020833333333333332
1 0.539453125 0.9347222222222222 0.0078125 0.0125
1 0.47265625 0.9798611111111111 0.0109375 0.034722222222222224
1 0.440625 0.8444444444444444 0.01015625 0.022222222222222223
1 0.496875 0.8618055555555556 0.01875 0.044444444444444446
1 0.526953125 0.7180555555555556 0.0390625 0.03611111111111111
1 0.560546875 0.775 0.00859375 0.019444444444444445
1 0.58515625 0.7729166666666667 0.01171875 0.018055555555555554
1 0.633203125 0.7326388888888888 0.01171875 0.019444444444444445
1 0.55703125 0.6229166666666667 0.02109375 0.0375
1 0.583203125 0.5930555555555556 0.03125 0.044444444444444446
1 0.592578125 0.5402777777777777 0.0140625 0.029166666666666667
1 0.601171875 0.4875 0.0140625 0.03194444444444444
1 0.64453125 0.4479166666666667 0.01796875 0.029166666666666667
1 0.52578125 0.47152777777777777 0.0125 0.03194444444444444
1 0.44453125 0.5951388888888889 0.01953125 0.030555555555555555
1 0.409765625 0.5805555555555556 0.009375 0.016666666666666666
1 0.39375 0.6541666666666667 0.00859375 0.02361111111111111
1 0.4 0.7083333333333334 0.00859375 0.022222222222222223
1 0.398046875 0.7409722222222223 0.0078125 0.0125
1 0.57265625 0.37916666666666665 0.021875 0.05138888888888889
1 0.54921875 0.04375 0.06796875 0.0875
1 0.6078125 0.06527777777777778 0.03125 0.09861111111111111
1 0.584375 0.014583333333333334 0.009375 0.029166666666666667
1 0.39453125 0.029166666666666667 0.0453125 0.058333333333333334
1 0.410546875 0.1076388888888889 0.03046875 0.041666666666666664
1 0.413671875 0.17291666666666666 0.0125 0.030555555555555555
1 0.419140625 0.26319444444444445 0.0140625 0.03888888888888889
1 0.5015625 0.26875 0.0140625 0.025
1 0.547265625 0.18055555555555555 0.0171875 0.03611111111111111
1 0.265234375 0.15 0.01640625 0.02361111111111111
1 0.200390625 0.058333333333333334 0.07109375 0.10416666666666667
1 0.16796875 0.18888888888888888 0.065625 0.08194444444444444
1 0.194921875 0.2923611111111111 0.01875 0.04027777777777778
1 0.121875 0.2548611111111111 0.01875 0.034722222222222224
1 0.11640625 0.2222222222222222 0.0078125 0.020833333333333332
1 0.097265625 0.29097222222222224 0.02578125 0.034722222222222224
1 0.271875 0.46111111111111114 0.0140625 0.022222222222222223
1 0.353515625 0.28680555555555554 0.0140625 0.029166666666666667
1 0.401171875 0.20555555555555555 0.0078125 0.0125
1 0.403515625 0.24722222222222223 0.0125 0.034722222222222224
1 0.560546875 0.23055555555555557 0.0171875 0.027777777777777776
1 0.601171875 0.23402777777777778 0.0140625 0.029166666666666667
1 0.531640625 0.3486111111111111 0.0109375 0.041666666666666664
1 0.356640625 0.41805555555555557 0.009375 0.02361111111111111
1 0.2578125 0.4375 0.0140625 0.015277777777777777
1 0.22578125 0.47708333333333336 0.015625 0.027777777777777776
1 0.18671875 0.42777777777777776 0.0140625 0.025
1 0.24140625 0.5590277777777778 0.05 0.09583333333333334
1 0.206640625 0.5645833333333333 0.021875 0.019444444444444445
1 0.187890625 0.6291666666666667 0.021875 0.04583333333333333
1 0.171484375 0.625 0.0140625 0.025
1 0.139453125 0.675 0.03125 0.08055555555555556
1 0.08203125 0.4701388888888889 0.01484375 0.025
1 0.0484375 0.4270833333333333 0.01015625 0.027777777777777776
1 0.06953125 0.4201388888888889 0.01015625 0.019444444444444445
1 0.116015625 0.3111111111111111 0.01015625 0.016666666666666666
1 0.0453125 0.6388888888888888 0.0125 0.02361111111111111
1 0.164453125 0.8513888888888889 0.015625 0.0375
1 0.268359375 0.8506944444444444 0.0125 0.019444444444444445
1 0.201953125 0.9569444444444445 0.01328125 0.022222222222222223
1 0.09453125 0.9881944444444445 0.028125 0.022222222222222223
1 0.10546875 0.9055555555555556 0.02109375 0.05416666666666667
1 0.031640625 0.7020833333333333 0.015625 0.030555555555555555
1 0.3609375 0.7909722222222222 0.0109375 0.018055555555555554
1 0.35703125 0.90625 0.0109375 0.027777777777777776
1 0.333203125 0.1625 0.01640625 0.019444444444444445
1 0.285546875 0.16458333333333333 0.009375 0.02361111111111111
1 0.328515625 0.08819444444444445 0.01015625 0.018055555555555554
1 0.32890625 0.0625 0.0078125 0.019444444444444445
1 0.349609375 0.10972222222222222 0.00625 0.019444444444444445
1 0.48046875 0.40902777777777777 0.0109375 0.016666666666666666
1 0.605859375 0.4111111111111111 0.01875 0.03194444444444444
1 0.5953125 0.43194444444444446 0.0125 0.013888888888888888
1 0.26640625 0.10972222222222222 0.0140625 0.027777777777777776
1 0.21328125 0.1951388888888889 0.01015625 0.019444444444444445