1 0.86640625 0.35208333333333336 0.01875 0.01875
1 0.92578125 0.32083333333333336 0.0328125 0.0375
1 0.94140625 0.25833333333333336 0.078125 0.09166666666666666
1 0.86484375 0.234375 0.0296875 0.041666666666666664
1 0.75859375 0.0625 0.0640625 0.07708333333333334
1 0.62734375 0.08229166666666667 0.040625 0.06875
1 0.29921875 0.08333333333333333 0.0390625 0.05
1 0.2625 0.090625 0.0296875 0.0625
1 0.66328125 0.384375 0.0453125 0.06041666666666667
1 0.4671875 0.215625 0.009375 0.010416666666666666
1 0.5328125 0.19166666666666668 0.06875 0.05625
1 0.3953125 0.22395833333333334 0.015625 0.05416666666666667
1 0.37265625 0.2791666666666667 0.025 0.035416666666666666
1 0.44140625 0.259375 0.05625 0.05625
1 0.48203125 0.2520833333333333 0.034375 0.04791666666666667
1 0.565625 0.2635416666666667 0.0484375 0.05625
1 0.53671875 0.3333333333333333 0.046875 0.04375
1 0.60390625 0.325 0.0671875 0.09375
1 0.88359375 0.41354166666666664 0.0265625 0.027083333333333334
1 0.85234375 0.41458333333333336 0.0296875 0.04375
1 0.9875 0.49166666666666664 0.0203125 0.029166666666666667
1 0.921875 0.49270833333333336 0.0484375 0.0625
1 0.78046875 0.6166666666666667 0.021875 0.03125
1 0.9 0.7666666666666667 0.0265625 0.027083333333333334
1 0.98984375 0.828125 0.0203125 0.03125
1 0.8453125 0.953125 0.0359375 0.04791666666666667
1 0.88515625 0.99375 0.0171875 0.0125
1 0.83046875 0.9875 0.0640625 0.025
1 0.91640625 0.9 0.0171875 0.027083333333333334
1 0.83125 0.7395833333333334 0.0703125 0.06875
1 0.49375 0.6229166666666667 0.0125 0.025
1 0.60859375 0.5854166666666667 0.0640625 0.08958333333333333
1 0.55078125 0.6645833333333333 0.078125 0.075
1 0.61953125 0.81875 0.0390625 0.03958333333333333
1 0.52890625 0.7885416666666667 0.0390625 0.0375
1 0.25234375 0.8697916666666666 0.0234375 0.01875
1 0.5390625 0.9739583333333334 0.028125 0.029166666666666667
1 0.5625 0.9104166666666667 0.075 0.07708333333333334
1 0.35703125 0.678125 0.0265625 0.03958333333333333
1 0.22734375 0.7875 0.0171875 0.029166666666666667
1 0.3171875 0.8854166666666666 0.0140625 0.029166666666666667
1 0.1046875 0.5822916666666667 0.01875 0.035416666666666666
1 0.0734375 0.46875 0.021875 0.01875
1 0.18046875 0.34375 0.0203125 0.027083333333333334
1 0.3046875 0.35208333333333336 0.025 0.025
1 0.38515625 0.375 0.015625 0.025
1 0.409375 0.46458333333333335 0.0296875 0.027083333333333334
1 0.4171875 0.4114583333333333 0.0609375 0.07083333333333333
1 0.84609375 0.1625 0.0140625 0.016666666666666666
1 0.67109375 0.22291666666666668 0.040625 0.05
1 0.67734375 0.178125 0.0140625 0.016666666666666666
1 0.12890625 0.940625 0.021875 0.025
1 0.43671875 0.9666666666666667 0.0203125 0.01875
1 0.875 0.5708333333333333 0.0171875 0.01875
1 0.9453125 0.6354166666666666 0.021875 0.020833333333333332
1 0.8515625 0.026041666666666668 0.0265625 0.03125
1 0.9015625 0.090625 0.0265625 0.03333333333333333
1 0.98046875 0.1375 0.0390625 0.027083333333333334
1 0.0484375 0.7041666666666667 0.0265625 0.058333333333333334
1 0.7375 0.6614583333333334 0.0328125 0.020833333333333332
0 0.728125 0.834375 0.115625 0.33125
0 0.78984375 0.7760416666666666 0.4203125 0.27291666666666664
0 0.77734375 0.5364583333333334 0.3359375 0.39166666666666666
0 0.790625 0.20625 0.2640625 0.3145833333333333