0 0.64453125 0.15833333333333333 0.10390625 0.31666666666666665
0 0.683203125 0.6451388888888889 0.2703125 0.25
0 0.70078125 0.8416666666666667 0.2390625 0.31666666666666665
0 0.676171875 0.9215277777777777 0.1640625 0.15694444444444444
0 0.108203125 0.9194444444444444 0.0921875 0.16111111111111112
0 0.1046875 0.6659722222222222 0.209375 0.1625
0 0.065234375 0.44375 0.13046875 0.18611111111111112
0 0.08046875 0.2513888888888889 0.1609375 0.20277777777777778
0 0.077734375 0.034027777777777775 0.15546875 0.06805555555555555
1 0.128125 0.10208333333333333 0.03046875 0.05138888888888889
1 0.150390625 0.14375 0.0203125 0.043055555555555555
1 0.119921875 0.32083333333333336 0.02890625 0.0625
1 0.066015625 0.3993055555555556 0.03046875 0.03611111111111111
1 0.094921875 0.4652777777777778 0.0203125 0.029166666666666667
1 0.170703125 0.55 0.0265625 0.03888888888888889
1 0.19296875 0.5770833333333333 0.021875 0.05416666666666667
1 0.198828125 0.6402777777777777 0.01328125 0.03611111111111111
1 0.13984375 0.5923611111111111 0.01015625 0.015277777777777777
1 0.242578125 0.7527777777777778 0.01796875 0.034722222222222224
1 0.048828125 0.8270833333333333 0.0359375 0.05416666666666667
1 0.126953125 0.9784722222222222 0.025 0.044444444444444446
1 0.411328125 0.9743055555555555 0.021875 0.05138888888888889
1 0.426171875 0.9326388888888889 0.01171875 0.013888888888888888
1 0.439453125 0.9881944444444445 0.0078125 0.02361111111111111
1 0.522265625 0.9763888888888889 0.05546875 0.04722222222222222
1 0.53828125 0.8923611111111112 0.02421875 0.044444444444444446
1 0.557421875 0.8944444444444445 0.01171875 0.02361111111111111
1 0.51796875 0.73125 0.04921875 0.06666666666666667
1 0.42890625 0.6861111111111111 0.0203125 0.03333333333333333
1 0.3875 0.5930555555555556 0.040625 0.09583333333333334
1 0.430078125 0.5798611111111112 0.015625 0.030555555555555555
1 0.459375 0.5277777777777778 0.0328125 0.06527777777777778
1 0.482421875 0.5 0.03046875 0.05416666666666667
1 0.445703125 0.47847222222222224 0.02265625 0.020833333333333332
1 0.51953125 0.5361111111111111 0.0171875 0.04027777777777778
1 0.531640625 0.5173611111111112 0.01484375 0.03888888888888889
1 0.593359375 0.4986111111111111 0.02109375 0.030555555555555555
1 0.661328125 0.5180555555555556 0.01640625 0.04722222222222222
1 0.44375 0.03125 0.03515625 0.0625
1 0.395703125 0.12708333333333333 0.02109375 0.029166666666666667
1 0.4015625 0.16319444444444445 0.01796875 0.03194444444444444
1 0.43828125 0.21458333333333332 0.02734375 0.058333333333333334
1 0.403125 0.30486111111111114 0.03125 0.059722222222222225
1 0.4140625 0.3416666666666667 0.01796875 0.025
1 0.43828125 0.31875 0.01953125 0.044444444444444446
1 0.473828125 0.32916666666666666 0.01875 0.043055555555555555
1 0.53828125 0.3138888888888889 0.01796875 0.0375
1 0.525390625 0.40555555555555556 0.01484375 0.03194444444444444
1 0.645703125 0.4270833333333333 0.0234375 0.04722222222222222
1 0.556640625 0.14930555555555555 0.0296875 0.03888888888888889
1 0.48359375 0.16527777777777777 0.01640625 0.030555555555555555
1 0.581640625 0.05138888888888889 0.02734375 0.03888888888888889
1 0.6828125 0.1527777777777778 0.0328125 0.10416666666666667
1 0.712890625 0.13541666666666666 0.009375 0.03333333333333333
1 0.794921875 0.2513888888888889 0.02734375 0.06805555555555555
1 0.81875 0.12569444444444444 0.02265625 0.04722222222222222
1 0.8484375 0.11458333333333333 0.025 0.04861111111111111
1 0.63671875 0.044444444444444446 0.015625 0.05277777777777778
1 0.759765625 0.49236111111111114 0.04140625 0.06527777777777778
1 0.79765625 0.42430555555555555 0.02578125 0.05555555555555555
1 0.794921875 0.7104166666666667 0.01484375 0.02638888888888889
1 0.8203125 0.7006944444444444 0.0203125 0.04583333333333333
1 0.715234375 0.7729166666666667 0.021875 0.0625
1 0.609765625 0.81875 0.0265625 0.03333333333333333
1 0.6484375 0.8166666666666667 0.01171875 0.029166666666666667
1 0.705859375 0.8652777777777778 0.02109375 0.043055555555555555
1 0.68515625 0.9319444444444445 0.01875 0.041666666666666664
1 0.716796875 0.9611111111111111 0.01796875 0.03333333333333333
1 0.794140625 0.9736111111111111 0.021875 0.04722222222222222
1 0.88359375 0.7680555555555556 0.01875 0.03333333333333333
1 0.932421875 0.75625 0.0234375 0.0375
1 0.941015625 0.7944444444444444 0.02109375 0.03888888888888889
1 0.943359375 0.6881944444444444 0.0109375 0.013888888888888888
1 0.95625 0.5951388888888889 0.02109375 0.029166666666666667
1 0.919921875 0.9868055555555556 0.02890625 0.02638888888888889
1 0.571484375 0.7104166666666667 0.01015625 0.011111111111111112
1 0.26875 0.4798611111111111 0.01328125 0.03333333333333333
1 0.739453125 0.007638888888888889 0.0125 0.015277777777777777
0 0.641015625 0.33125 0.25 0.11944444444444445