1 0.735546875 0.7555555555555555 0.02265625 0.04861111111111111
1 0.309765625 0.027083333333333334 0.04296875 0.04722222222222222
1 0.05078125 0.04097222222222222 0.0390625 0.06666666666666667
1 0.71015625 0.25625 0.059375 0.11388888888888889
1 0.833203125 0.5222222222222223 0.02578125 0.05277777777777778
1 0.79765625 0.6333333333333333 0.0328125 0.06805555555555555
1 0.75859375 0.9708333333333333 0.0328125 0.05
1 0.937109375 0.9513888888888888 0.08515625 0.09027777777777778
1 0.871484375 0.7840277777777778 0.0359375 0.05555555555555555
1 0.97578125 0.7638888888888888 0.02265625 0.0625
1 0.984765625 0.5854166666666667 0.02578125 0.08194444444444444
1 0.973046875 0.49027777777777776 0.02421875 0.029166666666666667
1 0.88671875 0.21805555555555556 0.02421875 0.03333333333333333
1 0.903125 0.03819444444444445 0.06484375 0.07361111111111111
1 0.520703125 0.2659722222222222 0.078125 0.11527777777777778
1 0.24296875 0.3576388888888889 0.03984375 0.08055555555555556
1 0.101171875 0.23472222222222222 0.02421875 0.06805555555555555
1 0.21484375 0.02361111111111111 0.040625 0.0375
1 0.216015625 0.6840277777777778 0.040625 0.04583333333333333
1 0.27890625 0.6958333333333333 0.0265625 0.059722222222222225
1 0.05 0.21875 0.02734375 0.03333333333333333
1 0.033203125 0.3597222222222222 0.03046875 0.04861111111111111
1 0.08828125 0.5402777777777777 0.03046875 0.06111111111111111
1 0.1328125 0.6368055555555555 0.04453125 0.05694444444444444
0 0.7125 0.20347222222222222 0.16796875 0.40694444444444444
0 0.730078125 0.5618055555555556 0.18359375 0.4777777777777778
1 0.1046875 0.8840277777777777 0.03671875 0.07083333333333333
1 0.266796875 0.8722222222222222 0.021875 0.05555555555555555
1 0.301171875 0.9180555555555555 0.0265625 0.05694444444444444
1 0.3890625 0.8291666666666667 0.03984375 0.06805555555555555
1 0.2515625 0.7520833333333333 0.03125 0.03888888888888889
0 0.6953125 0.7861111111111111 0.203125 0.425
1 0.269140625 0.27847222222222223 0.04453125 0.07222222222222222
1 0.6140625 0.9444444444444444 0.03046875 0.059722222222222225
1 0.765625 0.5666666666666667 0.01796875 0.029166666666666667
0 0.163671875 0.9201388888888888 0.2234375 0.1597222222222222
0 0.16015625 0.7791666666666667 0.09140625 0.24305555555555555
0 0.183984375 0.5055555555555555 0.21875 0.32916666666666666
1 0.328125 0.28680555555555554 0.07421875 0.14444444444444443
0 0.18671875 0.24375 0.115625 0.4861111111111111