1 0.88515625 0.31666666666666665 0.0171875 0.034722222222222224
1 0.530078125 0.8631944444444445 0.015625 0.03333333333333333
1 0.576171875 0.9402777777777778 0.01328125 0.02361111111111111
1 0.593359375 0.90625 0.01875 0.029166666666666667
1 0.597265625 0.8125 0.02265625 0.04027777777777778
1 0.63515625 0.7625 0.02578125 0.05277777777777778
1 0.651171875 0.6729166666666667 0.040625 0.1
1 0.675390625 0.6354166666666666 0.03046875 0.06388888888888888
1 0.696484375 0.7930555555555555 0.04765625 0.075
1 0.681640625 0.8798611111111111 0.0203125 0.029166666666666667
1 0.706640625 0.8597222222222223 0.01875 0.03194444444444444
1 0.725 0.8458333333333333 0.015625 0.03333333333333333
1 0.705078125 0.9715277777777778 0.021875 0.04861111111111111
1 0.759765625 0.9083333333333333 0.0125 0.019444444444444445
1 0.763671875 0.9326388888888889 0.02109375 0.027777777777777776
1 0.716796875 0.7104166666666667 0.04375 0.075
1 0.746875 0.7597222222222222 0.02265625 0.03888888888888889
1 0.756640625 0.7194444444444444 0.03515625 0.0625
1 0.804296875 0.7215277777777778 0.02265625 0.034722222222222224
1 0.79375 0.775 0.015625 0.02638888888888889
1 0.741796875 0.6131944444444445 0.025 0.04027777777777778
1 0.7625 0.6381944444444444 0.0125 0.025
1 0.785546875 0.6493055555555556 0.01875 0.02638888888888889
1 0.703125 0.5020833333333333 0.0234375 0.041666666666666664
1 0.833203125 0.5458333333333333 0.01875 0.027777777777777776
1 0.865234375 0.5826388888888889 0.01796875 0.02361111111111111
1 0.911328125 0.5527777777777778 0.03984375 0.09305555555555556
1 0.951171875 0.5916666666666667 0.02890625 0.041666666666666664
1 0.98125 0.525 0.0375 0.13055555555555556
1 0.947265625 0.4826388888888889 0.0171875 0.029166666666666667
1 0.845703125 0.5055555555555555 0.0203125 0.06527777777777778
1 0.8734375 0.4840277777777778 0.04296875 0.044444444444444446
1 0.86171875 0.4340277777777778 0.0359375 0.04722222222222222
1 0.925390625 0.3861111111111111 0.0203125 0.04027777777777778
1 0.930859375 0.4263888888888889 0.0203125 0.02361111111111111
1 0.845703125 0.2798611111111111 0.046875 0.13333333333333333
1 0.7765625 0.3215277777777778 0.0359375 0.04027777777777778
1 0.784375 0.3680555555555556 0.02578125 0.05277777777777778
1 0.748046875 0.23055555555555557 0.028125 0.05694444444444444
1 0.6171875 0.011111111111111112 0.0234375 0.022222222222222223
1 0.623046875 0.03680555555555556 0.015625 0.02638888888888889
1 0.60234375 0.15486111111111112 0.01171875 0.015277777777777777
1 0.665625 0.09583333333333334 0.02265625 0.02638888888888889
1 0.6515625 0.1361111111111111 0.01015625 0.015277777777777777
1 0.8859375 0.1361111111111111 0.03125 0.04027777777777778
1 0.8625 0.17777777777777778 0.01328125 0.02361111111111111
1 0.9890625 0.22361111111111112 0.021875 0.034722222222222224
1 0.90546875 0.2916666666666667 0.0265625 0.06805555555555555
1 0.993359375 0.4326388888888889 0.01328125 0.03611111111111111
1 0.872265625 0.07222222222222222 0.01875 0.034722222222222224
1 0.930859375 0.04513888888888889 0.02578125 0.03333333333333333
1 0.7140625 0.01597222222222222 0.009375 0.016666666666666666
1 0.946484375 0.8298611111111112 0.0390625 0.05
1 0.9859375 0.8284722222222223 0.028125 0.06111111111111111
1 0.85625 0.7944444444444444 0.01171875 0.019444444444444445
1 0.90234375 0.80625 0.015625 0.015277777777777777
1 0.858984375 0.8743055555555556 0.0109375 0.015277777777777777
1 0.934375 0.9951388888888889 0.01875 0.009722222222222222
1 0.972265625 0.8944444444444445 0.0125 0.022222222222222223
1 0.802734375 0.4722222222222222 0.0125 0.02638888888888889
1 0.619140625 0.3194444444444444 0.009375 0.016666666666666666
1 0.67890625 0.98125 0.009375 0.020833333333333332
0 0.119921875 0.14583333333333334 0.23984375 0.18333333333333332
0 0.09296875 0.29583333333333334 0.1859375 0.35833333333333334
1 0.032421875 0.8979166666666667 0.0140625 0.041666666666666664
1 0.425390625 0.008333333333333333 0.021875 0.016666666666666666
1 0.3953125 0.006944444444444444 0.02734375 0.013888888888888888
1 0.016015625 0.0875 0.00859375 0.009722222222222222
1 0.128515625 0.06458333333333334 0.01953125 0.03888888888888889
1 0.17109375 0.7930555555555555 0.0296875 0.04583333333333333
1 0.226171875 0.7340277777777777 0.02578125 0.043055555555555555
1 0.2703125 0.9055555555555556 0.01953125 0.0375
1 0.24921875 0.9541666666666667 0.05 0.09166666666666666
1 0.2015625 0.9159722222222222 0.02421875 0.043055555555555555
1 0.13828125 0.9493055555555555 0.0234375 0.04027777777777778
1 0.150390625 0.8576388888888888 0.015625 0.04722222222222222
1 0.117578125 0.8125 0.0078125 0.0125
1 0.383984375 0.4027777777777778 0.00546875 0.011111111111111112
1 0.26796875 0.6284722222222222 0.0734375 0.09305555555555556
1 0.38828125 0.5076388888888889 0.02578125 0.03333333333333333
1 0.43203125 0.5319444444444444 0.02109375 0.041666666666666664
1 0.4890625 0.5347222222222222 0.0265625 0.058333333333333334
1 0.4625 0.5875 0.0203125 0.058333333333333334
1 0.480859375 0.5743055555555555 0.015625 0.029166666666666667
1 0.426953125 0.4625 0.01875 0.025
1 0.4578125 0.42986111111111114 0.015625 0.025
1 0.475 0.3958333333333333 0.025 0.06388888888888888
1 0.440625 0.36944444444444446 0.02890625 0.09583333333333334
1 0.423828125 0.27361111111111114 0.03515625 0.08333333333333333
1 0.399609375 0.28680555555555554 0.01640625 0.02361111111111111
1 0.32109375 0.2875 0.01953125 0.03611111111111111
1 0.3390625 0.27847222222222223 0.0125 0.029166666666666667
1 0.259375 0.24513888888888888 0.04609375 0.09722222222222222
1 0.20546875 0.15902777777777777 0.0203125 0.03888888888888889
1 0.15390625 0.20069444444444445 0.01328125 0.03194444444444444
1 0.096875 0.3090277777777778 0.0140625 0.034722222222222224
1 0.222265625 0.33541666666666664 0.01875 0.030555555555555555
1 0.230078125 0.3951388888888889 0.02109375 0.03333333333333333
1 0.223828125 0.4423611111111111 0.015625 0.034722222222222224
1 0.323046875 0.3736111111111111 0.015625 0.029166666666666667
1 0.336328125 0.3951388888888889 0.01171875 0.025
1 0.365234375 0.39791666666666664 0.01328125 0.02638888888888889
1 0.319921875 0.4236111111111111 0.021875 0.05138888888888889
1 0.103515625 0.5916666666666667 0.0125 0.02361111111111111
1 0.119921875 0.5777777777777777 0.009375 0.015277777777777777
1 0.091015625 0.7916666666666666 0.01328125 0.029166666666666667
1 0.106640625 0.7902777777777777 0.01171875 0.019444444444444445
0 0.1328125 0.04097222222222222 0.06015625 0.08194444444444444
0 0.11796875 0.5708333333333333 0.19296875 0.4708333333333333
0 0.090625 0.7965277777777777 0.1796875 0.40694444444444444
0 0.128515625 0.9388888888888889 0.13046875 0.12222222222222222
0 0.615625 0.8770833333333333 0.0421875 0.24583333333333332
0 0.640625 0.7965277777777777 0.18359375 0.40694444444444444
0 0.63515625 0.6416666666666667 0.190625 0.3263888888888889
0 0.580078125 0.10138888888888889 0.2359375 0.18055555555555555
1 0.476953125 0.027083333333333334 0.03046875 0.05416666666666667
1 0.434375 0.07222222222222222 0.015625 0.03888888888888889
1 0.403515625 0.18680555555555556 0.03046875 0.04861111111111111
1 0.4234375 0.12638888888888888 0.02734375 0.05
1 0.45390625 0.13055555555555556 0.02109375 0.0375
1 0.47734375 0.08958333333333333 0.0109375 0.025
1 0.57421875 0.1486111111111111 0.0171875 0.03333333333333333
1 0.471484375 0.20902777777777778 0.0125 0.02638888888888889
1 0.469921875 0.32430555555555557 0.0234375 0.058333333333333334
1 0.507421875 0.3104166666666667 0.0484375 0.09722222222222222
1 0.541796875 0.36041666666666666 0.01875 0.027777777777777776
1 0.580078125 0.3576388888888889 0.0265625 0.05416666666666667
1 0.575390625 0.2951388888888889 0.01328125 0.03333333333333333
1 0.55 0.25 0.01171875 0.022222222222222223
1 0.602734375 0.25625 0.021875 0.03611111111111111
1 0.603515625 0.3277777777777778 0.015625 0.018055555555555554
1 0.66171875 0.26875 0.059375 0.10694444444444444
1 0.653125 0.3402777777777778 0.02578125 0.05277777777777778
1 0.67265625 0.37569444444444444 0.01875 0.05555555555555555
1 0.6953125 0.34930555555555554 0.01640625 0.03888888888888889
1 0.541796875 0.4326388888888889 0.025 0.059722222222222225
1 0.5546875 0.4777777777777778 0.01875 0.043055555555555555
1 0.577734375 0.44305555555555554 0.0171875 0.0375
1 0.58984375 0.46805555555555556 0.01484375 0.05138888888888889
1 0.628125 0.49930555555555556 0.01171875 0.018055555555555554
1 0.62109375 0.6263888888888889 0.0265625 0.06388888888888888
1 0.571484375 0.5972222222222222 0.0125 0.025
1 0.574609375 0.6222222222222222 0.01015625 0.015277777777777777
1 0.466796875 0.6888888888888889 0.03828125 0.08611111111111111
1 0.513671875 0.75625 0.0234375 0.08888888888888889
1 0.538671875 0.7395833333333334 0.02578125 0.07361111111111111
1 0.56171875 0.8236111111111111 0.0265625 0.05694444444444444
1 0.475390625 0.8409722222222222 0.025 0.05694444444444444
1 0.44609375 0.8423611111111111 0.0171875 0.02638888888888889
1 0.42421875 0.8486111111111111 0.015625 0.03194444444444444
1 0.387890625 0.9638888888888889 0.01640625 0.04583333333333333
1 0.359375 0.9916666666666667 0.0140625 0.016666666666666666
1 0.438671875 0.9458333333333333 0.0390625 0.06388888888888888
1 0.512890625 0.8909722222222223 0.0203125 0.029166666666666667
1 0.498046875 0.93125 0.03125 0.05
1 0.54453125 0.9569444444444445 0.02109375 0.03888888888888889