0 0.109765625 0.725 0.21953125 0.2
1 0.286328125 0.6465277777777778 0.01796875 0.041666666666666664
1 0.32578125 0.6965277777777777 0.015625 0.034722222222222224
1 0.4140625 0.6527777777777778 0.02265625 0.03611111111111111
1 0.458984375 0.6041666666666666 0.0203125 0.034722222222222224
1 0.434765625 0.59375 0.0203125 0.05277777777777778
1 0.518359375 0.7451388888888889 0.0265625 0.029166666666666667
1 0.487109375 0.73125 0.0265625 0.03194444444444444
1 0.553515625 0.7125 0.0328125 0.0875
1 0.574609375 0.6430555555555556 0.0140625 0.025
1 0.558203125 0.6034722222222222 0.01796875 0.03333333333333333
1 0.683203125 0.6222222222222222 0.02109375 0.027777777777777776
1 0.74765625 0.5986111111111111 0.03203125 0.059722222222222225
1 0.85625 0.7819444444444444 0.0171875 0.03888888888888889
1 0.798046875 0.9388888888888889 0.0375 0.05694444444444444
1 0.484375 0.4625 0.0375 0.07361111111111111
1 0.592578125 0.2673611111111111 0.02421875 0.041666666666666664
1 0.60546875 0.3451388888888889 0.01484375 0.02361111111111111
1 0.598046875 0.3888888888888889 0.01484375 0.022222222222222223
1 0.71640625 0.08125 0.075 0.15833333333333333
1 0.803125 0.0798611111111111 0.0234375 0.04027777777777778
1 0.818359375 0.03125 0.02265625 0.05138888888888889
1 0.545703125 0.125 0.028125 0.0375
1 0.459765625 0.15416666666666667 0.021875 0.05
1 0.442578125 0.006944444444444444 0.015625 0.013888888888888888
1 0.746875 0.25625 0.0078125 0.018055555555555554
1 0.781640625 0.22916666666666666 0.0265625 0.059722222222222225
1 0.765234375 0.2881944444444444 0.03203125 0.05416666666666667
1 0.706640625 0.25833333333333336 0.01328125 0.011111111111111112
1 0.85546875 0.22361111111111112 0.01953125 0.03888888888888889
1 0.93359375 0.42916666666666664 0.0265625 0.025
1 0.715234375 0.4625 0.0203125 0.03611111111111111
1 0.76875 0.4326388888888889 0.01484375 0.016666666666666666
1 0.763671875 0.5479166666666667 0.0171875 0.03333333333333333
1 0.769140625 0.5784722222222223 0.01328125 0.02361111111111111
1 0.7828125 0.59375 0.01171875 0.03194444444444444
1 0.616015625 0.5131944444444444 0.0203125 0.0375
1 0.83984375 0.6180555555555556 0.01875 0.04027777777777778
1 0.909375 0.6708333333333333 0.02109375 0.0375
1 0.968359375 0.9173611111111111 0.01328125 0.018055555555555554
1 0.994921875 0.9805555555555555 0.01015625 0.03888888888888889
1 0.883203125 0.8645833333333334 0.009375 0.0125
1 0.998046875 0.8256944444444444 0.00390625 0.020833333333333332
1 0.1890625 0.07083333333333333 0.00546875 0.011111111111111112
1 0.76640625 0.90625 0.00625 0.0125
1 0.40625 0.4173611111111111 0.0140625 0.013888888888888888
0 0.681640625 0.9013888888888889 0.20546875 0.19722222222222222
0 0.626953125 0.6576388888888889 0.15859375 0.49027777777777776
0 0.633984375 0.4125 0.24140625 0.1486111111111111
0 0.65390625 0.17777777777777778 0.24296875 0.2833333333333333
0 0.61484375 0.05 0.1703125 0.1
0 0.11953125 0.8833333333333333 0.1125 0.23333333333333334
1 0.196484375 0.48819444444444443 0.015625 0.025
1 0.312890625 0.45555555555555555 0.01640625 0.025
1 0.418359375 0.31180555555555556 0.0140625 0.025
1 0.371484375 0.3402777777777778 0.01953125 0.020833333333333332
1 0.503125 0.37916666666666665 0.03046875 0.04722222222222222
1 0.52265625 0.4388888888888889 0.02109375 0.05416666666666667
1 0.507421875 0.48125 0.0109375 0.03333333333333333
1 0.237109375 0.33194444444444443 0.02734375 0.04583333333333333
1 0.289453125 0.25763888888888886 0.01796875 0.03194444444444444
1 0.183203125 0.17916666666666667 0.0203125 0.06527777777777778
1 0.095703125 0.09930555555555555 0.01953125 0.03333333333333333
1 0.101953125 0.029166666666666667 0.0140625 0.022222222222222223
1 0.05078125 0.004166666666666667 0.01171875 0.008333333333333333
1 0.075 0.4895833333333333 0.015625 0.029166666666666667
1 0.059375 0.6333333333333333 0.0328125 0.07361111111111111
1 0.06875 0.5659722222222222 0.01484375 0.02638888888888889
1 0.11328125 0.6708333333333333 0.0140625 0.011111111111111112
1 0.332421875 0.8208333333333333 0.01328125 0.025
1 0.41484375 0.9229166666666667 0.0140625 0.027777777777777776
1 0.479296875 0.8368055555555556 0.01484375 0.027777777777777776
1 0.54296875 0.9715277777777778 0.015625 0.03333333333333333
1 0.63125 0.7701388888888889 0.0265625 0.034722222222222224
1 0.6484375 0.8166666666666667 0.01640625 0.03333333333333333
1 0.673046875 0.7958333333333333 0.0234375 0.058333333333333334
1 0.684375 0.9125 0.0078125 0.011111111111111112
1 0.74140625 0.9722222222222222 0.01875 0.0125
0 0.111328125 0.11180555555555556 0.08046875 0.22361111111111112
0 0.08671875 0.46875 0.1578125 0.4625