1 0.971875 0.9868055555555556 0.0171875 0.02638888888888889
1 0.96796875 0.9680555555555556 0.01484375 0.022222222222222223
1 0.9703125 0.9118055555555555 0.0171875 0.03194444444444444
1 0.9640625 0.8770833333333333 0.01484375 0.02638888888888889
1 0.93671875 0.8854166666666666 0.02421875 0.044444444444444446
1 0.95390625 0.8381944444444445 0.0296875 0.058333333333333334
1 0.924609375 0.7965277777777777 0.0203125 0.03194444444444444
1 0.844140625 0.725 0.02109375 0.04027777777777778
1 0.877734375 0.7319444444444444 0.01796875 0.03194444444444444
1 0.90234375 0.7305555555555555 0.0234375 0.03888888888888889
1 0.95078125 0.7493055555555556 0.01796875 0.03333333333333333
1 0.97734375 0.7451388888888889 0.0265625 0.05138888888888889
1 0.98515625 0.6875 0.0296875 0.07777777777777778
1 0.869140625 0.6166666666666667 0.02421875 0.04722222222222222
1 0.96953125 0.6041666666666666 0.04140625 0.06388888888888888
1 0.965625 0.4465277777777778 0.01875 0.02361111111111111
1 0.975 0.5173611111111112 0.028125 0.04722222222222222
1 0.9328125 0.5402777777777777 0.025 0.03611111111111111
1 0.92734375 0.5083333333333333 0.02421875 0.0375
1 0.883203125 0.48819444444444443 0.03046875 0.05416666666666667
1 0.926171875 0.4152777777777778 0.03125 0.06666666666666667
1 0.98359375 0.37777777777777777 0.0328125 0.10138888888888889
1 0.955078125 0.33194444444444443 0.02265625 0.041666666666666664
1 0.9890625 0.26458333333333334 0.021875 0.06527777777777778
1 0.961328125 0.011805555555555555 0.025 0.02361111111111111
1 0.983984375 0.04722222222222222 0.0203125 0.03611111111111111
1 0.883203125 0.28125 0.02734375 0.04722222222222222
1 0.408984375 0.009027777777777777 0.021875 0.018055555555555554
1 0.43203125 0.10277777777777777 0.01875 0.041666666666666664
1 0.478515625 0.15555555555555556 0.02421875 0.043055555555555555
1 0.521484375 0.1284722222222222 0.01640625 0.03194444444444444
1 0.533203125 0.14930555555555555 0.040625 0.03611111111111111
1 0.55078125 0.12083333333333333 0.01875 0.06944444444444445
1 0.5515625 0.06875 0.0171875 0.03888888888888889
1 0.526953125 0.07152777777777777 0.025 0.041666666666666664
1 0.54609375 0.034722222222222224 0.02265625 0.03611111111111111
1 0.638671875 0.09236111111111112 0.01796875 0.034722222222222224
1 0.7046875 0.011805555555555555 0.021875 0.02361111111111111
1 0.68515625 0.06527777777777778 0.03125 0.05277777777777778
1 0.809765625 0.029166666666666667 0.11015625 0.058333333333333334
1 0.8265625 0.13333333333333333 0.02734375 0.0625
1 0.794140625 0.09930555555555555 0.02109375 0.05138888888888889
1 0.7578125 0.15 0.01875 0.03611111111111111
1 0.77109375 0.12569444444444444 0.021875 0.03611111111111111
1 0.784765625 0.16458333333333333 0.01796875 0.044444444444444446
1 0.80859375 0.19444444444444445 0.0125 0.02361111111111111
1 0.819921875 0.26458333333333334 0.01875 0.03333333333333333
1 0.81953125 0.4236111111111111 0.0703125 0.12083333333333333
1 0.78046875 0.40694444444444444 0.02578125 0.04583333333333333
1 0.70546875 0.2986111111111111 0.04140625 0.08055555555555556
1 0.690234375 0.2465277777777778 0.02734375 0.05138888888888889
1 0.665234375 0.29375 0.02421875 0.043055555555555555
1 0.721484375 0.35555555555555557 0.015625 0.03194444444444444
1 0.772265625 0.5180555555555556 0.04140625 0.08333333333333333
1 0.72265625 0.6409722222222223 0.0203125 0.044444444444444446
1 0.666015625 0.6034722222222222 0.0421875 0.0763888888888889
1 0.735546875 0.5763888888888888 0.01953125 0.03611111111111111
1 0.700390625 0.5743055555555555 0.01484375 0.04027777777777778
1 0.680859375 0.5291666666666667 0.01875 0.034722222222222224
1 0.71484375 0.4638888888888889 0.0515625 0.10138888888888889
1 0.68203125 0.4895833333333333 0.01875 0.03611111111111111
1 0.65546875 0.3472222222222222 0.0546875 0.03888888888888889
1 0.623046875 0.33958333333333335 0.02578125 0.03888888888888889
1 0.615234375 0.22013888888888888 0.034375 0.07083333333333333
1 0.570703125 0.28958333333333336 0.021875 0.044444444444444446
1 0.5 0.20208333333333334 0.03828125 0.06944444444444445
1 0.483203125 0.225 0.025 0.04861111111111111
1 0.53203125 0.2326388888888889 0.03671875 0.12361111111111112
1 0.51875 0.2902777777777778 0.046875 0.06388888888888888
1 0.48671875 0.45 0.02421875 0.02638888888888889
1 0.527734375 0.47152777777777777 0.0265625 0.043055555555555555
1 0.591015625 0.4166666666666667 0.03984375 0.06666666666666667
1 0.636328125 0.4673611111111111 0.053125 0.06527777777777778
1 0.6015625 0.6979166666666666 0.03515625 0.07916666666666666
1 0.463671875 0.8729166666666667 0.0203125 0.041666666666666664
1 0.636328125 0.9013888888888889 0.065625 0.06111111111111111
1 0.6203125 0.8513888888888889 0.05 0.06944444444444445
1 0.59140625 0.9722222222222222 0.0296875 0.05555555555555555
1 0.530859375 0.9791666666666666 0.05859375 0.041666666666666664
1 0.54140625 0.9277777777777778 0.0359375 0.08611111111111111
1 0.53125 0.8444444444444444 0.025 0.06944444444444445
1 0.500390625 0.81875 0.01328125 0.03888888888888889
1 0.526953125 0.7666666666666667 0.03828125 0.05694444444444444
1 0.397265625 0.7277777777777777 0.02421875 0.05555555555555555
1 0.437109375 0.7263888888888889 0.03515625 0.04027777777777778
1 0.505078125 0.6027777777777777 0.025 0.03194444444444444
1 0.503125 0.5375 0.02890625 0.04861111111111111
1 0.428125 0.5930555555555556 0.01875 0.034722222222222224
1 0.441796875 0.5625 0.02890625 0.05277777777777778
1 0.44453125 0.4888888888888889 0.03203125 0.06111111111111111
1 0.41875 0.29097222222222224 0.0171875 0.03194444444444444
1 0.38671875 0.4152777777777778 0.0296875 0.04027777777777778
1 0.330859375 0.4131944444444444 0.01875 0.043055555555555555
1 0.29296875 0.3368055555555556 0.021875 0.03333333333333333
1 0.298828125 0.24375 0.02890625 0.04861111111111111
1 0.115234375 0.16666666666666666 0.025 0.04027777777777778
1 0.243359375 0.18333333333333332 0.01875 0.043055555555555555
1 0.1796875 0.10486111111111111 0.01328125 0.027777777777777776
1 0.153125 0.16875 0.05390625 0.05555555555555555
1 0.119921875 0.2013888888888889 0.0171875 0.0375
1 0.121875 0.2548611111111111 0.05546875 0.05138888888888889
1 0.161328125 0.24583333333333332 0.0359375 0.0375
1 0.199609375 0.22847222222222222 0.04765625 0.0625
1 0.23125 0.3576388888888889 0.040625 0.06388888888888888
1 0.8640625 0.9340277777777778 0.02890625 0.05555555555555555
1 0.241796875 0.4576388888888889 0.01796875 0.044444444444444446
1 0.012109375 0.5305555555555556 0.02421875 0.07777777777777778
1 0.025390625 0.56875 0.02734375 0.06805555555555555
1 0.080078125 0.6222222222222222 0.04296875 0.07777777777777778
1 0.101953125 0.60625 0.02109375 0.04861111111111111
1 0.093359375 0.5590277777777778 0.02734375 0.05277777777777778
1 0.16796875 0.6152777777777778 0.021875 0.030555555555555555
1 0.106640625 0.5097222222222222 0.01875 0.03194444444444444
1 0.130859375 0.54375 0.015625 0.030555555555555555
1 0.139453125 0.49583333333333335 0.0203125 0.04027777777777778
1 0.15703125 0.5236111111111111 0.01875 0.0375
1 0.24296875 0.5444444444444444 0.02734375 0.03333333333333333
1 0.286328125 0.6166666666666667 0.04296875 0.06666666666666667
1 0.26875 0.7104166666666667 0.028125 0.04722222222222222
1 0.138671875 0.3104166666666667 0.0265625 0.05694444444444444
1 0.235546875 0.6430555555555556 0.021875 0.0375
1 0.219921875 0.6916666666666667 0.015625 0.025
1 0.150390625 0.7847222222222222 0.03671875 0.06527777777777778
1 0.13046875 0.8902777777777777 0.06171875 0.11944444444444445
1 0.1375 0.9652777777777778 0.04140625 0.030555555555555555
1 0.21328125 0.9819444444444444 0.0484375 0.03611111111111111
1 0.25859375 0.9805555555555555 0.03671875 0.03888888888888889
1 0.15 0.4284722222222222 0.02578125 0.05555555555555555
1 0.364453125 0.9743055555555555 0.01484375 0.02638888888888889
1 0.3453125 0.9868055555555556 0.03515625 0.02638888888888889
1 0.318359375 0.99375 0.01484375 0.0125
1 0.262109375 0.6631944444444444 0.0515625 0.0763888888888889
1 0.304296875 0.9541666666666667 0.01953125 0.029166666666666667
1 0.346484375 0.8791666666666667 0.015625 0.027777777777777776
1 0.32109375 0.9722222222222222 0.025 0.02638888888888889
1 0.377734375 0.5194444444444445 0.0484375 0.08611111111111111
1 0.991015625 0.9833333333333333 0.01796875 0.03333333333333333
1 0.769140625 0.8833333333333333 0.02578125 0.05555555555555555
1 0.690625 0.8388888888888889 0.02109375 0.041666666666666664
0 0.07734375 0.04791666666666667 0.046875 0.09583333333333334
0 0.584375 0.15902777777777777 0.15703125 0.31805555555555554
0 0.5875 0.38125 0.25 0.18333333333333332
0 0.540234375 0.6381944444444444 0.2046875 0.2361111111111111
0 0.600390625 0.8520833333333333 0.25234375 0.29583333333333334
1 0.459375 0.6194444444444445 0.0125 0.025
1 0.34609375 0.7472222222222222 0.01328125 0.022222222222222223
1 0.19921875 0.017361111111111112 0.0671875 0.034722222222222224
0 0.071875 0.15833333333333333 0.14375 0.31666666666666665
0 0.08125 0.3861111111111111 0.1625 0.18194444444444444
0 0.0578125 0.7368055555555556 0.115625 0.2388888888888889
0 0.06796875 0.8618055555555556 0.1359375 0.2763888888888889
1 0.702734375 0.7770833333333333 0.04765625 0.06944444444444445
1 0.70859375 0.8215277777777777 0.015625 0.027777777777777776
1 0.73125 0.8069444444444445 0.028125 0.04722222222222222
1 0.725390625 0.8944444444444445 0.028125 0.06666666666666667
1 0.748828125 0.9597222222222223 0.01953125 0.03611111111111111
1 0.78046875 0.99375 0.0171875 0.0125
1 0.767578125 0.8472222222222222 0.01953125 0.03611111111111111
1 0.8140625 0.9090277777777778 0.02109375 0.034722222222222224
1 0.9109375 0.8944444444444445 0.01640625 0.025