1 0.60078125 0.08541666666666667 0.0265625 0.027083333333333334
1 0.78125 0.21145833333333333 0.021875 0.03125
1 0.8078125 0.259375 0.021875 0.025
1 0.9171875 0.1125 0.025 0.025
1 0.95546875 0.3541666666666667 0.034375 0.03333333333333333
1 0.8984375 0.4552083333333333 0.0359375 0.041666666666666664
1 0.86953125 0.4479166666666667 0.0296875 0.03333333333333333
1 0.65 0.7583333333333333 0.0296875 0.035416666666666666
1 0.821875 0.7395833333333334 0.0265625 0.04375
1 0.865625 0.7375 0.015625 0.01875
1 0.98671875 0.6104166666666667 0.0171875 0.022916666666666665
1 0.95859375 0.6416666666666667 0.0140625 0.014583333333333334
1 0.959375 0.8864583333333333 0.0328125 0.035416666666666666
1 0.946875 0.9270833333333334 0.03125 0.03333333333333333
1 0.965625 0.978125 0.0234375 0.041666666666666664
1 0.846875 0.909375 0.0171875 0.01875
1 0.76640625 0.8802083333333334 0.0171875 0.01875
1 0.55546875 0.928125 0.028125 0.03333333333333333
1 0.3578125 0.9614583333333333 0.028125 0.025
1 0.35 0.9375 0.0203125 0.01875
1 0.20234375 0.5958333333333333 0.021875 0.027083333333333334
1 0.39609375 0.6208333333333333 0.03125 0.035416666666666666
1 0.42578125 0.5916666666666667 0.0421875 0.041666666666666664
1 0.5546875 0.34479166666666666 0.025 0.025
1 0.5125 0.3489583333333333 0.0234375 0.027083333333333334
1 0.35703125 0.540625 0.028125 0.01875
1 0.21015625 0.6739583333333333 0.0359375 0.05416666666666667
0 0.5703125 0.7125 0.3109375 0.5479166666666667
0 0.59765625 0.49270833333333336 0.5765625 0.16041666666666668
0 0.5328125 0.984375 0.065625 0.03125
1 0.00625 0.16666666666666666 0.0125 0.025
1 0.1234375 0.3145833333333333 0.021875 0.022916666666666665
1 0.1328125 0.3385416666666667 0.0171875 0.022916666666666665
1 0.25234375 0.30833333333333335 0.021875 0.03125
1 0.42890625 0.15625 0.0296875 0.029166666666666667
1 0.14453125 0.640625 0.01875 0.01875
1 0.1734375 0.6708333333333333 0.0265625 0.035416666666666666
0 0.63984375 0.22291666666666668 0.35 0.44583333333333336