1 0.92890625 0.6510416666666666 0.053125 0.05625
0 0.67109375 0.9333333333333333 0.0609375 0.13333333333333333
0 0.8 0.058333333333333334 0.2890625 0.11666666666666667
1 0.6796875 0.04375 0.0265625 0.022916666666666665
0 0.71875 0.2791666666666667 0.478125 0.275
0 0.7125 0.546875 0.1296875 0.5020833333333333
0 0.7109375 0.8541666666666666 0.4046875 0.2916666666666667
1 0.0171875 0.3229166666666667 0.034375 0.06041666666666667
1 0.07421875 0.3645833333333333 0.0359375 0.0625
1 0.24296875 0.19479166666666667 0.0375 0.04583333333333333
1 0.36015625 0.11979166666666667 0.0421875 0.04791666666666667
1 0.42890625 0.036458333333333336 0.025 0.022916666666666665
1 0.4640625 0.065625 0.0328125 0.03333333333333333
1 0.59453125 0.18125 0.053125 0.08125
1 0.5484375 0.22291666666666668 0.04375 0.04375
1 0.57109375 0.259375 0.0125 0.01875
1 0.61015625 0.23541666666666666 0.01875 0.014583333333333334
1 0.7953125 0.23020833333333332 0.06875 0.07708333333333334
1 0.840625 0.24479166666666666 0.021875 0.029166666666666667
1 0.95234375 0.29270833333333335 0.040625 0.04375
1 0.98046875 0.19166666666666668 0.01875 0.020833333333333332
1 0.89140625 0.00625 0.01875 0.0125
1 0.57890625 0.43020833333333336 0.034375 0.041666666666666664
1 0.65 0.38229166666666664 0.01875 0.01875
1 0.7109375 0.41875 0.034375 0.041666666666666664
1 0.690625 0.56875 0.021875 0.03125
1 0.67578125 0.6552083333333333 0.0203125 0.027083333333333334
1 0.6125 0.671875 0.0234375 0.027083333333333334
1 0.634375 0.7020833333333333 0.04375 0.03958333333333333
1 0.55546875 0.7 0.028125 0.03958333333333333
1 0.76640625 0.8208333333333333 0.0421875 0.04791666666666667
1 0.7875 0.7895833333333333 0.034375 0.035416666666666666
1 0.82265625 0.8104166666666667 0.034375 0.03125
1 0.80703125 0.7125 0.0546875 0.052083333333333336
1 0.846875 0.6166666666666667 0.0140625 0.016666666666666666
1 0.90859375 0.73125 0.0328125 0.0375
1 0.87734375 0.821875 0.0296875 0.0625
1 0.85546875 0.859375 0.01875 0.03333333333333333
1 0.92578125 0.821875 0.0671875 0.05416666666666667
1 0.96796875 0.796875 0.0109375 0.014583333333333334
1 0.928125 0.89375 0.0203125 0.022916666666666665
1 0.7890625 0.9864583333333333 0.025 0.027083333333333334
1 0.31171875 0.9572916666666667 0.0296875 0.03958333333333333
1 0.3328125 0.990625 0.01875 0.01875
1 0.4484375 0.9270833333333334 0.028125 0.0375
1 0.47109375 0.8364583333333333 0.028125 0.03958333333333333
1 0.31796875 0.696875 0.0296875 0.03125
1 0.3484375 0.5520833333333334 0.01875 0.03333333333333333
1 0.38125 0.5541666666666667 0.015625 0.014583333333333334
1 0.39609375 0.5708333333333333 0.0171875 0.020833333333333332
1 0.415625 0.60625 0.046875 0.03958333333333333
1 0.375 0.5875 0.0203125 0.020833333333333332
1 0.30703125 0.45 0.0375 0.05416666666666667
1 0.3828125 0.465625 0.0265625 0.03333333333333333
1 0.34609375 0.20729166666666668 0.0125 0.014583333333333334
1 0.2765625 0.36041666666666666 0.0125 0.014583333333333334
1 0.98984375 0.5708333333333333 0.0203125 0.022916666666666665
1 0.99453125 0.5927083333333333 0.0109375 0.020833333333333332
1 0.7421875 0.165625 0.0109375 0.022916666666666665