1 0.65625 0.7979166666666667 0.034375 0.035416666666666666
1 0.63828125 0.753125 0.05 0.05416666666666667
1 0.67734375 0.7197916666666667 0.0328125 0.014583333333333334
1 0.67421875 0.7041666666666667 0.046875 0.04583333333333333
1 0.6828125 0.6875 0.01875 0.016666666666666666
1 0.69296875 0.6260416666666667 0.0625 0.08125
1 0.89453125 0.48541666666666666 0.0171875 0.020833333333333332
1 0.84375 0.5322916666666667 0.046875 0.04583333333333333
1 0.75 0.5666666666666667 0.01875 0.04375
1 0.55625 0.6354166666666666 0.015625 0.020833333333333332
1 0.50703125 0.6 0.015625 0.025
1 0.52578125 0.45729166666666665 0.0296875 0.04791666666666667
1 0.528125 0.5322916666666667 0.0515625 0.09583333333333334
1 0.725 0.4822916666666667 0.0171875 0.025
1 0.70234375 0.484375 0.021875 0.03333333333333333
1 0.62578125 0.5166666666666667 0.028125 0.06875
1 0.5953125 0.5114583333333333 0.03125 0.04583333333333333
1 0.6671875 0.4354166666666667 0.0390625 0.03958333333333333
1 0.71328125 0.41770833333333335 0.0359375 0.075
1 0.9640625 0.37395833333333334 0.0265625 0.025
1 0.83046875 0.35 0.034375 0.03333333333333333
1 0.9078125 0.184375 0.0125 0.022916666666666665
1 0.921875 0.057291666666666664 0.015625 0.025
1 0.97265625 0.21770833333333334 0.0515625 0.21458333333333332
1 0.8875 0.059375 0.0265625 0.0375
1 0.83828125 0.059375 0.0203125 0.03125
1 0.73671875 0.011458333333333333 0.05 0.022916666666666665
1 0.6765625 0.19375 0.1265625 0.19791666666666666
1 0.50625 0.017708333333333333 0.028125 0.03125
1 0.62890625 0.37395833333333334 0.025 0.027083333333333334
1 0.6328125 0.32916666666666666 0.0109375 0.014583333333333334
1 0.578125 0.33645833333333336 0.0328125 0.03958333333333333
1 0.4765625 0.3375 0.0375 0.03125
1 0.40625 0.33958333333333335 0.0203125 0.03333333333333333
1 0.3390625 0.31979166666666664 0.028125 0.03333333333333333
1 0.2984375 0.3 0.0296875 0.0375
1 0.25390625 0.23958333333333334 0.084375 0.07708333333333334
1 0.553125 0.26979166666666665 0.0390625 0.05
1 0.52265625 0.15520833333333334 0.0390625 0.04791666666666667
1 0.44609375 0.21979166666666666 0.0234375 0.04375
1 0.41796875 0.225 0.028125 0.027083333333333334
1 0.45 0.16666666666666666 0.03125 0.04375
1 0.42109375 0.17604166666666668 0.0171875 0.025
1 0.265625 0.11354166666666667 0.01875 0.025
1 0.14375 0.059375 0.0125 0.014583333333333334
1 0.33984375 0.00625 0.0359375 0.0125
1 0.38046875 0.09895833333333333 0.0515625 0.058333333333333334
1 0.3390625 0.184375 0.0484375 0.05625
1 0.2453125 0.10729166666666666 0.01875 0.03333333333333333
0 0.51171875 0.06145833333333333 0.3140625 0.12291666666666666
0 0.45234375 0.18541666666666667 0.2890625 0.36875
0 0.4203125 0.8041666666666667 0.16875 0.39166666666666666
0 0.4296875 0.565625 0.2734375 0.55
1 0.1609375 0.4 0.0546875 0.07083333333333333
1 0.09140625 0.6208333333333333 0.0484375 0.08541666666666667
1 0.190625 0.48020833333333335 0.01875 0.020833333333333332
1 0.3609375 0.3802083333333333 0.0375 0.03333333333333333
1 0.26171875 0.41354166666666664 0.015625 0.01875
1 0.07734375 0.3802083333333333 0.01875 0.025
1 0.0703125 0.678125 0.0265625 0.025
1 0.0125 0.7177083333333333 0.0140625 0.022916666666666665
1 0.1875 0.6927083333333334 0.0171875 0.01875
1 0.24296875 0.03333333333333333 0.0109375 0.01875
1 0.80234375 0.06770833333333333 0.015625 0.020833333333333332
1 0.11875 0.45729166666666665 0.025 0.03125
1 0.1328125 0.6354166666666666 0.0328125 0.035416666666666666
1 0.20625 0.615625 0.05625 0.08541666666666667
1 0.2 0.5552083333333333 0.015625 0.027083333333333334
1 0.2390625 0.5614583333333333 0.0453125 0.06666666666666667
1 0.36328125 0.434375 0.0140625 0.025
1 0.29921875 0.44895833333333335 0.025 0.025
1 0.35859375 0.49375 0.021875 0.025
1 0.34921875 0.4625 0.028125 0.035416666666666666
1 0.32421875 0.559375 0.03125 0.041666666666666664
1 0.371875 0.5802083333333333 0.025 0.0375
1 0.30625 0.6270833333333333 0.025 0.020833333333333332
1 0.2734375 0.671875 0.04375 0.04375
1 0.2984375 0.759375 0.0359375 0.05
1 0.17109375 0.7354166666666667 0.028125 0.0375
1 0.14453125 0.9885416666666667 0.03125 0.022916666666666665
1 0.146875 0.9489583333333333 0.0140625 0.016666666666666666
1 0.18125 0.9177083333333333 0.034375 0.05
1 0.215625 0.9364583333333333 0.025 0.022916666666666665
1 0.22109375 0.9083333333333333 0.01875 0.01875
1 0.3375 0.871875 0.053125 0.07291666666666667
1 0.38515625 0.8145833333333333 0.0265625 0.03125
1 0.49609375 0.878125 0.0859375 0.09791666666666667
1 0.5265625 0.8395833333333333 0.0359375 0.04791666666666667
1 0.58125 0.84375 0.0328125 0.025
1 0.55234375 0.9729166666666667 0.0625 0.05416666666666667
1 0.6953125 0.9895833333333334 0.021875 0.020833333333333332
1 0.6515625 0.9854166666666667 0.0453125 0.029166666666666667
1 0.63203125 0.9635416666666666 0.0265625 0.020833333333333332
1 0.71640625 0.8708333333333333 0.0140625 0.010416666666666666
1 0.70390625 0.8385416666666666 0.0171875 0.03125
1 0.74765625 0.890625 0.04375 0.04375
1 0.7859375 0.946875 0.01875 0.025
1 0.8109375 0.9927083333333333 0.021875 0.014583333333333334
1 0.86640625 0.9520833333333333 0.03125 0.04583333333333333
1 0.83046875 0.94375 0.028125 0.03125
1 0.80859375 0.8572916666666667 0.0234375 0.010416666666666666
1 0.82578125 0.7739583333333333 0.0453125 0.08958333333333333
1 0.878125 0.8177083333333334 0.0171875 0.03125
1 0.9234375 0.8739583333333333 0.0078125 0.010416666666666666
1 0.96484375 0.9635416666666666 0.0703125 0.07291666666666667
1 0.96953125 0.79375 0.059375 0.10416666666666667
1 0.9609375 0.590625 0.01875 0.022916666666666665
1 0.8296875 0.678125 0.0921875 0.11875
1 0.4875 0.68125 0.0390625 0.075