0 0.7515625 0.36354166666666665 0.496875 0.4395833333333333
1 0.39453125 0.08333333333333333 0.0125 0.029166666666666667
1 0.3421875 0.6333333333333333 0.01875 0.022916666666666665
1 0.296875 0.5708333333333333 0.0171875 0.027083333333333334
1 0.28671875 0.4552083333333333 0.028125 0.052083333333333336
1 0.34921875 0.4322916666666667 0.0484375 0.08333333333333333
1 0.30625 0.3260416666666667 0.0484375 0.04375
1 0.515625 0.24166666666666667 0.0296875 0.04791666666666667
1 0.38359375 0.3625 0.0484375 0.058333333333333334
1 0.359375 0.74375 0.0421875 0.058333333333333334
1 0.4 0.740625 0.0265625 0.058333333333333334
1 0.6390625 0.6260416666666667 0.04375 0.0625
1 0.67578125 0.6395833333333333 0.021875 0.03125
1 0.83203125 0.63125 0.0390625 0.05
1 0.8375 0.9083333333333333 0.071875 0.09583333333333334
1 0.85703125 0.3875 0.0328125 0.052083333333333336
1 0.95859375 0.384375 0.028125 0.041666666666666664
1 0.47890625 0.13229166666666667 0.0265625 0.04583333333333333
1 0.515625 0.075 0.034375 0.058333333333333334
0 0.68828125 0.778125 0.265625 0.43125
0 0.61796875 0.5947916666666667 0.4359375 0.3770833333333333
1 0.76796875 0.03229166666666667 0.0359375 0.041666666666666664
0 0.68671875 0.1125 0.2875 0.225
1 0.66953125 0.22395833333333334 0.0390625 0.05625
1 0.5625 0.5520833333333334 0.0390625 0.041666666666666664
1 0.63515625 0.4125 0.05 0.07291666666666667
1 0.56171875 0.4239583333333333 0.03125 0.035416666666666666
1 0.76484375 0.878125 0.0390625 0.03958333333333333