1 0.365625 0.09895833333333333 0.10625 0.08541666666666667
0 0.42578125 0.013541666666666667 0.025 0.027083333333333334
0 0.46796875 0.00625 0.0265625 0.0125
0 0.51875 0.019791666666666666 0.0296875 0.0375
1 0.546875 0.046875 0.046875 0.058333333333333334
1 0.53984375 0.7052083333333333 0.0296875 0.03958333333333333
1 0.503125 0.11041666666666666 0.028125 0.041666666666666664
1 0.61875 0.004166666666666667 0.015625 0.008333333333333333
1 0.73125 0.0020833333333333333 0.0125 0.004166666666666667
1 0.96015625 0.10416666666666667 0.0359375 0.058333333333333334
1 0.98046875 0.14479166666666668 0.0234375 0.027083333333333334
1 0.83359375 0.11041666666666666 0.01875 0.025
1 0.72265625 0.11666666666666667 0.0171875 0.020833333333333332
1 0.76484375 0.24270833333333333 0.025 0.04583333333333333
1 0.8375 0.2875 0.021875 0.03333333333333333
1 0.92109375 0.259375 0.025 0.05416666666666667
1 0.9625 0.34479166666666666 0.015625 0.022916666666666665
1 0.9 0.3614583333333333 0.0734375 0.09583333333333334
1 0.925 0.4708333333333333 0.021875 0.029166666666666667
1 0.1234375 0.15520833333333334 0.04375 0.07083333333333333
1 0.6765625 0.7010416666666667 0.00625 0.010416666666666666
1 0.6875 0.7208333333333333 0.0234375 0.020833333333333332
1 0.4125 0.8854166666666666 0.0125 0.014583333333333334
1 0.44375 0.9520833333333333 0.028125 0.03333333333333333
1 0.0125 0.32916666666666666 0.0140625 0.025
1 0.16796875 0.35833333333333334 0.021875 0.027083333333333334
1 0.084375 0.5145833333333333 0.059375 0.05
1 0.10703125 0.465625 0.040625 0.0375
1 0.140625 0.5010416666666667 0.0265625 0.0375
1 0.159375 0.45729166666666665 0.0171875 0.025
1 0.21015625 0.4083333333333333 0.0171875 0.022916666666666665
1 0.0359375 0.5375 0.021875 0.03333333333333333
1 0.009375 0.5635416666666667 0.01875 0.04583333333333333
1 0.325 0.625 0.034375 0.025
1 0.18671875 0.5645833333333333 0.0390625 0.05416666666666667
1 0.24765625 0.6114583333333333 0.103125 0.09166666666666666
0 0.4359375 0.190625 0.3484375 0.31875
0 0.56796875 0.5635416666666667 0.459375 0.4666666666666667
0 0.55625 0.9427083333333334 0.409375 0.11458333333333333
1 0.22265625 0.016666666666666666 0.0265625 0.03333333333333333
1 0.22578125 0.05625 0.0265625 0.03125
1 0.2828125 0.017708333333333333 0.01875 0.025
1 0.66796875 0.7375 0.0171875 0.020833333333333332
1 0.61328125 0.7395833333333334 0.05 0.07916666666666666
1 0.58671875 0.665625 0.0390625 0.03958333333333333
1 0.53828125 0.6260416666666667 0.06875 0.075
1 0.53359375 0.5489583333333333 0.0421875 0.06041666666666667
1 0.53671875 0.7614583333333333 0.0203125 0.03333333333333333
1 0.525 0.8083333333333333 0.0703125 0.06041666666666667
1 0.6078125 0.8114583333333333 0.03125 0.041666666666666664
1 0.67265625 0.85 0.025 0.035416666666666666
1 0.625 0.88125 0.0484375 0.06041666666666667
1 0.48984375 0.8604166666666667 0.028125 0.029166666666666667
1 0.4265625 0.66875 0.034375 0.05416666666666667
1 0.4078125 0.7291666666666666 0.025 0.03333333333333333
1 0.43984375 0.7947916666666667 0.0125 0.020833333333333332
1 0.353125 0.7979166666666667 0.0859375 0.09166666666666666
1 0.28203125 0.7135416666666666 0.0359375 0.03125
1 0.24140625 0.7125 0.0203125 0.020833333333333332
1 0.0734375 0.88125 0.0375 0.0375
1 0.58203125 0.59375 0.0265625 0.03125
1 0.6078125 0.5677083333333334 0.0171875 0.01875
1 0.58515625 0.5395833333333333 0.0375 0.03958333333333333
1 0.953125 0.6520833333333333 0.05 0.05416666666666667
1 0.70390625 0.5645833333333333 0.0296875 0.03125
1 0.72734375 0.53125 0.0203125 0.03125
1 0.5703125 0.44375 0.0296875 0.016666666666666666
1 0.45859375 0.45416666666666666 0.021875 0.01875
1 0.3640625 0.49375 0.0296875 0.04791666666666667
1 0.278125 0.421875 0.0953125 0.07083333333333333
1 0.425 0.3104166666666667 0.028125 0.03333333333333333
1 0.39453125 0.30104166666666665 0.028125 0.04375
1 0.4375 0.20833333333333334 0.059375 0.06458333333333334
1 0.51875 0.28020833333333334 0.034375 0.03125
1 0.57421875 0.3 0.0234375 0.0375
1 0.578125 0.253125 0.0375 0.03125
1 0.6140625 0.3145833333333333 0.046875 0.04583333333333333
1 0.6421875 0.27395833333333336 0.03125 0.03125
1 0.56796875 0.18958333333333333 0.0875 0.09375
1 0.63984375 0.17291666666666666 0.04375 0.058333333333333334
1 0.70546875 0.2760416666666667 0.0203125 0.022916666666666665
1 0.81015625 0.42083333333333334 0.071875 0.08125
1 0.78359375 0.36770833333333336 0.0203125 0.025
1 0.09140625 0.21354166666666666 0.04375 0.058333333333333334
1 0.88671875 0.5385416666666667 0.021875 0.025
1 0.9671875 0.5604166666666667 0.0328125 0.07708333333333334
1 0.98671875 0.5125 0.0171875 0.0125
1 0.99453125 0.46145833333333336 0.0078125 0.016666666666666666
1 0.96875 0.4635416666666667 0.021875 0.016666666666666666
1 0.321875 0.6677083333333333 0.0390625 0.041666666666666664
1 0.25390625 0.8729166666666667 0.0234375 0.03125
1 0.23125 0.9822916666666667 0.0515625 0.035416666666666666
1 0.953125 0.8760416666666667 0.0203125 0.03125
1 0.96484375 0.9145833333333333 0.021875 0.04375
1 0.8859375 0.9854166666666667 0.0203125 0.027083333333333334
1 0.08046875 0.8270833333333333 0.040625 0.04791666666666667
1 0.13984375 0.00625 0.0171875 0.0125
1 0.2296875 0.115625 0.03125 0.04583333333333333
1 0.27734375 0.128125 0.040625 0.05416666666666667
1 0.3703125 0.00625 0.028125 0.0125
1 0.440625 0.04791666666666667 0.0234375 0.035416666666666666
1 0.46875 0.034375 0.034375 0.04583333333333333