1 0.71796875 0.5489583333333333 0.01875 0.025
1 0.75859375 0.5197916666666667 0.0140625 0.01875
1 0.7203125 0.7541666666666667 0.015625 0.0375
1 0.82421875 0.628125 0.0109375 0.029166666666666667
1 0.740625 0.7135416666666666 0.0140625 0.022916666666666665
1 0.59453125 0.8333333333333334 0.0359375 0.041666666666666664
1 0.59609375 0.88125 0.0265625 0.025
1 0.665625 0.8645833333333334 0.0203125 0.027083333333333334
1 0.63125 0.95625 0.0265625 0.0375
1 0.4921875 0.8166666666666667 0.0296875 0.03333333333333333
1 0.66875 0.096875 0.0109375 0.016666666666666666
1 0.43359375 0.005208333333333333 0.0125 0.010416666666666666
1 0.44921875 0.371875 0.009375 0.01875
1 0.1703125 0.022916666666666665 0.0125 0.027083333333333334
1 0.02265625 0.146875 0.0171875 0.025
1 0.4109375 0.5416666666666666 0.0265625 0.035416666666666666
1 0.2921875 0.525 0.0125 0.01875
1 0.20390625 0.9708333333333333 0.0140625 0.016666666666666666
1 0.309375 0.8375 0.01875 0.025
0 0.5875 0.9104166666666667 0.1578125 0.17916666666666667
0 0.60625 0.051041666666666666 0.246875 0.10208333333333333
1 0.4375 0.2125 0.0671875 0.04791666666666667
1 0.64609375 0.153125 0.0203125 0.027083333333333334
1 0.746875 0.007291666666666667 0.03125 0.014583333333333334
1 0.7296875 0.28854166666666664 0.0234375 0.0375
1 0.87578125 0.31666666666666665 0.0171875 0.0375
1 0.95625 0.36875 0.01875 0.027083333333333334