1 0.9859375 0.4395833333333333 0.0265625 0.03958333333333333
1 0.9796875 0.40625 0.009375 0.016666666666666666
1 0.928125 0.45416666666666666 0.0328125 0.06666666666666667
1 0.8921875 0.41041666666666665 0.0203125 0.035416666666666666
1 0.86484375 0.4125 0.03125 0.05625
1 0.928125 0.12916666666666668 0.0203125 0.020833333333333332
1 0.9546875 0.30104166666666665 0.03125 0.04791666666666667
1 0.85859375 0.2520833333333333 0.0359375 0.03333333333333333
1 0.92421875 0.25416666666666665 0.01875 0.022916666666666665
1 0.94765625 0.2125 0.0375 0.041666666666666664
1 0.91953125 0.146875 0.01875 0.020833333333333332
1 0.896875 0.11354166666666667 0.0109375 0.01875
1 0.9875 0.096875 0.01875 0.020833333333333332
1 0.99375 0.016666666666666666 0.0109375 0.01875
1 0.953125 0.058333333333333334 0.0078125 0.0125
1 0.9046875 0.023958333333333335 0.015625 0.022916666666666665
1 0.828125 0.01875 0.0640625 0.0375
1 0.78671875 0.009375 0.0109375 0.01875
1 0.83671875 0.06354166666666666 0.0265625 0.04375
1 0.809375 0.05520833333333333 0.0328125 0.029166666666666667
1 0.01640625 0.48541666666666666 0.01875 0.027083333333333334
1 0.2390625 0.24375 0.025 0.03958333333333333
1 0.1484375 0.08958333333333333 0.009375 0.014583333333333334
1 0.2046875 0.04791666666666667 0.009375 0.010416666666666666
1 0.221875 0.03125 0.0234375 0.01875
1 0.23359375 0.008333333333333333 0.009375 0.014583333333333334
1 0.24921875 0.009375 0.0109375 0.016666666666666666
1 0.3109375 0.06354166666666666 0.01875 0.014583333333333334
1 0.353125 0.021875 0.0140625 0.027083333333333334
1 0.37109375 0.03229166666666667 0.0171875 0.022916666666666665
1 0.39140625 0.015625 0.0234375 0.01875
1 0.459375 0.04375 0.0265625 0.035416666666666666
1 0.43359375 0.026041666666666668 0.0140625 0.0125
1 0.40625 0.10208333333333333 0.01875 0.03125
1 0.4234375 0.11041666666666666 0.0171875 0.022916666666666665
1 0.3625 0.084375 0.0203125 0.03958333333333333
1 0.34140625 0.07916666666666666 0.0140625 0.01875
1 0.34453125 0.11354166666666667 0.0140625 0.01875
1 0.325 0.12395833333333334 0.0203125 0.04791666666666667
1 0.49375 0.10520833333333333 0.0328125 0.06041666666666667
1 0.46328125 0.20729166666666668 0.0140625 0.010416666666666666
1 0.490625 0.24791666666666667 0.0203125 0.035416666666666666
1 0.51015625 0.225 0.0328125 0.03333333333333333
1 0.32890625 0.30416666666666664 0.0203125 0.020833333333333332
1 0.30078125 0.271875 0.009375 0.014583333333333334
1 0.240625 0.3229166666666667 0.0203125 0.041666666666666664
1 0.26953125 0.34375 0.0203125 0.035416666666666666
1 0.440625 0.45208333333333334 0.0265625 0.03125
1 0.459375 0.44479166666666664 0.0296875 0.035416666666666666
1 0.65625 0.22604166666666667 0.0421875 0.04791666666666667
1 0.5828125 0.421875 0.0375 0.05
1 0.61484375 0.42291666666666666 0.028125 0.04583333333333333
1 0.6453125 0.4041666666666667 0.0171875 0.016666666666666666
1 0.634375 0.43854166666666666 0.0078125 0.010416666666666666
1 0.55625 0.4822916666666667 0.0359375 0.04375
1 0.59921875 0.47604166666666664 0.046875 0.041666666666666664
1 0.62890625 0.48020833333333335 0.0109375 0.035416666666666666
1 0.6203125 0.50625 0.0390625 0.04375
1 0.6171875 0.4552083333333333 0.00625 0.014583333333333334
1 0.45859375 0.5333333333333333 0.025 0.03333333333333333
1 0.65234375 0.275 0.0265625 0.03958333333333333
1 0.6359375 0.29270833333333335 0.0265625 0.03958333333333333
1 0.70390625 0.11979166666666667 0.03125 0.04791666666666667
1 0.725 0.13020833333333334 0.0109375 0.01875
1 0.7453125 0.13125 0.03125 0.04791666666666667
1 0.72890625 0.07395833333333333 0.021875 0.0375
1 0.75078125 0.08645833333333333 0.0171875 0.03333333333333333
1 0.7640625 0.042708333333333334 0.0328125 0.04583333333333333
1 0.79765625 0.10104166666666667 0.021875 0.01875
1 0.99453125 0.25833333333333336 0.009375 0.014583333333333334
1 0.8 0.3854166666666667 0.0234375 0.0375
1 0.81796875 0.41770833333333335 0.0203125 0.020833333333333332
1 0.790625 0.4197916666666667 0.0140625 0.016666666666666666
1 0.79609375 0.4354166666666667 0.01875 0.027083333333333334
1 0.809375 0.43854166666666666 0.0109375 0.014583333333333334
1 0.903125 0.4875 0.009375 0.01875
1 0.90390625 0.5145833333333333 0.009375 0.016666666666666666
1 0.93203125 0.553125 0.0296875 0.06458333333333334
1 0.96328125 0.5875 0.01875 0.029166666666666667
1 0.8640625 0.6020833333333333 0.0125 0.022916666666666665
1 0.74375 0.49270833333333336 0.009375 0.027083333333333334
1 0.7375 0.30833333333333335 0.021875 0.029166666666666667
1 0.75703125 0.3177083333333333 0.015625 0.020833333333333332
1 0.72265625 0.3375 0.0390625 0.03125
1 0.75078125 0.33958333333333335 0.0140625 0.022916666666666665
1 0.71640625 0.28020833333333334 0.009375 0.020833333333333332
1 0.78984375 0.2520833333333333 0.0109375 0.008333333333333333
1 0.86015625 0.6572916666666667 0.0296875 0.03958333333333333
1 0.91640625 0.640625 0.01875 0.0125
1 0.90546875 0.6604166666666667 0.0109375 0.014583333333333334
1 0.8921875 0.684375 0.0296875 0.05
1 0.91875 0.69375 0.015625 0.035416666666666666
1 0.93515625 0.7072916666666667 0.01875 0.022916666666666665
1 0.89453125 0.734375 0.0296875 0.05625
1 0.92734375 0.7510416666666667 0.0375 0.05416666666666667
1 0.9796875 0.7427083333333333 0.0234375 0.020833333333333332
1 0.99453125 0.7239583333333334 0.009375 0.01875
1 0.996875 0.6958333333333333 0.00625 0.0125
1 0.96484375 0.48333333333333334 0.0375 0.06666666666666667
1 0.9890625 0.4791666666666667 0.021875 0.0375
1 0.6421875 0.646875 0.01875 0.03125
1 0.63203125 0.6197916666666666 0.0171875 0.029166666666666667
1 0.684375 0.6802083333333333 0.01875 0.029166666666666667
1 0.69765625 0.653125 0.03125 0.0375
1 0.703125 0.6770833333333334 0.0171875 0.016666666666666666
1 0.7390625 0.6760416666666667 0.04375 0.04583333333333333
1 0.58828125 0.7416666666666667 0.03125 0.05
1 0.565625 0.7697916666666667 0.0125 0.020833333333333332
1 0.565625 0.753125 0.0171875 0.01875
1 0.5390625 0.759375 0.034375 0.04583333333333333
1 0.5046875 0.7697916666666667 0.0203125 0.01875
1 0.4984375 0.5958333333333333 0.0171875 0.027083333333333334
1 0.4875 0.5385416666666667 0.03125 0.04583333333333333
1 0.95234375 0.840625 0.0171875 0.01875
1 0.9765625 0.9072916666666667 0.0109375 0.0125
1 0.9078125 0.8270833333333333 0.0234375 0.035416666666666666
1 0.9296875 0.9302083333333333 0.0203125 0.025
1 0.88515625 0.9927083333333333 0.021875 0.014583333333333334
1 0.8390625 0.859375 0.0421875 0.0625
1 0.7578125 0.8708333333333333 0.01875 0.027083333333333334
1 0.728125 0.7666666666666667 0.0359375 0.041666666666666664
1 0.74765625 0.746875 0.009375 0.025
1 0.775 0.7760416666666666 0.0421875 0.041666666666666664
1 0.73125 0.8020833333333334 0.0234375 0.03125
1 0.8203125 0.9125 0.0203125 0.029166666666666667
1 0.84140625 0.9145833333333333 0.0125 0.014583333333333334
1 0.8375 0.9375 0.034375 0.027083333333333334
1 0.7921875 0.921875 0.0234375 0.025
1 0.7703125 0.990625 0.025 0.01875
1 0.79296875 0.9697916666666667 0.0390625 0.058333333333333334
1 0.80546875 0.9354166666666667 0.0125 0.0125
1 0.69140625 0.93125 0.0171875 0.027083333333333334
1 0.65 0.9427083333333334 0.04375 0.025
1 0.6453125 0.915625 0.021875 0.020833333333333332
1 0.59921875 0.9354166666666667 0.0359375 0.0625
1 0.6171875 0.91875 0.0140625 0.01875
1 0.596875 0.9864583333333333 0.03125 0.027083333333333334
1 0.64375 0.9947916666666666 0.0125 0.010416666666666666
1 0.4328125 0.865625 0.040625 0.052083333333333336
1 0.43125 0.8979166666666667 0.0203125 0.0125
1 0.4640625 0.765625 0.0171875 0.04375
1 0.3578125 0.7572916666666667 0.059375 0.05
1 0.25078125 0.7260416666666667 0.0171875 0.0375
1 0.2703125 0.8114583333333333 0.0140625 0.0125
1 0.3359375 0.8520833333333333 0.0125 0.016666666666666666
1 0.35234375 0.8489583333333334 0.0125 0.0125
1 0.37734375 0.8447916666666667 0.028125 0.025
1 0.29765625 0.5760416666666667 0.0140625 0.029166666666666667
1 0.34609375 0.5895833333333333 0.06875 0.0875
1 0.328125 0.5270833333333333 0.0171875 0.035416666666666666
1 0.43359375 0.5822916666666667 0.0265625 0.035416666666666666
1 0.46328125 0.5739583333333333 0.0328125 0.03333333333333333
1 0.4609375 0.5989583333333334 0.0078125 0.014583333333333334
1 0.15859375 0.6552083333333333 0.0140625 0.014583333333333334
1 0.784375 0.04375 0.0109375 0.022916666666666665
1 0.79140625 0.06041666666666667 0.025 0.014583333333333334
1 0.1515625 0.978125 0.0109375 0.014583333333333334
1 0.240625 0.9802083333333333 0.028125 0.0375
1 0.35625 0.9625 0.034375 0.041666666666666664
1 0.41171875 0.9427083333333334 0.03125 0.022916666666666665
1 0.01171875 0.20833333333333334 0.0125 0.01875
1 0.25703125 0.315625 0.009375 0.020833333333333332
1 0.03515625 0.484375 0.0125 0.029166666666666667
1 0.44453125 0.7489583333333333 0.0171875 0.01875
1 0.4234375 0.7572916666666667 0.0125 0.014583333333333334
1 0.46171875 0.7322916666666667 0.0171875 0.01875
1 0.41328125 0.7791666666666667 0.0140625 0.01875
1 0.578125 0.803125 0.04375 0.01875
0 0.475 0.025 0.0328125 0.04583333333333333
0 0.6078125 0.09895833333333333 0.2296875 0.19791666666666666
0 0.47265625 0.34479166666666666 0.4796875 0.09166666666666666
0 0.621875 0.55625 0.246875 0.375
0 0.59921875 0.8916666666666667 0.3953125 0.21666666666666667