1 0.1421875 0.221875 0.01875 0.025
0 0.4453125 0.040625 0.0609375 0.08125
0 0.61875 0.15625 0.3546875 0.3125
0 0.55390625 0.5041666666666667 0.2265625 0.39375
0 0.46015625 0.9052083333333333 0.065625 0.18958333333333333
1 0.753125 0.8083333333333333 0.0109375 0.014583333333333334
1 0.72421875 0.7895833333333333 0.025 0.03333333333333333
1 0.85390625 0.28020833333333334 0.015625 0.020833333333333332
1 0.3390625 0.246875 0.0203125 0.014583333333333334
1 0.3578125 0.278125 0.040625 0.04583333333333333
1 0.3296875 0.2677083333333333 0.015625 0.020833333333333332
1 0.31484375 0.23854166666666668 0.0265625 0.020833333333333332
1 0.37734375 0.328125 0.0296875 0.0375
1 0.43203125 0.26979166666666665 0.025 0.027083333333333334
1 0.63125 0.39166666666666666 0.025 0.03958333333333333
1 0.646875 0.653125 0.0203125 0.0375
1 0.65 0.4875 0.01875 0.025
1 0.5421875 0.41875 0.028125 0.0375
1 0.50234375 0.49270833333333336 0.040625 0.0375
1 0.34609375 0.49583333333333335 0.0125 0.014583333333333334
1 0.33359375 0.521875 0.0359375 0.03125
1 0.43125 0.5677083333333334 0.01875 0.03125
1 0.20390625 0.5479166666666667 0.028125 0.04791666666666667
1 0.175 0.5677083333333334 0.04375 0.05625
1 0.2234375 0.60625 0.021875 0.029166666666666667
1 0.3578125 0.5625 0.009375 0.020833333333333332
1 0.36015625 0.66875 0.0296875 0.03958333333333333
1 0.353125 0.634375 0.0234375 0.03125
1 0.29296875 0.66875 0.025 0.029166666666666667
1 0.2359375 0.8020833333333334 0.0234375 0.027083333333333334
1 0.21640625 0.778125 0.0140625 0.020833333333333332
1 0.27578125 0.8885416666666667 0.0234375 0.05625
1 0.2578125 0.9125 0.0296875 0.0375
1 0.234375 0.940625 0.0203125 0.022916666666666665
1 0.18203125 0.978125 0.0390625 0.04375
1 0.3703125 0.790625 0.0375 0.07916666666666666
1 0.50625 0.9885416666666667 0.0171875 0.022916666666666665
1 0.571875 0.95 0.0515625 0.03958333333333333
1 0.55546875 0.9229166666666667 0.0359375 0.0375
1 0.56796875 0.890625 0.01875 0.027083333333333334
1 0.54765625 0.890625 0.0171875 0.025
1 0.6078125 0.9177083333333333 0.0359375 0.05
1 0.62578125 0.828125 0.03125 0.027083333333333334
1 0.89375 0.9166666666666666 0.0234375 0.03125
1 0.99453125 0.7864583333333334 0.0109375 0.020833333333333332
1 0.990625 0.8135416666666667 0.0140625 0.020833333333333332
1 0.9953125 0.6770833333333334 0.009375 0.025
1 0.9953125 0.590625 0.009375 0.01875
1 0.80859375 0.40729166666666666 0.0109375 0.016666666666666666
1 0.7890625 0.440625 0.0140625 0.025
1 0.8890625 0.446875 0.0203125 0.025
1 0.89296875 0.27395833333333336 0.0203125 0.03125
1 0.9296875 0.21770833333333334 0.0109375 0.027083333333333334
1 0.86171875 0.20520833333333333 0.0453125 0.06041666666666667
1 0.85546875 0.058333333333333334 0.028125 0.027083333333333334
1 0.8625 0.07916666666666666 0.0203125 0.022916666666666665
1 0.6171875 0.18958333333333333 0.0171875 0.022916666666666665
1 0.60078125 0.16354166666666667 0.0375 0.04375
1 0.6734375 0.16875 0.01875 0.025
1 0.59609375 0.0125 0.0453125 0.025
1 0.32578125 0.057291666666666664 0.0203125 0.035416666666666666
1 0.35 0.05625 0.0234375 0.029166666666666667
1 0.3421875 0.084375 0.0140625 0.01875
1 0.1703125 0.3458333333333333 0.0140625 0.014583333333333334
1 0.20546875 0.3385416666666667 0.015625 0.035416666666666666
1 0.12265625 0.21666666666666667 0.015625 0.027083333333333334
1 0.12109375 0.26458333333333334 0.0203125 0.027083333333333334
0 0.671875 0.7177083333333333 0.5078125 0.13541666666666666