1 0.9875 0.1701388888888889 0.025 0.0375
1 0.012109375 0.47291666666666665 0.01953125 0.034722222222222224
0 0.1375 0.95625 0.10546875 0.0875
1 0.923046875 0.25 0.05390625 0.05555555555555555
1 0.7828125 0.24861111111111112 0.02265625 0.04861111111111111
1 0.33984375 0.4979166666666667 0.015625 0.04583333333333333
1 0.92109375 0.1375 0.01796875 0.02361111111111111
1 0.402734375 0.3104166666666667 0.0171875 0.034722222222222224
1 0.85 0.8833333333333333 0.03046875 0.043055555555555555
0 0.65546875 0.475 0.1828125 0.19027777777777777
1 0.915234375 0.70625 0.01484375 0.029166666666666667
1 0.06328125 0.3416666666666667 0.02265625 0.03888888888888889
0 0.101171875 0.1527777777777778 0.20234375 0.30416666666666664
0 0.086328125 0.7520833333333333 0.17265625 0.3277777777777778
1 0.70234375 0.14652777777777778 0.02734375 0.034722222222222224
1 0.816015625 0.9166666666666666 0.0140625 0.03194444444444444
1 0.415625 0.06180555555555556 0.04453125 0.09444444444444444
1 0.709765625 0.27708333333333335 0.02265625 0.0625
1 0.578125 0.38472222222222224 0.01796875 0.02638888888888889
1 0.03359375 0.5451388888888888 0.0421875 0.044444444444444446
0 0.078125 0.3402777777777778 0.15625 0.4236111111111111
1 0.884375 0.7208333333333333 0.0359375 0.05277777777777778
1 0.14921875 0.50625 0.0625 0.07083333333333333
0 0.1234375 0.5638888888888889 0.1203125 0.22916666666666666
1 0.509765625 0.9173611111111111 0.025 0.041666666666666664
1 0.9421875 0.4486111111111111 0.03046875 0.04722222222222222
1 0.79140625 0.5284722222222222 0.0234375 0.044444444444444446
1 0.13984375 0.8395833333333333 0.01640625 0.029166666666666667
1 0.041796875 0.6486111111111111 0.03046875 0.04861111111111111
1 0.848046875 0.9479166666666666 0.0203125 0.03611111111111111
1 0.59609375 0.3375 0.0140625 0.04027777777777778
1 0.980078125 0.8048611111111111 0.03359375 0.041666666666666664
1 0.104296875 0.034722222222222224 0.04140625 0.06944444444444445
1 0.721875 0.5041666666666667 0.02109375 0.030555555555555555
1 0.190625 0.09166666666666666 0.05 0.14444444444444443
0 0.67421875 0.7180555555555556 0.14609375 0.21388888888888888
1 0.947265625 0.0375 0.05625 0.07222222222222222
0 0.620703125 0.06180555555555556 0.15703125 0.12361111111111112
1 0.988671875 0.8604166666666667 0.01328125 0.025
1 0.989453125 0.9493055555555555 0.01171875 0.018055555555555554
1 0.580078125 0.6319444444444444 0.00859375 0.0125
1 0.840625 0.0875 0.009375 0.016666666666666666
1 0.1671875 0.9923611111111111 0.02578125 0.015277777777777777
1 0.05625 0.7909722222222222 0.02265625 0.020833333333333332
1 0.0390625 0.8597222222222223 0.01640625 0.029166666666666667
1 0.11640625 0.33194444444444443 0.01640625 0.04722222222222222
1 0.772265625 0.009027777777777777 0.01328125 0.018055555555555554
1 0.74921875 0.011111111111111112 0.0125 0.022222222222222223
1 0.968359375 0.42916666666666664 0.015625 0.02361111111111111
1 0.858203125 0.5208333333333334 0.01171875 0.018055555555555554
1 0.021875 0.05625 0.0109375 0.020833333333333332
1 0.57578125 0.5305555555555556 0.0109375 0.020833333333333332
1 0.030859375 0.15138888888888888 0.01171875 0.019444444444444445
1 0.994140625 0.68125 0.01171875 0.029166666666666667
1 0.565234375 0.2611111111111111 0.015625 0.018055555555555554
1 0.85234375 0.10972222222222222 0.01171875 0.018055555555555554
1 0.370703125 0.3784722222222222 0.01328125 0.022222222222222223
1 0.05625 0.5875 0.01640625 0.03333333333333333
1 0.24609375 0.8534722222222222 0.0125 0.022222222222222223
1 0.097265625 0.9722222222222222 0.025 0.04583333333333333
1 0.504296875 0.61875 0.01328125 0.02361111111111111
1 0.19375 0.4444444444444444 0.01796875 0.020833333333333332
1 0.00625 0.07361111111111111 0.0125 0.0375
1 0.639453125 0.48194444444444445 0.01484375 0.030555555555555555
1 0.126953125 0.9430555555555555 0.0125 0.022222222222222223
1 0.880859375 0.10138888888888889 0.02265625 0.03888888888888889
1 0.8640625 0.65625 0.04375 0.05416666666666667
1 0.934375 0.7326388888888888 0.0171875 0.027777777777777776
1 0.92578125 0.3347222222222222 0.0234375 0.041666666666666664
1 0.9125 0.6645833333333333 0.02265625 0.03611111111111111
1 0.836328125 0.02013888888888889 0.0140625 0.03194444444444444
1 0.22265625 0.16458333333333333 0.01484375 0.02361111111111111
1 0.855078125 0.4597222222222222 0.01640625 0.02361111111111111
1 0.334765625 0.6798611111111111 0.01328125 0.02361111111111111
1 0.448046875 0.61875 0.0125 0.020833333333333332
1 0.7125 0.8534722222222222 0.0265625 0.04027777777777778
1 0.0390625 0.9527777777777777 0.02421875 0.03888888888888889
1 0.843359375 0.7708333333333334 0.015625 0.02361111111111111
1 0.824609375 0.7340277777777777 0.02265625 0.04861111111111111
1 0.873046875 0.03194444444444444 0.05234375 0.06388888888888888
1 0.066796875 0.9875 0.02421875 0.025
1 0.234375 0.11875 0.0125 0.02361111111111111
1 0.95625 0.6576388888888889 0.025 0.044444444444444446
1 0.883984375 0.9 0.0203125 0.03611111111111111
1 0.81328125 0.8645833333333334 0.03125 0.04027777777777778
1 0.89453125 0.8541666666666666 0.0203125 0.0375
0 0.67421875 0.22569444444444445 0.240625 0.15416666666666667
1 0.580859375 0.4888888888888889 0.0296875 0.0625
1 0.63671875 0.1763888888888889 0.02265625 0.04861111111111111
1 0.60546875 0.8708333333333333 0.01953125 0.04583333333333333
1 0.8265625 0.8215277777777777 0.01875 0.03611111111111111
1 0.79921875 0.03611111111111111 0.01796875 0.029166666666666667
1 0.076171875 0.5 0.0203125 0.059722222222222225
1 0.0203125 0.23819444444444443 0.025 0.09583333333333334
1 0.9640625 0.8590277777777777 0.01640625 0.027777777777777776
1 0.554296875 0.7743055555555556 0.01796875 0.02638888888888889
1 0.659765625 0.35555555555555557 0.02109375 0.041666666666666664
1 0.801953125 0.3819444444444444 0.01484375 0.02638888888888889
0 0.676953125 0.9430555555555555 0.25390625 0.11388888888888889
1 0.169140625 0.7916666666666666 0.01796875 0.03333333333333333
1 0.420703125 0.6138888888888889 0.0171875 0.03194444444444444
1 0.1703125 0.21736111111111112 0.02109375 0.05277777777777778
1 0.60859375 0.2076388888888889 0.01328125 0.020833333333333332
1 0.655078125 0.4152777777777778 0.01953125 0.04722222222222222