1 0.9453125 0.8013888888888889 0.05625 0.0875
1 0.60859375 0.8958333333333334 0.021875 0.06388888888888888
1 0.738671875 0.31805555555555554 0.03984375 0.04861111111111111
1 0.620703125 0.8541666666666666 0.015625 0.025
1 0.579296875 0.9951388888888889 0.01171875 0.009722222222222222
1 0.578125 0.90625 0.009375 0.018055555555555554
1 0.88671875 0.7652777777777777 0.0140625 0.022222222222222223
1 0.90234375 0.42083333333333334 0.009375 0.019444444444444445
1 0.99453125 0.3576388888888889 0.0109375 0.022222222222222223
1 0.7640625 0.030555555555555555 0.00859375 0.015277777777777777
1 0.99765625 0.18958333333333333 0.0046875 0.030555555555555555
0 0.5875 0.7777777777777778 0.25703125 0.32083333333333336
0 0.68046875 0.28888888888888886 0.20390625 0.23472222222222222
0 0.80546875 0.9347222222222222 0.06953125 0.13055555555555556
0 0.64375 0.5069444444444444 0.18828125 0.24583333333333332
0 0.096875 0.7888888888888889 0.19296875 0.275
0 0.10078125 0.15208333333333332 0.2015625 0.3013888888888889
0 0.55234375 0.08055555555555556 0.24375 0.16111111111111112
0 0.10546875 0.4125 0.15390625 0.2986111111111111
0 0.63125 0.9229166666666667 0.046875 0.15416666666666667
1 0.673046875 0.30416666666666664 0.0140625 0.019444444444444445
1 0.83359375 0.2125 0.01171875 0.020833333333333332
1 0.774609375 0.1375 0.01484375 0.02638888888888889
1 0.71171875 0.009027777777777777 0.01796875 0.016666666666666666
1 0.6921875 0.003472222222222222 0.0078125 0.006944444444444444
1 0.216015625 0.6756944444444445 0.0078125 0.015277777777777777
1 0.58046875 0.15555555555555556 0.01484375 0.05555555555555555
1 0.039453125 0.49444444444444446 0.00859375 0.018055555555555554
1 0.036328125 0.5534722222222223 0.0078125 0.013888888888888888
1 0.03671875 0.8444444444444444 0.0140625 0.019444444444444445
1 0.1625 0.9708333333333333 0.01953125 0.020833333333333332
1 0.15 0.8166666666666667 0.0140625 0.034722222222222224
1 0.019140625 0.16527777777777777 0.0109375 0.020833333333333332
1 0.005078125 0.14305555555555555 0.01015625 0.020833333333333332
1 0.453515625 0.7361111111111112 0.01328125 0.020833333333333332
1 0.569921875 0.6916666666666667 0.01484375 0.025
1 0.94140625 0.6659722222222222 0.0171875 0.025
1 0.81328125 0.6513888888888889 0.01171875 0.020833333333333332
1 0.69453125 0.2881944444444444 0.01484375 0.030555555555555555
1 0.582421875 0.7444444444444445 0.0203125 0.027777777777777776
1 0.563671875 0.9152777777777777 0.01328125 0.0375
1 0.530078125 0.9791666666666666 0.02109375 0.029166666666666667
1 0.793359375 0.3125 0.01796875 0.03333333333333333
1 0.81875 0.8368055555555556 0.015625 0.03333333333333333
1 0.69140625 0.6673611111111111 0.01796875 0.030555555555555555
1 0.555078125 0.48333333333333334 0.0140625 0.030555555555555555
1 0.674609375 0.45416666666666666 0.02109375 0.034722222222222224
1 0.044140625 0.2513888888888889 0.0203125 0.03611111111111111
1 0.955859375 0.8951388888888889 0.0171875 0.020833333333333332
1 0.643359375 0.18819444444444444 0.01953125 0.03611111111111111
1 0.71875 0.46041666666666664 0.01640625 0.034722222222222224
1 0.591015625 0.775 0.01328125 0.025
1 0.96484375 0.6465277777777778 0.02109375 0.03611111111111111
1 0.987890625 0.8236111111111111 0.02421875 0.059722222222222225
0 0.078515625 0.5472222222222223 0.15546875 0.2722222222222222
1 0.73046875 0.11041666666666666 0.02109375 0.03611111111111111
1 0.900390625 0.8131944444444444 0.0203125 0.041666666666666664
1 0.216015625 0.9451388888888889 0.02109375 0.03194444444444444
1 0.861328125 0.9611111111111111 0.0171875 0.025
1 0.12890625 0.3111111111111111 0.02734375 0.03333333333333333
1 0.9 0.19583333333333333 0.0203125 0.03333333333333333
1 0.54140625 0.19583333333333333 0.01328125 0.020833333333333332
1 0.474609375 0.25 0.01953125 0.05138888888888889
1 0.708984375 0.9069444444444444 0.0125 0.027777777777777776
1 0.7875 0.39791666666666664 0.025 0.044444444444444446
1 0.58203125 0.8055555555555556 0.015625 0.027777777777777776
1 0.72734375 0.8854166666666666 0.0265625 0.03611111111111111
1 0.417578125 0.65 0.03046875 0.044444444444444446
1 0.2421875 0.7902777777777777 0.02734375 0.04722222222222222
1 0.55546875 0.5715277777777777 0.0234375 0.04027777777777778
1 0.675390625 0.25277777777777777 0.02421875 0.03888888888888889
1 0.959375 0.4340277777777778 0.02890625 0.05138888888888889
1 0.96796875 0.35555555555555557 0.03046875 0.04583333333333333
1 0.81796875 0.47430555555555554 0.02265625 0.05694444444444444
1 0.02734375 0.19791666666666666 0.02421875 0.04861111111111111
1 0.373828125 0.9861111111111112 0.025 0.027777777777777776
1 0.840234375 0.6493055555555556 0.0125 0.025
1 0.838671875 0.16458333333333333 0.01953125 0.029166666666666667
1 0.08203125 0.27291666666666664 0.02109375 0.043055555555555555
1 0.607421875 0.01875 0.02109375 0.0375
1 0.78671875 0.06458333333333334 0.0265625 0.04583333333333333
1 0.1640625 0.7798611111111111 0.03359375 0.030555555555555555
1 0.837890625 0.33541666666666664 0.0296875 0.06388888888888888
1 0.922265625 0.7020833333333333 0.01875 0.034722222222222224
1 0.65234375 0.9215277777777777 0.0328125 0.05
1 0.083203125 0.37430555555555556 0.0203125 0.0375
1 0.186328125 0.21736111111111112 0.03828125 0.03888888888888889
1 0.783984375 0.7305555555555555 0.01953125 0.03194444444444444
1 0.53515625 0.6923611111111111 0.01875 0.03333333333333333
1 0.708203125 0.7423611111111111 0.0203125 0.03888888888888889
1 0.94453125 0.029166666666666667 0.04140625 0.058333333333333334
1 0.066796875 0.5472222222222223 0.028125 0.041666666666666664
1 0.1953125 0.9208333333333333 0.02421875 0.05277777777777778
1 0.040625 0.9013888888888889 0.02890625 0.044444444444444446
1 0.0546875 0.4152777777777778 0.02890625 0.05
1 0.756640625 0.8104166666666667 0.0328125 0.12361111111111112
1 0.934375 0.8777777777777778 0.01796875 0.034722222222222224
1 0.10234375 0.6486111111111111 0.02109375 0.03888888888888889
1 0.76640625 0.49583333333333335 0.0203125 0.03194444444444444
1 0.57421875 0.5361111111111111 0.0296875 0.041666666666666664
1 0.86640625 0.15138888888888888 0.01484375 0.03194444444444444
1 0.987109375 0.7194444444444444 0.02578125 0.08611111111111111
1 0.728125 0.6597222222222222 0.01328125 0.02638888888888889
1 0.680078125 0.8097222222222222 0.025 0.03888888888888889
1 0.715625 0.2263888888888889 0.0234375 0.044444444444444446
1 0.8109375 0.7458333333333333 0.03671875 0.07777777777777778
1 0.84609375 0.6840277777777778 0.0203125 0.030555555555555555
1 0.62109375 0.9847222222222223 0.02890625 0.030555555555555555
1 0.248046875 0.6263888888888889 0.0234375 0.03888888888888889
1 0.751953125 0.21319444444444444 0.025 0.03333333333333333
1 0.6703125 0.5215277777777778 0.05390625 0.059722222222222225
1 0.889453125 0.9138888888888889 0.065625 0.10277777777777777
1 0.577734375 0.225 0.021875 0.044444444444444446
1 0.984765625 0.4930555555555556 0.03046875 0.07361111111111111
1 0.85390625 0.4479166666666667 0.021875 0.041666666666666664
1 0.9859375 0.020833333333333332 0.028125 0.041666666666666664
1 0.153515625 0.85 0.0171875 0.027777777777777776
1 0.07265625 0.9583333333333334 0.02890625 0.05416666666666667
1 0.633203125 0.6826388888888889 0.028125 0.07777777777777778
1 0.12734375 0.6381944444444444 0.02109375 0.06527777777777778
1 0.91953125 0.6048611111111111 0.0171875 0.03611111111111111
1 0.628515625 0.425 0.06171875 0.10555555555555556