1 0.920703125 0.43680555555555556 0.01328125 0.022222222222222223
1 0.885546875 0.5291666666666667 0.03515625 0.05694444444444444
1 0.8484375 0.4597222222222222 0.05703125 0.07777777777777778
1 0.77578125 0.5291666666666667 0.02109375 0.03333333333333333
1 0.707421875 0.4930555555555556 0.02109375 0.034722222222222224
1 0.740234375 0.4354166666666667 0.034375 0.075
1 0.743359375 0.38333333333333336 0.01015625 0.027777777777777776
1 0.785546875 0.33055555555555555 0.0171875 0.034722222222222224
1 0.814453125 0.24444444444444444 0.021875 0.044444444444444446
1 0.873046875 0.30833333333333335 0.0234375 0.02638888888888889
1 0.8515625 0.24791666666666667 0.0234375 0.058333333333333334
1 0.856640625 0.18819444444444444 0.01640625 0.03888888888888889
1 0.99375 0.007638888888888889 0.0125 0.015277777777777777
1 0.961328125 0.016666666666666666 0.04609375 0.03333333333333333
1 0.912890625 0.009722222222222222 0.01796875 0.019444444444444445
1 0.9015625 0.11666666666666667 0.02109375 0.044444444444444446
1 0.890625 0.059722222222222225 0.028125 0.03333333333333333
1 0.78515625 0.1388888888888889 0.02578125 0.05555555555555555
1 0.279296875 0.8715277777777778 0.01953125 0.03194444444444444
1 0.20859375 0.8354166666666667 0.02578125 0.05277777777777778
1 0.276171875 0.9701388888888889 0.0328125 0.041666666666666664
1 0.2375 0.9777777777777777 0.02109375 0.03888888888888889
1 0.70390625 0.7270833333333333 0.01796875 0.03333333333333333
1 0.79140625 0.2916666666666667 0.01015625 0.022222222222222223
1 0.5890625 0.5125 0.01015625 0.02361111111111111
1 0.597265625 0.45 0.0203125 0.03888888888888889
1 0.523046875 0.7104166666666667 0.0140625 0.016666666666666666
1 0.588671875 0.9118055555555555 0.0109375 0.020833333333333332
1 0.62265625 0.8097222222222222 0.0203125 0.03194444444444444
1 0.634765625 0.7548611111111111 0.0140625 0.03611111111111111
0 0.156640625 0.12986111111111112 0.1296875 0.25972222222222224
0 0.09453125 0.3416666666666667 0.1890625 0.3138888888888889
0 0.11640625 0.65625 0.1453125 0.49444444444444446
0 0.1140625 0.7875 0.228125 0.34444444444444444
0 0.195703125 0.9465277777777777 0.0921875 0.10694444444444444
0 0.6703125 0.8576388888888888 0.1578125 0.2847222222222222
0 0.69296875 0.8604166666666667 0.10078125 0.275
0 0.722265625 0.5229166666666667 0.165625 0.5097222222222222
0 0.70390625 0.32222222222222224 0.25390625 0.43472222222222223
0 0.718359375 0.1527777777777778 0.17734375 0.3055555555555556
0 0.60703125 0.059722222222222225 0.0703125 0.11944444444444445
1 0.255859375 0.3111111111111111 0.0203125 0.03194444444444444
1 0.278125 0.19236111111111112 0.015625 0.044444444444444446
1 0.270703125 0.05138888888888889 0.01796875 0.03194444444444444
1 0.212109375 0.4388888888888889 0.01796875 0.027777777777777776
1 0.134765625 0.3784722222222222 0.0125 0.02638888888888889
1 0.264453125 0.5673611111111111 0.021875 0.04722222222222222
1 0.23125 0.7416666666666667 0.03515625 0.07083333333333333
1 0.292578125 0.8194444444444444 0.01171875 0.020833333333333332
1 0.245703125 0.8222222222222222 0.02734375 0.03333333333333333
1 0.26015625 0.8694444444444445 0.00546875 0.019444444444444445
1 0.63125 0.6118055555555556 0.021875 0.04861111111111111
1 0.7328125 0.7048611111111112 0.01171875 0.029166666666666667
1 0.70078125 0.6395833333333333 0.02109375 0.03611111111111111
1 0.7140625 0.22708333333333333 0.0140625 0.02638888888888889
1 0.083203125 0.8777777777777778 0.01328125 0.03194444444444444
1 0.619921875 0.13958333333333334 0.02734375 0.14027777777777778
1 0.601953125 0.20069444444444445 0.01328125 0.02638888888888889
1 0.55859375 0.025 0.01875 0.044444444444444446
1 0.743359375 0.09791666666666667 0.0203125 0.03194444444444444
1 0.695703125 0.12777777777777777 0.01640625 0.022222222222222223
1 0.665234375 0.7506944444444444 0.0203125 0.0375
1 0.6765625 0.8958333333333334 0.0140625 0.025
1 0.762890625 0.9916666666666667 0.00625 0.016666666666666666
1 0.6734375 0.9472222222222222 0.01484375 0.034722222222222224
1 0.866796875 0.9402777777777778 0.028125 0.03194444444444444
1 0.90078125 0.9361111111111111 0.02890625 0.03611111111111111
1 0.90625 0.86875 0.04375 0.0875
1 0.954296875 0.9236111111111112 0.0390625 0.05277777777777778
1 0.980859375 0.8534722222222222 0.03828125 0.06805555555555555
1 0.937890625 0.7868055555555555 0.03515625 0.05694444444444444
1 0.89921875 0.7402777777777778 0.028125 0.044444444444444446
1 0.872265625 0.73125 0.01796875 0.02361111111111111
1 0.851953125 0.7868055555555555 0.0125 0.020833333333333332
1 0.8015625 0.7347222222222223 0.078125 0.16944444444444445
1 0.944921875 0.5881944444444445 0.02421875 0.059722222222222225
1 0.964453125 0.42777777777777776 0.01796875 0.0375