1 0.2453125 0.6135416666666667 0.025 0.04791666666666667
1 0.66328125 0.915625 0.03125 0.04791666666666667
1 0.575 0.5010416666666667 0.021875 0.035416666666666666
1 0.73125 0.26666666666666666 0.021875 0.03125
1 0.675 0.196875 0.021875 0.03125
1 0.64375 0.2 0.0296875 0.029166666666666667
1 0.03515625 0.36041666666666666 0.0234375 0.01875
1 0.2734375 0.5135416666666667 0.0265625 0.041666666666666664
0 0.50234375 0.9260416666666667 0.25 0.14375
0 0.453125 0.7666666666666667 0.1671875 0.32083333333333336
0 0.43671875 0.45729166666666665 0.2015625 0.23333333333333334
0 0.44453125 0.14791666666666667 0.2359375 0.15416666666666667
1 0.61953125 0.37395833333333334 0.0125 0.016666666666666666
1 0.24375 0.8104166666666667 0.0359375 0.041666666666666664
1 0.578125 0.8947916666666667 0.0203125 0.022916666666666665
1 0.35546875 0.59375 0.021875 0.03125
1 0.63828125 0.011458333333333333 0.0203125 0.01875
1 0.6890625 0.058333333333333334 0.021875 0.027083333333333334
1 0.28828125 0.23854166666666668 0.0296875 0.029166666666666667
1 0.2734375 0.36354166666666665 0.021875 0.016666666666666666
1 0.4359375 0.6072916666666667 0.0265625 0.07083333333333333
1 0.72421875 0.5302083333333333 0.028125 0.029166666666666667
1 0.82890625 0.7125 0.015625 0.014583333333333334
1 0.725 0.7208333333333333 0.021875 0.03125
1 0.2359375 0.20729166666666668 0.0125 0.022916666666666665
1 0.26171875 0.08333333333333333 0.015625 0.01875
1 0.9359375 0.9729166666666667 0.0109375 0.022916666666666665
1 0.853125 0.7989583333333333 0.0234375 0.029166666666666667
1 0.84609375 0.9375 0.01875 0.03958333333333333
1 0.6828125 0.7822916666666667 0.059375 0.0375
1 0.59296875 0.8072916666666666 0.028125 0.041666666666666664
1 0.44375 0.5375 0.034375 0.04375
1 0.49296875 0.7510416666666667 0.034375 0.022916666666666665
1 0.55 0.6729166666666667 0.025 0.04583333333333333
1 0.58125 0.6104166666666667 0.0265625 0.027083333333333334
1 0.55546875 0.228125 0.028125 0.03333333333333333
1 0.50625 0.3260416666666667 0.046875 0.052083333333333336
1 0.17734375 0.9145833333333333 0.0375 0.06041666666666667
1 0.07109375 0.6020833333333333 0.01875 0.03125
1 0.17578125 0.56875 0.0328125 0.03125
1 0.2203125 0.6354166666666666 0.040625 0.052083333333333336