0 0.712109375 0.5756944444444444 0.16328125 0.5555555555555556
0 0.689453125 0.8819444444444444 0.1046875 0.2361111111111111
0 0.097265625 0.30694444444444446 0.19296875 0.3611111111111111
0 0.120703125 0.5381944444444444 0.24140625 0.23472222222222222
1 0.2671875 0.8451388888888889 0.02578125 0.0375
1 0.266015625 0.7854166666666667 0.01875 0.03194444444444444
1 0.28671875 0.7583333333333333 0.0265625 0.03611111111111111
1 0.2890625 0.725 0.01796875 0.03611111111111111
1 0.259375 0.7013888888888888 0.04765625 0.07916666666666666
1 0.20390625 0.7638888888888888 0.025 0.0375
1 0.165234375 0.8111111111111111 0.0171875 0.04861111111111111
1 0.1796875 0.8770833333333333 0.02578125 0.04722222222222222
1 0.252734375 0.5583333333333333 0.03125 0.05416666666666667
1 0.305078125 0.5548611111111111 0.01796875 0.0375
1 0.269921875 0.4756944444444444 0.02734375 0.04027777777777778
1 0.245703125 0.40625 0.028125 0.03888888888888889
1 0.275390625 0.3763888888888889 0.02265625 0.027777777777777776
1 0.2390625 0.3173611111111111 0.02265625 0.025
1 0.11328125 0.46319444444444446 0.04375 0.04583333333333333
1 0.100390625 0.16944444444444445 0.028125 0.04722222222222222
1 0.22265625 0.18263888888888888 0.02578125 0.044444444444444446
1 0.2578125 0.25 0.01796875 0.05138888888888889
1 0.2734375 0.1423611111111111 0.0171875 0.03888888888888889
1 0.236328125 0.027777777777777776 0.04296875 0.05555555555555555
1 0.29765625 0.030555555555555555 0.0453125 0.06111111111111111
1 0.51015625 0.02013888888888889 0.02265625 0.04027777777777778
1 0.5296875 0.07291666666666667 0.021875 0.044444444444444446
1 0.787109375 0.06458333333333334 0.02890625 0.0625
1 0.828515625 0.17222222222222222 0.028125 0.041666666666666664
1 0.874609375 0.24722222222222223 0.03671875 0.06944444444444445
1 0.92734375 0.10138888888888889 0.03359375 0.0625
1 0.973828125 0.017361111111111112 0.03671875 0.034722222222222224
1 0.919921875 0.27361111111111114 0.01328125 0.044444444444444446
1 0.7109375 0.45694444444444443 0.0265625 0.06527777777777778
1 0.61328125 0.44166666666666665 0.01796875 0.04027777777777778
1 0.676953125 0.39305555555555555 0.0171875 0.043055555555555555
1 0.762109375 0.4701388888888889 0.02734375 0.06805555555555555
1 0.951171875 0.6215277777777778 0.05 0.08055555555555556
1 0.8546875 0.6409722222222223 0.0359375 0.05555555555555555
1 0.804296875 0.7479166666666667 0.028125 0.05416666666666667
1 0.77265625 0.7138888888888889 0.03359375 0.04583333333333333
1 0.638671875 0.7138888888888889 0.02265625 0.03611111111111111
1 0.471875 0.8819444444444444 0.0234375 0.03611111111111111
1 0.55 0.9118055555555555 0.0203125 0.06527777777777778
1 0.595703125 0.9118055555555555 0.04453125 0.10972222222222222
1 0.617578125 0.9347222222222222 0.01328125 0.029166666666666667
1 0.571484375 0.9715277777777778 0.01796875 0.019444444444444445
1 0.73046875 0.93125 0.03046875 0.05416666666666667
1 0.751171875 0.8708333333333333 0.01953125 0.044444444444444446
1 0.78515625 0.8791666666666667 0.03359375 0.05138888888888889
0 0.144140625 0.7048611111111112 0.275 0.26666666666666666
0 0.15078125 0.9215277777777777 0.134375 0.15694444444444444
1 0.03671875 0.8972222222222223 0.01796875 0.041666666666666664
1 0.588671875 0.39444444444444443 0.01875 0.034722222222222224
1 0.9828125 0.9 0.0171875 0.0375
1 0.85 0.9215277777777777 0.0171875 0.03611111111111111
1 0.9953125 0.2375 0.009375 0.09305555555555556
1 0.9921875 0.50625 0.015625 0.043055555555555555
1 0.8171875 0.5173611111111112 0.02265625 0.04027777777777778
1 0.894921875 0.38472222222222224 0.01875 0.02638888888888889
1 0.9046875 0.3145833333333333 0.01328125 0.02361111111111111
0 0.716015625 0.2611111111111111 0.18515625 0.5125
0 0.664453125 0.20208333333333334 0.12265625 0.4041666666666667
0 0.668359375 0.7777777777777778 0.16953125 0.19583333333333333
1 0.160546875 0.6520833333333333 0.02421875 0.05138888888888889
1 0.209765625 0.6270833333333333 0.01953125 0.034722222222222224
1 0.267578125 0.9090277777777778 0.02890625 0.04027777777777778
1 0.23515625 0.8708333333333333 0.0171875 0.0375