0 0.56328125 0.18680555555555556 0.18828125 0.25833333333333336
0 0.61171875 0.4131944444444444 0.09296875 0.4597222222222222
0 0.654296875 0.5729166666666666 0.159375 0.3527777777777778
1 0.65078125 0.21666666666666667 0.01171875 0.022222222222222223
1 0.59296875 0.011111111111111112 0.02578125 0.022222222222222223
1 0.753125 0.1875 0.0125 0.025
1 0.72734375 0.20972222222222223 0.0359375 0.06805555555555555
0 0.121875 0.8652777777777778 0.0859375 0.26944444444444443
0 0.056640625 0.9944444444444445 0.03359375 0.011111111111111112
0 0.6390625 0.8569444444444444 0.22109375 0.2861111111111111
1 0.840234375 0.005555555555555556 0.01171875 0.011111111111111112
1 0.72578125 0.2881944444444444 0.00859375 0.029166666666666667
1 0.768359375 0.5166666666666667 0.01953125 0.015277777777777777
1 0.760546875 0.49236111111111114 0.0203125 0.027777777777777776
1 0.7296875 0.5090277777777777 0.025 0.043055555555555555
1 0.66875 0.36319444444444443 0.0140625 0.027777777777777776
1 0.7859375 0.3326388888888889 0.0109375 0.018055555555555554
1 0.76875 0.2604166666666667 0.02421875 0.03194444444444444
1 0.830078125 0.34305555555555556 0.01171875 0.018055555555555554
1 0.929296875 0.37569444444444444 0.0171875 0.03194444444444444
1 0.925 0.32916666666666666 0.0171875 0.034722222222222224
1 0.976171875 0.17291666666666666 0.01953125 0.034722222222222224
1 0.74609375 0.004166666666666667 0.0078125 0.008333333333333333
1 0.88828125 0.022916666666666665 0.01171875 0.018055555555555554
1 0.910546875 0.09166666666666666 0.0140625 0.03611111111111111
1 0.892578125 0.0875 0.01171875 0.03611111111111111
1 0.851953125 0.15138888888888888 0.02265625 0.03888888888888889
1 0.8234375 0.15486111111111112 0.01953125 0.05
1 0.7953125 0.14791666666666667 0.03359375 0.0375
1 0.76171875 0.10625 0.0265625 0.05694444444444444
1 0.686328125 0.2326388888888889 0.01875 0.0375
0 0.0875 0.5826388888888889 0.153125 0.38055555555555554
0 0.1046875 0.36944444444444446 0.1203125 0.2222222222222222
0 0.08203125 0.15069444444444444 0.1640625 0.2625
0 0.1203125 0.10069444444444445 0.1015625 0.2013888888888889
1 0.6984375 0.18819444444444444 0.0140625 0.03194444444444444
1 0.859765625 0.5729166666666666 0.01171875 0.020833333333333332
1 0.99609375 0.8868055555555555 0.0078125 0.018055555555555554
1 0.9578125 0.8138888888888889 0.00859375 0.020833333333333332
1 0.905078125 0.8527777777777777 0.0109375 0.015277777777777777
1 0.894921875 0.99375 0.00859375 0.0125
1 0.94375 0.95 0.0125 0.015277777777777777
1 0.925 0.9229166666666667 0.01171875 0.018055555555555554
1 0.759375 0.8798611111111111 0.00859375 0.013888888888888888
1 0.753515625 0.9888888888888889 0.00703125 0.016666666666666666
1 0.69609375 0.9520833333333333 0.0078125 0.0125
1 0.71875 0.9 0.01171875 0.015277777777777777
1 0.719140625 0.8756944444444444 0.0125 0.025
1 0.766015625 0.9368055555555556 0.0171875 0.03194444444444444
1 0.76640625 0.9055555555555556 0.0125 0.027777777777777776
1 0.8640625 0.8229166666666666 0.0109375 0.018055555555555554
1 0.823046875 0.7993055555555556 0.01953125 0.027777777777777776
1 0.79140625 0.8680555555555556 0.02109375 0.03611111111111111
1 0.89453125 0.6076388888888888 0.0140625 0.02638888888888889
1 0.87890625 0.7229166666666667 0.01875 0.02638888888888889
1 0.925 0.7111111111111111 0.025 0.029166666666666667
1 0.035546875 0.16944444444444445 0.009375 0.022222222222222223
1 0.237109375 0.11805555555555555 0.0109375 0.027777777777777776
1 0.15703125 0.23541666666666666 0.0109375 0.020833333333333332
1 0.075 0.42430555555555555 0.0125 0.018055555555555554
1 0.0546875 0.4708333333333333 0.0125 0.022222222222222223
1 0.175 0.4041666666666667 0.015625 0.034722222222222224
1 0.44296875 0.9784722222222222 0.0203125 0.041666666666666664
1 0.658984375 0.9076388888888889 0.01640625 0.03888888888888889
1 0.628125 0.9381944444444444 0.0140625 0.025
1 0.584765625 0.9291666666666667 0.03125 0.08194444444444444
1 0.55234375 0.8263888888888888 0.0125 0.04583333333333333
1 0.491796875 0.8611111111111112 0.0109375 0.019444444444444445
1 0.476171875 0.9215277777777777 0.0203125 0.04722222222222222
1 0.2734375 0.6458333333333334 0.01484375 0.020833333333333332
1 0.228125 0.7361111111111112 0.0125 0.022222222222222223
1 0.401171875 0.8986111111111111 0.02578125 0.05416666666666667
1 0.18046875 0.9027777777777778 0.01015625 0.02638888888888889
1 0.244140625 0.9416666666666667 0.01484375 0.030555555555555555
1 0.215625 0.9402777777777778 0.03046875 0.05
1 0.054296875 0.9638888888888889 0.01328125 0.0125
1 0.060546875 0.7909722222222222 0.0140625 0.022222222222222223
1 0.049609375 0.5638888888888889 0.015625 0.020833333333333332
1 0.0359375 0.5645833333333333 0.01171875 0.025
1 0.184375 0.6701388888888888 0.02578125 0.041666666666666664
1 0.534375 0.34791666666666665 0.00859375 0.0125
1 0.441796875 0.4756944444444444 0.0078125 0.022222222222222223
1 0.29375 0.7666666666666667 0.01796875 0.025
1 0.584375 0.8423611111111111 0.01640625 0.018055555555555554
1 0.571875 0.8222222222222222 0.015625 0.029166666666666667
1 0.5015625 0.825 0.0234375 0.03611111111111111
1 0.533984375 0.7701388888888889 0.01484375 0.020833333333333332
1 0.44296875 0.7173611111111111 0.025 0.03194444444444444
1 0.366796875 0.6409722222222223 0.01171875 0.025
1 0.35 0.5548611111111111 0.01484375 0.030555555555555555
1 0.403125 0.5291666666666667 0.0140625 0.022222222222222223
1 0.414453125 0.5034722222222222 0.0140625 0.019444444444444445
1 0.471875 0.5486111111111112 0.02421875 0.05
1 0.472265625 0.5020833333333333 0.01015625 0.022222222222222223
1 0.576171875 0.36041666666666666 0.0140625 0.019444444444444445
1 0.545703125 0.3298611111111111 0.0140625 0.030555555555555555
1 0.521484375 0.3993055555555556 0.02109375 0.030555555555555555
1 0.5484375 0.5131944444444444 0.03984375 0.05138888888888889
1 0.51640625 0.6319444444444444 0.03203125 0.022222222222222223
1 0.501171875 0.6083333333333333 0.01640625 0.025
1 0.54609375 0.6513888888888889 0.015625 0.02638888888888889
1 0.591796875 0.7479166666666667 0.015625 0.020833333333333332
1 0.684765625 0.6861111111111111 0.009375 0.013888888888888888
1 0.71640625 0.7520833333333333 0.021875 0.0375
1 0.78828125 0.7263888888888889 0.0109375 0.015277777777777777
1 0.814453125 0.6930555555555555 0.02578125 0.02638888888888889
1 0.736328125 0.6104166666666667 0.03828125 0.05
1 0.708984375 0.5819444444444445 0.015625 0.030555555555555555
1 0.83671875 0.4354166666666667 0.00703125 0.020833333333333332
1 0.8796875 0.4388888888888889 0.025 0.034722222222222224
1 0.784765625 0.4826388888888889 0.01171875 0.043055555555555555
1 0.65703125 0.15555555555555556 0.0140625 0.029166666666666667
1 0.78046875 0.18958333333333333 0.0140625 0.03611111111111111
1 0.64453125 0.1625 0.01171875 0.015277777777777777
1 0.64921875 0.13194444444444445 0.0171875 0.022222222222222223
1 0.626171875 0.13472222222222222 0.01953125 0.058333333333333334
1 0.5546875 0.2048611111111111 0.01640625 0.030555555555555555
1 0.46484375 0.07777777777777778 0.0234375 0.05
1 0.5015625 0.15069444444444444 0.05546875 0.10277777777777777
1 0.50078125 0.23819444444444443 0.05234375 0.06666666666666667
1 0.380078125 0.32569444444444445 0.0140625 0.015277777777777777
1 0.433203125 0.31319444444444444 0.021875 0.06805555555555555
1 0.3 0.40208333333333335 0.00859375 0.03611111111111111
1 0.250390625 0.3715277777777778 0.0453125 0.09583333333333334
1 0.075390625 0.26805555555555555 0.015625 0.02361111111111111
1 0.168359375 0.3486111111111111 0.0171875 0.030555555555555555
1 0.165625 0.18333333333333332 0.015625 0.018055555555555554
1 0.188671875 0.06944444444444445 0.025 0.05416666666666667