1 0.771875 0.22083333333333333 0.0234375 0.035416666666666666
1 0.8234375 0.25104166666666666 0.03125 0.025
1 0.984375 0.29583333333333334 0.03125 0.03125
1 0.97265625 0.26875 0.028125 0.04375
1 0.9375 0.2625 0.03125 0.03333333333333333
1 0.90078125 0.22395833333333334 0.046875 0.052083333333333336
1 0.890625 0.16666666666666666 0.0375 0.05625
1 0.98515625 0.16354166666666667 0.0296875 0.06041666666666667
1 0.90859375 0.08958333333333333 0.0421875 0.06041666666666667
1 0.81953125 0.11666666666666667 0.040625 0.07291666666666667
1 0.6515625 0.1125 0.1265625 0.225
0 0.49453125 0.9083333333333333 0.0546875 0.18333333333333332
0 0.55078125 0.5385416666666667 0.3640625 0.5604166666666667
0 0.48046875 0.10833333333333334 0.2015625 0.21666666666666667
1 0.1609375 0.13958333333333334 0.0375 0.03333333333333333
1 0.12265625 0.10208333333333333 0.015625 0.01875
1 0.05859375 0.115625 0.0359375 0.04583333333333333
1 0.06328125 0.05416666666666667 0.01875 0.020833333333333332
1 0.0375 0.010416666666666666 0.046875 0.020833333333333332
1 0.12578125 0.034375 0.0359375 0.04791666666666667
1 0.23125 0.015625 0.0359375 0.03125
1 0.28828125 0.013541666666666667 0.0359375 0.027083333333333334
1 0.44296875 0.011458333333333333 0.03125 0.022916666666666665
1 0.39375 0.01875 0.0375 0.0375
1 0.828125 0.7604166666666666 0.015625 0.03958333333333333
1 0.7984375 0.7864583333333334 0.009375 0.016666666666666666
1 0.9296875 0.6020833333333333 0.015625 0.027083333333333334
1 0.771875 0.7958333333333333 0.0171875 0.03333333333333333
1 0.73984375 0.6979166666666666 0.0375 0.06041666666666667
0 0.4921875 0.34791666666666665 0.28125 0.14791666666666667
1 0.24140625 0.12395833333333334 0.0625 0.04375
1 0.1046875 0.215625 0.0171875 0.03125
1 0.16171875 0.20625 0.0171875 0.01875
1 0.16796875 0.24895833333333334 0.01875 0.020833333333333332
1 0.275 0.24791666666666667 0.0796875 0.07916666666666666
1 0.3640625 0.15625 0.053125 0.12916666666666668
1 0.425 0.17291666666666666 0.065625 0.06666666666666667
1 0.42734375 0.240625 0.01875 0.020833333333333332
1 0.51640625 0.19583333333333333 0.0890625 0.10833333333333334
1 0.88046875 0.34270833333333334 0.1109375 0.09791666666666667
1 0.88828125 0.40625 0.021875 0.027083333333333334
1 0.9515625 0.4427083333333333 0.0203125 0.01875
1 0.9953125 0.45729166666666665 0.009375 0.025
1 0.90546875 0.46979166666666666 0.0515625 0.058333333333333334
1 0.84609375 0.51875 0.03125 0.052083333333333336
1 0.12578125 0.28958333333333336 0.0328125 0.035416666666666666
1 0.06015625 0.5302083333333333 0.1203125 0.22916666666666666
1 0.21796875 0.40208333333333335 0.196875 0.19166666666666668
1 0.36328125 0.334375 0.0234375 0.04583333333333333
1 0.35703125 0.434375 0.034375 0.03958333333333333
1 0.4015625 0.47291666666666665 0.0421875 0.05
1 0.4328125 0.3625 0.0359375 0.05416666666666667
1 0.49453125 0.38229166666666664 0.0484375 0.08958333333333333
1 0.465625 0.45416666666666666 0.0828125 0.12083333333333333
1 0.6171875 0.39895833333333336 0.025 0.029166666666666667
1 0.571875 0.42604166666666665 0.01875 0.022916666666666665
1 0.47734375 0.2833333333333333 0.040625 0.020833333333333332
1 0.21640625 0.7177083333333333 0.3265625 0.33125
1 0.334375 0.5166666666666667 0.015625 0.016666666666666666
1 0.43359375 0.5802083333333333 0.04375 0.04375
1 0.484375 0.54375 0.0359375 0.04791666666666667
1 0.428125 0.621875 0.0203125 0.025
1 0.40625 0.6458333333333334 0.0265625 0.04583333333333333
1 0.5625 0.5885416666666666 0.0390625 0.05625
1 0.60390625 0.58125 0.040625 0.06875
1 0.6375 0.5447916666666667 0.03125 0.03333333333333333
1 0.70234375 0.5322916666666667 0.075 0.14375
1 0.19375 0.07916666666666666 0.0140625 0.027083333333333334
1 0.76640625 0.565625 0.03125 0.05625
1 0.9 0.6072916666666667 0.0140625 0.014583333333333334
1 0.91953125 0.7 0.0546875 0.07291666666666667
1 0.95625 0.7135416666666666 0.0234375 0.035416666666666666
1 0.79765625 0.659375 0.025 0.03125
1 0.86484375 0.7229166666666667 0.0546875 0.10416666666666667
1 0.63671875 0.634375 0.059375 0.0625
1 0.78515625 0.7302083333333333 0.0359375 0.035416666666666666
1 0.92890625 0.859375 0.1328125 0.21458333333333332
1 0.84140625 0.928125 0.025 0.027083333333333334
1 0.77109375 0.159375 0.015625 0.016666666666666666
1 0.0859375 0.8739583333333333 0.0203125 0.022916666666666665
1 0.3625 0.9833333333333333 0.0296875 0.03333333333333333
1 0.3109375 0.9895833333333334 0.025 0.020833333333333332
1 0.2546875 0.953125 0.046875 0.07291666666666667
1 0.2109375 0.9260416666666667 0.046875 0.075
1 0.45234375 0.934375 0.0359375 0.08541666666666667
1 0.38984375 0.940625 0.0484375 0.05
1 0.609375 0.95 0.0625 0.1
1 0.5484375 0.9729166666666667 0.05625 0.04791666666666667
1 0.67265625 0.9520833333333333 0.0453125 0.09166666666666666
1 0.61796875 0.8760416666666667 0.0328125 0.035416666666666666
1 0.5515625 0.8864583333333333 0.075 0.09791666666666667
1 0.75078125 0.634375 0.0234375 0.04375
1 0.65 0.8020833333333334 0.025 0.035416666666666666
1 0.51796875 0.790625 0.1046875 0.1125
1 0.61015625 0.7895833333333333 0.0421875 0.05416666666666667
1 0.5546875 0.7104166666666667 0.040625 0.08541666666666667
1 0.74453125 0.9489583333333333 0.0203125 0.022916666666666665
1 0.54609375 0.10208333333333333 0.0484375 0.058333333333333334
1 0.70546875 0.24166666666666667 0.015625 0.04375
1 0.67734375 0.28229166666666666 0.0328125 0.06666666666666667
1 0.7796875 0.27291666666666664 0.040625 0.05