0 0.109765625 0.20694444444444443 0.134375 0.41388888888888886
1 0.16640625 0.9666666666666667 0.01875 0.04027777777777778
1 0.203125 0.9291666666666667 0.00703125 0.011111111111111112
1 0.242578125 0.9493055555555555 0.015625 0.03333333333333333
1 0.2953125 0.8902777777777777 0.01484375 0.029166666666666667
1 0.34375 0.9138888888888889 0.025 0.04722222222222222
1 0.88984375 0.08819444444444445 0.01875 0.04027777777777778
1 0.841796875 0.15555555555555556 0.01484375 0.03611111111111111
1 0.673046875 0.9583333333333334 0.02578125 0.03611111111111111
1 0.709765625 0.9868055555555556 0.01640625 0.02638888888888889
1 0.925 0.9326388888888889 0.01484375 0.02361111111111111
1 0.343359375 0.9541666666666667 0.0140625 0.022222222222222223
1 0.26328125 0.8527777777777777 0.02421875 0.030555555555555555
1 0.280859375 0.80625 0.02890625 0.05694444444444444
1 0.194140625 0.8243055555555555 0.01875 0.044444444444444446
1 0.244140625 0.6972222222222222 0.015625 0.02638888888888889
1 0.088671875 0.64375 0.02578125 0.043055555555555555
1 0.034765625 0.3659722222222222 0.01171875 0.02638888888888889
0 0.1078125 0.40208333333333335 0.215625 0.15138888888888888
0 0.123828125 0.5909722222222222 0.1453125 0.4791666666666667
0 0.146875 0.8791666666666667 0.23359375 0.24166666666666667
0 0.166015625 0.8951388888888889 0.05625 0.20972222222222223
0 0.64609375 0.95625 0.103125 0.0875
0 0.6421875 0.8125 0.13984375 0.325
0 0.669921875 0.7006944444444444 0.1546875 0.5569444444444445
0 0.701171875 0.3263888888888889 0.30859375 0.28194444444444444
1 0.0875 0.2763888888888889 0.03046875 0.06666666666666667
1 0.1203125 0.19652777777777777 0.059375 0.09166666666666666
1 0.062109375 0.12569444444444444 0.08515625 0.18611111111111112
1 0.47734375 0.26458333333333334 0.02109375 0.043055555555555555
1 0.3984375 0.28888888888888886 0.0265625 0.04861111111111111
1 0.403125 0.4701388888888889 0.0078125 0.013888888888888888
1 0.43046875 0.4965277777777778 0.0140625 0.020833333333333332
1 0.497265625 0.4951388888888889 0.02265625 0.0625
1 0.272265625 0.49722222222222223 0.00859375 0.013888888888888888
1 0.212890625 0.15833333333333333 0.025 0.043055555555555555
1 0.116796875 0.09791666666666667 0.0328125 0.05694444444444444
1 0.13984375 0.08472222222222223 0.01015625 0.03611111111111111
1 0.04375 0.02013888888888889 0.03515625 0.04027777777777778
1 0.255078125 0.04722222222222222 0.0328125 0.05555555555555555
1 0.258203125 0.5840277777777778 0.0125 0.025
1 0.392578125 0.6895833333333333 0.0203125 0.044444444444444446
1 0.444140625 0.7548611111111111 0.01796875 0.02361111111111111
1 0.474609375 0.9118055555555555 0.03046875 0.04583333333333333
1 0.516796875 0.8326388888888889 0.01875 0.0375
1 0.43046875 0.9618055555555556 0.01171875 0.019444444444444445
1 0.43984375 0.9381944444444444 0.00703125 0.013888888888888888
1 0.481640625 0.6020833333333333 0.03984375 0.05555555555555555
1 0.4515625 0.6402777777777777 0.02109375 0.041666666666666664
1 0.398046875 0.5791666666666667 0.01796875 0.027777777777777776
1 0.577734375 0.6625 0.0203125 0.03194444444444444
1 0.619140625 0.6895833333333333 0.02578125 0.04861111111111111
1 0.1734375 0.14027777777777778 0.01015625 0.02361111111111111
1 0.178515625 0.1076388888888889 0.0203125 0.04027777777777778
1 0.191796875 0.024305555555555556 0.01015625 0.020833333333333332
1 0.278125 0.22777777777777777 0.01015625 0.016666666666666666
1 0.20703125 0.22291666666666668 0.0140625 0.022222222222222223
1 0.25546875 0.13958333333333334 0.01328125 0.02361111111111111
1 0.38515625 0.2111111111111111 0.0171875 0.025
1 0.451953125 0.2013888888888889 0.009375 0.027777777777777776
1 0.41484375 0.09583333333333334 0.02734375 0.041666666666666664
1 0.581640625 0.18541666666666667 0.040625 0.07083333333333333
1 0.746484375 0.2708333333333333 0.0171875 0.0375
1 0.776953125 0.2 0.015625 0.041666666666666664
1 0.61328125 0.4270833333333333 0.0265625 0.04861111111111111
1 0.74453125 0.47291666666666665 0.0171875 0.030555555555555555
1 0.68359375 0.7784722222222222 0.009375 0.020833333333333332
1 0.834765625 0.59375 0.021875 0.03333333333333333
1 0.990234375 0.85625 0.01328125 0.019444444444444445
1 0.423046875 0.3972222222222222 0.0296875 0.041666666666666664
1 0.40703125 0.36944444444444446 0.01015625 0.025
1 0.326953125 0.45902777777777776 0.025 0.043055555555555555
1 0.302734375 0.40069444444444446 0.02265625 0.04861111111111111
1 0.237109375 0.3951388888888889 0.02421875 0.03611111111111111
1 0.0859375 0.4201388888888889 0.02890625 0.03194444444444444
1 0.02890625 0.5743055555555555 0.01875 0.025
0 0.703125 0.21875 0.2375 0.30972222222222223