0 0.62578125 0.2833333333333333 0.26875 0.3458333333333333
1 0.633984375 0.4048611111111111 0.02421875 0.05555555555555555
1 0.6078125 0.3145833333333333 0.0421875 0.06944444444444445
0 0.146875 0.8805555555555555 0.12578125 0.2388888888888889
1 0.80234375 0.5298611111111111 0.01875 0.04027777777777778
1 0.75703125 0.48333333333333334 0.03046875 0.05416666666666667
0 0.1265625 0.9375 0.1296875 0.11944444444444445
1 0.941796875 0.1388888888888889 0.0171875 0.030555555555555555
1 0.731640625 0.05277777777777778 0.0203125 0.029166666666666667
1 0.992578125 0.11388888888888889 0.01484375 0.03194444444444444
1 0.765625 0.1909722222222222 0.021875 0.05277777777777778
1 0.61015625 0.7305555555555555 0.0234375 0.05416666666666667
1 0.754296875 0.5986111111111111 0.03984375 0.07361111111111111
1 0.9546875 0.22847222222222222 0.0265625 0.06111111111111111
0 0.65703125 0.6958333333333333 0.12890625 0.5458333333333333
0 0.13203125 0.3840277777777778 0.25703125 0.11388888888888889
1 0.89453125 0.42291666666666666 0.01953125 0.027777777777777776
1 0.653515625 0.45416666666666666 0.034375 0.06805555555555555
1 0.719140625 0.9902777777777778 0.02265625 0.019444444444444445
1 0.59296875 0.5055555555555555 0.03046875 0.05694444444444444
1 0.1328125 0.3548611111111111 0.01953125 0.030555555555555555
0 0.6703125 0.8479166666666667 0.06796875 0.30416666666666664
1 0.139453125 0.7659722222222223 0.01796875 0.029166666666666667
1 0.5859375 0.86875 0.0140625 0.03194444444444444
1 0.986328125 0.2708333333333333 0.02109375 0.075
1 0.93984375 0.44375 0.01875 0.03611111111111111
1 0.626953125 0.8777777777777778 0.0203125 0.04583333333333333
1 0.973828125 0.7486111111111111 0.01796875 0.0375
1 0.88046875 0.4638888888888889 0.028125 0.030555555555555555
0 0.655078125 0.1673611111111111 0.15390625 0.32916666666666666
1 0.605078125 0.6090277777777777 0.025 0.05138888888888889
1 0.95703125 0.6458333333333334 0.0265625 0.04861111111111111
1 0.902734375 0.04513888888888889 0.0234375 0.04722222222222222
1 0.933203125 0.3138888888888889 0.0203125 0.03888888888888889
1 0.914453125 0.8645833333333334 0.025 0.04027777777777778
1 0.974609375 0.8194444444444444 0.0328125 0.0763888888888889
0 0.1421875 0.08402777777777778 0.228125 0.16527777777777777
1 0.824609375 0.55 0.02890625 0.08333333333333333
0 0.1234375 0.6486111111111111 0.13203125 0.4930555555555556
1 0.85234375 0.02361111111111111 0.046875 0.04722222222222222
1 0.68671875 0.13194444444444445 0.0546875 0.15694444444444444
1 0.855078125 0.6194444444444445 0.0296875 0.06805555555555555
1 0.94296875 0.6930555555555555 0.02890625 0.04027777777777778
1 0.880859375 0.6680555555555555 0.0359375 0.07916666666666666