1 0.3109375 0.93125 0.0265625 0.04583333333333333
1 0.434375 0.07708333333333334 0.025 0.022916666666666665
1 0.74765625 0.4125 0.0265625 0.041666666666666664
1 0.3625 0.8083333333333333 0.021875 0.035416666666666666
1 0.44296875 0.42916666666666664 0.0203125 0.020833333333333332
1 0.26640625 0.2916666666666667 0.0359375 0.06041666666666667
1 0.75 0.035416666666666666 0.071875 0.07083333333333333
1 0.64453125 0.696875 0.0109375 0.027083333333333334
1 0.4875 0.00625 0.0171875 0.0125
1 0.03125 0.275 0.0140625 0.020833333333333332
1 0.0171875 0.09270833333333334 0.015625 0.020833333333333332
1 0.72421875 0.6395833333333333 0.025 0.020833333333333332
1 0.97890625 0.5916666666666667 0.0421875 0.027083333333333334
1 0.98671875 0.553125 0.0265625 0.025
1 0.98671875 0.8197916666666667 0.0265625 0.020833333333333332
1 0.41171875 0.9552083333333333 0.0265625 0.01875
1 0.54140625 0.7479166666666667 0.021875 0.03125
1 0.8375 0.34791666666666665 0.0265625 0.029166666666666667
1 0.71484375 0.06354166666666666 0.0171875 0.022916666666666665
1 0.65234375 0.009375 0.04375 0.01875
1 0.5375 0.109375 0.025 0.027083333333333334
1 0.60234375 0.40520833333333334 0.01875 0.022916666666666665
1 0.46015625 0.36875 0.0265625 0.022916666666666665
1 0.546875 0.13958333333333334 0.0265625 0.03333333333333333
1 0.165625 0.28229166666666666 0.01875 0.01875
1 0.2390625 0.58125 0.025 0.027083333333333334
1 0.5796875 0.07083333333333333 0.0203125 0.029166666666666667
1 0.390625 0.09583333333333334 0.0515625 0.06458333333333334
0 0.55703125 0.9145833333333333 0.09375 0.17083333333333334
1 0.459375 0.8489583333333334 0.025 0.025
1 0.28125 0.07083333333333333 0.025 0.029166666666666667
1 0.7078125 0.6770833333333334 0.0234375 0.027083333333333334
1 0.8125 0.5125 0.01875 0.03333333333333333
1 0.975 0.8739583333333333 0.021875 0.029166666666666667
1 0.56484375 0.8072916666666666 0.034375 0.03125
1 0.65078125 0.4322916666666667 0.028125 0.03333333333333333
1 0.7046875 0.171875 0.0265625 0.025
1 0.65 0.27708333333333335 0.0328125 0.0375
1 0.678125 0.396875 0.0296875 0.027083333333333334
1 0.47109375 0.26666666666666666 0.0296875 0.027083333333333334
1 0.5234375 0.6833333333333333 0.0265625 0.03958333333333333
1 0.84453125 0.03229166666666667 0.0484375 0.03125
0 0.5609375 0.390625 0.1703125 0.2520833333333333
0 0.58203125 0.14895833333333333 0.0796875 0.23958333333333334