1 0.476953125 0.005555555555555556 0.01171875 0.011111111111111112
1 0.466015625 0.09027777777777778 0.02109375 0.07222222222222222
1 0.4796875 0.1638888888888889 0.025 0.04583333333333333
1 0.513671875 0.20069444444444445 0.021875 0.041666666666666664
1 0.537109375 0.23333333333333334 0.01015625 0.02638888888888889
1 0.553125 0.2659722222222222 0.0203125 0.0375
1 0.58125 0.30972222222222223 0.0140625 0.016666666666666666
1 0.640625 0.3090277777777778 0.01640625 0.02638888888888889
1 0.747265625 0.3784722222222222 0.01875 0.041666666666666664
1 0.718359375 0.48125 0.021875 0.05
1 0.69140625 0.5083333333333333 0.0265625 0.059722222222222225
1 0.583203125 0.4638888888888889 0.01875 0.043055555555555555
1 0.601171875 0.5097222222222222 0.021875 0.05555555555555555
1 0.565234375 0.34652777777777777 0.01640625 0.025
1 0.494140625 0.4076388888888889 0.0234375 0.04861111111111111
1 0.458203125 0.3729166666666667 0.01171875 0.02638888888888889
0 0.139453125 0.26458333333333334 0.0953125 0.275
1 0.502734375 0.4861111111111111 0.0171875 0.02361111111111111
1 0.541015625 0.5458333333333333 0.009375 0.02638888888888889
1 0.48359375 0.5541666666666667 0.0203125 0.04722222222222222
1 0.48984375 0.5881944444444445 0.009375 0.018055555555555554
1 0.53046875 0.6701388888888888 0.03515625 0.06527777777777778
1 0.551953125 0.6409722222222223 0.0140625 0.013888888888888888
1 0.68984375 0.5840277777777778 0.0265625 0.04583333333333333
1 0.8453125 0.49583333333333335 0.03125 0.07083333333333333
1 0.903515625 0.48125 0.0390625 0.05
1 0.950390625 0.4597222222222222 0.03125 0.041666666666666664
1 0.917578125 0.5138888888888888 0.01640625 0.05
1 0.9390625 0.5284722222222222 0.01875 0.07361111111111111
1 0.978515625 0.5798611111111112 0.0265625 0.041666666666666664
1 0.92421875 0.6090277777777777 0.0640625 0.07916666666666666
1 0.80546875 0.5965277777777778 0.0609375 0.09027777777777778
1 0.837109375 0.6729166666666667 0.03515625 0.06527777777777778
1 0.797265625 0.7291666666666666 0.02109375 0.03194444444444444
1 0.664453125 0.6569444444444444 0.01484375 0.020833333333333332
1 0.5625 0.7208333333333333 0.02109375 0.03888888888888889
1 0.521875 0.7666666666666667 0.01328125 0.029166666666666667
1 0.593359375 0.7986111111111112 0.0234375 0.04027777777777778
1 0.647265625 0.7208333333333333 0.01015625 0.025
1 0.969140625 0.7402777777777778 0.0109375 0.015277777777777777
1 0.970703125 0.7986111111111112 0.015625 0.020833333333333332
1 0.909765625 0.8381944444444445 0.05625 0.09861111111111111
1 0.852734375 0.8520833333333333 0.03046875 0.07916666666666666
1 0.63125 0.7604166666666666 0.01796875 0.030555555555555555
1 0.60546875 0.8319444444444445 0.03046875 0.08611111111111111
1 0.64921875 0.9777777777777777 0.0390625 0.044444444444444446
1 0.659765625 0.9201388888888888 0.01328125 0.0375
1 0.500390625 0.91875 0.02265625 0.03611111111111111
1 0.46484375 0.7722222222222223 0.021875 0.04722222222222222
1 0.444140625 0.7020833333333333 0.01015625 0.020833333333333332
1 0.461328125 0.6048611111111111 0.015625 0.04027777777777778
1 0.426953125 0.6111111111111112 0.01875 0.029166666666666667
1 0.4078125 0.6840277777777778 0.0171875 0.041666666666666664
1 0.4265625 0.8923611111111112 0.0171875 0.03333333333333333
1 0.415234375 0.9416666666666667 0.0234375 0.058333333333333334
1 0.51484375 0.8756944444444444 0.01171875 0.019444444444444445
1 0.42265625 0.9881944444444445 0.0109375 0.018055555555555554
1 0.584765625 0.8520833333333333 0.00859375 0.020833333333333332
1 0.598828125 0.6090277777777777 0.00625 0.013888888888888888
1 0.225 0.8131944444444444 0.01640625 0.025
1 0.16875 0.7597222222222222 0.0484375 0.08472222222222223
1 0.22265625 0.6680555555555555 0.01953125 0.043055555555555555
1 0.115234375 0.69375 0.03203125 0.04722222222222222
1 0.09921875 0.6395833333333333 0.01484375 0.044444444444444446
1 0.246875 0.5520833333333334 0.0328125 0.05694444444444444
1 0.223828125 0.5756944444444444 0.01171875 0.03333333333333333
1 0.233984375 0.7222222222222222 0.0171875 0.030555555555555555
1 0.21796875 0.9333333333333333 0.01015625 0.016666666666666666
1 0.169921875 0.8576388888888888 0.0109375 0.0125
1 0.407421875 0.38263888888888886 0.04765625 0.08472222222222223
1 0.43671875 0.4423611111111111 0.04296875 0.05277777777777778
1 0.32890625 0.39375 0.02109375 0.029166666666666667
1 0.36015625 0.3819444444444444 0.01640625 0.03194444444444444
1 0.333203125 0.3020833333333333 0.01953125 0.030555555555555555
1 0.2953125 0.31666666666666665 0.04453125 0.08055555555555556
1 0.277734375 0.36875 0.01640625 0.027777777777777776
1 0.26015625 0.4388888888888889 0.01328125 0.02638888888888889
1 0.24609375 0.36875 0.015625 0.02638888888888889
1 0.222265625 0.3138888888888889 0.01796875 0.0375
1 0.190234375 0.3958333333333333 0.015625 0.025
1 0.07734375 0.18819444444444444 0.01171875 0.02638888888888889
1 0.08984375 0.20625 0.01796875 0.04027777777777778
1 0.190234375 0.18263888888888888 0.0140625 0.025
1 0.39375 0.19722222222222222 0.01484375 0.0375
1 0.05859375 0.3659722222222222 0.01953125 0.041666666666666664
1 0.05 0.25833333333333336 0.0140625 0.027777777777777776
1 0.040234375 0.13819444444444445 0.015625 0.034722222222222224
1 0.11640625 0.011111111111111112 0.02109375 0.022222222222222223
1 0.14296875 0.018055555555555554 0.01875 0.03611111111111111
1 0.20703125 0.05416666666666667 0.01796875 0.029166666666666667
1 0.423046875 0.006944444444444444 0.00703125 0.013888888888888888
1 0.059375 0.03888888888888889 0.00703125 0.0125
1 0.72265625 0.15486111111111112 0.01796875 0.02638888888888889
1 0.70703125 0.1638888888888889 0.0078125 0.018055555555555554
0 0.100390625 0.4305555555555556 0.20078125 0.15555555555555556
0 0.1609375 0.6270833333333333 0.17109375 0.2916666666666667
0 0.1453125 0.9090277777777778 0.2296875 0.18194444444444444
0 0.684375 0.8361111111111111 0.0625 0.3277777777777778
0 0.696484375 0.6902777777777778 0.25234375 0.2652777777777778
0 0.697265625 0.5055555555555555 0.18203125 0.3125
0 0.660546875 0.17916666666666667 0.128125 0.35833333333333334
1 0.98828125 0.016666666666666666 0.0234375 0.03333333333333333
1 0.94921875 0.025694444444444443 0.03046875 0.041666666666666664
1 0.89453125 0.1111111111111111 0.0171875 0.0375
1 0.823046875 0.013888888888888888 0.01640625 0.027777777777777776
1 0.97265625 0.15555555555555556 0.0078125 0.013888888888888888
1 0.98515625 0.1986111111111111 0.0140625 0.022222222222222223
1 0.882421875 0.2298611111111111 0.0203125 0.03333333333333333
1 0.878515625 0.2777777777777778 0.03359375 0.044444444444444446
1 0.91484375 0.33402777777777776 0.03203125 0.06666666666666667
1 0.841015625 0.38680555555555557 0.00859375 0.022222222222222223
1 0.86015625 0.40208333333333335 0.0109375 0.015277777777777777
1 0.9265625 0.4236111111111111 0.028125 0.058333333333333334
1 0.553515625 0.021527777777777778 0.01875 0.043055555555555555
1 0.579296875 0.027777777777777776 0.04296875 0.05555555555555555
1 0.607421875 0.034722222222222224 0.01796875 0.06944444444444445
1 0.54453125 0.12291666666666666 0.03671875 0.06111111111111111
1 0.5171875 0.07847222222222222 0.01953125 0.05
1 0.510546875 0.034722222222222224 0.0234375 0.03611111111111111