1 0.133203125 0.9555555555555556 0.02734375 0.03888888888888889
1 0.06953125 0.7645833333333333 0.0421875 0.05416666666666667
1 0.09140625 0.8048611111111111 0.00859375 0.016666666666666666
1 0.13828125 0.7923611111111111 0.01796875 0.034722222222222224
1 0.08203125 0.9673611111111111 0.0125 0.02361111111111111
1 0.24921875 0.8340277777777778 0.01640625 0.029166666666666667
1 0.198046875 0.5541666666666667 0.021875 0.029166666666666667
1 0.190234375 0.26458333333333334 0.03984375 0.09722222222222222
1 0.22734375 0.25 0.0234375 0.03333333333333333
1 0.24140625 0.2048611111111111 0.0203125 0.059722222222222225
1 0.252734375 0.25555555555555554 0.00625 0.019444444444444445
1 0.091015625 0.2222222222222222 0.02109375 0.041666666666666664
1 0.0921875 0.08958333333333333 0.01875 0.04027777777777778
1 0.025390625 0.03333333333333333 0.0109375 0.02361111111111111
1 0.051953125 0.04097222222222222 0.0140625 0.02361111111111111
1 0.081640625 0.04236111111111111 0.01484375 0.027777777777777776
1 0.053125 0.011111111111111112 0.01796875 0.022222222222222223
1 0.22421875 0.022916666666666665 0.021875 0.04583333333333333
1 0.2921875 0.13333333333333333 0.028125 0.03888888888888889
1 0.308984375 0.16319444444444445 0.021875 0.030555555555555555
1 0.266015625 0.15833333333333333 0.0125 0.03194444444444444
1 0.351953125 0.37430555555555556 0.05078125 0.09444444444444444
1 0.405859375 0.3263888888888889 0.01640625 0.034722222222222224
1 0.419140625 0.4388888888888889 0.01484375 0.027777777777777776
1 0.258203125 0.5701388888888889 0.01171875 0.015277777777777777
1 0.44453125 0.7819444444444444 0.0203125 0.04027777777777778
1 0.463671875 0.7777777777777778 0.0140625 0.05138888888888889
1 0.481640625 0.7027777777777777 0.01484375 0.018055555555555554
1 0.51015625 0.7729166666666667 0.01171875 0.015277777777777777
1 0.458203125 0.9305555555555556 0.009375 0.02361111111111111
1 0.609375 0.05277777777777778 0.025 0.043055555555555555
1 0.63984375 0.06736111111111111 0.00859375 0.03611111111111111
1 0.66640625 0.16527777777777777 0.02265625 0.04722222222222222
1 0.671875 0.11041666666666666 0.02421875 0.04861111111111111
1 0.727734375 0.1527777777777778 0.021875 0.034722222222222224
1 0.741015625 0.26875 0.03515625 0.06944444444444445
1 0.755078125 0.3326388888888889 0.02421875 0.05
1 0.72890625 0.3958333333333333 0.015625 0.029166666666666667
1 0.74375 0.40694444444444444 0.01953125 0.04861111111111111
1 0.766796875 0.41041666666666665 0.025 0.08194444444444444
1 0.783984375 0.4756944444444444 0.04296875 0.08611111111111111
1 0.73828125 0.5138888888888888 0.02890625 0.05138888888888889
1 0.783984375 0.5541666666666667 0.0234375 0.04861111111111111
1 0.80703125 0.5173611111111112 0.01328125 0.029166666666666667
1 0.82578125 0.5180555555555556 0.01953125 0.029166666666666667
1 0.853125 0.6041666666666666 0.0203125 0.018055555555555554
1 0.8484375 0.70625 0.01640625 0.02361111111111111
1 0.856640625 0.7611111111111111 0.01484375 0.030555555555555555
1 0.8828125 0.5152777777777777 0.03515625 0.08888888888888889
1 0.8859375 0.41388888888888886 0.021875 0.0625
1 0.858984375 0.45 0.01328125 0.019444444444444445
1 0.830078125 0.3854166666666667 0.02890625 0.04027777777777778
1 0.869140625 0.36666666666666664 0.021875 0.06944444444444445
1 0.94765625 0.37430555555555556 0.01015625 0.019444444444444445
1 0.8828125 0.2222222222222222 0.0203125 0.044444444444444446
1 0.857421875 0.2534722222222222 0.0171875 0.04583333333333333
1 0.931640625 0.22152777777777777 0.0203125 0.034722222222222224
1 0.94609375 0.18472222222222223 0.01015625 0.025
1 0.83046875 0.1527777777777778 0.01328125 0.03333333333333333
1 0.775390625 0.1840277777777778 0.0125 0.03194444444444444
1 0.80546875 0.13402777777777777 0.01328125 0.03888888888888889
1 0.790625 0.10138888888888889 0.015625 0.020833333333333332
1 0.6953125 0.005555555555555556 0.01796875 0.011111111111111112
1 0.7125 0.034722222222222224 0.02890625 0.06944444444444445
1 0.744921875 0.06805555555555555 0.01484375 0.02638888888888889
1 0.86015625 0.06111111111111111 0.01015625 0.018055555555555554
1 0.596484375 0.15763888888888888 0.00703125 0.025
1 0.177734375 0.5868055555555556 0.0265625 0.02361111111111111
0 0.1703125 0.9805555555555555 0.05546875 0.03888888888888889
0 0.6265625 0.7958333333333333 0.12265625 0.4083333333333333
0 0.65703125 0.9583333333333334 0.0734375 0.08333333333333333
0 0.708984375 0.5159722222222223 0.13046875 0.43194444444444446
0 0.649609375 0.24097222222222223 0.07734375 0.48194444444444445
0 0.634375 0.29583333333333334 0.12734375 0.4847222222222222
1 0.176953125 0.6604166666666667 0.04609375 0.09722222222222222
1 0.508203125 0.12916666666666668 0.0203125 0.06527777777777778
1 0.49609375 0.00625 0.0203125 0.0125
1 0.538671875 0.3645833333333333 0.0296875 0.1111111111111111
1 0.501953125 0.24722222222222223 0.0203125 0.04027777777777778
1 0.493359375 0.3 0.0390625 0.07083333333333333
0 0.115625 0.09027777777777778 0.18515625 0.18055555555555555
0 0.145703125 0.3472222222222222 0.23359375 0.18194444444444444
1 0.59921875 0.2652777777777778 0.025 0.04861111111111111
1 0.55625 0.26875 0.03671875 0.08472222222222223
1 0.439453125 0.3611111111111111 0.00625 0.016666666666666666
1 0.506640625 0.39861111111111114 0.015625 0.027777777777777776
1 0.459375 0.28541666666666665 0.03046875 0.08333333333333333
1 0.562890625 0.4097222222222222 0.01484375 0.029166666666666667
1 0.46875 0.23055555555555557 0.015625 0.03333333333333333
1 0.435546875 0.2548611111111111 0.0265625 0.06805555555555555
1 0.421875 0.20416666666666666 0.0234375 0.05277777777777778
1 0.565625 0.0875 0.02109375 0.025
1 0.57109375 0.15 0.021875 0.03333333333333333
1 0.420703125 0.06875 0.07890625 0.1375
1 0.629296875 0.28055555555555556 0.015625 0.07222222222222222
1 0.591796875 0.4340277777777778 0.03046875 0.059722222222222225
1 0.61875 0.4625 0.025 0.06111111111111111
1 0.61875 0.5229166666666667 0.040625 0.06111111111111111
1 0.537890625 0.4583333333333333 0.0265625 0.05
1 0.475 0.475 0.0265625 0.030555555555555555
1 0.508203125 0.4618055555555556 0.00859375 0.013888888888888888
1 0.51640625 0.5166666666666667 0.021875 0.0375
1 0.5671875 0.5694444444444444 0.04296875 0.06527777777777778
1 0.6265625 0.5854166666666667 0.025 0.043055555555555555
1 0.64296875 0.6055555555555555 0.0171875 0.019444444444444445
1 0.65625 0.6541666666666667 0.03671875 0.06805555555555555
1 0.625390625 0.6520833333333333 0.0140625 0.02361111111111111
1 0.527734375 0.6041666666666666 0.02265625 0.0625
1 0.52734375 0.6430555555555556 0.0203125 0.05
1 0.5609375 0.6277777777777778 0.04296875 0.08055555555555556
1 0.5859375 0.6638888888888889 0.028125 0.04722222222222222
1 0.54296875 0.7229166666666667 0.01328125 0.030555555555555555
1 0.550390625 0.7895833333333333 0.02421875 0.058333333333333334
1 0.496484375 0.7409722222222223 0.0203125 0.03888888888888889
1 0.473828125 0.8444444444444444 0.02890625 0.04583333333333333
1 0.558203125 0.8673611111111111 0.0234375 0.0375
1 0.524609375 0.9055555555555556 0.0171875 0.03611111111111111
1 0.542578125 0.9104166666666667 0.01796875 0.04583333333333333
1 0.561328125 0.9208333333333333 0.01796875 0.027777777777777776
1 0.58828125 0.9701388888888889 0.025 0.059722222222222225
1 0.651171875 0.98125 0.0140625 0.019444444444444445
1 0.623046875 0.8569444444444444 0.0375 0.07361111111111111
1 0.596875 0.8909722222222223 0.01796875 0.041666666666666664
1 0.701171875 0.9520833333333333 0.03046875 0.06111111111111111
1 0.680859375 0.8722222222222222 0.0140625 0.058333333333333334
1 0.729296875 0.8534722222222222 0.03671875 0.043055555555555555
1 0.7625 0.8118055555555556 0.02421875 0.058333333333333334
1 0.697265625 0.7520833333333333 0.01484375 0.019444444444444445
1 0.816015625 0.8604166666666667 0.02109375 0.059722222222222225
1 0.687890625 0.6993055555555555 0.02890625 0.05
1 0.40390625 0.5701388888888889 0.0265625 0.041666666666666664
1 0.451171875 0.6284722222222222 0.04375 0.07916666666666666
1 0.420703125 0.5180555555555556 0.03359375 0.075
1 0.462109375 0.53125 0.01640625 0.04027777777777778
1 0.3234375 0.525 0.040625 0.0625
1 0.282421875 0.4951388888888889 0.0171875 0.041666666666666664
1 0.233203125 0.46041666666666664 0.01796875 0.03888888888888889
1 0.2453125 0.42986111111111114 0.02109375 0.03333333333333333
1 0.26484375 0.4173611111111111 0.0078125 0.015277777777777777
1 0.234765625 0.33055555555555555 0.03125 0.05694444444444444
1 0.158203125 0.3451388888888889 0.03671875 0.04722222222222222
1 0.13046875 0.33402777777777776 0.015625 0.044444444444444446
1 0.084375 0.2972222222222222 0.01015625 0.02638888888888889
1 0.08671875 0.41805555555555557 0.01953125 0.034722222222222224
1 0.10546875 0.5513888888888889 0.05625 0.10138888888888889
1 0.067578125 0.5576388888888889 0.02734375 0.05694444444444444
1 0.05390625 0.6548611111111111 0.0203125 0.030555555555555555
1 0.1421875 0.6256944444444444 0.021875 0.041666666666666664
1 0.139453125 0.6923611111111111 0.0140625 0.03611111111111111
1 0.155859375 0.7326388888888888 0.02421875 0.04861111111111111
1 0.2578125 0.7430555555555556 0.0375 0.09722222222222222
1 0.298046875 0.7673611111111112 0.02265625 0.04861111111111111
1 0.32109375 0.85 0.0328125 0.0625
1 0.26484375 0.9125 0.0296875 0.06388888888888888
1 0.27421875 0.9652777777777778 0.0171875 0.04722222222222222
1 0.172265625 0.8909722222222223 0.025 0.044444444444444446
1 0.0859375 0.8819444444444444 0.0484375 0.11666666666666667
1 0.1140625 0.8548611111111111 0.0125 0.025