1 0.34375 0.5 0.015625 0.0375
1 0.29375 0.6104166666666667 0.0375 0.04791666666666667
1 0.2640625 0.6666666666666666 0.0265625 0.03125
1 0.175 0.6520833333333333 0.025 0.035416666666666666
1 0.42734375 0.5822916666666667 0.0453125 0.0625
1 0.21328125 0.41770833333333335 0.03125 0.041666666666666664
0 0.4515625 0.9270833333333334 0.0671875 0.14583333333333334
0 0.46484375 0.6979166666666666 0.1328125 0.15416666666666667
0 0.478125 0.01875 0.0234375 0.0375
0 0.5125 0.4666666666666667 0.1296875 0.275
0 0.4890625 0.18645833333333334 0.06875 0.27708333333333335
1 0.68984375 0.008333333333333333 0.0296875 0.016666666666666666
1 0.66953125 0.026041666666666668 0.0171875 0.020833333333333332
1 0.74765625 0.059375 0.0203125 0.01875
1 0.43046875 0.090625 0.0140625 0.01875
1 0.25390625 0.25625 0.015625 0.025
1 0.325 0.23229166666666667 0.0296875 0.03958333333333333
1 0.2875 0.171875 0.0296875 0.0375
1 0.2 0.058333333333333334 0.0171875 0.027083333333333334
1 0.0828125 0.16770833333333332 0.05625 0.058333333333333334
1 0.24609375 0.7239583333333334 0.015625 0.022916666666666665
1 0.034375 0.728125 0.0234375 0.027083333333333334
1 0.0046875 0.7708333333333334 0.009375 0.05
1 0.0125 0.81875 0.025 0.035416666666666666
1 0.08125 0.9239583333333333 0.015625 0.020833333333333332
1 0.06328125 0.49166666666666664 0.0265625 0.027083333333333334
1 0.28125 0.28020833333333334 0.01875 0.01875
1 0.0390625 0.95 0.01875 0.0375
1 0.23046875 0.8427083333333333 0.0125 0.01875
1 0.2203125 0.8802083333333334 0.01875 0.022916666666666665
1 0.0390625 0.7958333333333333 0.01875 0.0375
1 0.18359375 0.86875 0.034375 0.05416666666666667
1 0.90234375 0.9947916666666666 0.0234375 0.010416666666666666
1 0.721875 0.8166666666666667 0.028125 0.035416666666666666
1 0.74765625 0.8864583333333333 0.0234375 0.029166666666666667
1 0.684375 0.9614583333333333 0.0328125 0.05
1 0.503125 0.8791666666666667 0.0234375 0.035416666666666666
1 0.4765625 0.7302083333333333 0.040625 0.04791666666666667
1 0.6625 0.71875 0.025 0.029166666666666667
1 0.63125 0.815625 0.015625 0.0375
1 0.17578125 0.575 0.05 0.04375
1 0.60078125 0.5791666666666667 0.025 0.027083333333333334
1 0.68046875 0.49270833333333336 0.0140625 0.01875
1 0.77734375 0.5041666666666667 0.021875 0.03125
1 0.95703125 0.01875 0.0421875 0.0375
1 0.8625 0.005208333333333333 0.0140625 0.010416666666666666
1 0.8015625 0.21875 0.0203125 0.025
1 0.66171875 0.34270833333333334 0.0265625 0.04791666666666667
1 0.69140625 0.221875 0.0203125 0.027083333333333334
1 0.76328125 0.10625 0.021875 0.020833333333333332
1 0.77265625 0.18125 0.025 0.022916666666666665
1 0.6375 0.06979166666666667 0.0296875 0.03125
1 0.6171875 0.040625 0.0171875 0.020833333333333332
1 0.515625 0.03229166666666667 0.0203125 0.05
1 0.4875 0.022916666666666665 0.01875 0.022916666666666665
1 0.603125 0.1125 0.0203125 0.029166666666666667
1 0.58203125 0.240625 0.034375 0.05416666666666667
1 0.53359375 0.2989583333333333 0.034375 0.025
1 0.5375 0.36041666666666666 0.0265625 0.041666666666666664
1 0.45234375 0.375 0.0078125 0.01875
1 0.47578125 0.3145833333333333 0.0515625 0.06875
1 0.4296875 0.3927083333333333 0.015625 0.016666666666666666
1 0.38125 0.4083333333333333 0.0125 0.01875
1 0.275 0.35833333333333334 0.01875 0.01875
1 0.20390625 0.55 0.0375 0.03125
1 0.20703125 0.5114583333333333 0.034375 0.029166666666666667
1 0.2359375 0.4625 0.028125 0.04375
1 0.28515625 0.5135416666666667 0.0265625 0.03333333333333333
1 0.2796875 0.4552083333333333 0.040625 0.05