1 0.04453125 0.80625 0.0203125 0.016666666666666666
1 0.44140625 0.09583333333333334 0.0171875 0.010416666666666666
1 0.490625 0.14479166666666668 0.01875 0.025
0 0.4875 0.7864583333333334 0.165625 0.23541666666666666
0 0.51171875 0.6 0.1078125 0.2791666666666667
0 0.53984375 0.23020833333333332 0.1609375 0.3729166666666667
0 0.48671875 0.06666666666666667 0.11875 0.13333333333333333
1 0.2828125 0.8729166666666667 0.0171875 0.029166666666666667
1 0.81328125 0.95625 0.025 0.020833333333333332
1 0.8203125 0.56875 0.0375 0.03125
1 0.70625 0.475 0.0140625 0.01875
1 0.66953125 0.9333333333333333 0.0328125 0.05416666666666667
1 0.7046875 0.8927083333333333 0.0265625 0.0375
1 0.66484375 0.7739583333333333 0.025 0.020833333333333332
1 0.5921875 0.5010416666666667 0.0359375 0.03958333333333333
1 0.23125 0.5916666666666667 0.0375 0.03958333333333333
1 0.365625 0.33958333333333335 0.0546875 0.03333333333333333
1 0.79140625 0.2125 0.0203125 0.022916666666666665
1 0.2640625 0.3125 0.0203125 0.027083333333333334
1 0.23046875 0.8958333333333334 0.0109375 0.014583333333333334