0 0.11484375 0.6756944444444445 0.1046875 0.5236111111111111
0 0.096875 0.8479166666666667 0.19296875 0.17222222222222222
0 0.1484375 0.9201388888888888 0.04765625 0.1597222222222222
0 0.675390625 0.08611111111111111 0.20859375 0.16527777777777777
0 0.72890625 0.12083333333333333 0.3015625 0.1986111111111111
0 0.664453125 0.5381944444444444 0.22109375 0.49027777777777776
0 0.657421875 0.8701388888888889 0.240625 0.25972222222222224
1 0.220703125 0.25972222222222224 0.0390625 0.07083333333333333
1 0.42109375 0.24861111111111112 0.01796875 0.03611111111111111
1 0.51953125 0.1527777777777778 0.02890625 0.05
1 0.519921875 0.5 0.021875 0.0375
1 0.5109375 0.33194444444444443 0.02578125 0.04583333333333333
1 0.44140625 0.42083333333333334 0.02265625 0.05
1 0.469140625 0.5277777777777778 0.03203125 0.07083333333333333
1 0.74140625 0.4201388888888889 0.025 0.05138888888888889
1 0.740234375 0.31527777777777777 0.01328125 0.03333333333333333
1 0.794921875 0.22847222222222222 0.0140625 0.019444444444444445
1 0.975390625 0.11736111111111111 0.01796875 0.03194444444444444
1 0.530078125 0.8368055555555556 0.02578125 0.05
1 0.18515625 0.6125 0.02421875 0.043055555555555555
1 0.670703125 0.5541666666666667 0.0203125 0.043055555555555555
1 0.60390625 0.8777777777777778 0.021875 0.05694444444444444
1 0.9015625 0.4076388888888889 0.0140625 0.02638888888888889
1 0.973046875 0.6090277777777777 0.02109375 0.03611111111111111
1 0.716796875 0.825 0.015625 0.02638888888888889
1 0.81015625 0.9111111111111111 0.02890625 0.04583333333333333
1 0.829296875 0.73125 0.0109375 0.019444444444444445
1 0.830078125 0.8125 0.02109375 0.02361111111111111
1 0.913671875 0.7861111111111111 0.028125 0.05138888888888889
1 0.952734375 0.6756944444444445 0.04765625 0.09444444444444444
1 0.780859375 0.8020833333333334 0.0140625 0.04861111111111111
1 0.096484375 0.3236111111111111 0.03203125 0.059722222222222225
1 0.994921875 0.7291666666666666 0.01015625 0.02361111111111111
1 0.146484375 0.4222222222222222 0.0359375 0.0875
1 0.623828125 0.61875 0.0203125 0.02361111111111111
0 0.098828125 0.43194444444444446 0.1625 0.25972222222222224
0 0.08203125 0.10833333333333334 0.1625 0.2125