0 0.655859375 0.19791666666666666 0.1453125 0.3958333333333333
1 0.05078125 0.9111111111111111 0.00859375 0.016666666666666666
1 0.06953125 0.8986111111111111 0.0109375 0.019444444444444445
1 0.220703125 0.9340277777777778 0.0203125 0.03888888888888889
1 0.27734375 0.9631944444444445 0.025 0.058333333333333334
1 0.303515625 0.9868055555555556 0.0296875 0.02638888888888889
1 0.278125 0.8277777777777777 0.05625 0.09583333333333334
1 0.230078125 0.8569444444444444 0.02421875 0.04722222222222222
1 0.240234375 0.9097222222222222 0.02734375 0.05694444444444444
1 0.285546875 0.8993055555555556 0.0203125 0.04583333333333333
1 0.24609375 0.7715277777777778 0.015625 0.018055555555555554
1 0.3453125 0.7548611111111111 0.01640625 0.025
1 0.36875 0.7798611111111111 0.0203125 0.034722222222222224
1 0.369140625 0.8729166666666667 0.0234375 0.03611111111111111
1 0.353125 0.8986111111111111 0.00703125 0.011111111111111112
1 0.381640625 0.9451388888888889 0.04296875 0.10972222222222222
1 0.43046875 0.9506944444444444 0.05546875 0.09861111111111111
1 0.46640625 0.9805555555555555 0.0234375 0.03888888888888889
1 0.465625 0.9270833333333334 0.01875 0.03888888888888889
1 0.4890625 0.9284722222222223 0.0140625 0.027777777777777776
1 0.429296875 0.8486111111111111 0.0453125 0.10277777777777777
1 0.482421875 0.7666666666666667 0.09765625 0.175
1 0.5453125 0.8493055555555555 0.07421875 0.12638888888888888
1 0.419140625 0.7465277777777778 0.03203125 0.05555555555555555
1 0.43828125 0.6458333333333334 0.03125 0.05694444444444444
1 0.46953125 0.6208333333333333 0.02734375 0.059722222222222225
1 0.515234375 0.66875 0.0703125 0.10972222222222222
1 0.578515625 0.6798611111111111 0.040625 0.08888888888888889
1 0.6109375 0.6826388888888889 0.02734375 0.041666666666666664
1 0.49453125 0.5541666666666667 0.0578125 0.13333333333333333
1 0.53515625 0.58125 0.0171875 0.027777777777777776
1 0.475390625 0.4909722222222222 0.01953125 0.03611111111111111
1 0.575 0.5840277777777778 0.02421875 0.025
1 0.584765625 0.6173611111111111 0.0125 0.02361111111111111
1 0.603515625 0.4708333333333333 0.08125 0.19166666666666668
1 0.640234375 0.3472222222222222 0.03671875 0.041666666666666664
1 0.586328125 0.32222222222222224 0.01796875 0.043055555555555555
1 0.54453125 0.2826388888888889 0.05390625 0.06527777777777778
1 0.5859375 0.22916666666666666 0.04296875 0.09027777777777778
1 0.62890625 0.2388888888888889 0.04765625 0.1
1 0.66875 0.23402777777777778 0.00859375 0.013888888888888888
1 0.6203125 0.1638888888888889 0.0296875 0.04861111111111111
1 0.673046875 0.2673611111111111 0.01015625 0.029166666666666667
1 0.69140625 0.26944444444444443 0.0203125 0.0375
1 0.737109375 0.24930555555555556 0.01640625 0.03611111111111111
1 0.73515625 0.13958333333333334 0.02890625 0.06527777777777778
1 0.707421875 0.4152777777777778 0.0421875 0.11527777777777778
1 0.747265625 0.4111111111111111 0.02734375 0.04583333333333333
1 0.680859375 0.5708333333333333 0.021875 0.044444444444444446
1 0.744921875 0.34652777777777777 0.00859375 0.018055555555555554
1 0.76484375 0.4527777777777778 0.01171875 0.020833333333333332
1 0.802734375 0.4076388888888889 0.04453125 0.09722222222222222
1 0.83828125 0.3729166666666667 0.01796875 0.03888888888888889
1 0.8375 0.4166666666666667 0.01015625 0.027777777777777776
1 0.884765625 0.4583333333333333 0.0296875 0.03333333333333333
1 0.873828125 0.3645833333333333 0.0375 0.041666666666666664
1 0.915625 0.3888888888888889 0.03984375 0.05694444444444444
1 0.94609375 0.3875 0.01796875 0.04027777777777778
1 0.959375 0.4736111111111111 0.015625 0.04722222222222222
1 0.8921875 0.5201388888888889 0.01796875 0.034722222222222224
1 0.90859375 0.5652777777777778 0.025 0.041666666666666664
1 0.89609375 0.6152777777777778 0.021875 0.04027777777777778
1 0.944140625 0.6659722222222222 0.028125 0.05
1 0.990625 0.6020833333333333 0.01875 0.09583333333333334
1 0.909375 0.7423611111111111 0.03515625 0.06527777777777778
1 0.851171875 0.7375 0.02109375 0.03333333333333333
1 0.796484375 0.7777777777777778 0.04453125 0.075
1 0.883203125 0.8784722222222222 0.04140625 0.059722222222222225
1 0.889453125 0.8111111111111111 0.01640625 0.02638888888888889
1 0.9875 0.9361111111111111 0.025 0.058333333333333334
1 0.85546875 0.8854166666666666 0.01328125 0.016666666666666666
1 0.76796875 0.9291666666666667 0.03125 0.04722222222222222
1 0.82890625 0.9756944444444444 0.0125 0.015277777777777777
1 0.721875 0.9388888888888889 0.0453125 0.10833333333333334
1 0.687890625 0.9923611111111111 0.0125 0.015277777777777777
1 0.6046875 0.9618055555555556 0.03984375 0.0763888888888889
1 0.6453125 0.95625 0.0203125 0.03888888888888889
1 0.681640625 0.9027777777777778 0.02109375 0.030555555555555555
1 0.680859375 0.9375 0.0203125 0.03333333333333333
1 0.5359375 0.96875 0.028125 0.04861111111111111
1 0.61015625 0.8423611111111111 0.02578125 0.07916666666666666
1 0.670703125 0.8305555555555556 0.05078125 0.07361111111111111
1 0.7265625 0.8243055555555555 0.01328125 0.02638888888888889
1 0.664453125 0.7673611111111112 0.02734375 0.05138888888888889
1 0.704296875 0.7208333333333333 0.021875 0.02638888888888889
1 0.71953125 0.6798611111111111 0.01484375 0.020833333333333332
1 0.742578125 0.6979166666666666 0.01328125 0.027777777777777776
1 0.579296875 0.7694444444444445 0.02265625 0.03194444444444444
1 0.692578125 0.6611111111111111 0.0234375 0.0375
1 0.780078125 0.6 0.02265625 0.04027777777777778
1 0.64921875 0.9881944444444445 0.0109375 0.020833333333333332
1 0.706640625 0.025694444444444443 0.02421875 0.05138888888888889
1 0.72578125 0.06736111111111111 0.021875 0.044444444444444446
1 0.69296875 0.08472222222222223 0.01328125 0.027777777777777776
1 0.64140625 0.04513888888888889 0.01796875 0.029166666666666667
1 0.896484375 0.18333333333333332 0.021875 0.030555555555555555
1 0.91875 0.21319444444444444 0.02109375 0.04027777777777778
1 0.951171875 0.22291666666666668 0.0265625 0.034722222222222224
1 0.874609375 0.2569444444444444 0.03984375 0.04583333333333333
1 0.872265625 0.04513888888888889 0.0125 0.016666666666666666
1 0.963671875 0.050694444444444445 0.02734375 0.044444444444444446
1 0.990234375 0.06666666666666667 0.01953125 0.034722222222222224
1 0.992578125 0.10833333333333334 0.01484375 0.027777777777777776
1 0.93828125 0.11388888888888889 0.02109375 0.04583333333333333
1 0.0625 0.005555555555555556 0.01484375 0.011111111111111112
1 0.074609375 0.24583333333333332 0.03125 0.05555555555555555
1 0.100390625 0.21875 0.02421875 0.043055555555555555
1 0.169921875 0.14652777777777778 0.03046875 0.06111111111111111
1 0.215234375 0.1701388888888889 0.0296875 0.04861111111111111
1 0.19453125 0.20902777777777778 0.02421875 0.05
1 0.220703125 0.2881944444444444 0.046875 0.06111111111111111
1 0.2375 0.24513888888888888 0.0296875 0.06666666666666667
1 0.295703125 0.26666666666666666 0.01640625 0.029166666666666667
1 0.24765625 0.3368055555555556 0.02734375 0.05
1 0.1625 0.3298611111111111 0.04453125 0.04861111111111111
1 0.215625 0.3659722222222222 0.0265625 0.059722222222222225
1 0.187890625 0.40069444444444446 0.015625 0.02638888888888889
1 0.293359375 0.37222222222222223 0.0578125 0.12777777777777777
1 0.32890625 0.40694444444444444 0.03125 0.05416666666666667
1 0.238671875 0.022222222222222223 0.01953125 0.03611111111111111
1 0.2703125 0.04027777777777778 0.02265625 0.044444444444444446
1 0.299609375 0.006944444444444444 0.02578125 0.013888888888888888
1 0.249609375 0.08333333333333333 0.046875 0.059722222222222225
1 0.356640625 0.08055555555555556 0.02890625 0.05138888888888889
1 0.38046875 0.1111111111111111 0.01796875 0.029166666666666667
1 0.363671875 0.16875 0.0328125 0.05277777777777778
1 0.34296875 0.19652777777777777 0.0078125 0.013888888888888888
1 0.355078125 0.22013888888888888 0.0171875 0.0375
1 0.42578125 0.10486111111111111 0.02734375 0.06388888888888888
1 0.451953125 0.15208333333333332 0.0625 0.1111111111111111
1 0.488671875 0.14166666666666666 0.01875 0.059722222222222225
1 0.490625 0.23194444444444445 0.0484375 0.11805555555555555
1 0.52265625 0.21805555555555556 0.0140625 0.03194444444444444
1 0.538671875 0.1909722222222222 0.0265625 0.06666666666666667
1 0.515625 0.14444444444444443 0.02109375 0.0375
1 0.505859375 0.07152777777777777 0.03515625 0.04027777777777778
1 0.529296875 0.09513888888888888 0.01328125 0.034722222222222224
1 0.575 0.12013888888888889 0.04609375 0.10416666666666667
1 0.610546875 0.12708333333333333 0.03359375 0.05555555555555555
1 0.436328125 0.0375 0.02421875 0.075
1 0.47265625 0.04236111111111111 0.02578125 0.05
1 0.496484375 0.015277777777777777 0.0328125 0.030555555555555555
1 0.569921875 0.043055555555555555 0.03125 0.041666666666666664
1 0.358203125 0.33958333333333335 0.0171875 0.030555555555555555
1 0.396484375 0.33125 0.03515625 0.06111111111111111
1 0.42890625 0.3194444444444444 0.02578125 0.06111111111111111
1 0.446484375 0.27361111111111114 0.03125 0.07916666666666666
1 0.472265625 0.28541666666666665 0.0265625 0.044444444444444446
1 0.475390625 0.33125 0.0203125 0.03611111111111111
1 0.4203125 0.36875 0.03046875 0.043055555555555555
1 0.387109375 0.41875 0.01796875 0.03333333333333333
1 0.4203125 0.4222222222222222 0.015625 0.02638888888888889
1 0.45546875 0.4409722222222222 0.0296875 0.06666666666666667
1 0.480078125 0.4444444444444444 0.025 0.04861111111111111
1 0.511328125 0.42430555555555555 0.028125 0.05555555555555555
1 0.534375 0.42569444444444443 0.05234375 0.14444444444444443
1 0.36328125 0.4513888888888889 0.015625 0.027777777777777776
1 0.840234375 0.6201388888888889 0.009375 0.019444444444444445
0 0.062109375 0.043055555555555555 0.12421875 0.08611111111111111
0 0.096484375 0.17152777777777778 0.19296875 0.18472222222222223
0 0.0984375 0.41944444444444445 0.196875 0.15138888888888888
0 0.138671875 0.6472222222222223 0.16328125 0.3416666666666667
0 0.117578125 0.8041666666666667 0.09140625 0.19722222222222222
0 0.15390625 0.9284722222222223 0.1515625 0.14305555555555555
0 0.679296875 0.9180555555555555 0.084375 0.1625
0 0.655859375 0.7409722222222223 0.21015625 0.22361111111111112
0 0.6515625 0.8583333333333333 0.04296875 0.24444444444444444
0 0.577734375 0.03194444444444444 0.19140625 0.06388888888888888
1 0.393359375 0.4895833333333333 0.03046875 0.04861111111111111
1 0.376953125 0.5236111111111111 0.0203125 0.030555555555555555
1 0.277734375 0.5006944444444444 0.04921875 0.125
1 0.169140625 0.5104166666666666 0.02109375 0.030555555555555555
1 0.21328125 0.5506944444444445 0.0125 0.029166666666666667
1 0.247265625 0.5590277777777778 0.01484375 0.02361111111111111
1 0.273046875 0.5875 0.01640625 0.02638888888888889
1 0.143359375 0.5534722222222223 0.021875 0.029166666666666667
1 0.064453125 0.49444444444444446 0.01484375 0.020833333333333332
1 0.246484375 0.6541666666666667 0.015625 0.03888888888888889
1 0.259765625 0.7034722222222223 0.01796875 0.04722222222222222
1 0.2828125 0.7104166666666667 0.01953125 0.06111111111111111
1 0.3 0.7333333333333333 0.02265625 0.05277777777777778
1 0.178125 0.7777777777777778 0.0140625 0.02638888888888889
1 0.17109375 0.8548611111111111 0.0390625 0.06944444444444445
1 0.130078125 0.8375 0.0109375 0.02638888888888889
1 0.1046875 0.9138888888888889 0.0171875 0.020833333333333332