1 0.05 0.7666666666666667 0.021875 0.022916666666666665
1 0.02890625 0.703125 0.0328125 0.041666666666666664
1 0.17421875 0.96875 0.05 0.05416666666666667
1 0.09140625 0.13125 0.040625 0.07916666666666666
1 0.27265625 0.011458333333333333 0.040625 0.01875
1 0.48359375 0.021875 0.025 0.0375
1 0.2859375 0.5822916666666667 0.0140625 0.025
1 0.26015625 0.5541666666666667 0.0296875 0.03958333333333333
1 0.41484375 0.46041666666666664 0.0375 0.04583333333333333
1 0.38125 0.45208333333333334 0.03125 0.041666666666666664
1 0.74375 0.31666666666666665 0.0234375 0.029166666666666667
1 0.67109375 0.275 0.03125 0.029166666666666667
1 0.6921875 0.4 0.0265625 0.029166666666666667
1 0.690625 0.5010416666666667 0.0296875 0.025
0 0.534375 0.22604166666666667 0.1203125 0.0875
1 0.72421875 0.9364583333333333 0.0359375 0.05
1 0.80546875 0.7552083333333334 0.0515625 0.06666666666666667
1 0.76484375 0.19375 0.040625 0.05
0 0.4640625 0.7927083333333333 0.2953125 0.12291666666666666
0 0.49609375 0.453125 0.10625 0.27291666666666664
1 0.63359375 0.6291666666666667 0.021875 0.01875
1 0.21328125 0.815625 0.021875 0.029166666666666667
1 0.1046875 0.04583333333333333 0.025 0.04583333333333333
1 0.803125 0.49270833333333336 0.0171875 0.0125
1 0.040625 0.48854166666666665 0.0296875 0.03125
1 0.5125 0.5822916666666667 0.025 0.01875
1 0.38515625 0.37083333333333335 0.0109375 0.01875
1 0.6484375 0.065625 0.0203125 0.020833333333333332
1 0.0640625 0.34270833333333334 0.0109375 0.01875
1 0.35859375 0.32083333333333336 0.03125 0.0375
1 0.26328125 0.4479166666666667 0.0265625 0.020833333333333332
1 0.32109375 0.440625 0.021875 0.029166666666666667