1 0.46015625 0.475 0.01875 0.022916666666666665
1 0.4015625 0.5260416666666666 0.021875 0.027083333333333334
1 0.59765625 0.425 0.025 0.025
1 0.66875 0.45208333333333334 0.015625 0.025
1 0.78984375 0.5166666666666667 0.01875 0.0375
1 0.8171875 0.5479166666666667 0.0203125 0.03333333333333333
1 0.83125 0.45729166666666665 0.0265625 0.022916666666666665
1 0.8046875 0.415625 0.009375 0.016666666666666666
1 0.771875 0.3489583333333333 0.04375 0.04583333333333333
1 0.80625 0.3541666666666667 0.01875 0.027083333333333334
1 0.6859375 0.26458333333333334 0.03125 0.027083333333333334
1 0.63671875 0.18229166666666666 0.0265625 0.027083333333333334
1 0.63203125 0.12083333333333333 0.0203125 0.035416666666666666
1 0.74765625 0.11979166666666667 0.025 0.029166666666666667
1 0.80546875 0.13333333333333333 0.04375 0.06875
1 0.76015625 0.04583333333333333 0.028125 0.03958333333333333
1 0.68984375 0.014583333333333334 0.0375 0.029166666666666667
1 0.60546875 0.029166666666666667 0.0265625 0.05
1 0.46953125 0.10729166666666666 0.015625 0.022916666666666665
1 0.26640625 0.12916666666666668 0.0375 0.06041666666666667
1 0.3046875 0.17708333333333334 0.0296875 0.04583333333333333
1 0.30546875 0.11458333333333333 0.03125 0.027083333333333334
1 0.35 0.16041666666666668 0.0546875 0.06041666666666667
1 0.34296875 0.07083333333333333 0.040625 0.04583333333333333
1 0.1953125 0.10729166666666666 0.0296875 0.03958333333333333
1 0.13671875 0.084375 0.028125 0.035416666666666666
1 0.0875 0.07291666666666667 0.015625 0.020833333333333332
1 0.521875 0.4354166666666667 0.0453125 0.06666666666666667
1 0.61796875 0.4822916666666667 0.021875 0.0375
1 0.6296875 0.5635416666666667 0.0375 0.035416666666666666
1 0.5171875 0.690625 0.025 0.035416666666666666
1 0.68515625 0.61875 0.0265625 0.022916666666666665
1 0.6546875 0.6625 0.028125 0.03333333333333333
1 0.61640625 0.6427083333333333 0.01875 0.020833333333333332
1 0.63125 0.6760416666666667 0.0140625 0.027083333333333334
1 0.60078125 0.7645833333333333 0.034375 0.03125
1 0.59765625 0.8395833333333333 0.0234375 0.052083333333333336
0 0.4171875 0.1 0.0671875 0.2
0 0.41640625 0.5875 0.0328125 0.08958333333333333
0 0.40546875 0.8520833333333333 0.2171875 0.20833333333333334
1 0.7109375 0.8197916666666667 0.0109375 0.029166666666666667
1 0.68203125 0.8260416666666667 0.015625 0.022916666666666665
1 0.63515625 0.7958333333333333 0.021875 0.025
1 0.68828125 0.746875 0.075 0.11666666666666667
1 0.0609375 0.4083333333333333 0.0296875 0.052083333333333336
1 0.7484375 0.24895833333333334 0.01875 0.035416666666666666
1 0.8203125 0.017708333333333333 0.015625 0.01875
1 0.88671875 0.13125 0.0203125 0.03333333333333333
1 0.91875 0.09791666666666667 0.015625 0.025
1 0.88671875 0.20729166666666668 0.015625 0.020833333333333332
1 0.8484375 0.28125 0.0296875 0.022916666666666665
1 0.1671875 0.17291666666666666 0.015625 0.014583333333333334
1 0.1265625 0.16666666666666666 0.01875 0.020833333333333332
1 0.2359375 0.303125 0.0125 0.010416666666666666
1 0.3 0.24375 0.0203125 0.03125
1 0.5171875 0.28229166666666666 0.01875 0.0375
1 0.48828125 0.20833333333333334 0.0296875 0.052083333333333336
1 0.46640625 0.2875 0.0421875 0.04583333333333333
1 0.41171875 0.3177083333333333 0.0296875 0.03333333333333333
1 0.3875 0.35 0.028125 0.03333333333333333
1 0.34453125 0.32395833333333335 0.01875 0.020833333333333332
1 0.21171875 0.275 0.0265625 0.020833333333333332
1 0.14375 0.315625 0.01875 0.029166666666666667
1 0.1765625 0.30416666666666664 0.01875 0.025
1 0.175 0.3541666666666667 0.0296875 0.025
1 0.28515625 0.346875 0.0203125 0.04791666666666667
1 0.25625 0.9947916666666666 0.01875 0.010416666666666666
1 0.03671875 0.9020833333333333 0.028125 0.07291666666666667
1 0.0125 0.7104166666666667 0.025 0.08541666666666667
1 0.2125 0.6875 0.028125 0.029166666666666667
1 0.19375 0.7083333333333334 0.015625 0.05
1 0.13828125 0.7197916666666667 0.0296875 0.03333333333333333
1 0.1 0.6520833333333333 0.0265625 0.03958333333333333
1 0.1421875 0.590625 0.0359375 0.04791666666666667
1 0.22421875 0.5822916666666667 0.0140625 0.03125
1 0.37109375 0.5895833333333333 0.0296875 0.029166666666666667
1 0.41640625 0.6802083333333333 0.021875 0.029166666666666667
1 0.9453125 0.7177083333333333 0.0328125 0.035416666666666666
1 0.7671875 0.7760416666666666 0.01875 0.020833333333333332
1 0.76875 0.825 0.01875 0.01875
1 0.74375 0.8375 0.015625 0.016666666666666666
1 0.88671875 0.9916666666666667 0.0265625 0.016666666666666666
1 0.8125 0.9802083333333333 0.0265625 0.020833333333333332
1 0.52734375 0.7895833333333333 0.0109375 0.01875
1 0.50078125 0.8041666666666667 0.0171875 0.022916666666666665
1 0.43671875 0.9208333333333333 0.0296875 0.03125
1 0.38125 0.9822916666666667 0.0390625 0.035416666666666666
1 0.23125 0.953125 0.0140625 0.027083333333333334
1 0.23828125 0.8760416666666667 0.0171875 0.022916666666666665
1 0.27265625 0.8802083333333334 0.021875 0.027083333333333334
1 0.42890625 0.75625 0.0171875 0.022916666666666665
1 0.3484375 0.7677083333333333 0.0375 0.035416666666666666
1 0.3515625 0.809375 0.0765625 0.04791666666666667
1 0.28515625 0.728125 0.0265625 0.03958333333333333
1 0.32890625 0.7145833333333333 0.025 0.035416666666666666
1 0.37578125 0.69375 0.05 0.08958333333333333
1 0.30859375 0.675 0.03125 0.04375
1 0.2859375 0.5447916666666667 0.021875 0.03333333333333333
1 0.23359375 0.49166666666666664 0.0203125 0.04583333333333333
1 0.20859375 0.40208333333333335 0.0390625 0.06666666666666667
1 0.1015625 0.14479166666666668 0.0265625 0.029166666666666667
1 0.24140625 0.022916666666666665 0.08125 0.04583333333333333
1 0.11953125 0.008333333333333333 0.0125 0.016666666666666666
1 0.09453125 0.029166666666666667 0.0125 0.022916666666666665