1 0.57265625 0.7041666666666667 0.01640625 0.03611111111111111
0 0.164453125 0.9798611111111111 0.059375 0.04027777777777778
0 0.137109375 0.8715277777777778 0.14375 0.2569444444444444
0 0.126171875 0.7298611111111111 0.11796875 0.5402777777777777
0 0.09765625 0.43472222222222223 0.16953125 0.25555555555555554
0 0.089453125 0.26319444444444445 0.17890625 0.3125
0 0.691796875 0.12013888888888889 0.153125 0.24027777777777778
0 0.644921875 0.3076388888888889 0.1171875 0.5027777777777778
0 0.64609375 0.5395833333333333 0.2359375 0.38333333333333336
0 0.673828125 0.8097222222222222 0.08828125 0.38055555555555554
0 0.637890625 0.9152777777777777 0.0796875 0.16944444444444445
1 0.478515625 0.9347222222222222 0.040625 0.09027777777777778
1 0.501953125 0.9715277777777778 0.0109375 0.016666666666666666
1 0.50078125 0.8638888888888889 0.04375 0.05694444444444444
1 0.41953125 0.8486111111111111 0.0140625 0.02361111111111111
1 0.38984375 0.9097222222222222 0.01953125 0.04027777777777778
1 0.461328125 0.8104166666666667 0.03828125 0.059722222222222225
1 0.3703125 0.7666666666666667 0.0171875 0.03194444444444444
1 0.40859375 0.7152777777777778 0.01171875 0.016666666666666666
1 0.46171875 0.625 0.01953125 0.03888888888888889
1 0.50546875 0.6090277777777777 0.01328125 0.019444444444444445
1 0.541015625 0.5791666666666667 0.02890625 0.044444444444444446
1 0.38671875 0.46805555555555556 0.02734375 0.03888888888888889
1 0.4078125 0.5013888888888889 0.01875 0.029166666666666667
1 0.44296875 0.5375 0.01484375 0.022222222222222223
1 0.363671875 0.5791666666666667 0.01796875 0.030555555555555555
1 0.275 0.6090277777777777 0.05078125 0.10972222222222222
1 0.3328125 0.48194444444444445 0.01171875 0.02361111111111111
1 0.211328125 0.40555555555555556 0.0296875 0.07083333333333333
1 0.2875 0.28958333333333336 0.01171875 0.02638888888888889
1 0.3109375 0.3104166666666667 0.034375 0.06805555555555555
1 0.375 0.3236111111111111 0.02734375 0.04722222222222222
1 0.4140625 0.34305555555555556 0.015625 0.025
1 0.435546875 0.38472222222222224 0.021875 0.03333333333333333
1 0.492578125 0.3819444444444444 0.01484375 0.03888888888888889
1 0.503515625 0.4131944444444444 0.03203125 0.04027777777777778
1 0.537109375 0.3993055555555556 0.02578125 0.04027777777777778
1 0.48046875 0.30069444444444443 0.03984375 0.03888888888888889
1 0.52734375 0.2611111111111111 0.02890625 0.05555555555555555
1 0.44921875 0.2 0.015625 0.034722222222222224
1 0.464453125 0.2388888888888889 0.01953125 0.034722222222222224
1 0.477734375 0.21041666666666667 0.01328125 0.025
1 0.51796875 0.13402777777777777 0.0265625 0.05
1 0.555078125 0.06597222222222222 0.03984375 0.06944444444444445
1 0.483203125 0.04027777777777778 0.015625 0.03194444444444444
1 0.496875 0.018055555555555554 0.015625 0.03611111111111111
1 0.426171875 0.052083333333333336 0.01953125 0.03611111111111111
1 0.409375 0.11666666666666667 0.0203125 0.03333333333333333
1 0.298828125 0.07777777777777778 0.01953125 0.02638888888888889
1 0.321484375 0.06736111111111111 0.01953125 0.05138888888888889
1 0.2078125 0.027083333333333334 0.03203125 0.05416666666666667
1 0.0609375 0.12361111111111112 0.0125 0.02361111111111111
1 0.08125 0.12083333333333333 0.01484375 0.022222222222222223
1 0.165234375 0.20416666666666666 0.0203125 0.03194444444444444
1 0.054296875 0.22013888888888888 0.0359375 0.05555555555555555
1 0.056640625 0.46805555555555556 0.01328125 0.02361111111111111
1 0.182421875 0.5423611111111111 0.01015625 0.020833333333333332
1 0.24453125 0.7541666666666667 0.02578125 0.043055555555555555
1 0.236328125 0.7993055555555556 0.04140625 0.04722222222222222
1 0.250390625 0.8395833333333333 0.025 0.0375
1 0.282421875 0.8826388888888889 0.01171875 0.015277777777777777
1 0.176953125 0.9486111111111111 0.0109375 0.034722222222222224
1 0.2109375 0.9611111111111111 0.03671875 0.07777777777777778
1 0.664453125 0.7701388888888889 0.01875 0.041666666666666664
1 0.70703125 0.7222222222222222 0.00703125 0.02638888888888889
1 0.834375 0.7840277777777778 0.03359375 0.04583333333333333
1 0.89296875 0.8430555555555556 0.0125 0.025
1 0.9421875 0.8826388888888889 0.02265625 0.03194444444444444
1 0.9609375 0.9895833333333334 0.01171875 0.020833333333333332
1 0.81484375 0.9652777777777778 0.0109375 0.025
1 0.843359375 0.9729166666666667 0.009375 0.02361111111111111
1 0.956640625 0.7368055555555556 0.0109375 0.020833333333333332
1 0.93828125 0.55625 0.021875 0.029166666666666667
1 0.921875 0.48819444444444443 0.0109375 0.02361111111111111
1 0.926171875 0.43125 0.02265625 0.03333333333333333
1 0.739453125 0.3013888888888889 0.0125 0.030555555555555555
1 0.803515625 0.3347222222222222 0.01328125 0.022222222222222223
1 0.691796875 0.2743055555555556 0.01953125 0.05277777777777778
1 0.69765625 0.3388888888888889 0.0078125 0.015277777777777777
1 0.804296875 0.021527777777777778 0.02109375 0.043055555555555555
1 0.94609375 0.12291666666666666 0.00859375 0.018055555555555554
1 0.56953125 0.4638888888888889 0.0265625 0.04861111111111111
1 0.58984375 0.49583333333333335 0.021875 0.03611111111111111
1 0.651953125 0.5034722222222222 0.0203125 0.043055555555555555
1 0.4109375 0.9875 0.00625 0.022222222222222223
1 0.559375 0.29930555555555555 0.01953125 0.027777777777777776