1 0.727734375 0.3145833333333333 0.02265625 0.05416666666666667
1 0.771875 0.33194444444444443 0.0265625 0.05138888888888889
1 0.8140625 0.37083333333333335 0.02421875 0.04027777777777778
1 0.807421875 0.4152777777777778 0.01484375 0.029166666666666667
1 0.71640625 0.44305555555555554 0.0171875 0.029166666666666667
1 0.7328125 0.50625 0.025 0.03611111111111111
1 0.875390625 0.4215277777777778 0.03671875 0.06944444444444445
1 0.8578125 0.13333333333333333 0.0265625 0.03888888888888889
0 0.629296875 0.8451388888888889 0.12734375 0.30972222222222223
1 0.725390625 0.5951388888888889 0.04296875 0.05277777777777778
1 0.748046875 0.6263888888888889 0.02265625 0.03611111111111111
1 0.741015625 0.7416666666666667 0.028125 0.058333333333333334
1 0.718359375 0.7541666666666667 0.0171875 0.03611111111111111
1 0.680078125 0.8152777777777778 0.05390625 0.13055555555555556
1 0.7484375 0.8395833333333333 0.015625 0.03333333333333333
1 0.78984375 0.7902777777777777 0.021875 0.027777777777777776
1 0.858984375 0.8798611111111111 0.01796875 0.027777777777777776
1 0.821484375 0.8618055555555556 0.02109375 0.058333333333333334
1 0.829296875 0.9868055555555556 0.0296875 0.020833333333333332
1 0.85859375 0.9875 0.0203125 0.019444444444444445
1 0.86640625 0.9597222222222223 0.0140625 0.03333333333333333
1 0.90625 0.9493055555555555 0.01953125 0.03888888888888889
1 0.9453125 0.9881944444444445 0.02734375 0.02361111111111111
1 0.946484375 0.9479166666666666 0.025 0.044444444444444446
1 0.994921875 0.9666666666666667 0.01015625 0.03333333333333333
1 0.980078125 0.8270833333333333 0.0171875 0.03194444444444444
1 0.894140625 0.8416666666666667 0.021875 0.04861111111111111
1 0.877734375 0.7833333333333333 0.0421875 0.04027777777777778
1 0.991796875 0.7430555555555556 0.01640625 0.05277777777777778
1 0.942578125 0.7 0.015625 0.03333333333333333
1 0.87421875 0.18125 0.01640625 0.041666666666666664
1 0.900390625 0.20416666666666666 0.01796875 0.03611111111111111
1 0.9359375 0.22916666666666666 0.02890625 0.05138888888888889
1 0.898828125 0.04513888888888889 0.0296875 0.041666666666666664
1 0.9609375 0.03194444444444444 0.02265625 0.027777777777777776
1 0.99140625 0.009027777777777777 0.0171875 0.016666666666666666
1 0.978515625 0.26805555555555555 0.01171875 0.03333333333333333
1 0.947265625 0.3680555555555556 0.0109375 0.03611111111111111
1 0.987890625 0.4 0.015625 0.025
1 0.97421875 0.4826388888888889 0.0234375 0.05694444444444444
1 0.876953125 0.5458333333333333 0.02265625 0.034722222222222224
1 0.947265625 0.5951388888888889 0.05 0.07777777777777778
1 0.9 0.6222222222222222 0.02890625 0.03888888888888889
1 0.243359375 0.93125 0.02734375 0.05
1 0.2390625 0.8506944444444444 0.02578125 0.06805555555555555
1 0.197265625 0.9402777777777778 0.0203125 0.0375
1 0.106640625 0.95 0.01875 0.03194444444444444
1 0.227734375 0.6145833333333334 0.02109375 0.04722222222222222
1 0.2515625 0.5784722222222223 0.02578125 0.05694444444444444
1 0.330078125 0.8180555555555555 0.021875 0.05
1 0.240625 0.47430555555555554 0.02734375 0.07361111111111111
1 0.169921875 0.5208333333333334 0.0328125 0.044444444444444446
1 0.135546875 0.3159722222222222 0.03125 0.041666666666666664
1 0.220703125 0.22708333333333333 0.0265625 0.06111111111111111
0 0.1171875 0.8576388888888888 0.215625 0.27361111111111114
0 0.11640625 0.7277777777777777 0.2328125 0.24027777777777778
0 0.17421875 0.4166666666666667 0.0859375 0.24027777777777778
0 0.590234375 0.08055555555555556 0.1734375 0.15694444444444444
0 0.633203125 0.1909722222222222 0.2953125 0.32222222222222224
0 0.7484375 0.49930555555555556 0.24609375 0.33194444444444443
0 0.690234375 0.7069444444444445 0.275 0.20277777777777778
1 0.501171875 0.5201388888888889 0.021875 0.04583333333333333
1 0.51953125 0.5006944444444444 0.01484375 0.03194444444444444
1 0.60703125 0.3506944444444444 0.02265625 0.03888888888888889
1 0.318359375 0.38125 0.015625 0.027777777777777776
1 0.881640625 0.2777777777777778 0.02109375 0.027777777777777776
1 0.62890625 0.19583333333333333 0.01796875 0.03333333333333333
1 0.734765625 0.13819444444444445 0.02265625 0.03611111111111111
1 0.760546875 0.24444444444444444 0.05625 0.10138888888888889