1 0.90390625 0.09097222222222222 0.015625 0.025
1 0.226171875 0.3277777777777778 0.009375 0.018055555555555554
1 0.102734375 0.11527777777777778 0.0140625 0.027777777777777776
1 0.142578125 0.1 0.0234375 0.06527777777777778
1 0.166015625 0.15208333333333332 0.0125 0.0375
1 0.1171875 0.17916666666666667 0.01171875 0.019444444444444445
1 0.13515625 0.20069444444444445 0.02890625 0.08194444444444444
1 0.107421875 0.2298611111111111 0.01328125 0.027777777777777776
1 0.0984375 0.0125 0.01484375 0.025
1 0.145703125 0.011805555555555555 0.01171875 0.02361111111111111
1 0.175390625 0.08125 0.01484375 0.029166666666666667
1 0.218359375 0.009722222222222222 0.0359375 0.019444444444444445
1 0.26875 0.11944444444444445 0.028125 0.05694444444444444
1 0.27734375 0.16597222222222222 0.0234375 0.03888888888888889
1 0.295703125 0.03819444444444445 0.0171875 0.027777777777777776
1 0.175390625 0.3013888888888889 0.01484375 0.030555555555555555
1 0.0546875 0.30486111111111114 0.03203125 0.05138888888888889
1 0.03671875 0.27847222222222223 0.01640625 0.02638888888888889
1 0.104296875 0.32569444444444445 0.01328125 0.022222222222222223
1 0.0390625 0.37083333333333335 0.0109375 0.03333333333333333
1 0.06015625 0.425 0.0453125 0.1
1 0.103125 0.4201388888888889 0.01171875 0.015277777777777777
1 0.1171875 0.4340277777777778 0.015625 0.03333333333333333
1 0.1953125 0.4701388888888889 0.0140625 0.02638888888888889
1 0.135546875 0.5298611111111111 0.01484375 0.027777777777777776
1 0.17890625 0.5354166666666667 0.0109375 0.013888888888888888
1 0.2171875 0.40069444444444446 0.01640625 0.03611111111111111
1 0.234375 0.4201388888888889 0.0328125 0.05555555555555555
1 0.291015625 0.4673611111111111 0.01796875 0.02638888888888889
1 0.19296875 0.37430555555555556 0.01328125 0.016666666666666666
1 0.266796875 0.5979166666666667 0.0671875 0.10138888888888889
1 0.1984375 0.6354166666666666 0.0125 0.029166666666666667
1 0.225390625 0.6611111111111111 0.021875 0.04722222222222222
1 0.098046875 0.6756944444444445 0.0265625 0.06666666666666667
1 0.1296875 0.7354166666666667 0.01953125 0.05277777777777778
1 0.144140625 0.7076388888888889 0.0125 0.03333333333333333
1 0.11796875 0.61875 0.01953125 0.034722222222222224
1 0.136328125 0.5986111111111111 0.015625 0.0375
1 0.0359375 0.6826388888888889 0.0125 0.02638888888888889
1 0.076953125 0.6743055555555556 0.0171875 0.03888888888888889
1 0.099609375 0.8 0.028125 0.029166666666666667
1 0.090234375 0.8423611111111111 0.0078125 0.018055555555555554
1 0.14375 0.9138888888888889 0.0296875 0.04861111111111111
1 0.06875 0.9659722222222222 0.028125 0.05
1 0.144921875 0.9958333333333333 0.00859375 0.008333333333333333
1 0.23671875 0.9916666666666667 0.0140625 0.016666666666666666
1 0.256640625 0.9555555555555556 0.04296875 0.08055555555555556
1 0.27109375 0.8680555555555556 0.0140625 0.027777777777777776
1 0.290625 0.8833333333333333 0.03125 0.059722222222222225
1 0.207421875 0.7986111111111112 0.01484375 0.018055555555555554
1 0.22265625 0.8319444444444445 0.025 0.027777777777777776
1 0.369140625 0.6645833333333333 0.01953125 0.03194444444444444
1 0.601171875 0.8944444444444445 0.0203125 0.03333333333333333
1 0.693359375 0.9236111111111112 0.009375 0.019444444444444445
1 0.775 0.9534722222222223 0.01640625 0.016666666666666666
1 0.823046875 0.9638888888888889 0.01484375 0.03611111111111111
1 0.76328125 0.9152777777777777 0.00625 0.018055555555555554
1 0.65703125 0.8256944444444444 0.0109375 0.020833333333333332
1 0.68046875 0.8375 0.0109375 0.020833333333333332
1 0.71875 0.8388888888888889 0.01328125 0.019444444444444445
1 0.600390625 0.6909722222222222 0.04609375 0.08611111111111111
1 0.612109375 0.64375 0.0109375 0.018055555555555554
1 0.654296875 0.7479166666666667 0.02578125 0.034722222222222224
1 0.684765625 0.7319444444444444 0.028125 0.05416666666666667
1 0.709375 0.7055555555555556 0.04140625 0.08472222222222223
1 0.714453125 0.7604166666666666 0.021875 0.03611111111111111
1 0.790625 0.8048611111111111 0.0265625 0.06666666666666667
1 0.86796875 0.9180555555555555 0.015625 0.03194444444444444
1 0.890234375 0.8666666666666667 0.0171875 0.03611111111111111
1 0.904296875 0.9173611111111111 0.01640625 0.03194444444444444
1 0.9390625 0.9395833333333333 0.01875 0.025
1 0.958984375 0.9486111111111111 0.0203125 0.029166666666666667
1 0.9796875 0.9923611111111111 0.01796875 0.015277777777777777
1 0.972265625 0.7993055555555556 0.03515625 0.05
1 0.915234375 0.7597222222222222 0.028125 0.05416666666666667
1 0.866015625 0.7791666666666667 0.00859375 0.018055555555555554
1 0.887890625 0.7479166666666667 0.00859375 0.018055555555555554
1 0.87265625 0.6590277777777778 0.0171875 0.030555555555555555
1 0.799609375 0.6625 0.01171875 0.019444444444444445
1 0.785546875 0.6097222222222223 0.01171875 0.020833333333333332
1 0.824609375 0.5944444444444444 0.02109375 0.0375
1 0.8328125 0.5444444444444444 0.0171875 0.030555555555555555
1 0.8921875 0.5777777777777777 0.02421875 0.05277777777777778
1 0.89453125 0.6145833333333334 0.00703125 0.011111111111111112
1 0.912109375 0.6055555555555555 0.01875 0.0375
1 0.962890625 0.6284722222222222 0.0203125 0.043055555555555555
1 0.93125 0.5111111111111111 0.01484375 0.025
1 0.89296875 0.43680555555555556 0.01015625 0.0125
1 0.94453125 0.38958333333333334 0.01640625 0.019444444444444445
1 0.850390625 0.3527777777777778 0.02265625 0.04027777777777778
1 0.8734375 0.3736111111111111 0.025 0.05555555555555555
1 0.81796875 0.3861111111111111 0.025 0.02361111111111111
1 0.93125 0.3263888888888889 0.025 0.04583333333333333
1 0.9828125 0.32916666666666666 0.02734375 0.06111111111111111
1 0.988671875 0.2701388888888889 0.02265625 0.06527777777777778
1 0.88203125 0.2590277777777778 0.0171875 0.034722222222222224
1 0.866796875 0.1798611111111111 0.01953125 0.07222222222222222
1 0.843359375 0.19652777777777777 0.0359375 0.059722222222222225
1 0.808203125 0.1909722222222222 0.0375 0.08472222222222223
1 0.941796875 0.004861111111111111 0.01328125 0.009722222222222222
1 0.984765625 0.0798611111111111 0.02109375 0.06805555555555555
1 0.9375 0.0798611111111111 0.01484375 0.03333333333333333
1 0.912890625 0.05555555555555555 0.01015625 0.018055555555555554
1 0.7953125 0.075 0.0140625 0.03194444444444444
1 0.75859375 0.14166666666666666 0.0140625 0.027777777777777776
1 0.703515625 0.1284722222222222 0.021875 0.034722222222222224
1 0.66953125 0.15138888888888888 0.025 0.03333333333333333
1 0.698828125 0.17569444444444443 0.01484375 0.02361111111111111
1 0.732421875 0.19722222222222222 0.01953125 0.03611111111111111
1 0.750390625 0.2 0.009375 0.011111111111111112
1 0.741796875 0.23125 0.01796875 0.03611111111111111
1 0.71875 0.24791666666666667 0.01484375 0.025
1 0.701953125 0.3125 0.0125 0.025
1 0.7140625 0.3458333333333333 0.01796875 0.03611111111111111
1 0.740625 0.3347222222222222 0.01171875 0.018055555555555554
1 0.64921875 0.33402777777777776 0.01484375 0.0375
1 0.638671875 0.38333333333333336 0.0109375 0.02361111111111111
1 0.6 0.3784722222222222 0.046875 0.09444444444444444
1 0.587890625 0.4708333333333333 0.0265625 0.07916666666666666
1 0.611328125 0.4888888888888889 0.01640625 0.030555555555555555
1 0.69296875 0.4513888888888889 0.02578125 0.05138888888888889
1 0.71953125 0.5159722222222223 0.053125 0.06527777777777778
1 0.6875 0.5201388888888889 0.0140625 0.043055555555555555
1 0.675390625 0.5548611111111111 0.01875 0.041666666666666664
1 0.638671875 0.5694444444444444 0.009375 0.018055555555555554
1 0.662109375 0.6118055555555556 0.01171875 0.015277777777777777
1 0.67578125 0.6020833333333333 0.01328125 0.025
1 0.691796875 0.6458333333333334 0.0265625 0.04027777777777778
1 0.528515625 0.50625 0.0328125 0.05138888888888889
1 0.540234375 0.5909722222222222 0.0078125 0.025
1 0.26875 0.043055555555555555 0.00546875 0.0125
1 0.065625 0.2652777777777778 0.009375 0.011111111111111112
1 0.12265625 0.27152777777777776 0.021875 0.03333333333333333
1 0.5265625 0.8347222222222223 0.01484375 0.03611111111111111
1 0.6203125 0.18263888888888888 0.01328125 0.022222222222222223
1 0.5984375 0.24513888888888888 0.03203125 0.04583333333333333
1 0.612109375 0.2111111111111111 0.01171875 0.020833333333333332
1 0.60625 0.06875 0.0390625 0.05694444444444444
1 0.66875 0.003472222222222222 0.0078125 0.006944444444444444
1 0.653515625 0.10277777777777777 0.015625 0.02361111111111111
1 0.211328125 0.10902777777777778 0.02578125 0.030555555555555555
1 0.634375 0.9861111111111112 0.0171875 0.027777777777777776
1 0.249609375 0.5298611111111111 0.0078125 0.008333333333333333
1 0.17109375 0.69375 0.0109375 0.025
1 0.285546875 0.7625 0.00625 0.009722222222222222
1 0.27421875 0.6756944444444445 0.009375 0.015277777777777777
1 0.18515625 0.8194444444444444 0.0125 0.016666666666666666
1 0.319140625 0.48680555555555555 0.0078125 0.015277777777777777
1 0.32890625 0.8534722222222222 0.01328125 0.019444444444444445
0 0.200390625 0.9631944444444445 0.06796875 0.07361111111111111
0 0.12109375 0.8215277777777777 0.13359375 0.35694444444444445
0 0.140625 0.7194444444444444 0.171875 0.37777777777777777
0 0.11171875 0.36736111111111114 0.2234375 0.18888888888888888
0 0.136328125 0.08263888888888889 0.05625 0.16527777777777777
1 0.310546875 0.15416666666666667 0.0125 0.02638888888888889
0 0.637890625 0.02361111111111111 0.09921875 0.04722222222222222
1 0.290625 0.40694444444444444 0.02734375 0.04583333333333333
1 0.318359375 0.7569444444444444 0.01484375 0.015277777777777777
0 0.6875 0.32222222222222224 0.115625 0.6444444444444445
0 0.70546875 0.8972222222222223 0.14453125 0.20694444444444443
0 0.682421875 0.6208333333333333 0.1015625 0.22777777777777777
0 0.673046875 0.3 0.18984375 0.44583333333333336