1 0.667578125 0.525 0.0875 0.11944444444444445
1 0.9609375 0.45 0.01015625 0.016666666666666666
1 0.625 0.29444444444444445 0.0203125 0.03333333333333333
1 0.7296875 0.18888888888888888 0.0109375 0.019444444444444445
1 0.744921875 0.2972222222222222 0.02734375 0.05694444444444444
1 0.743359375 0.33958333333333335 0.02734375 0.030555555555555555
1 0.76640625 0.3680555555555556 0.0125 0.03611111111111111
1 0.944921875 0.42291666666666666 0.0109375 0.025
1 0.9453125 0.3861111111111111 0.0109375 0.0125
1 0.928125 0.4152777777777778 0.01171875 0.0125
1 0.9234375 0.37777777777777777 0.02734375 0.05694444444444444
1 0.89765625 0.34444444444444444 0.015625 0.025
1 0.865625 0.4027777777777778 0.0125 0.020833333333333332
1 0.836328125 0.4847222222222222 0.03046875 0.0375
1 0.863671875 0.31319444444444444 0.0234375 0.03333333333333333
1 0.824609375 0.2951388888888889 0.01640625 0.03333333333333333
1 0.78203125 0.28402777777777777 0.0296875 0.04861111111111111
1 0.709375 0.17291666666666666 0.01484375 0.02361111111111111
1 0.66875 0.25069444444444444 0.01640625 0.0375
1 0.666796875 0.1486111111111111 0.03203125 0.07916666666666666
1 0.70234375 0.11875 0.028125 0.04722222222222222
1 0.768359375 0.17083333333333334 0.04921875 0.06527777777777778
1 0.798828125 0.07430555555555556 0.05703125 0.14444444444444443
1 0.765234375 0.050694444444444445 0.0421875 0.06944444444444445
1 0.841015625 0.19375 0.028125 0.06111111111111111
1 0.909375 0.16180555555555556 0.0125 0.027777777777777776
1 0.902734375 0.12291666666666666 0.021875 0.025
1 0.96171875 0.08472222222222223 0.053125 0.10555555555555556
1 0.96015625 0.016666666666666666 0.0234375 0.03333333333333333
1 0.749609375 0.4 0.01484375 0.03611111111111111
1 0.86015625 0.013888888888888888 0.02421875 0.027777777777777776
0 0.08671875 0.0798611111111111 0.10234375 0.1597222222222222
0 0.068359375 0.8458333333333333 0.13203125 0.30833333333333335
0 0.07890625 0.64375 0.15546875 0.15138888888888888
0 0.06171875 0.46805555555555556 0.11875 0.3402777777777778
0 0.59140625 0.9 0.0296875 0.2
0 0.62109375 0.7263888888888889 0.19921875 0.17777777777777778
1 0.678515625 0.41597222222222224 0.0125 0.025
1 0.921875 0.03194444444444444 0.01484375 0.02638888888888889
0 0.598046875 0.6347222222222222 0.07109375 0.24305555555555555
0 0.573828125 0.2763888888888889 0.12734375 0.37222222222222223
1 0.6453125 0.4409722222222222 0.025 0.03888888888888889
1 0.855078125 0.3590277777777778 0.0140625 0.018055555555555554
1 0.631640625 0.38055555555555554 0.02421875 0.06666666666666667
1 0.658203125 0.36319444444444443 0.02265625 0.043055555555555555
1 0.008203125 0.09236111111111112 0.01171875 0.025
1 0.047265625 0.4888888888888889 0.02578125 0.08472222222222223
1 0.247265625 0.8229166666666666 0.02890625 0.06805555555555555
1 0.184375 0.9645833333333333 0.053125 0.07083333333333333
1 0.507421875 0.5020833333333333 0.0078125 0.009722222222222222
1 0.99453125 0.22083333333333333 0.0109375 0.04861111111111111
1 0.53359375 0.35555555555555557 0.015625 0.03888888888888889
1 0.109765625 0.9729166666666667 0.034375 0.05416666666666667
1 0.1078125 0.9201388888888888 0.01875 0.018055555555555554
1 0.0875 0.9375 0.0171875 0.07361111111111111
1 0.140234375 0.9555555555555556 0.01875 0.03194444444444444
1 0.221875 0.7888888888888889 0.0078125 0.016666666666666666
1 0.25703125 0.64375 0.01328125 0.03888888888888889
1 0.13984375 0.8430555555555556 0.0109375 0.027777777777777776
1 0.055859375 0.7125 0.02890625 0.05
1 0.085546875 0.7666666666666667 0.0234375 0.04722222222222222
1 0.143359375 0.7798611111111111 0.021875 0.059722222222222225
1 0.19609375 0.75 0.0359375 0.058333333333333334
1 0.24453125 0.6291666666666667 0.0109375 0.02361111111111111
1 0.162109375 0.6736111111111112 0.0890625 0.0875
1 0.237109375 0.59375 0.0140625 0.025
1 0.191796875 0.5736111111111111 0.01640625 0.022222222222222223
1 0.093359375 0.5361111111111111 0.02265625 0.06527777777777778
1 0.023046875 0.30694444444444446 0.04453125 0.05416666666666667
1 0.008203125 0.2548611111111111 0.01640625 0.02361111111111111
1 0.023828125 0.15694444444444444 0.02890625 0.05694444444444444
1 0.017578125 0.03958333333333333 0.01640625 0.030555555555555555
1 0.11796875 0.10555555555555556 0.01796875 0.03333333333333333
1 0.111328125 0.16805555555555557 0.028125 0.06666666666666667
1 0.14296875 0.26875 0.01484375 0.02361111111111111
1 0.128515625 0.28541666666666665 0.0140625 0.041666666666666664
1 0.128125 0.22013888888888888 0.04609375 0.08055555555555556
1 0.108203125 0.26875 0.0109375 0.025
1 0.091796875 0.16666666666666666 0.01796875 0.029166666666666667
1 0.146484375 0.3263888888888889 0.0140625 0.0375
1 0.176953125 0.37083333333333335 0.01015625 0.015277777777777777
1 0.23125 0.32430555555555557 0.0109375 0.030555555555555555
1 0.225390625 0.2708333333333333 0.0140625 0.020833333333333332
1 0.194140625 0.21736111111111112 0.03671875 0.07916666666666666
1 0.121484375 0.03194444444444444 0.03671875 0.06388888888888888
1 0.285546875 0.20069444444444445 0.01953125 0.030555555555555555
1 0.244921875 0.10694444444444444 0.02734375 0.044444444444444446
1 0.359375 0.15416666666666667 0.01171875 0.03888888888888889
1 0.357421875 0.3333333333333333 0.009375 0.02638888888888889
1 0.376171875 0.3020833333333333 0.0296875 0.030555555555555555
1 0.405859375 0.33958333333333335 0.01640625 0.03194444444444444
1 0.594921875 0.7694444444444445 0.01015625 0.02638888888888889
1 0.3765625 0.8472222222222222 0.0203125 0.04027777777777778
1 0.456640625 0.8576388888888888 0.0140625 0.018055555555555554
1 0.3765625 0.5166666666666667 0.01015625 0.018055555555555554
1 0.4015625 0.5048611111111111 0.00859375 0.018055555555555554
1 0.4125 0.45416666666666666 0.0234375 0.043055555555555555
1 0.398046875 0.5722222222222222 0.0125 0.019444444444444445
1 0.54296875 0.6673611111111111 0.02265625 0.029166666666666667
1 0.5203125 0.6409722222222223 0.0234375 0.0375
1 0.4921875 0.5708333333333333 0.02890625 0.034722222222222224
1 0.47265625 0.5506944444444445 0.0171875 0.041666666666666664
1 0.44765625 0.5263888888888889 0.021875 0.06111111111111111
1 0.458984375 0.4583333333333333 0.00703125 0.0125
1 0.479296875 0.4375 0.01875 0.04722222222222222
1 0.523828125 0.3958333333333333 0.01328125 0.03194444444444444
1 0.486328125 0.36527777777777776 0.03828125 0.059722222222222225
1 0.433203125 0.20902777777777778 0.0109375 0.019444444444444445
1 0.5484375 0.29444444444444445 0.0234375 0.0763888888888889
1 0.515234375 0.3333333333333333 0.01796875 0.029166666666666667
1 0.477734375 0.1638888888888889 0.03671875 0.06805555555555555
1 0.423828125 0.12777777777777777 0.0171875 0.030555555555555555
1 0.63671875 0.05416666666666667 0.08828125 0.10555555555555556
1 0.583984375 0.0375 0.01484375 0.044444444444444446
1 0.552734375 0.09722222222222222 0.02421875 0.06666666666666667
1 0.449609375 0.05694444444444444 0.09609375 0.09583333333333334
1 0.591015625 0.49930555555555556 0.01171875 0.025
1 0.655859375 0.6076388888888888 0.053125 0.0625
1 0.73671875 0.5652777777777778 0.04296875 0.0763888888888889
1 0.61015625 0.96875 0.01953125 0.0625
1 0.648046875 0.9395833333333333 0.025 0.0375
1 0.6859375 0.8881944444444444 0.04609375 0.08194444444444444
1 0.703515625 0.7361111111111112 0.0140625 0.019444444444444445
1 0.723828125 0.7201388888888889 0.01484375 0.027777777777777776
1 0.774609375 0.6909722222222222 0.01640625 0.04861111111111111
1 0.7984375 0.7083333333333334 0.01953125 0.0375
1 0.77578125 0.7958333333333333 0.01796875 0.041666666666666664
1 0.77734375 0.7583333333333333 0.01484375 0.030555555555555555
1 0.736328125 0.8833333333333333 0.01875 0.030555555555555555
1 0.713671875 0.9819444444444444 0.06953125 0.03611111111111111
1 0.77890625 0.925 0.01953125 0.06805555555555555
1 0.818359375 0.9701388888888889 0.01171875 0.030555555555555555
1 0.85703125 0.8402777777777778 0.01328125 0.016666666666666666
1 0.847265625 0.7472222222222222 0.028125 0.058333333333333334
1 0.855859375 0.9784722222222222 0.00703125 0.015277777777777777
1 0.914453125 0.8465277777777778 0.00859375 0.018055555555555554
1 0.885546875 0.8923611111111112 0.02265625 0.03888888888888889
1 0.925 0.9319444444444445 0.01796875 0.03333333333333333
1 0.980078125 0.9284722222222223 0.0234375 0.03611111111111111
1 0.983203125 0.8465277777777778 0.03359375 0.08888888888888889
1 0.9890625 0.7756944444444445 0.01875 0.0375
1 0.813671875 0.55 0.0125 0.027777777777777776
1 0.887890625 0.6430555555555556 0.01484375 0.022222222222222223
1 0.911328125 0.5083333333333333 0.01875 0.04583333333333333
1 0.97890625 0.63125 0.02265625 0.029166666666666667
1 0.99296875 0.5979166666666667 0.0140625 0.05138888888888889
1 0.9578125 0.575 0.04609375 0.07222222222222222
1 0.89765625 0.7548611111111111 0.01875 0.029166666666666667
1 0.966015625 0.5055555555555555 0.021875 0.041666666666666664
1 0.5484375 0.22916666666666666 0.021875 0.044444444444444446
1 0.2828125 0.7527777777777778 0.0171875 0.030555555555555555
1 0.45625 0.8 0.028125 0.06527777777777778
1 0.240625 0.7520833333333333 0.01953125 0.03333333333333333
1 0.987109375 0.5361111111111111 0.0234375 0.06388888888888888
1 0.9609375 0.6493055555555556 0.0171875 0.03333333333333333
1 0.77421875 0.5159722222222223 0.01875 0.02638888888888889
1 0.866015625 0.9486111111111111 0.034375 0.05416666666666667
1 0.774609375 0.7048611111111112 0.01640625 0.025
1 0.80546875 0.9361111111111111 0.0234375 0.03333333333333333
1 0.757421875 0.8611111111111112 0.01484375 0.022222222222222223
1 0.715234375 0.6541666666666667 0.04375 0.07777777777777778
1 0.60703125 0.5208333333333334 0.01484375 0.022222222222222223
1 0.50625 0.27847222222222223 0.0609375 0.07083333333333333
1 0.478125 0.48055555555555557 0.01953125 0.013888888888888888
1 0.456640625 0.2048611111111111 0.01796875 0.04027777777777778
1 0.390234375 0.49236111111111114 0.015625 0.03333333333333333
1 0.5015625 0.6659722222222222 0.01015625 0.02638888888888889
1 0.0890625 0.2708333333333333 0.01328125 0.022222222222222223
1 0.25703125 0.40902777777777777 0.028125 0.041666666666666664
1 0.15859375 0.075 0.0453125 0.05416666666666667