1 0.79921875 0.049305555555555554 0.01015625 0.02638888888888889
1 0.09453125 0.025 0.01328125 0.04722222222222222
1 0.111328125 0.13819444444444445 0.0375 0.04861111111111111
1 0.065234375 0.1597222222222222 0.01328125 0.025
1 0.18125 0.22291666666666668 0.02578125 0.04722222222222222
1 0.15 0.3368055555555556 0.009375 0.015277777777777777
1 0.184765625 0.4222222222222222 0.02265625 0.034722222222222224
1 0.1578125 0.5513888888888889 0.01484375 0.041666666666666664
1 0.0921875 0.5597222222222222 0.0203125 0.03194444444444444
1 0.03046875 0.48125 0.0125 0.025
1 0.023046875 0.40625 0.034375 0.07361111111111111
1 0.14375 0.8902777777777777 0.01328125 0.020833333333333332
1 0.18125 0.8354166666666667 0.0203125 0.041666666666666664
1 0.194140625 0.8631944444444445 0.02421875 0.04722222222222222
1 0.22890625 0.9604166666666667 0.015625 0.03194444444444444
1 0.2484375 0.9791666666666666 0.0140625 0.025
1 0.240234375 0.7534722222222222 0.021875 0.05694444444444444
1 0.22421875 0.7833333333333333 0.01640625 0.02638888888888889
1 0.835546875 0.7166666666666667 0.0125 0.034722222222222224
1 0.7578125 0.61875 0.01484375 0.02638888888888889
1 0.82890625 0.525 0.00703125 0.019444444444444445
1 0.26171875 0.6145833333333334 0.02421875 0.0375
1 0.25234375 0.3909722222222222 0.015625 0.034722222222222224
0 0.133203125 0.9444444444444444 0.0578125 0.1111111111111111
0 0.0953125 0.8236111111111111 0.190625 0.30694444444444446
1 0.51953125 0.2611111111111111 0.015625 0.041666666666666664
1 0.5390625 0.26666666666666666 0.01953125 0.05138888888888889
1 0.55390625 0.18125 0.02890625 0.05138888888888889
1 0.578125 0.17222222222222222 0.01015625 0.02361111111111111
1 0.56796875 0.12430555555555556 0.0265625 0.04027777777777778
1 0.50546875 0.06875 0.028125 0.03888888888888889
1 0.468359375 0.13125 0.02578125 0.043055555555555555
1 0.419140625 0.16597222222222222 0.01875 0.02638888888888889
1 0.378515625 0.13333333333333333 0.01328125 0.029166666666666667
1 0.267578125 0.06597222222222222 0.05078125 0.08472222222222223
0 0.603125 0.9534722222222223 0.0328125 0.09305555555555556
0 0.63203125 0.7520833333333333 0.26171875 0.24861111111111112
0 0.6578125 0.6590277777777778 0.190625 0.375
0 0.634375 0.2916666666666667 0.13046875 0.5402777777777777
0 0.594921875 0.050694444444444445 0.2171875 0.10138888888888889
0 0.074609375 0.04861111111111111 0.14921875 0.09722222222222222
0 0.080078125 0.20833333333333334 0.12734375 0.4166666666666667
1 0.37109375 0.9020833333333333 0.015625 0.027777777777777776
1 0.487109375 0.8618055555555556 0.02265625 0.04722222222222222
1 0.544921875 0.9472222222222222 0.03359375 0.06666666666666667
1 0.576953125 0.9784722222222222 0.0203125 0.03194444444444444
1 0.412109375 0.73125 0.01953125 0.03194444444444444
1 0.41328125 0.7069444444444445 0.01953125 0.022222222222222223
1 0.454296875 0.7236111111111111 0.0171875 0.025
1 0.47734375 0.6333333333333333 0.0265625 0.05694444444444444
1 0.51171875 0.63125 0.01875 0.034722222222222224
1 0.54453125 0.6395833333333333 0.02265625 0.041666666666666664
0 0.10234375 0.5770833333333333 0.2046875 0.44722222222222224
1 0.483984375 0.5236111111111111 0.046875 0.06666666666666667
1 0.515234375 0.5590277777777778 0.0125 0.019444444444444445
1 0.4328125 0.4895833333333333 0.0234375 0.03611111111111111
1 0.5625 0.4222222222222222 0.03046875 0.04861111111111111
1 0.61015625 0.5159722222222223 0.0109375 0.019444444444444445
1 0.55390625 0.34652777777777777 0.0234375 0.05416666666666667
1 0.636328125 0.39166666666666666 0.0171875 0.04027777777777778
1 0.5203125 0.31805555555555554 0.01640625 0.03194444444444444
1 0.1953125 0.12222222222222222 0.0171875 0.03194444444444444
1 0.58359375 0.02013888888888889 0.0234375 0.04027777777777778
1 0.678125 0.07430555555555556 0.0234375 0.03611111111111111
1 0.70234375 0.16944444444444445 0.01953125 0.041666666666666664
1 0.726953125 0.20347222222222222 0.0109375 0.02638888888888889
1 0.73203125 0.14027777777777778 0.02578125 0.04861111111111111
1 0.7703125 0.17847222222222223 0.01328125 0.03333333333333333
1 0.494921875 0.23680555555555555 0.03046875 0.07222222222222222
1 0.80546875 0.17777777777777778 0.0140625 0.025
1 0.73828125 0.03125 0.028125 0.0625
1 0.82890625 0.058333333333333334 0.01953125 0.0375
1 0.880078125 0.07083333333333333 0.02734375 0.043055555555555555
1 0.94609375 0.26319444444444445 0.009375 0.016666666666666666
1 0.75234375 0.40069444444444446 0.01796875 0.02638888888888889
1 0.664453125 0.7458333333333333 0.03984375 0.11805555555555555
1 0.82109375 0.9902777777777778 0.0234375 0.019444444444444445
1 0.869921875 0.9791666666666666 0.02578125 0.041666666666666664
1 0.83828125 0.8083333333333333 0.01875 0.025
1 0.824609375 0.775 0.0109375 0.0125