1 0.72109375 0.43854166666666666 0.0265625 0.025
1 0.7140625 0.41458333333333336 0.028125 0.03333333333333333
1 0.35390625 0.45 0.0421875 0.03333333333333333
1 0.6046875 0.228125 0.0203125 0.029166666666666667
1 0.45703125 0.36666666666666664 0.015625 0.01875
1 0.43125 0.36770833333333336 0.021875 0.020833333333333332
1 0.1890625 0.5229166666666667 0.03125 0.016666666666666666
1 0.284375 0.3020833333333333 0.0125 0.010416666666666666
1 0.53828125 0.7239583333333334 0.0171875 0.016666666666666666
1 0.8625 0.971875 0.025 0.03333333333333333
1 0.8328125 0.9708333333333333 0.0078125 0.016666666666666666
1 0.90625 0.696875 0.0125 0.016666666666666666
1 0.85390625 0.078125 0.0171875 0.020833333333333332
1 0.44765625 0.3489583333333333 0.0109375 0.0125
1 0.146875 0.009375 0.0203125 0.01875
1 0.44921875 0.2989583333333333 0.0203125 0.020833333333333332
1 0.32890625 0.15520833333333334 0.0125 0.020833333333333332
1 0.3421875 0.134375 0.0390625 0.052083333333333336
1 0.31328125 0.1375 0.025 0.029166666666666667
1 0.4296875 0.2947916666666667 0.0203125 0.01875
0 0.5875 0.8645833333333334 0.3359375 0.2708333333333333
0 0.62109375 0.63125 0.4703125 0.45
0 0.51171875 0.3875 0.13125 0.6354166666666666
0 0.46953125 0.0625 0.3765625 0.125
1 0.12109375 0.9072916666666667 0.0140625 0.020833333333333332
1 0.42890625 0.34479166666666666 0.0265625 0.03333333333333333
1 0.15625 0.6885416666666667 0.01875 0.025
1 0.20234375 0.740625 0.021875 0.022916666666666665
1 0.1203125 0.3072916666666667 0.03125 0.03958333333333333
1 0.3078125 0.896875 0.084375 0.06041666666666667
1 0.56953125 0.9041666666666667 0.0234375 0.03333333333333333
1 0.590625 0.9333333333333333 0.0390625 0.03958333333333333
1 0.59765625 0.8979166666666667 0.028125 0.03125
1 0.42421875 0.790625 0.028125 0.0375
1 0.7046875 0.740625 0.0390625 0.03958333333333333
1 0.590625 0.5666666666666667 0.0359375 0.03125
1 0.74296875 0.43854166666666666 0.0203125 0.027083333333333334
1 0.74140625 0.4125 0.034375 0.03125