1 0.6625 0.8552083333333333 0.021875 0.025
1 0.50234375 0.15416666666666667 0.0203125 0.029166666666666667
1 0.25 0.04895833333333333 0.0140625 0.027083333333333334
1 0.17734375 0.271875 0.0171875 0.035416666666666666
0 0.51328125 0.44166666666666665 0.1359375 0.13125
1 0.725 0.9520833333333333 0.04375 0.04791666666666667
1 0.71015625 0.48541666666666666 0.025 0.0375
1 0.68984375 0.54375 0.0234375 0.03333333333333333
1 0.56015625 0.446875 0.025 0.027083333333333334
1 0.37421875 0.5020833333333333 0.021875 0.03125
1 0.36484375 0.010416666666666666 0.0234375 0.020833333333333332
1 0.5796875 0.025 0.0234375 0.022916666666666665
1 0.90859375 0.39479166666666665 0.034375 0.035416666666666666
1 0.44921875 0.221875 0.01875 0.027083333333333334
1 0.62421875 0.4125 0.0234375 0.027083333333333334
1 0.6671875 0.7604166666666666 0.040625 0.04791666666666667
1 0.48671875 0.20625 0.0265625 0.03125
1 0.2703125 0.340625 0.01875 0.020833333333333332
1 0.21953125 0.815625 0.028125 0.035416666666666666
1 0.30859375 0.984375 0.0359375 0.03125
1 0.62421875 0.6760416666666667 0.021875 0.03125
1 0.6390625 0.9708333333333333 0.0203125 0.029166666666666667
1 0.73984375 0.23854166666666668 0.0203125 0.022916666666666665
1 0.63046875 0.034375 0.040625 0.03125
0 0.553125 0.659375 0.0671875 0.20833333333333334
0 0.51484375 0.23958333333333334 0.215625 0.275