0 0.110546875 0.875 0.1390625 0.25
0 0.0984375 0.7104166666666667 0.196875 0.18333333333333332
0 0.084375 0.2423611111111111 0.11015625 0.4847222222222222
0 0.07734375 0.05625 0.15234375 0.1125
1 0.7140625 0.6840277777777778 0.0078125 0.0125
1 0.12734375 0.33125 0.0125 0.025
1 0.590234375 0.2263888888888889 0.00703125 0.015277777777777777
1 0.6296875 0.6173611111111111 0.01875 0.0375
1 0.746484375 0.1875 0.00703125 0.013888888888888888
1 0.84453125 0.6222222222222222 0.01328125 0.018055555555555554
1 0.88203125 0.9375 0.0078125 0.015277777777777777
1 0.596875 0.4083333333333333 0.02265625 0.029166666666666667
1 0.649609375 0.46319444444444446 0.02421875 0.05416666666666667
1 0.55234375 0.48819444444444443 0.01171875 0.022222222222222223
1 0.408984375 0.5152777777777777 0.015625 0.034722222222222224
1 0.47578125 0.5069444444444444 0.015625 0.03888888888888889
1 0.45859375 0.5118055555555555 0.01875 0.03888888888888889
1 0.4578125 0.5583333333333333 0.01171875 0.030555555555555555
1 0.5296875 0.6305555555555555 0.02421875 0.03194444444444444
1 0.491015625 0.7215277777777778 0.01953125 0.04861111111111111
1 0.07890625 0.005555555555555556 0.01015625 0.011111111111111112
1 0.350390625 0.017361111111111112 0.01875 0.034722222222222224
1 0.401171875 0.16041666666666668 0.021875 0.058333333333333334
1 0.36328125 0.20972222222222223 0.00859375 0.022222222222222223
1 0.367578125 0.34930555555555554 0.03046875 0.04027777777777778
1 0.387109375 0.3159722222222222 0.02109375 0.059722222222222225
1 0.4875 0.30625 0.0203125 0.034722222222222224
1 0.446484375 0.27847222222222223 0.02109375 0.05
1 0.499609375 0.2298611111111111 0.01875 0.03333333333333333
1 0.487890625 0.23125 0.00703125 0.015277777777777777
1 0.526953125 0.21805555555555556 0.02421875 0.04027777777777778
1 0.55078125 0.19027777777777777 0.01796875 0.029166666666666667
1 0.51015625 0.04583333333333333 0.01953125 0.0375
1 0.58515625 0.011111111111111112 0.01328125 0.022222222222222223
1 0.55234375 0.024305555555555556 0.0234375 0.04861111111111111
1 0.566015625 0.07291666666666667 0.03671875 0.0625
1 0.596875 0.1527777777777778 0.01328125 0.030555555555555555
1 0.631640625 0.15069444444444444 0.02421875 0.03611111111111111
1 0.739453125 0.05555555555555555 0.01640625 0.02638888888888889
1 0.910546875 0.027083333333333334 0.00859375 0.0125
1 0.914453125 0.0625 0.0140625 0.018055555555555554
1 0.85703125 0.18888888888888888 0.0109375 0.025
1 0.682421875 0.3013888888888889 0.0234375 0.03888888888888889
1 0.7 0.2604166666666667 0.01328125 0.03333333333333333
1 0.969921875 0.39444444444444443 0.00859375 0.015277777777777777
1 0.953125 0.41597222222222224 0.009375 0.018055555555555554
1 0.8078125 0.5493055555555556 0.02109375 0.04583333333333333
1 0.784375 0.5680555555555555 0.025 0.05138888888888889
1 0.65859375 0.5729166666666666 0.02265625 0.0375
1 0.71640625 0.6347222222222222 0.02109375 0.043055555555555555
1 0.949609375 0.8881944444444444 0.01640625 0.03194444444444444
1 0.790234375 0.9034722222222222 0.02109375 0.04722222222222222
1 0.58515625 0.89375 0.0203125 0.03611111111111111
1 0.528125 0.925 0.0078125 0.018055555555555554
1 0.527734375 0.8743055555555556 0.0484375 0.08611111111111111
1 0.511328125 0.9604166666666667 0.03984375 0.059722222222222225
1 0.438671875 0.8923611111111112 0.01875 0.03888888888888889
1 0.2515625 0.8868055555555555 0.02109375 0.027777777777777776
1 0.14375 0.7097222222222223 0.015625 0.02361111111111111
1 0.203515625 0.5597222222222222 0.01640625 0.029166666666666667
1 0.171875 0.5277777777777778 0.021875 0.044444444444444446
1 0.175390625 0.39375 0.02734375 0.0375
1 0.171875 0.3347222222222222 0.02109375 0.03194444444444444
1 0.18046875 0.27569444444444446 0.02734375 0.07222222222222222
1 0.159765625 0.2659722222222222 0.034375 0.06111111111111111
1 0.16328125 0.12777777777777777 0.021875 0.04027777777777778
1 0.06171875 0.09861111111111111 0.01875 0.041666666666666664
1 0.053515625 0.15416666666666667 0.021875 0.030555555555555555
1 0.0390625 0.15069444444444444 0.0078125 0.018055555555555554
0 0.687109375 0.22291666666666668 0.196875 0.44583333333333336
0 0.6609375 0.4173611111111111 0.1984375 0.26666666666666666
0 0.60859375 0.6118055555555556 0.2078125 0.275
0 0.66640625 0.8111111111111111 0.1390625 0.37777777777777777
0 0.5984375 0.9229166666666667 0.06328125 0.15416666666666667