1 0.03046875 0.24479166666666666 0.015625 0.020833333333333332
0 0.503125 0.08020833333333334 0.215625 0.16041666666666668
0 0.46796875 0.415625 0.134375 0.30625
0 0.4734375 0.709375 0.1328125 0.2520833333333333
0 0.4890625 0.909375 0.0859375 0.18125
1 0.07578125 0.7645833333333333 0.04375 0.05416666666666667
1 0.13125 0.7833333333333333 0.0171875 0.0375
1 0.22734375 0.7166666666666667 0.03125 0.06666666666666667
1 0.28125 0.634375 0.04375 0.0625
1 0.25 0.6552083333333333 0.025 0.03125
1 0.2 0.515625 0.05 0.07916666666666666
1 0.2125 0.584375 0.0296875 0.03333333333333333
1 0.15625 0.5385416666666667 0.0171875 0.020833333333333332
1 0.1078125 0.46458333333333335 0.0359375 0.10208333333333333
1 0.0796875 0.4739583333333333 0.0109375 0.01875
1 0.2609375 0.43333333333333335 0.0265625 0.022916666666666665
1 0.290625 0.425 0.0234375 0.027083333333333334
1 0.303125 0.478125 0.0421875 0.04583333333333333
1 0.31484375 0.3927083333333333 0.0328125 0.058333333333333334
1 0.3890625 0.434375 0.0515625 0.05625
1 0.2421875 0.34375 0.0375 0.04375
1 0.315625 0.246875 0.021875 0.027083333333333334
1 0.36484375 0.21458333333333332 0.0234375 0.027083333333333334
1 0.31953125 0.15104166666666666 0.040625 0.03333333333333333
1 0.37265625 0.10104166666666667 0.0265625 0.041666666666666664
1 0.29609375 0.021875 0.034375 0.03958333333333333
1 0.2328125 0.022916666666666665 0.0296875 0.04375
1 0.1078125 0.059375 0.0359375 0.058333333333333334
1 0.12421875 0.10416666666666667 0.028125 0.025
1 0.15625 0.21145833333333333 0.0140625 0.022916666666666665
1 0.0046875 0.3927083333333333 0.009375 0.022916666666666665
1 0.2296875 0.9052083333333333 0.0265625 0.029166666666666667
1 0.28203125 0.965625 0.034375 0.03958333333333333
1 0.403125 0.8760416666666667 0.0203125 0.022916666666666665
1 0.54140625 0.9677083333333333 0.0359375 0.041666666666666664
1 0.61171875 0.8104166666666667 0.028125 0.020833333333333332
1 0.4890625 0.775 0.0234375 0.022916666666666665
1 0.69765625 0.696875 0.03125 0.05
1 0.43984375 0.5677083333333334 0.034375 0.041666666666666664
1 0.39921875 0.6083333333333333 0.025 0.025
1 0.471875 0.5520833333333334 0.025 0.06666666666666667
1 0.528125 0.44479166666666664 0.021875 0.027083333333333334
1 0.5640625 0.48854166666666665 0.03125 0.05416666666666667
1 0.64921875 0.44479166666666664 0.028125 0.03125
1 0.65703125 0.5052083333333334 0.0203125 0.020833333333333332
1 0.7078125 0.5010416666666667 0.0203125 0.027083333333333334
1 0.76171875 0.5291666666666667 0.0234375 0.0375
1 0.73828125 0.434375 0.028125 0.041666666666666664
1 0.8703125 0.25104166666666666 0.034375 0.035416666666666666
1 0.68515625 0.228125 0.05 0.06458333333333334
1 0.665625 0.125 0.01875 0.05
1 0.56015625 0.14270833333333333 0.021875 0.025
1 0.709375 0.10625 0.0140625 0.014583333333333334
1 0.7703125 0.06041666666666667 0.021875 0.020833333333333332
1 0.88125 0.008333333333333333 0.015625 0.016666666666666666
1 0.91171875 0.09166666666666666 0.0234375 0.01875
1 0.77578125 0.9177083333333333 0.0234375 0.03333333333333333
1 0.83828125 0.9302083333333333 0.0265625 0.027083333333333334
1 0.93203125 0.990625 0.0203125 0.01875
1 0.86328125 0.9791666666666666 0.0234375 0.025
1 0.534375 0.9020833333333333 0.015625 0.016666666666666666
1 0.03515625 0.6916666666666667 0.0171875 0.03333333333333333