1 0.831640625 0.5625 0.01328125 0.02638888888888889
1 0.1015625 0.2048611111111111 0.03203125 0.05
1 0.121875 0.17291666666666666 0.025 0.03333333333333333
1 0.148046875 0.125 0.01796875 0.027777777777777776
1 0.157421875 0.07916666666666666 0.0203125 0.03611111111111111
1 0.16953125 0.18263888888888888 0.0265625 0.05138888888888889
1 0.1421875 0.22291666666666668 0.01796875 0.02638888888888889
1 0.18125 0.20694444444444443 0.0203125 0.034722222222222224
1 0.205078125 0.20277777777777778 0.02734375 0.05416666666666667
1 0.23125 0.2048611111111111 0.01875 0.04027777777777778
0 0.114453125 0.1486111111111111 0.109375 0.2972222222222222
0 0.1125 0.3138888888888889 0.225 0.12916666666666668
0 0.11640625 0.6298611111111111 0.2328125 0.14166666666666666
0 0.141015625 0.8076388888888889 0.1078125 0.06805555555555555
0 0.73515625 0.8388888888888889 0.18046875 0.32222222222222224
0 0.66640625 0.6305555555555555 0.3140625 0.17916666666666667
0 0.6328125 0.33958333333333335 0.3203125 0.29583333333333334
0 0.64453125 0.17222222222222222 0.15859375 0.34444444444444444
0 0.68359375 0.05416666666666667 0.1265625 0.10833333333333334
1 0.26171875 0.26875 0.0203125 0.02361111111111111
1 0.25390625 0.34652777777777777 0.01640625 0.0375
1 0.179296875 0.38958333333333334 0.01875 0.04583333333333333
1 0.188671875 0.42430555555555555 0.01875 0.03888888888888889
1 0.20546875 0.4173611111111111 0.01640625 0.027777777777777776
1 0.223828125 0.4354166666666667 0.021875 0.041666666666666664
1 0.239453125 0.48055555555555557 0.02578125 0.04722222222222222
1 0.1375 0.4597222222222222 0.0125 0.02638888888888889
1 0.124609375 0.5715277777777777 0.01875 0.020833333333333332
1 0.215234375 0.5791666666666667 0.03203125 0.07083333333333333
1 0.243359375 0.6472222222222223 0.06640625 0.10833333333333334
1 0.191015625 0.6284722222222222 0.01015625 0.03333333333333333
1 0.2171875 0.7368055555555556 0.02265625 0.04027777777777778
1 0.09765625 0.8243055555555555 0.03046875 0.075
1 0.115625 0.7875 0.03515625 0.025
1 0.139453125 0.8388888888888889 0.03359375 0.030555555555555555
1 0.169140625 0.8666666666666667 0.0390625 0.06388888888888888
1 0.201171875 0.8673611111111111 0.01640625 0.03333333333333333
1 0.323828125 0.24791666666666667 0.015625 0.022222222222222223
1 0.289453125 0.3902777777777778 0.02109375 0.018055555555555554
1 0.268359375 0.49722222222222223 0.00859375 0.015277777777777777
1 0.28046875 0.4791666666666667 0.015625 0.019444444444444445
1 0.2671875 0.8041666666666667 0.02265625 0.029166666666666667
1 0.0546875 0.7965277777777777 0.009375 0.02361111111111111
1 0.064453125 0.84375 0.0140625 0.041666666666666664
1 0.06328125 0.8868055555555555 0.009375 0.02361111111111111
1 0.11640625 0.8756944444444444 0.01015625 0.013888888888888888
1 0.085546875 0.9340277777777778 0.01015625 0.020833333333333332
1 0.4046875 0.8638888888888889 0.009375 0.011111111111111112
1 0.38359375 0.7909722222222222 0.01171875 0.016666666666666666
1 0.180078125 0.0125 0.0109375 0.015277777777777777
1 0.012109375 0.36180555555555555 0.015625 0.02638888888888889
1 0.07578125 0.3548611111111111 0.0234375 0.027777777777777776
1 0.059765625 0.46041666666666664 0.009375 0.008333333333333333
1 0.072265625 0.675 0.0125 0.015277777777777777
1 0.616796875 0.8076388888888889 0.02265625 0.043055555555555555
1 0.28125 0.5861111111111111 0.01328125 0.022222222222222223
1 0.286328125 0.3541666666666667 0.0234375 0.03888888888888889
1 0.67890625 0.7583333333333333 0.01796875 0.027777777777777776
1 0.69453125 0.8013888888888889 0.0203125 0.03611111111111111
1 0.728515625 0.8006944444444445 0.01953125 0.03194444444444444
1 0.7109375 0.6888888888888889 0.03203125 0.03333333333333333
1 0.75625 0.7145833333333333 0.0078125 0.013888888888888888
1 0.798828125 0.8673611111111111 0.0171875 0.04722222222222222
1 0.82109375 0.9930555555555556 0.00859375 0.013888888888888888
1 0.79296875 0.9701388888888889 0.00859375 0.011111111111111112
1 0.956640625 0.8944444444444445 0.01328125 0.019444444444444445
1 0.987890625 0.8076388888888889 0.01171875 0.019444444444444445
1 0.9859375 0.7618055555555555 0.028125 0.044444444444444446
1 0.944921875 0.7861111111111111 0.01015625 0.0125
1 0.998828125 0.7236111111111111 0.00234375 0.019444444444444445
1 0.8640625 0.7055555555555556 0.028125 0.04583333333333333
1 0.825 0.7277777777777777 0.01875 0.03333333333333333
1 0.722265625 0.5159722222222223 0.02890625 0.05694444444444444
1 0.791796875 0.5319444444444444 0.0171875 0.029166666666666667
1 0.801171875 0.4548611111111111 0.02421875 0.03888888888888889
1 0.746875 0.43333333333333335 0.01796875 0.029166666666666667
1 0.73671875 0.35347222222222224 0.03828125 0.04861111111111111
1 0.863671875 0.3638888888888889 0.0078125 0.015277777777777777
1 0.937109375 0.30486111111111114 0.01875 0.03611111111111111
1 0.962890625 0.32083333333333336 0.02265625 0.030555555555555555
1 0.984375 0.3104166666666667 0.0171875 0.0375
1 0.98671875 0.3451388888888889 0.02265625 0.03194444444444444
1 0.9609375 0.25 0.03125 0.03611111111111111
1 0.87421875 0.24513888888888888 0.00703125 0.015277777777777777
1 0.744140625 0.16944444444444445 0.025 0.04722222222222222
1 0.697265625 0.14097222222222222 0.0375 0.0875
1 0.691796875 0.20555555555555555 0.02109375 0.044444444444444446
1 0.701953125 0.0125 0.02109375 0.025
1 0.725 0.059027777777777776 0.03046875 0.0875
1 0.596875 0.08680555555555555 0.02578125 0.05416666666666667
1 0.503125 0.14027777777777778 0.01875 0.03333333333333333
1 0.630859375 0.16527777777777777 0.03046875 0.05277777777777778
1 0.764453125 0.08263888888888889 0.01484375 0.02638888888888889
1 0.86953125 0.14791666666666667 0.02265625 0.03611111111111111
1 0.879296875 0.12361111111111112 0.0203125 0.03611111111111111
1 0.90703125 0.12708333333333333 0.01953125 0.03194444444444444
1 0.93671875 0.034722222222222224 0.0328125 0.06388888888888888
1 0.605859375 0.3770833333333333 0.025 0.034722222222222224
1 0.62734375 0.4409722222222222 0.02578125 0.04583333333333333
1 0.11484375 0.29444444444444445 0.00859375 0.025