1 0.694921875 0.7763888888888889 0.01328125 0.02361111111111111
1 0.700390625 0.7298611111111111 0.02421875 0.05138888888888889
1 0.63203125 0.6680555555555555 0.01328125 0.02361111111111111
1 0.434375 0.30625 0.05859375 0.15
1 0.60703125 0.5916666666666667 0.01328125 0.03194444444444444
1 0.528515625 0.5451388888888888 0.04375 0.044444444444444446
1 0.459375 0.5875 0.0171875 0.025
1 0.46015625 0.5416666666666666 0.01796875 0.03333333333333333
1 0.424609375 0.5305555555555556 0.01484375 0.03194444444444444
1 0.274609375 0.5305555555555556 0.015625 0.019444444444444445
1 0.231640625 0.46458333333333335 0.0296875 0.04722222222222222
1 0.189453125 0.3715277777777778 0.01796875 0.030555555555555555
1 0.055859375 0.39305555555555555 0.01328125 0.018055555555555554
1 0.252734375 0.9256944444444445 0.02890625 0.06666666666666667
1 0.45625 0.8993055555555556 0.02578125 0.043055555555555555
1 0.4859375 0.8270833333333333 0.03671875 0.043055555555555555
1 0.43984375 0.8541666666666666 0.0546875 0.05416666666666667
1 0.447265625 0.7958333333333333 0.021875 0.03611111111111111
1 0.4765625 0.7756944444444445 0.02734375 0.07916666666666666
1 0.5390625 0.625 0.02265625 0.030555555555555555
1 0.55703125 0.6777777777777778 0.0453125 0.06527777777777778
1 0.51171875 0.6520833333333333 0.0328125 0.08611111111111111
1 0.48359375 0.6881944444444444 0.02890625 0.07222222222222222
1 0.653125 0.7180555555555556 0.021875 0.027777777777777776
1 0.608203125 0.7416666666666667 0.0203125 0.058333333333333334
1 0.55703125 0.7993055555555556 0.084375 0.13333333333333333
1 0.615234375 0.85625 0.02421875 0.05555555555555555
1 0.58125 0.8708333333333333 0.0140625 0.027777777777777776
1 0.54609375 0.8875 0.01171875 0.029166666666666667
1 0.58203125 0.9270833333333334 0.01328125 0.015277777777777777
1 0.581640625 0.9722222222222222 0.053125 0.05555555555555555
1 0.675 0.9298611111111111 0.02421875 0.020833333333333332
1 0.65859375 0.8965277777777778 0.025 0.025
1 0.815234375 0.8729166666666667 0.01796875 0.018055555555555554
1 0.742578125 0.95 0.05859375 0.1
1 0.705078125 0.9770833333333333 0.01640625 0.04583333333333333
1 0.815234375 0.9840277777777777 0.02734375 0.03194444444444444
1 0.843359375 0.9409722222222222 0.0140625 0.016666666666666666
1 0.83359375 0.9152777777777777 0.028125 0.03888888888888889
1 0.913671875 0.9215277777777777 0.015625 0.029166666666666667
1 0.996484375 0.8694444444444445 0.00703125 0.034722222222222224
1 0.943359375 0.8493055555555555 0.02578125 0.0375
1 0.95703125 0.7659722222222223 0.01015625 0.020833333333333332
1 0.993359375 0.7215277777777778 0.01328125 0.0375
1 0.9765625 0.6729166666666667 0.02890625 0.06388888888888888
1 0.987890625 0.6229166666666667 0.01015625 0.022222222222222223
1 0.946875 0.5645833333333333 0.0078125 0.025
1 0.91875 0.5666666666666667 0.01484375 0.02361111111111111
1 0.887109375 0.5673611111111111 0.0140625 0.027777777777777776
1 0.885546875 0.5208333333333334 0.0171875 0.03333333333333333
1 0.824609375 0.42569444444444443 0.009375 0.011111111111111112
1 0.883203125 0.45208333333333334 0.0109375 0.016666666666666666
1 0.926171875 0.38263888888888886 0.01484375 0.029166666666666667
1 0.908203125 0.32083333333333336 0.0171875 0.02361111111111111
1 0.851953125 0.32916666666666666 0.0203125 0.05416666666666667
1 0.81015625 0.42430555555555555 0.01171875 0.030555555555555555
1 0.78359375 0.36666666666666664 0.00859375 0.0125
1 0.752734375 0.3423611111111111 0.00703125 0.020833333333333332
1 0.7234375 0.3423611111111111 0.01484375 0.022222222222222223
1 0.666015625 0.32916666666666666 0.01796875 0.03888888888888889
1 0.71796875 0.18888888888888888 0.01171875 0.02361111111111111
1 0.71875 0.2569444444444444 0.0375 0.07777777777777778
1 0.771484375 0.18541666666666667 0.04375 0.09027777777777778
1 0.783203125 0.11597222222222223 0.02421875 0.03888888888888889
1 0.876171875 0.14097222222222222 0.01796875 0.03333333333333333
1 0.941796875 0.004861111111111111 0.01015625 0.009722222222222222
1 0.85703125 0.007638888888888889 0.0203125 0.015277777777777777
1 0.750390625 0.01875 0.025 0.027777777777777776
1 0.781640625 0.06527777777777778 0.01484375 0.030555555555555555
1 0.74765625 0.08819444444444445 0.02890625 0.025
1 0.71796875 0.13055555555555556 0.01640625 0.029166666666666667
1 0.704296875 0.07708333333333334 0.01953125 0.02638888888888889
1 0.381640625 0.01875 0.0265625 0.0375
1 0.432421875 0.02361111111111111 0.02109375 0.04722222222222222
1 0.4125 0.04375 0.0125 0.043055555555555555
1 0.455078125 0.06111111111111111 0.015625 0.030555555555555555
1 0.479296875 0.04027777777777778 0.034375 0.06805555555555555
1 0.56953125 0.08958333333333333 0.01875 0.04861111111111111
1 0.50859375 0.09652777777777778 0.0421875 0.05138888888888889
1 0.58515625 0.2465277777777778 0.015625 0.03194444444444444
1 0.566015625 0.18958333333333333 0.05 0.05416666666666667
1 0.51484375 0.1673611111111111 0.02734375 0.06527777777777778
1 0.550390625 0.2847222222222222 0.025 0.08472222222222223
1 0.296875 0.04583333333333333 0.0109375 0.018055555555555554
1 0.4984375 0.2902777777777778 0.02578125 0.04722222222222222
1 0.4984375 0.21805555555555556 0.02734375 0.05138888888888889
1 0.455859375 0.21041666666666667 0.03125 0.04583333333333333
1 0.4640625 0.30416666666666664 0.01953125 0.05
1 0.517578125 0.49027777777777776 0.01875 0.041666666666666664
1 0.476171875 0.4701388888888889 0.03984375 0.06666666666666667
1 0.493359375 0.3902777777777778 0.06796875 0.09305555555555556
1 0.740625 0.6701388888888888 0.01875 0.04027777777777778
1 0.392578125 0.07361111111111111 0.0171875 0.025
1 0.52578125 0.23472222222222222 0.0140625 0.02638888888888889
1 0.39375 0.36736111111111114 0.01484375 0.025
1 0.359765625 0.44583333333333336 0.01875 0.03194444444444444
1 0.362109375 0.4041666666666667 0.01875 0.03888888888888889
1 0.298828125 0.3298611111111111 0.02421875 0.044444444444444446
1 0.3015625 0.25069444444444444 0.02265625 0.058333333333333334
1 0.98671875 0.19236111111111112 0.015625 0.027777777777777776
1 0.2109375 0.23958333333333334 0.0265625 0.05555555555555555
1 0.147265625 0.23402777777777778 0.01796875 0.03194444444444444
1 0.0984375 0.18819444444444444 0.0171875 0.027777777777777776
1 0.06953125 0.6097222222222223 0.0125 0.02638888888888889
1 0.076953125 0.18263888888888888 0.0171875 0.04583333333333333
1 0.16953125 0.15208333333333332 0.0140625 0.03333333333333333
1 0.208203125 0.02013888888888889 0.0328125 0.04027777777777778
0 0.076171875 0.6319444444444444 0.15234375 0.5166666666666667
1 0.175 0.06458333333333334 0.01640625 0.034722222222222224
1 0.14296875 0.005555555555555556 0.0109375 0.011111111111111112
1 0.1078125 0.011805555555555555 0.0296875 0.02361111111111111
1 0.740234375 0.14652777777777778 0.00859375 0.018055555555555554
1 0.99296875 0.9138888888888889 0.0140625 0.027777777777777776
1 0.98046875 0.9847222222222223 0.015625 0.030555555555555555
0 0.666796875 0.9048611111111111 0.21328125 0.19027777777777777
0 0.59765625 0.7486111111111111 0.16953125 0.3819444444444444
0 0.654296875 0.12569444444444444 0.1859375 0.23472222222222222
1 0.521875 0.005555555555555556 0.0078125 0.011111111111111112
1 0.65078125 0.07569444444444444 0.0109375 0.022222222222222223
0 0.074609375 0.13819444444444445 0.14921875 0.09722222222222222
0 0.09765625 0.2298611111111111 0.1953125 0.20694444444444443
0 0.07890625 0.8131944444444444 0.1484375 0.3736111111111111
0 0.135546875 0.9791666666666666 0.115625 0.041666666666666664
1 0.159375 0.9166666666666666 0.01015625 0.015277777777777777
1 0.05859375 0.66875 0.01484375 0.029166666666666667
1 0.391796875 0.9784722222222222 0.00703125 0.013888888888888888
1 0.787890625 0.83125 0.01328125 0.02361111111111111
1 0.9140625 0.14722222222222223 0.0203125 0.034722222222222224
1 0.847265625 0.17430555555555555 0.025 0.05
1 0.990234375 0.40555555555555556 0.01953125 0.0375
1 0.572265625 0.3993055555555556 0.0203125 0.03888888888888889
1 0.652734375 0.47152777777777777 0.01796875 0.034722222222222224
1 0.6296875 0.5451388888888888 0.01640625 0.020833333333333332
1 0.67421875 0.56875 0.05234375 0.10833333333333334