1 0.39375 0.6791666666666667 0.0515625 0.052083333333333336
1 0.575 0.8395833333333333 0.0625 0.058333333333333334
0 0.7 0.5135416666666667 0.6 0.24791666666666667
0 0.60546875 0.21145833333333333 0.5421875 0.32708333333333334
0 0.65234375 0.16145833333333334 0.265625 0.32083333333333336
1 0.52265625 0.8427083333333333 0.0421875 0.06041666666666667
1 0.565625 0.6854166666666667 0.0359375 0.041666666666666664
1 0.7984375 0.5885416666666666 0.0375 0.04583333333333333
1 0.9875 0.7583333333333333 0.025 0.06458333333333334
0 0.61328125 0.8 0.340625 0.16875
0 0.5859375 0.975 0.178125 0.04583333333333333
1 0.5890625 0.14375 0.0328125 0.05625
1 0.55625 0.11666666666666667 0.0171875 0.022916666666666665
1 0.74609375 0.028125 0.034375 0.052083333333333336
1 0.840625 0.35520833333333335 0.034375 0.0625
1 0.43515625 0.925 0.04375 0.09375
1 0.52890625 0.5 0.04375 0.058333333333333334
1 0.3671875 0.334375 0.0296875 0.03125
1 0.31875 0.34791666666666665 0.03125 0.06041666666666667
1 0.34921875 0.19583333333333333 0.0296875 0.029166666666666667
1 0.2921875 0.23125 0.01875 0.03125
1 0.27734375 0.15416666666666667 0.0203125 0.04583333333333333
1 0.409375 0.09270833333333334 0.034375 0.06458333333333334
1 0.34921875 0.10625 0.046875 0.07083333333333333
1 0.496875 0.2708333333333333 0.01875 0.03958333333333333
1 0.08515625 0.6729166666666667 0.0359375 0.0375
1 0.4578125 0.24791666666666667 0.040625 0.0625
1 0.31171875 0.6708333333333333 0.053125 0.05416666666666667
1 0.41796875 0.7291666666666666 0.040625 0.052083333333333336
1 0.89140625 0.7072916666666667 0.0703125 0.08125
1 0.8578125 0.5875 0.0375 0.04375