1 0.009375 0.8604166666666667 0.01875 0.022916666666666665
1 0.71171875 0.025 0.0140625 0.01875
1 0.56875 0.025 0.0171875 0.020833333333333332
0 0.66796875 0.021875 0.10625 0.04375
0 0.675 0.159375 0.190625 0.18958333333333333
0 0.646875 0.46041666666666664 0.203125 0.12083333333333333
0 0.6734375 0.753125 0.2375 0.31666666666666665
0 0.6109375 0.928125 0.1046875 0.14375
1 0.4546875 0.5145833333333333 0.0203125 0.020833333333333332
1 0.85390625 0.7229166666666667 0.0125 0.016666666666666666
1 0.21015625 0.5135416666666667 0.0171875 0.03125
1 0.24296875 0.48125 0.0171875 0.01875
1 0.20703125 0.375 0.0140625 0.022916666666666665
1 0.92421875 0.03854166666666667 0.021875 0.016666666666666666
1 0.86015625 0.40520833333333334 0.0203125 0.010416666666666666
1 0.975 0.346875 0.025 0.03958333333333333
1 0.95 0.29375 0.01875 0.03125
1 0.815625 0.11145833333333334 0.0234375 0.04375
1 0.86171875 0.15729166666666666 0.0796875 0.07916666666666666
1 0.7875 0.21666666666666667 0.028125 0.0375
1 0.76328125 0.18229166666666666 0.03125 0.03333333333333333
1 0.64140625 0.06875 0.0203125 0.025
1 0.55234375 0.15416666666666667 0.0125 0.022916666666666665
1 0.5515625 0.25104166666666666 0.01875 0.0375
1 0.64453125 0.365625 0.040625 0.03958333333333333
1 0.58828125 0.375 0.025 0.029166666666666667
1 0.534375 0.38333333333333336 0.01875 0.035416666666666666
1 0.475 0.41458333333333336 0.01875 0.016666666666666666
1 0.51328125 0.44375 0.01875 0.025
1 0.88515625 0.590625 0.0234375 0.052083333333333336
1 0.903125 0.6364583333333333 0.0328125 0.04583333333333333
1 0.65546875 0.5635416666666667 0.0359375 0.04791666666666667
1 0.75703125 0.615625 0.0375 0.0375
1 0.71796875 0.790625 0.021875 0.014583333333333334
1 0.80859375 0.7583333333333333 0.0234375 0.04375
1 0.984375 0.8270833333333333 0.0265625 0.0375
1 0.89140625 0.9458333333333333 0.01875 0.03125
1 0.775 0.9604166666666667 0.05625 0.06458333333333334
1 0.4953125 0.7541666666666667 0.01875 0.029166666666666667
1 0.45546875 0.85 0.0125 0.01875
1 0.5390625 0.978125 0.025 0.029166666666666667
1 0.3390625 0.896875 0.021875 0.04375
1 0.2578125 0.9458333333333333 0.021875 0.03125
1 0.33203125 0.7510416666666667 0.015625 0.035416666666666666
1 0.36875 0.6895833333333333 0.0359375 0.05
1 0.3390625 0.615625 0.0234375 0.035416666666666666
1 0.4125 0.6104166666666667 0.03125 0.04791666666666667
1 0.3359375 0.540625 0.0234375 0.020833333333333332
1 0.325 0.49166666666666664 0.028125 0.022916666666666665
1 0.41171875 0.48020833333333335 0.0296875 0.029166666666666667
1 0.3359375 0.42916666666666664 0.025 0.03125
1 0.38203125 0.37604166666666666 0.01875 0.027083333333333334
1 0.346875 0.3572916666666667 0.040625 0.058333333333333334
1 0.43671875 0.25 0.028125 0.01875
1 0.4265625 0.2875 0.0234375 0.027083333333333334
1 0.38828125 0.303125 0.0234375 0.022916666666666665
1 0.390625 0.007291666666666667 0.021875 0.014583333333333334
1 0.41171875 0.04791666666666667 0.028125 0.03958333333333333
1 0.3859375 0.1 0.065625 0.06875
1 0.08046875 0.071875 0.0125 0.016666666666666666
1 0.03671875 0.009375 0.0265625 0.01875
1 0.05234375 0.21666666666666667 0.01875 0.020833333333333332
1 0.1125 0.20833333333333334 0.028125 0.027083333333333334
1 0.10703125 0.32083333333333336 0.015625 0.025
1 0.08515625 0.3020833333333333 0.021875 0.03125
1 0.0390625 0.44479166666666664 0.0765625 0.06875
1 0.0140625 0.5197916666666667 0.0234375 0.029166666666666667
1 0.0328125 0.7229166666666667 0.01875 0.03125
1 0.04453125 0.934375 0.0359375 0.05625
1 0.0453125 0.815625 0.03125 0.03333333333333333
1 0.13828125 0.7833333333333333 0.028125 0.0375
1 0.15546875 0.7385416666666667 0.0625 0.027083333333333334
1 0.1328125 0.6822916666666666 0.0640625 0.07083333333333333