1 0.48046875 0.006944444444444444 0.01015625 0.013888888888888888
1 0.907421875 0.9395833333333333 0.01171875 0.022222222222222223
1 0.995703125 0.9881944444444445 0.00859375 0.02361111111111111
1 0.98046875 0.975 0.02890625 0.05
1 0.921875 0.78125 0.03203125 0.06527777777777778
1 0.815625 0.6715277777777777 0.0265625 0.05
1 0.734765625 0.7902777777777777 0.03125 0.058333333333333334
1 0.8234375 0.8111111111111111 0.03125 0.058333333333333334
1 0.799609375 0.8451388888888889 0.02109375 0.04722222222222222
1 0.655078125 0.9743055555555555 0.02890625 0.05138888888888889
1 0.767578125 0.9729166666666667 0.01484375 0.027777777777777776
1 0.751171875 0.9208333333333333 0.05625 0.0763888888888889
1 0.7 0.8979166666666667 0.01171875 0.025
1 0.6828125 0.8875 0.02265625 0.034722222222222224
1 0.664453125 0.8583333333333333 0.0375 0.04861111111111111
1 0.674609375 0.8076388888888889 0.02109375 0.04861111111111111
1 0.6859375 0.6722222222222223 0.025 0.05
1 0.68671875 0.5652777777777778 0.04375 0.07361111111111111
1 0.6453125 0.5722222222222222 0.01328125 0.019444444444444445
1 0.587109375 0.5583333333333333 0.01640625 0.029166666666666667
1 0.6328125 0.5138888888888888 0.02109375 0.03194444444444444
1 0.612890625 0.5298611111111111 0.0203125 0.04027777777777778
1 0.6625 0.44166666666666665 0.03046875 0.06111111111111111
1 0.63046875 0.35694444444444445 0.01875 0.03333333333333333
1 0.660546875 0.25625 0.0171875 0.04027777777777778
1 0.605078125 0.27708333333333335 0.02578125 0.03194444444444444
1 0.600390625 0.24375 0.021875 0.025
1 0.526953125 0.45555555555555555 0.01796875 0.029166666666666667
1 0.584765625 0.9083333333333333 0.01328125 0.029166666666666667
1 0.5421875 0.8965277777777778 0.021875 0.0375
1 0.419921875 0.8340277777777778 0.0265625 0.04027777777777778
1 0.055859375 0.9076388888888889 0.03359375 0.06111111111111111
1 0.084765625 0.8125 0.0296875 0.07361111111111111
1 0.054296875 0.7930555555555555 0.028125 0.07222222222222222
1 0.159375 0.8013888888888889 0.0265625 0.044444444444444446
1 0.11328125 0.7638888888888888 0.021875 0.03611111111111111
1 0.04140625 0.7354166666666667 0.0171875 0.030555555555555555
1 0.113671875 0.6819444444444445 0.01484375 0.02361111111111111
1 0.04453125 0.6270833333333333 0.0203125 0.02638888888888889
1 0.096484375 0.6243055555555556 0.01796875 0.029166666666666667
1 0.21015625 0.6527777777777778 0.025 0.04583333333333333
1 0.18125 0.6638888888888889 0.0171875 0.03194444444444444
1 0.083203125 0.4777777777777778 0.0125 0.018055555555555554
1 0.046875 0.5430555555555555 0.03515625 0.05694444444444444
1 0.121875 0.5361111111111111 0.01640625 0.02361111111111111
1 0.032421875 0.4361111111111111 0.021875 0.02361111111111111
1 0.130078125 0.45555555555555555 0.0171875 0.03194444444444444
1 0.062109375 0.39444444444444443 0.015625 0.025
1 0.031640625 0.40694444444444444 0.00859375 0.030555555555555555
1 0.0875 0.3972222222222222 0.025 0.0375
1 0.162109375 0.29930555555555555 0.0296875 0.058333333333333334
1 0.125390625 0.3611111111111111 0.01484375 0.03333333333333333
1 0.05234375 0.28541666666666665 0.01875 0.02361111111111111
1 0.01484375 0.2361111111111111 0.0125 0.03333333333333333
1 0.059765625 0.18680555555555556 0.0140625 0.029166666666666667
1 0.155078125 0.030555555555555555 0.025 0.041666666666666664
1 0.066796875 0.10416666666666667 0.01015625 0.019444444444444445
1 0.03359375 0.03263888888888889 0.0359375 0.06527777777777778
0 0.973046875 0.7722222222222223 0.04609375 0.08888888888888889
0 0.9890625 0.7111111111111111 0.021875 0.019444444444444445
0 0.971875 0.14722222222222223 0.05625 0.06111111111111111
0 0.620703125 0.05486111111111111 0.13203125 0.10972222222222222
0 0.55546875 0.2013888888888889 0.215625 0.36944444444444446
0 0.591015625 0.5 0.21875 0.29305555555555557
0 0.576953125 0.7229166666666667 0.2265625 0.45694444444444443
0 0.602734375 0.8569444444444444 0.090625 0.2861111111111111
0 0.07890625 0.9590277777777778 0.04296875 0.08194444444444444
0 0.107421875 0.8319444444444445 0.05703125 0.22777777777777777
0 0.057421875 0.59375 0.11484375 0.13055555555555556
1 0.8609375 0.9486111111111111 0.00859375 0.015277777777777777
1 0.7796875 0.5256944444444445 0.01796875 0.0375
1 0.81484375 0.45 0.015625 0.019444444444444445
1 0.873828125 0.49166666666666664 0.01640625 0.03333333333333333
1 0.919140625 0.5243055555555556 0.015625 0.03194444444444444
1 0.75859375 0.40069444444444446 0.0109375 0.019444444444444445
1 0.884375 0.3736111111111111 0.03359375 0.06805555555555555
1 0.775 0.33194444444444443 0.0421875 0.07222222222222222
1 0.967578125 0.3861111111111111 0.0421875 0.10555555555555556
1 0.9703125 0.5180555555555556 0.03046875 0.05416666666666667
1 0.97890625 0.6097222222222223 0.02421875 0.04722222222222222
1 0.992578125 0.65625 0.01484375 0.043055555555555555
1 0.862109375 0.1763888888888889 0.0296875 0.05277777777777778
0 0.040234375 0.14027777777777778 0.08046875 0.19305555555555556
0 0.1046875 0.03819444444444445 0.0328125 0.0763888888888889
0 0.041015625 0.3736111111111111 0.08125 0.2652777777777778
1 0.919140625 0.1736111111111111 0.03046875 0.08472222222222223
1 0.9546875 0.23125 0.01171875 0.019444444444444445
1 0.9953125 0.06736111111111111 0.009375 0.03611111111111111
1 0.992578125 0.016666666666666666 0.01328125 0.02638888888888889
1 0.4953125 0.022916666666666665 0.0234375 0.03888888888888889
1 0.511328125 0.12986111111111112 0.01328125 0.02361111111111111
1 0.631640625 0.2013888888888889 0.01484375 0.020833333333333332
1 0.584375 0.07916666666666666 0.021875 0.03194444444444444
1 0.49765625 0.34791666666666665 0.01953125 0.03611111111111111
1 0.50078125 0.5527777777777778 0.009375 0.016666666666666666
1 0.844140625 0.5847222222222223 0.040625 0.07361111111111111