1 0.459375 0.9208333333333333 0.0265625 0.035416666666666666
1 0.35703125 0.796875 0.025 0.05
1 0.0125 0.553125 0.025 0.052083333333333336
1 0.0125 0.615625 0.021875 0.0375
1 0.55 0.8354166666666667 0.0375 0.035416666666666666
1 0.675 0.9072916666666667 0.0234375 0.03958333333333333
1 0.73671875 0.7791666666666667 0.0296875 0.029166666666666667
1 0.19921875 0.340625 0.0140625 0.020833333333333332
1 0.82421875 0.7625 0.028125 0.022916666666666665
1 0.75625 0.5208333333333334 0.028125 0.03125
1 0.934375 0.69375 0.0203125 0.025
1 0.70546875 0.7770833333333333 0.0265625 0.03958333333333333
1 0.63046875 0.6916666666666667 0.0703125 0.07291666666666667
1 0.896875 0.43020833333333336 0.01875 0.035416666666666666
1 0.54921875 0.446875 0.025 0.03125
1 0.58515625 0.040625 0.0609375 0.07708333333333334
1 0.43203125 0.03333333333333333 0.0203125 0.05625
1 0.4109375 0.07604166666666666 0.025 0.058333333333333334
1 0.2796875 0.103125 0.028125 0.03333333333333333
0 0.421875 0.971875 0.071875 0.05625
0 0.37578125 0.721875 0.6484375 0.30833333333333335
0 0.3890625 0.43645833333333334 0.18125 0.7645833333333333
0 0.4296875 0.328125 0.3078125 0.39375
0 0.55625 0.12291666666666666 0.2203125 0.24166666666666667
1 0.853125 0.8354166666666667 0.021875 0.022916666666666665
1 0.51796875 0.8427083333333333 0.028125 0.05