1 0.4703125 0.8590277777777777 0.02109375 0.0375
1 0.38984375 0.5465277777777777 0.0109375 0.02638888888888889
1 0.5578125 0.9694444444444444 0.0328125 0.058333333333333334
1 0.992578125 0.35 0.01484375 0.03888888888888889
1 0.90546875 0.8395833333333333 0.01328125 0.027777777777777776
1 0.73984375 0.9520833333333333 0.01796875 0.027777777777777776
1 0.66640625 0.6208333333333333 0.01328125 0.022222222222222223
1 0.69453125 0.8 0.03203125 0.08055555555555556
1 0.6265625 0.6479166666666667 0.02734375 0.029166666666666667
1 0.484765625 0.8972222222222223 0.01640625 0.025
1 0.581640625 0.9826388888888888 0.015625 0.034722222222222224
1 0.109765625 0.4013888888888889 0.0109375 0.016666666666666666
1 0.153515625 0.9868055555555556 0.01015625 0.02638888888888889
1 0.0640625 0.6659722222222222 0.01640625 0.041666666666666664
1 0.12421875 0.3819444444444444 0.015625 0.034722222222222224
1 0.03828125 0.40694444444444444 0.00625 0.019444444444444445
1 0.010546875 0.37222222222222223 0.01796875 0.03611111111111111
1 0.091796875 0.8513888888888889 0.0171875 0.043055555555555555
1 0.516015625 0.9576388888888889 0.0234375 0.044444444444444446
1 0.540234375 0.9180555555555555 0.03046875 0.05694444444444444
1 0.63046875 0.7861111111111111 0.01875 0.05555555555555555
1 0.648828125 0.74375 0.01953125 0.034722222222222224
1 0.607421875 0.8069444444444445 0.03828125 0.06527777777777778
1 0.783984375 0.9826388888888888 0.015625 0.02638888888888889
1 0.8453125 0.8604166666666667 0.0453125 0.10694444444444444
1 0.94453125 0.8409722222222222 0.02421875 0.05555555555555555
1 0.990234375 0.7041666666666667 0.01953125 0.03333333333333333
1 0.75703125 0.6826388888888889 0.0890625 0.10833333333333334
0 0.632421875 0.2423611111111111 0.16796875 0.4847222222222222
1 0.91796875 0.7152777777777778 0.04453125 0.08611111111111111
1 0.991796875 0.10972222222222222 0.01640625 0.044444444444444446
0 0.661328125 0.6277777777777778 0.30390625 0.25555555555555554
0 0.6328125 0.7097222222222223 0.21171875 0.3138888888888889
1 0.93984375 0.27152777777777776 0.0125 0.018055555555555554
1 0.99375 0.3111111111111111 0.0125 0.03333333333333333
0 0.7078125 0.9618055555555556 0.15 0.0763888888888889
1 0.954296875 0.6277777777777778 0.03046875 0.05694444444444444
1 0.923046875 0.60625 0.01484375 0.03888888888888889
1 0.994140625 0.46458333333333335 0.01171875 0.029166666666666667
1 0.98125 0.5305555555555556 0.0359375 0.10833333333333334
1 0.793359375 0.625 0.025 0.044444444444444446
1 0.805859375 0.56875 0.02578125 0.03611111111111111
1 0.491796875 0.24027777777777778 0.01328125 0.029166666666666667
0 0.1625 0.011111111111111112 0.021875 0.022222222222222223
1 0.8484375 0.5076388888888889 0.0171875 0.025
1 0.675 0.4305555555555556 0.021875 0.044444444444444446
1 0.948828125 0.43333333333333335 0.01875 0.03888888888888889
1 0.890234375 0.48819444444444443 0.0328125 0.059722222222222225
0 0.08203125 0.013194444444444444 0.028125 0.02638888888888889
0 0.6625 0.07708333333333334 0.05859375 0.08055555555555556
1 0.744921875 0.3784722222222222 0.021875 0.02638888888888889
1 0.743359375 0.28055555555555556 0.0203125 0.027777777777777776
1 0.06875 0.0875 0.03046875 0.05555555555555555
1 0.158984375 0.058333333333333334 0.015625 0.03611111111111111
1 0.79609375 0.23541666666666666 0.0140625 0.027777777777777776
1 0.12734375 0.03888888888888889 0.0265625 0.06111111111111111
1 0.425390625 0.8208333333333333 0.03671875 0.0763888888888889
1 0.80078125 0.09930555555555555 0.0203125 0.05416666666666667
1 0.446875 0.6451388888888889 0.0109375 0.030555555555555555
1 0.861328125 0.1736111111111111 0.02890625 0.08333333333333333
1 0.7875 0.02847222222222222 0.02734375 0.04722222222222222
1 0.762890625 0.11597222222222223 0.0359375 0.08194444444444444
1 0.46953125 0.16319444444444445 0.0140625 0.03888888888888889
1 0.66875 0.11875 0.02421875 0.03888888888888889
1 0.629296875 0.006944444444444444 0.0140625 0.013888888888888888
1 0.50859375 0.5666666666666667 0.0171875 0.044444444444444446
1 0.59921875 0.009027777777777777 0.021875 0.018055555555555554
1 0.555859375 0.02013888888888889 0.03203125 0.04027777777777778
1 0.537890625 0.23819444444444443 0.034375 0.05
1 0.50078125 0.1375 0.0203125 0.04027777777777778
1 0.5171875 0.030555555555555555 0.02421875 0.06111111111111111
1 0.615625 0.4513888888888889 0.0234375 0.03611111111111111
1 0.60546875 0.33541666666666664 0.01796875 0.044444444444444446
1 0.4609375 0.3277777777777778 0.02109375 0.05
1 0.59609375 0.18055555555555555 0.034375 0.07361111111111111
1 0.3875 0.19583333333333333 0.0125 0.018055555555555554
1 0.425 0.3125 0.01328125 0.041666666666666664
1 0.47421875 0.37777777777777777 0.02734375 0.044444444444444446
1 0.55 0.29583333333333334 0.01875 0.04722222222222222
1 0.537890625 0.5881944444444445 0.02578125 0.05
1 0.4609375 0.23680555555555555 0.021875 0.05277777777777778
1 0.48046875 0.7520833333333333 0.03671875 0.05
1 0.751171875 0.21388888888888888 0.01953125 0.04027777777777778
1 0.48046875 0.6493055555555556 0.034375 0.05
0 0.109375 0.45208333333333334 0.1203125 0.10694444444444444
0 0.11171875 0.29305555555555557 0.1484375 0.39166666666666666
0 0.129296875 0.9131944444444444 0.25859375 0.1736111111111111
1 0.60546875 0.8819444444444444 0.0421875 0.0875
0 0.167578125 0.7020833333333333 0.2375 0.3
1 0.4359375 0.5368055555555555 0.01484375 0.03611111111111111
1 0.5328125 0.8208333333333333 0.0390625 0.10138888888888889
1 0.199609375 0.6826388888888889 0.03046875 0.03611111111111111
1 0.912109375 0.8833333333333333 0.01484375 0.02361111111111111
1 0.22734375 0.7277777777777777 0.0390625 0.05694444444444444
1 0.28125 0.8708333333333333 0.02578125 0.04861111111111111
1 0.272265625 0.7833333333333333 0.01953125 0.041666666666666664
1 0.14921875 0.6208333333333333 0.0484375 0.06388888888888888
1 0.07421875 0.5826388888888889 0.0203125 0.043055555555555555
1 0.158984375 0.675 0.0125 0.030555555555555555
1 0.2953125 0.49722222222222223 0.0421875 0.08611111111111111
1 0.278515625 0.5625 0.01328125 0.02638888888888889
1 0.15703125 0.48194444444444445 0.03046875 0.06388888888888888
1 0.075390625 0.2902777777777778 0.021875 0.027777777777777776
1 0.090234375 0.16805555555555557 0.01328125 0.027777777777777776
1 0.211328125 0.3 0.02109375 0.03611111111111111
1 0.24921875 0.27291666666666664 0.0125 0.019444444444444445
1 0.32734375 0.10625 0.02265625 0.03611111111111111
1 0.158984375 0.4083333333333333 0.02109375 0.04027777777777778
1 0.237890625 0.4166666666666667 0.02578125 0.05555555555555555
1 0.10078125 0.5097222222222222 0.02578125 0.03888888888888889
1 0.048828125 0.38333333333333336 0.02109375 0.03611111111111111
1 0.023828125 0.4826388888888889 0.02265625 0.034722222222222224
1 0.8328125 0.73125 0.01875 0.03333333333333333
1 0.8265625 0.4013888888888889 0.0109375 0.015277777777777777
1 0.947265625 0.7131944444444445 0.01015625 0.025
1 0.039453125 0.7277777777777777 0.025 0.06805555555555555
1 0.23203125 0.5944444444444444 0.03828125 0.05
1 0.04375 0.7826388888888889 0.01640625 0.030555555555555555
1 0.304296875 0.7979166666666667 0.03984375 0.0763888888888889
1 0.884765625 0.7833333333333333 0.025 0.09305555555555556
1 0.849609375 0.775 0.02578125 0.03611111111111111
1 0.782421875 0.8458333333333333 0.01953125 0.029166666666666667
1 0.8859375 0.8777777777777778 0.03359375 0.07916666666666666
1 0.93828125 0.9069444444444444 0.02734375 0.044444444444444446
1 0.91015625 0.8041666666666667 0.01484375 0.03333333333333333
1 0.17265625 0.36875 0.0203125 0.029166666666666667
1 0.205078125 0.9722222222222222 0.028125 0.041666666666666664
1 0.3984375 0.6770833333333334 0.02109375 0.027777777777777776
1 0.28203125 0.8291666666666667 0.015625 0.034722222222222224
1 0.067578125 0.8097222222222222 0.0328125 0.12083333333333333
1 0.25078125 0.6798611111111111 0.0125 0.022222222222222223
1 0.1765625 0.5715277777777777 0.03046875 0.030555555555555555
1 0.103125 0.6347222222222222 0.034375 0.06527777777777778
1 0.226171875 0.5361111111111111 0.01640625 0.027777777777777776
1 0.09296875 0.45069444444444445 0.01484375 0.025
1 0.059765625 0.3451388888888889 0.025 0.02361111111111111
1 0.327734375 0.059027777777777776 0.01484375 0.022222222222222223
1 0.30703125 0.03194444444444444 0.01328125 0.020833333333333332
1 0.07890625 0.23194444444444445 0.03671875 0.0625
1 0.1265625 0.09513888888888888 0.01640625 0.029166666666666667
1 0.3015625 0.38263888888888886 0.034375 0.05694444444444444
1 0.329296875 0.7097222222222223 0.01796875 0.029166666666666667
1 0.13671875 0.07430555555555556 0.01171875 0.013888888888888888
1 0.330859375 0.3527777777777778 0.021875 0.041666666666666664
1 0.293359375 0.2902777777777778 0.0296875 0.04583333333333333
1 0.2234375 0.034027777777777775 0.01015625 0.019444444444444445
1 0.17890625 0.14375 0.01484375 0.02638888888888889
1 0.20078125 0.12638888888888888 0.0109375 0.022222222222222223
1 0.228515625 0.11388888888888889 0.0171875 0.0375