1 0.2890625 0.35138888888888886 0.015625 0.029166666666666667
1 0.442578125 0.625 0.03046875 0.043055555555555555
1 0.55234375 0.6111111111111112 0.01328125 0.025
1 0.5046875 0.7340277777777777 0.0125 0.019444444444444445
1 0.53515625 0.3625 0.00859375 0.020833333333333332
1 0.1078125 0.9888888888888889 0.01640625 0.020833333333333332
1 0.21171875 0.7701388888888889 0.0109375 0.02361111111111111
1 0.48046875 0.1111111111111111 0.0359375 0.044444444444444446
1 0.590234375 0.07222222222222222 0.02109375 0.03194444444444444
1 0.86171875 0.07013888888888889 0.02109375 0.04583333333333333
1 0.974609375 0.10347222222222222 0.02734375 0.044444444444444446
1 0.94765625 0.16666666666666666 0.02421875 0.04861111111111111
1 0.99296875 0.31805555555555554 0.0140625 0.05138888888888889
1 0.95625 0.35 0.0171875 0.034722222222222224
1 0.93125 0.35208333333333336 0.0265625 0.041666666666666664
1 0.87421875 0.2638888888888889 0.01640625 0.030555555555555555
1 0.822265625 0.21388888888888888 0.01953125 0.04027777777777778
1 0.803125 0.2722222222222222 0.02109375 0.0375
1 0.70625 0.2638888888888889 0.03125 0.0625
1 0.68828125 0.23402777777777778 0.0265625 0.034722222222222224
1 0.684765625 0.1909722222222222 0.04453125 0.05138888888888889
1 0.669921875 0.43194444444444446 0.03125 0.025
1 0.667578125 0.37430555555555556 0.04375 0.0625
1 0.59140625 0.37083333333333335 0.01640625 0.0375
1 0.716015625 0.3284722222222222 0.040625 0.08055555555555556
1 0.8 0.4152777777777778 0.034375 0.06388888888888888
1 0.944140625 0.5326388888888889 0.01171875 0.019444444444444445
1 0.8671875 0.5305555555555556 0.01328125 0.029166666666666667
1 0.817578125 0.53125 0.04921875 0.0763888888888889
1 0.940234375 0.6215277777777778 0.015625 0.02361111111111111
1 0.970703125 0.6777777777777778 0.015625 0.02638888888888889
1 0.993359375 0.7458333333333333 0.01328125 0.030555555555555555
1 0.9921875 0.8131944444444444 0.0109375 0.013888888888888888
1 0.940625 0.7923611111111111 0.03046875 0.05555555555555555
1 0.816015625 0.6993055555555555 0.03203125 0.075
1 0.776171875 0.7263888888888889 0.028125 0.03611111111111111
1 0.83515625 0.7604166666666666 0.01875 0.04861111111111111
1 0.977734375 0.8979166666666667 0.009375 0.019444444444444445
1 0.870703125 0.9840277777777777 0.0171875 0.03194444444444444
1 0.811328125 0.9604166666666667 0.028125 0.06805555555555555
1 0.759375 0.8708333333333333 0.0203125 0.0375
1 0.669140625 0.9243055555555556 0.0125 0.019444444444444445
1 0.549609375 0.9229166666666667 0.0140625 0.02361111111111111
1 0.546484375 0.7576388888888889 0.01953125 0.03611111111111111
0 0.13359375 0.8541666666666666 0.08671875 0.2916666666666667
0 0.119140625 0.5659722222222222 0.215625 0.30833333333333335
0 0.115234375 0.13541666666666666 0.14453125 0.2708333333333333
0 0.651953125 0.24861111111111112 0.121875 0.49722222222222223
0 0.6125 0.44305555555555554 0.2953125 0.14305555555555555
0 0.73046875 0.6715277777777777 0.30390625 0.21944444444444444
0 0.6859375 0.8618055555555556 0.19296875 0.2763888888888889
0 0.673046875 0.9097222222222222 0.08359375 0.18055555555555555
1 0.209765625 0.8395833333333333 0.04375 0.10416666666666667
1 0.15703125 0.8027777777777778 0.015625 0.03611111111111111
1 0.22421875 0.9694444444444444 0.01640625 0.04027777777777778
1 0.083203125 0.8763888888888889 0.015625 0.02638888888888889
1 0.04453125 0.7479166666666667 0.01171875 0.03611111111111111
1 0.11171875 0.7993055555555556 0.0125 0.044444444444444446
1 0.174609375 0.7395833333333334 0.02109375 0.03333333333333333
1 0.21171875 0.7215277777777778 0.0125 0.02361111111111111
1 0.133203125 0.68125 0.01875 0.0375
1 0.124609375 0.6368055555555555 0.02421875 0.0375
1 0.28046875 0.6201388888888889 0.025 0.041666666666666664
1 0.10703125 0.5625 0.03125 0.05416666666666667
1 0.163671875 0.5104166666666666 0.0171875 0.04583333333333333
1 0.139453125 0.49444444444444446 0.025 0.06527777777777778
1 0.05078125 0.47152777777777777 0.02265625 0.03194444444444444
1 0.064453125 0.27361111111111114 0.02265625 0.04027777777777778
1 0.051953125 0.22847222222222222 0.00625 0.013888888888888888
1 0.125 0.2569444444444444 0.015625 0.03333333333333333
1 0.183984375 0.25277777777777777 0.03203125 0.05555555555555555
1 0.26484375 0.2222222222222222 0.02109375 0.044444444444444446
1 0.269921875 0.26666666666666666 0.01640625 0.034722222222222224
1 0.225 0.21736111111111112 0.01796875 0.03888888888888889
1 0.1734375 0.05277777777777778 0.01328125 0.030555555555555555
1 0.189453125 0.06319444444444444 0.009375 0.020833333333333332
1 0.1234375 0.052083333333333336 0.01484375 0.025
1 0.1453125 0.0125 0.0171875 0.020833333333333332
1 0.10625 0.03263888888888889 0.015625 0.027777777777777776
1 0.080078125 0.043055555555555555 0.015625 0.02361111111111111
1 0.28125 0.07083333333333333 0.0140625 0.030555555555555555
1 0.247265625 0.058333333333333334 0.009375 0.018055555555555554
1 0.0421875 0.1111111111111111 0.01796875 0.027777777777777776
1 0.143359375 0.16527777777777777 0.01328125 0.02638888888888889
1 0.108984375 0.12083333333333333 0.00703125 0.027777777777777776
1 0.32265625 0.42291666666666666 0.0125 0.025