1 0.02109375 0.15833333333333333 0.0171875 0.025
1 0.91328125 0.09930555555555555 0.0546875 0.11388888888888889
1 0.1171875 0.9118055555555555 0.01796875 0.02638888888888889
1 0.442578125 0.6375 0.0171875 0.03888888888888889
1 0.707421875 0.3458333333333333 0.02734375 0.04027777777777778
1 0.937109375 0.7090277777777778 0.02734375 0.05
1 0.3921875 0.24930555555555556 0.02421875 0.04027777777777778
1 0.119140625 0.5340277777777778 0.01796875 0.0375
1 0.1953125 0.7666666666666667 0.01640625 0.02361111111111111
1 0.55546875 0.9923611111111111 0.02109375 0.015277777777777777
1 0.48984375 0.9826388888888888 0.02578125 0.027777777777777776
1 0.5734375 0.8354166666666667 0.01875 0.0375
1 0.459375 0.8368055555555556 0.04296875 0.075
1 0.798828125 0.7333333333333333 0.02578125 0.03611111111111111
1 0.867578125 0.9263888888888889 0.01171875 0.02361111111111111
1 0.824609375 0.9527777777777777 0.02421875 0.06527777777777778
1 0.897265625 0.7986111111111112 0.02890625 0.09444444444444444
1 0.7890625 0.8145833333333333 0.025 0.07222222222222222
1 0.90703125 0.6006944444444444 0.01328125 0.027777777777777776
1 0.96015625 0.4 0.01484375 0.03611111111111111
1 0.58125 0.05 0.02890625 0.06388888888888888
1 0.51015625 0.16111111111111112 0.0421875 0.10833333333333334
1 0.537890625 0.47430555555555554 0.02421875 0.05
1 0.091796875 0.14722222222222223 0.02265625 0.05277777777777778
0 0.743359375 0.8097222222222222 0.175 0.38055555555555554
0 0.690234375 0.6708333333333333 0.203125 0.31805555555555554
0 0.715234375 0.5 0.1484375 0.2861111111111111
0 0.68671875 0.2125 0.08828125 0.42083333333333334
0 0.629296875 0.03888888888888889 0.07265625 0.07083333333333333
0 0.089453125 0.8763888888888889 0.178125 0.24305555555555555
0 0.133203125 0.6888888888888889 0.18359375 0.3486111111111111
0 0.13515625 0.3194444444444444 0.14609375 0.55