1 0.156640625 0.59375 0.01171875 0.020833333333333332
1 0.2796875 0.5409722222222222 0.0265625 0.03194444444444444
1 0.184375 0.8777777777777778 0.0203125 0.04027777777777778
1 0.235546875 0.7347222222222223 0.02421875 0.04027777777777778
1 0.759765625 0.4618055555555556 0.0296875 0.058333333333333334
1 0.135546875 0.43194444444444446 0.02890625 0.06944444444444445
1 0.2265625 0.32569444444444445 0.02578125 0.044444444444444446
1 0.23515625 0.29583333333333334 0.00859375 0.016666666666666666
1 0.255078125 0.3229166666666667 0.01640625 0.022222222222222223
1 0.248828125 0.36736111111111114 0.025 0.04583333333333333
1 0.291015625 0.33125 0.0203125 0.041666666666666664
1 0.283984375 0.3 0.009375 0.0125
1 0.36875 0.28125 0.01484375 0.034722222222222224
1 0.381640625 0.42430555555555555 0.01171875 0.025
1 0.24765625 0.21458333333333332 0.01484375 0.020833333333333332
1 0.253125 0.2534722222222222 0.0109375 0.02638888888888889
1 0.271875 0.1597222222222222 0.03359375 0.07083333333333333
1 0.236328125 0.14097222222222222 0.02734375 0.05138888888888889
1 0.17890625 0.1423611111111111 0.03515625 0.0625
1 0.1546875 0.09097222222222222 0.01328125 0.011111111111111112
1 0.6140625 0.1486111111111111 0.0375 0.05138888888888889
1 0.53125 0.22916666666666666 0.0125 0.02638888888888889
1 0.4921875 0.23402777777777778 0.01328125 0.025
1 0.82421875 0.28680555555555554 0.0140625 0.022222222222222223
1 0.332421875 0.12916666666666668 0.02890625 0.04722222222222222
1 0.187109375 0.019444444444444445 0.02578125 0.025
1 0.15078125 0.022222222222222223 0.03984375 0.044444444444444446
1 0.90390625 0.0625 0.01796875 0.027777777777777776
1 0.327734375 0.6541666666666667 0.01953125 0.029166666666666667
0 0.115234375 0.9388888888888889 0.134375 0.12222222222222222
0 0.175 0.8055555555555556 0.12265625 0.3888888888888889
0 0.7046875 0.8097222222222222 0.2953125 0.38055555555555554
0 0.722265625 0.75 0.2125 0.49722222222222223
0 0.73515625 0.17847222222222223 0.2265625 0.35694444444444445
1 0.648046875 0.06319444444444444 0.0078125 0.025
1 0.083203125 0.2763888888888889 0.01015625 0.02361111111111111
1 0.080859375 0.24583333333333332 0.01171875 0.02638888888888889
1 0.0484375 0.24166666666666667 0.01875 0.020833333333333332
1 0.641796875 0.29444444444444445 0.0078125 0.013888888888888888
1 0.608203125 0.4076388888888889 0.0109375 0.020833333333333332
1 0.596484375 0.39375 0.009375 0.016666666666666666
1 0.757421875 0.8111111111111111 0.0109375 0.020833333333333332
1 0.969140625 0.6236111111111111 0.0125 0.04027777777777778
1 0.98359375 0.4638888888888889 0.0328125 0.04722222222222222
1 0.927734375 0.575 0.0265625 0.03888888888888889
1 0.9625 0.009027777777777777 0.02265625 0.018055555555555554
1 0.8984375 0.10347222222222222 0.03203125 0.03888888888888889
1 0.743359375 0.32430555555555557 0.025 0.025
1 0.706640625 0.33194444444444443 0.015625 0.029166666666666667
1 0.67109375 0.35 0.01484375 0.022222222222222223
1 0.669921875 0.42916666666666664 0.02109375 0.0375
1 0.78515625 0.3659722222222222 0.01875 0.02638888888888889
1 0.746875 0.5569444444444445 0.021875 0.030555555555555555
1 0.84296875 0.5194444444444445 0.01328125 0.022222222222222223
1 0.622265625 0.5333333333333333 0.0453125 0.07222222222222222
1 0.658984375 0.5097222222222222 0.01953125 0.025
1 0.6296875 0.6673611111111111 0.02578125 0.06388888888888888
1 0.59921875 0.7159722222222222 0.02109375 0.044444444444444446
1 0.680859375 0.7208333333333333 0.02578125 0.029166666666666667
1 0.80390625 0.7875 0.01796875 0.022222222222222223
1 0.162109375 0.6368055555555555 0.02734375 0.04861111111111111
1 0.794921875 0.8381944444444445 0.046875 0.05694444444444444
1 0.250390625 0.6479166666666667 0.0265625 0.04027777777777778
1 0.82109375 0.7409722222222223 0.02109375 0.03333333333333333
1 0.813671875 0.66875 0.015625 0.02361111111111111
1 0.88046875 0.8340277777777778 0.015625 0.027777777777777776
1 0.962890625 0.8166666666666667 0.01328125 0.013888888888888888
1 0.916015625 0.96875 0.0203125 0.029166666666666667
1 0.9359375 0.9756944444444444 0.0140625 0.02638888888888889
1 0.673828125 0.8631944444444445 0.0234375 0.04583333333333333
1 0.54765625 0.8354166666666667 0.015625 0.018055555555555554
1 0.548828125 0.9416666666666667 0.0140625 0.041666666666666664
1 0.44140625 0.8458333333333333 0.0109375 0.018055555555555554
1 0.3390625 0.85625 0.01875 0.044444444444444446
1 0.265234375 0.8381944444444445 0.0234375 0.04027777777777778
1 0.291796875 0.8409722222222222 0.01171875 0.034722222222222224
1 0.285546875 0.9666666666666667 0.03046875 0.06666666666666667
1 0.221484375 0.9694444444444444 0.04765625 0.06111111111111111
1 0.189453125 0.9611111111111111 0.0140625 0.034722222222222224
1 0.973046875 0.25972222222222224 0.05390625 0.16527777777777777
1 0.96015625 0.3784722222222222 0.01328125 0.022222222222222223
1 0.932421875 0.2652777777777778 0.03828125 0.075
1 0.8875 0.30694444444444446 0.01640625 0.029166666666666667
1 0.83359375 0.33611111111111114 0.0203125 0.027777777777777776
1 0.876953125 0.3784722222222222 0.02109375 0.027777777777777776
1 0.798828125 0.43472222222222223 0.0234375 0.05
1 0.815234375 0.2375 0.0234375 0.06111111111111111
1 0.79609375 0.19027777777777777 0.0203125 0.03194444444444444
1 0.309765625 0.5756944444444444 0.03125 0.04583333333333333
1 0.750390625 0.16527777777777777 0.0140625 0.03333333333333333
1 0.733203125 0.21180555555555555 0.0125 0.027777777777777776
1 0.101171875 0.4930555555555556 0.02265625 0.041666666666666664
1 0.18984375 0.5701388888888889 0.0203125 0.03333333333333333
1 0.1625 0.69375 0.0140625 0.016666666666666666
1 0.096875 0.6111111111111112 0.02890625 0.05416666666666667