1 0.23671875 0.4875 0.03125 0.035416666666666666
1 0.79296875 0.9072916666666667 0.0390625 0.04583333333333333
1 0.98203125 0.9614583333333333 0.0359375 0.04583333333333333
1 0.89453125 0.915625 0.0234375 0.03125
1 0.98671875 0.8645833333333334 0.0265625 0.029166666666666667
1 0.8140625 0.7822916666666667 0.0234375 0.0375
1 0.69921875 0.7666666666666667 0.021875 0.029166666666666667
1 0.79140625 0.66875 0.025 0.03958333333333333
1 0.83671875 0.5739583333333333 0.021875 0.022916666666666665
1 0.6984375 0.5229166666666667 0.0359375 0.052083333333333336
1 0.8984375 0.5104166666666666 0.0234375 0.027083333333333334
1 0.61171875 0.5364583333333334 0.025 0.03125
1 0.6390625 0.5520833333333334 0.021875 0.03333333333333333
1 0.56015625 0.41875 0.0515625 0.05625
1 0.69375 0.3885416666666667 0.0234375 0.029166666666666667
1 0.68828125 0.27708333333333335 0.025 0.04791666666666667
1 0.8359375 0.3229166666666667 0.03125 0.01875
1 0.7859375 0.22604166666666667 0.01875 0.03125
1 0.71484375 0.16145833333333334 0.021875 0.020833333333333332
1 0.77578125 0.125 0.0359375 0.027083333333333334
1 0.93046875 0.20833333333333334 0.0296875 0.03333333333333333
1 0.62578125 0.0875 0.0296875 0.029166666666666667
1 0.5203125 0.08333333333333333 0.0203125 0.029166666666666667
1 0.559375 0.1125 0.0328125 0.04375
1 0.5296875 0.14583333333333334 0.05625 0.03958333333333333
1 0.48984375 0.19479166666666667 0.0265625 0.03125
1 0.3375 0.18333333333333332 0.0296875 0.01875
1 0.2859375 0.042708333333333334 0.046875 0.058333333333333334
1 0.42109375 0.065625 0.0171875 0.01875
1 0.5328125 0.3729166666666667 0.01875 0.020833333333333332
1 0.39375 0.3802083333333333 0.021875 0.025
1 0.3625 0.33958333333333335 0.025 0.03333333333333333
1 0.45703125 0.475 0.01875 0.01875
1 0.203125 0.43854166666666666 0.0109375 0.016666666666666666
1 0.28046875 0.30416666666666664 0.0125 0.027083333333333334
1 0.03359375 0.06979166666666667 0.0609375 0.052083333333333336
1 0.0328125 0.14791666666666667 0.0203125 0.0375
1 0.19921875 0.016666666666666666 0.025 0.03333333333333333
1 0.0125 0.5135416666666667 0.025 0.052083333333333336
1 0.04296875 0.7135416666666666 0.0171875 0.029166666666666667
1 0.028125 0.675 0.0125 0.022916666666666665
1 0.1875 0.646875 0.0234375 0.027083333333333334
1 0.2359375 0.8 0.028125 0.03333333333333333
1 0.30625 0.75 0.028125 0.03333333333333333
1 0.29765625 0.8895833333333333 0.034375 0.04583333333333333
1 0.3609375 0.9364583333333333 0.028125 0.04375
1 0.396875 0.975 0.025 0.016666666666666666
1 0.4125 0.9458333333333333 0.0234375 0.03333333333333333
1 0.490625 0.7635416666666667 0.03125 0.04375
1 0.50546875 0.678125 0.015625 0.025
1 0.47734375 0.6052083333333333 0.025 0.022916666666666665
1 0.2421875 0.7083333333333334 0.0171875 0.020833333333333332
1 0.10546875 0.48333333333333334 0.0125 0.01875
1 0.7640625 0.5520833333333334 0.0203125 0.027083333333333334
0 0.48203125 0.035416666666666666 0.0671875 0.07083333333333333
0 0.49375 0.26458333333333334 0.209375 0.2125
0 0.55078125 0.5604166666666667 0.1578125 0.12083333333333333
0 0.5421875 0.9052083333333333 0.1734375 0.16875