1 0.71328125 0.17083333333333334 0.0578125 0.05
0 0.484375 0.809375 0.2125 0.10208333333333333
0 0.4671875 0.46458333333333335 0.25 0.08333333333333333
0 0.4765625 0.03854166666666667 0.11875 0.07708333333333334
1 0.61796875 0.7885416666666667 0.0265625 0.03958333333333333
1 0.6609375 0.771875 0.0609375 0.08958333333333333
1 0.72109375 0.7645833333333333 0.0515625 0.03958333333333333
1 0.6921875 0.6291666666666667 0.0359375 0.04791666666666667
1 0.6171875 0.5427083333333333 0.01875 0.025
1 0.67578125 0.5489583333333333 0.025 0.0375
1 0.66875 0.4583333333333333 0.0265625 0.022916666666666665
1 0.59375 0.36354166666666665 0.040625 0.04791666666666667
1 0.6125 0.31979166666666664 0.025 0.04375
1 0.69140625 0.32083333333333336 0.028125 0.029166666666666667
1 0.6296875 0.24375 0.034375 0.027083333333333334
1 0.78984375 0.23333333333333334 0.0609375 0.04375
1 0.62578125 0.13229166666666667 0.05 0.0375
1 0.53515625 0.14895833333333333 0.05 0.035416666666666666
1 0.515625 0.23020833333333332 0.021875 0.03125
1 0.45546875 0.20833333333333334 0.0390625 0.058333333333333334
1 0.36796875 0.12604166666666666 0.0453125 0.05416666666666667
1 0.278125 0.15416666666666667 0.0234375 0.027083333333333334
1 0.33671875 0.011458333333333333 0.028125 0.022916666666666665
1 0.13828125 0.11875 0.0265625 0.03333333333333333
1 0.00625 0.07916666666666666 0.0125 0.03333333333333333
1 0.090625 0.007291666666666667 0.0203125 0.014583333333333334
1 0.0609375 0.10625 0.01875 0.016666666666666666
1 0.0421875 0.31666666666666665 0.01875 0.022916666666666665
1 0.11171875 0.359375 0.0296875 0.052083333333333336
1 0.2125 0.296875 0.025 0.03333333333333333
1 0.24296875 0.415625 0.0375 0.03958333333333333
1 0.2296875 0.5083333333333333 0.0125 0.020833333333333332
1 0.14453125 0.5239583333333333 0.015625 0.020833333333333332
1 0.0140625 0.47604166666666664 0.021875 0.022916666666666665
1 0.2125 0.65 0.021875 0.0375
1 0.24453125 0.58125 0.021875 0.04375
1 0.30703125 0.56875 0.0203125 0.029166666666666667
1 0.38359375 0.740625 0.0515625 0.0625
1 0.35703125 0.7729166666666667 0.0203125 0.04375
1 0.4296875 0.7802083333333333 0.0390625 0.035416666666666666
1 0.378125 0.9010416666666666 0.0703125 0.058333333333333334
1 0.2875 0.9083333333333333 0.0140625 0.016666666666666666
1 0.4375 0.9875 0.0265625 0.025
1 0.53984375 0.9177083333333333 0.0203125 0.035416666666666666
1 0.73828125 0.94375 0.0234375 0.04375
1 0.92734375 0.8479166666666667 0.0171875 0.025
1 0.9953125 0.6614583333333334 0.009375 0.03333333333333333
1 0.8125 0.41458333333333336 0.028125 0.03333333333333333
1 0.93828125 0.10208333333333333 0.028125 0.03333333333333333
1 0.87109375 0.04479166666666667 0.028125 0.022916666666666665
1 0.63203125 0.075 0.0390625 0.022916666666666665
1 0.05 0.8875 0.021875 0.04375
1 0.05703125 0.8083333333333333 0.0171875 0.01875
1 0.1828125 0.9302083333333333 0.0375 0.027083333333333334
1 0.209375 0.95 0.015625 0.020833333333333332
1 0.15703125 0.809375 0.0171875 0.022916666666666665
1 0.45546875 0.6416666666666667 0.0140625 0.022916666666666665
1 0.53359375 0.7822916666666667 0.01875 0.035416666666666666
1 0.45390625 0.6833333333333333 0.0109375 0.016666666666666666
1 0.3828125 0.40520833333333334 0.0328125 0.0375
1 0.34453125 0.3489583333333333 0.0140625 0.016666666666666666
1 0.69296875 0.22708333333333333 0.015625 0.016666666666666666
1 0.015625 0.7979166666666667 0.01875 0.027083333333333334
1 0.0640625 0.14895833333333333 0.0171875 0.03333333333333333
1 0.96875 0.25729166666666664 0.0171875 0.020833333333333332
1 0.93203125 0.16979166666666667 0.0203125 0.025
1 0.09296875 0.8833333333333333 0.0171875 0.041666666666666664
1 0.1078125 0.057291666666666664 0.0234375 0.022916666666666665
1 0.10859375 0.5864583333333333 0.01875 0.03333333333333333
1 0.18046875 0.49375 0.0125 0.014583333333333334
1 0.26875 0.6947916666666667 0.0390625 0.035416666666666666
1 0.0484375 0.96875 0.04375 0.0625