1 0.77265625 0.7027777777777777 0.02421875 0.05138888888888889
1 0.2828125 0.4111111111111111 0.01171875 0.018055555555555554
1 0.58359375 0.9361111111111111 0.025 0.05416666666666667
1 0.565234375 0.8763888888888889 0.03125 0.05277777777777778
1 0.488671875 0.9333333333333333 0.053125 0.13333333333333333
1 0.255859375 0.89375 0.02890625 0.044444444444444446
1 0.1984375 0.7381944444444445 0.0109375 0.0125
1 0.206640625 0.79375 0.0203125 0.034722222222222224
1 0.267578125 0.8159722222222222 0.0359375 0.04861111111111111
1 0.319921875 0.7861111111111111 0.03984375 0.09583333333333334
1 0.2703125 0.6888888888888889 0.01640625 0.03333333333333333
1 0.30859375 0.6284722222222222 0.0359375 0.058333333333333334
1 0.289453125 0.5756944444444444 0.01796875 0.05
1 0.2734375 0.6041666666666666 0.01484375 0.043055555555555555
1 0.247265625 0.625 0.02578125 0.05694444444444444
1 0.142578125 0.6291666666666667 0.021875 0.043055555555555555
1 0.211328125 0.6111111111111112 0.03828125 0.07083333333333333
1 0.261328125 0.30069444444444443 0.034375 0.02638888888888889
1 0.24609375 0.5 0.03359375 0.07777777777777778
0 0.647265625 0.05486111111111111 0.0375 0.10972222222222222
0 0.752734375 0.043055555555555555 0.1578125 0.08611111111111111
1 0.2765625 0.06319444444444444 0.01328125 0.019444444444444445
1 0.193359375 0.24791666666666667 0.01484375 0.027777777777777776
1 0.262109375 0.27847222222222223 0.01171875 0.02638888888888889
1 0.27578125 0.2902777777777778 0.0140625 0.018055555555555554
1 0.36484375 0.30416666666666664 0.01796875 0.03333333333333333
1 0.465625 0.2875 0.04140625 0.0763888888888889
1 0.497265625 0.3263888888888889 0.01484375 0.05416666666666667
1 0.501953125 0.4388888888888889 0.02578125 0.06388888888888888
1 0.41796875 0.49583333333333335 0.02421875 0.041666666666666664
1 0.104296875 0.7784722222222222 0.02890625 0.03611111111111111
1 0.40703125 0.8805555555555555 0.00703125 0.016666666666666666
0 0.15078125 0.03888888888888889 0.1140625 0.07777777777777778
0 0.176953125 0.4395833333333333 0.21171875 0.2
0 0.17265625 0.9111111111111111 0.16875 0.17777777777777778
0 0.225390625 0.9895833333333334 0.01796875 0.020833333333333332
0 0.25546875 0.9868055555555556 0.01015625 0.020833333333333332
0 0.196875 0.6076388888888888 0.0375 0.18611111111111112
0 0.66328125 0.76875 0.16875 0.35
0 0.66875 0.9326388888888889 0.04765625 0.13472222222222222
0 0.669921875 0.39791666666666664 0.1921875 0.2972222222222222
0 0.6484375 0.2826388888888889 0.19921875 0.16666666666666666
1 0.9125 0.6493055555555556 0.02265625 0.027777777777777776
1 0.88046875 0.6729166666666667 0.01171875 0.027777777777777776
1 0.906640625 0.6875 0.01328125 0.020833333333333332
1 0.88515625 0.8 0.02578125 0.044444444444444446
1 0.811328125 0.8284722222222223 0.03125 0.06666666666666667
1 0.696875 0.7840277777777778 0.0375 0.059722222222222225
1 0.61171875 0.7638888888888888 0.03359375 0.04861111111111111
1 0.59765625 0.7145833333333333 0.02421875 0.011111111111111112
1 0.576953125 0.7583333333333333 0.01015625 0.02361111111111111
1 0.591015625 0.7555555555555555 0.01171875 0.02638888888888889
1 0.49140625 0.6756944444444445 0.01328125 0.03333333333333333
1 0.495703125 0.625 0.0296875 0.05138888888888889
1 0.490234375 0.5729166666666666 0.01484375 0.02361111111111111
1 0.489453125 0.5222222222222223 0.0203125 0.029166666666666667
1 0.652734375 0.5090277777777777 0.015625 0.020833333333333332
1 0.638671875 0.5319444444444444 0.0125 0.02638888888888889
1 0.895703125 0.9416666666666667 0.01640625 0.027777777777777776
1 0.973828125 0.8479166666666667 0.02109375 0.06111111111111111
1 0.32578125 0.9798611111111111 0.0203125 0.03888888888888889
1 0.27578125 0.9840277777777777 0.015625 0.03194444444444444
1 0.427734375 0.6715277777777777 0.02578125 0.05416666666666667
1 0.455078125 0.6472222222222223 0.01171875 0.034722222222222224
1 0.441796875 0.6138888888888889 0.01484375 0.025
1 0.44921875 0.5736111111111111 0.01640625 0.030555555555555555
1 0.415234375 0.5666666666666667 0.01484375 0.0375
1 0.33671875 0.9208333333333333 0.0109375 0.025
1 0.257421875 0.8618055555555556 0.0140625 0.022222222222222223
1 0.230078125 0.84375 0.01171875 0.018055555555555554
1 0.7953125 0.6326388888888889 0.025 0.03611111111111111
1 0.946875 0.5555555555555556 0.0203125 0.0625
1 0.891796875 0.5972222222222222 0.028125 0.04861111111111111
1 0.783203125 0.5347222222222222 0.01953125 0.07222222222222222
1 0.7734375 0.44305555555555554 0.009375 0.022222222222222223
1 0.765625 0.4756944444444444 0.021875 0.041666666666666664
1 0.736328125 0.46944444444444444 0.01875 0.03333333333333333
1 0.757421875 0.40694444444444444 0.02265625 0.04722222222222222
1 0.709375 0.4305555555555556 0.0125 0.0375
1 0.668359375 0.4027777777777778 0.0234375 0.041666666666666664
1 0.627734375 0.39375 0.015625 0.025
1 0.9359375 0.41805555555555557 0.028125 0.05277777777777778
1 0.908203125 0.20902777777777778 0.028125 0.09166666666666666
1 0.707421875 0.10625 0.01484375 0.03611111111111111
1 0.908984375 0.009027777777777777 0.01328125 0.018055555555555554
1 0.89765625 0.05555555555555555 0.03671875 0.05138888888888889
1 0.781640625 0.2777777777777778 0.025 0.05138888888888889
1 0.730078125 0.2798611111111111 0.02578125 0.04583333333333333
1 0.657421875 0.3055555555555556 0.0296875 0.075
1 0.609375 0.30972222222222223 0.028125 0.05
1 0.523046875 0.30277777777777776 0.05625 0.10416666666666667
1 0.5484375 0.21875 0.028125 0.04027777777777778
1 0.55859375 0.16666666666666666 0.04140625 0.06527777777777778
1 0.52109375 0.01597222222222222 0.03515625 0.03194444444444444
1 0.463671875 0.035416666666666666 0.034375 0.07083333333333333
1 0.5703125 0.06458333333333334 0.02890625 0.043055555555555555
1 0.4703125 0.19722222222222222 0.0234375 0.07361111111111111
1 0.309375 0.27361111111111114 0.00859375 0.013888888888888888
1 0.0796875 0.7791666666666667 0.009375 0.027777777777777776