1 0.8921875 0.10520833333333333 0.034375 0.05625
0 0.43515625 0.6270833333333333 0.315625 0.3541666666666667
1 0.534375 0.6791666666666667 0.0125 0.014583333333333334
0 0.46953125 0.8583333333333333 0.1328125 0.2833333333333333
1 0.00625 0.9375 0.0125 0.016666666666666666
1 0.04375 0.021875 0.0328125 0.04375
1 0.10625 0.022916666666666665 0.0328125 0.027083333333333334
1 0.03203125 0.10104166666666667 0.0625 0.04583333333333333
1 0.103125 0.17291666666666666 0.0203125 0.029166666666666667
1 0.16328125 0.21458333333333332 0.015625 0.020833333333333332
1 0.1765625 0.2677083333333333 0.0484375 0.07083333333333333
1 0.18125 0.16770833333333332 0.01875 0.025
1 0.20390625 0.13333333333333333 0.0203125 0.01875
1 0.2578125 0.12916666666666668 0.03125 0.03958333333333333
1 0.2546875 0.27291666666666664 0.028125 0.027083333333333334
1 0.27578125 0.290625 0.0109375 0.014583333333333334
1 0.2328125 0.315625 0.0234375 0.027083333333333334
1 0.26328125 0.3489583333333333 0.0171875 0.020833333333333332
1 0.36328125 0.3958333333333333 0.03125 0.029166666666666667
1 0.3703125 0.45208333333333334 0.0125 0.01875
1 0.44296875 0.47604166666666664 0.0359375 0.04583333333333333
1 0.50390625 0.484375 0.0171875 0.022916666666666665
1 0.60703125 0.5885416666666666 0.0328125 0.03958333333333333
1 0.565625 0.6604166666666667 0.0453125 0.09166666666666666
1 0.4578125 0.65625 0.046875 0.04583333333333333
1 0.371875 0.7041666666666667 0.0296875 0.0375
1 0.41328125 0.7291666666666666 0.059375 0.06041666666666667
1 0.41640625 0.7895833333333333 0.053125 0.052083333333333336
1 0.390625 0.853125 0.0390625 0.04375
1 0.309375 0.9270833333333334 0.028125 0.05416666666666667
1 0.265625 0.875 0.0328125 0.022916666666666665
1 0.2046875 0.9947916666666666 0.0109375 0.010416666666666666
1 0.09296875 0.8166666666666667 0.0359375 0.05
1 0.065625 0.790625 0.0171875 0.025
1 0.1484375 0.80625 0.0296875 0.03125
1 0.1109375 0.7020833333333333 0.009375 0.016666666666666666
1 0.05859375 0.65625 0.0328125 0.03333333333333333
1 0.10078125 0.646875 0.0125 0.03125
1 0.11796875 0.56875 0.046875 0.041666666666666664
1 0.16171875 0.5260416666666666 0.01875 0.020833333333333332
1 0.20390625 0.5479166666666667 0.0265625 0.025
1 0.0703125 0.46770833333333334 0.0390625 0.0375
1 0.06484375 0.38229166666666664 0.015625 0.025
1 0.51328125 0.33125 0.0765625 0.08541666666666667
1 0.528125 0.228125 0.0796875 0.09375
1 0.58203125 0.23333333333333334 0.0109375 0.0125
1 0.425 0.196875 0.0375 0.04791666666666667
1 0.43203125 0.16770833333333332 0.021875 0.014583333333333334
1 0.48046875 0.17604166666666668 0.025 0.025
1 0.4453125 0.09479166666666666 0.0625 0.07083333333333333
1 0.1953125 0.035416666666666666 0.0359375 0.07083333333333333
1 0.55390625 0.06458333333333334 0.0234375 0.029166666666666667
1 0.67109375 0.22708333333333333 0.0671875 0.08125
1 0.615625 0.21354166666666666 0.01875 0.020833333333333332
1 0.61875 0.28229166666666666 0.0265625 0.025
1 0.64921875 0.3125 0.0421875 0.05416666666666667
1 0.70703125 0.35 0.084375 0.08333333333333333
1 0.7859375 0.38125 0.0453125 0.07083333333333333
1 0.7671875 0.44583333333333336 0.0375 0.08541666666666667
1 0.809375 0.5 0.053125 0.0625
1 0.75546875 0.5520833333333334 0.0296875 0.0625
1 0.6859375 0.5208333333333334 0.046875 0.06458333333333334
1 0.7046875 0.5510416666666667 0.021875 0.035416666666666666
1 0.72421875 0.6541666666666667 0.021875 0.025
1 0.740625 0.6385416666666667 0.0203125 0.03125
1 0.76640625 0.6229166666666667 0.0125 0.025
1 0.815625 0.5666666666666667 0.0234375 0.041666666666666664
1 0.85625 0.5875 0.05625 0.05416666666666667
1 0.89765625 0.55 0.03125 0.06458333333333334
1 0.84921875 0.45625 0.0328125 0.035416666666666666
1 0.83984375 0.35520833333333335 0.0515625 0.058333333333333334
1 0.8796875 0.428125 0.028125 0.027083333333333334
1 0.92734375 0.4322916666666667 0.025 0.027083333333333334
1 0.7375 0.26979166666666665 0.01875 0.035416666666666666
1 0.71875 0.21666666666666667 0.03125 0.05
1 0.78203125 0.23333333333333334 0.021875 0.03958333333333333
1 0.8703125 0.18541666666666667 0.01875 0.03125
1 0.78671875 0.06666666666666667 0.0390625 0.07708333333333334
1 0.853125 0.057291666666666664 0.071875 0.04791666666666667
1 0.678125 0.07708333333333334 0.03125 0.04375
1 0.9796875 0.15729166666666666 0.0125 0.016666666666666666
1 0.93515625 0.1 0.025 0.029166666666666667
1 0.9875 0.034375 0.025 0.03333333333333333
1 0.784375 0.17604166666666668 0.0171875 0.01875
1 0.64453125 0.7885416666666667 0.046875 0.058333333333333334
1 0.5515625 0.8927083333333333 0.0359375 0.04583333333333333
1 0.696875 0.8666666666666667 0.0359375 0.03125
1 0.715625 0.99375 0.0171875 0.0125
1 0.75703125 0.95 0.028125 0.03333333333333333
1 0.76171875 0.9916666666666667 0.0328125 0.016666666666666666
1 0.79765625 0.9489583333333333 0.0578125 0.08541666666666667
1 0.846875 0.971875 0.04375 0.05625
1 0.8796875 0.9760416666666667 0.01875 0.022916666666666665
1 0.9703125 0.9125 0.046875 0.06875
1 0.99140625 0.884375 0.0171875 0.027083333333333334
1 0.93984375 0.8375 0.0375 0.052083333333333336
1 0.7234375 0.8520833333333333 0.021875 0.022916666666666665
1 0.86328125 0.7322916666666667 0.028125 0.03333333333333333
1 0.85 0.7677083333333333 0.01875 0.025
1 0.46171875 0.971875 0.015625 0.022916666666666665
1 0.5484375 0.11979166666666667 0.00625 0.008333333333333333
1 0.209375 0.5947916666666667 0.0109375 0.014583333333333334
1 0.159375 0.140625 0.0171875 0.014583333333333334
1 0.82578125 0.14479166666666668 0.0125 0.0125
1 0.9828125 0.17916666666666667 0.0125 0.0125
1 0.76875 0.33541666666666664 0.0125 0.014583333333333334
0 0.43984375 0.16354166666666667 0.4078125 0.32708333333333334
0 0.41171875 0.39479166666666665 0.1234375 0.5291666666666667
1 0.3421875 0.159375 0.0171875 0.027083333333333334
1 0.21640625 0.28854166666666664 0.0234375 0.016666666666666666