1 0.43046875 0.7520833333333333 0.01328125 0.025
1 0.19453125 0.5701388888888889 0.0203125 0.04027777777777778
1 0.940625 0.7402777777777778 0.02734375 0.03333333333333333
1 0.794140625 0.4131944444444444 0.0390625 0.09861111111111111
1 0.97265625 0.7861111111111111 0.0140625 0.027777777777777776
1 0.234375 0.7305555555555555 0.02421875 0.044444444444444446
1 0.46796875 0.3055555555555556 0.0234375 0.043055555555555555
0 0.077734375 0.06388888888888888 0.14921875 0.12638888888888888
1 0.1296875 0.8451388888888889 0.01640625 0.029166666666666667
1 0.98125 0.3854166666666667 0.0140625 0.029166666666666667
1 0.1859375 0.3138888888888889 0.01640625 0.030555555555555555
1 0.876953125 0.3215277777777778 0.02265625 0.04583333333333333
0 0.0796875 0.6368055555555555 0.14140625 0.5333333333333333
1 0.85625 0.7916666666666666 0.02265625 0.027777777777777776
1 0.973046875 0.03888888888888889 0.0203125 0.03611111111111111
0 0.605859375 0.12430555555555556 0.075 0.24861111111111112
1 0.14609375 0.98125 0.01796875 0.027777777777777776
1 0.958203125 0.5736111111111111 0.02265625 0.03333333333333333
1 0.19921875 0.7819444444444444 0.03359375 0.05555555555555555
1 0.700390625 0.45694444444444443 0.01484375 0.02638888888888889
1 0.015625 0.1486111111111111 0.028125 0.044444444444444446
1 0.7828125 0.5298611111111111 0.03046875 0.04722222222222222
1 0.787109375 0.7847222222222222 0.02734375 0.05
1 0.72734375 0.8291666666666667 0.0140625 0.02638888888888889
1 0.688671875 0.8777777777777778 0.01640625 0.02361111111111111
1 0.365234375 0.5173611111111112 0.0203125 0.03333333333333333
0 0.083984375 0.8375 0.15625 0.3194444444444444
1 0.383984375 0.36527777777777776 0.03203125 0.05694444444444444
1 0.15625 0.21736111111111112 0.021875 0.043055555555555555
1 0.33828125 0.12361111111111112 0.021875 0.04583333333333333
1 0.84375 0.6576388888888889 0.015625 0.03194444444444444
1 0.830859375 0.9201388888888888 0.01796875 0.027777777777777776
1 0.766796875 0.9277777777777778 0.01484375 0.027777777777777776
1 0.04140625 0.9541666666666667 0.0171875 0.043055555555555555
1 0.58359375 0.043055555555555555 0.01015625 0.027777777777777776
1 0.965234375 0.7270833333333333 0.01328125 0.030555555555555555
1 0.1796875 0.7444444444444445 0.02890625 0.04583333333333333
1 0.087109375 0.09097222222222222 0.0484375 0.05138888888888889
1 0.69765625 0.7118055555555556 0.0171875 0.030555555555555555
1 0.4140625 0.9083333333333333 0.0125 0.022222222222222223
1 0.785546875 0.05277777777777778 0.01953125 0.04722222222222222
1 0.66015625 0.05486111111111111 0.0359375 0.05694444444444444
1 0.3453125 0.48194444444444445 0.01796875 0.03194444444444444
1 0.248828125 0.12777777777777777 0.02734375 0.03611111111111111
1 0.17734375 0.43125 0.01640625 0.034722222222222224
1 0.564453125 0.10138888888888889 0.01640625 0.04027777777777778
1 0.918359375 0.9236111111111112 0.01875 0.044444444444444446
1 0.536328125 0.9631944444444445 0.04921875 0.07361111111111111
1 0.991015625 0.8013888888888889 0.01171875 0.04583333333333333
1 0.413671875 0.22291666666666668 0.01328125 0.025
1 0.94609375 0.1798611111111111 0.0234375 0.03611111111111111
1 0.963671875 0.9805555555555555 0.04375 0.034722222222222224
1 0.821484375 0.9833333333333333 0.021875 0.027777777777777776
1 0.41796875 0.5638888888888889 0.01484375 0.027777777777777776
1 0.826171875 0.8194444444444444 0.015625 0.029166666666666667
1 0.2484375 0.8472222222222222 0.01171875 0.019444444444444445
1 0.948828125 0.7375 0.034375 0.04027777777777778
1 0.52734375 0.27152777777777776 0.01953125 0.044444444444444446
1 0.168359375 0.5479166666666667 0.01953125 0.03194444444444444
0 0.58984375 0.5111111111111111 0.1890625 0.3680555555555556
1 0.180859375 0.3715277777777778 0.015625 0.030555555555555555
1 0.648828125 0.2 0.0390625 0.06111111111111111
1 0.03515625 0.875 0.0234375 0.04861111111111111
1 0.02734375 0.19583333333333333 0.0265625 0.03888888888888889
1 0.965625 0.6194444444444445 0.01796875 0.030555555555555555
1 0.133984375 0.48055555555555557 0.01484375 0.03333333333333333
1 0.953125 0.2986111111111111 0.0203125 0.041666666666666664
1 0.98828125 0.6111111111111112 0.0171875 0.034722222222222224
1 0.538671875 0.015277777777777777 0.02421875 0.030555555555555555
1 0.2 0.6555555555555556 0.0203125 0.04027777777777778
1 0.7296875 0.7479166666666667 0.01953125 0.041666666666666664
1 0.791015625 0.29930555555555555 0.01640625 0.03194444444444444
1 0.7390625 0.65625 0.01796875 0.03194444444444444
0 0.07578125 0.2520833333333333 0.08515625 0.4652777777777778
0 0.58984375 0.2972222222222222 0.20625 0.32222222222222224
1 0.75078125 0.40069444444444446 0.0140625 0.027777777777777776
1 0.76328125 0.09583333333333334 0.01953125 0.03194444444444444
0 0.6453125 0.8506944444444444 0.16640625 0.2916666666666667
1 0.948828125 0.7805555555555556 0.0125 0.02361111111111111
1 0.738671875 0.12638888888888888 0.021875 0.05277777777777778
1 0.199609375 0.45625 0.02734375 0.05138888888888889
1 0.987109375 0.7548611111111111 0.02109375 0.05
1 0.609375 0.8659722222222223 0.0171875 0.03611111111111111