1 0.32578125 0.16180555555555556 0.03203125 0.03888888888888889
1 0.30703125 0.05486111111111111 0.02890625 0.03888888888888889
1 0.301171875 0.0125 0.0203125 0.025
1 0.2796875 0.8131944444444444 0.0453125 0.06666666666666667
1 0.26484375 0.86875 0.03125 0.07083333333333333
1 0.25 0.9111111111111111 0.01328125 0.02361111111111111
1 0.25 0.9513888888888888 0.0234375 0.058333333333333334
1 0.305859375 0.9784722222222222 0.015625 0.015277777777777777
1 0.9953125 0.8826388888888889 0.009375 0.030555555555555555
1 0.972265625 0.8736111111111111 0.01796875 0.034722222222222224
1 0.94765625 0.8368055555555556 0.01484375 0.027777777777777776
1 0.970703125 0.8 0.021875 0.0375
1 0.99375 0.6652777777777777 0.0125 0.03611111111111111
1 0.96484375 0.6729166666666667 0.03984375 0.09166666666666666
1 0.975390625 0.6034722222222222 0.01640625 0.029166666666666667
1 0.970703125 0.5319444444444444 0.01484375 0.02638888888888889
1 0.977734375 0.4777777777777778 0.01328125 0.030555555555555555
1 0.83203125 0.39652777777777776 0.02578125 0.04722222222222222
1 0.8703125 0.3347222222222222 0.0109375 0.025
1 0.943359375 0.3902777777777778 0.0171875 0.03333333333333333
1 0.9046875 0.29444444444444445 0.02109375 0.029166666666666667
1 0.9859375 0.13194444444444445 0.028125 0.06111111111111111
1 0.940625 0.18611111111111112 0.01484375 0.043055555555555555
1 0.859765625 0.22291666666666668 0.021875 0.03333333333333333
1 0.863671875 0.1951388888888889 0.01015625 0.016666666666666666
1 0.80234375 0.23680555555555555 0.015625 0.027777777777777776
1 0.8328125 0.17222222222222222 0.01171875 0.0375
1 0.761328125 0.16041666666666668 0.00859375 0.019444444444444445
1 0.87109375 0.08402777777777778 0.00859375 0.019444444444444445
1 0.82421875 0.07013888888888889 0.01796875 0.044444444444444446
1 0.222265625 0.9902777777777778 0.01796875 0.019444444444444445
1 0.08203125 0.975 0.01953125 0.0375
1 0.06640625 0.8972222222222223 0.0234375 0.03888888888888889
1 0.1453125 0.7048611111111112 0.028125 0.04583333333333333
1 0.2078125 0.6361111111111111 0.009375 0.015277777777777777
1 0.217578125 0.6486111111111111 0.01015625 0.009722222222222222
1 0.552734375 0.05138888888888889 0.0140625 0.027777777777777776
1 0.609375 0.09722222222222222 0.03203125 0.06111111111111111
1 0.615625 0.15833333333333333 0.0109375 0.029166666666666667
1 0.623828125 0.1763888888888889 0.0125 0.029166666666666667
1 0.66875 0.13333333333333333 0.01171875 0.03194444444444444
1 0.673046875 0.07708333333333334 0.0140625 0.05277777777777778
1 0.621484375 0.015277777777777777 0.0296875 0.030555555555555555
1 0.611328125 0.24097222222222223 0.0171875 0.02638888888888889
1 0.66796875 0.3076388888888889 0.009375 0.03888888888888889
1 0.7 0.2916666666666667 0.025 0.03611111111111111
1 0.691796875 0.3263888888888889 0.01953125 0.03611111111111111
1 0.59140625 0.3659722222222222 0.03203125 0.08472222222222223
1 0.55859375 0.4486111111111111 0.03203125 0.03888888888888889
1 0.681640625 0.4861111111111111 0.03828125 0.04861111111111111
1 0.689453125 0.4479166666666667 0.01171875 0.013888888888888888
1 0.724609375 0.45555555555555555 0.02890625 0.08472222222222223
1 0.678125 0.5833333333333334 0.01875 0.04722222222222222
1 0.733984375 0.6756944444444445 0.025 0.05277777777777778
1 0.807421875 0.7076388888888889 0.01640625 0.04861111111111111
1 0.827734375 0.6715277777777777 0.02734375 0.06527777777777778
1 0.8734375 0.7902777777777777 0.0109375 0.025
1 0.821484375 0.8590277777777777 0.01484375 0.0375
1 0.7140625 0.9222222222222223 0.0234375 0.04722222222222222
1 0.8046875 0.9381944444444444 0.01015625 0.020833333333333332
1 0.62578125 0.8319444444444445 0.03203125 0.06388888888888888
1 0.675 0.8048611111111111 0.0171875 0.034722222222222224
1 0.525390625 0.9423611111111111 0.0125 0.016666666666666666
1 0.576171875 0.9833333333333333 0.021875 0.03333333333333333
1 0.4921875 0.7236111111111111 0.01875 0.02361111111111111
1 0.559765625 0.6423611111111112 0.01015625 0.02361111111111111
1 0.36171875 0.8965277777777778 0.009375 0.027777777777777776
1 0.35390625 0.7458333333333333 0.01328125 0.03194444444444444
1 0.241015625 0.1625 0.0609375 0.12083333333333333
1 0.2796875 0.18611111111111112 0.028125 0.075
1 0.298828125 0.24097222222222223 0.01015625 0.019444444444444445
1 0.2390625 0.34930555555555554 0.04140625 0.10694444444444444
1 0.2953125 0.3736111111111111 0.0140625 0.030555555555555555
1 0.258203125 0.5930555555555556 0.0203125 0.034722222222222224
1 0.142578125 0.3 0.02265625 0.04583333333333333
1 0.168359375 0.24513888888888888 0.01171875 0.044444444444444446
1 0.1359375 0.24513888888888888 0.01640625 0.03888888888888889
1 0.2109375 0.3680555555555556 0.025 0.059722222222222225
1 0.29375 0.4354166666666667 0.025 0.04027777777777778
1 0.266015625 0.7486111111111111 0.06015625 0.06944444444444445
1 0.351953125 0.4263888888888889 0.01015625 0.030555555555555555
1 0.316796875 0.3638888888888889 0.015625 0.034722222222222224
1 0.74765625 0.004166666666666667 0.0078125 0.008333333333333333
1 0.305078125 0.7020833333333333 0.01015625 0.016666666666666666
1 0.291015625 0.6819444444444445 0.02109375 0.027777777777777776
1 0.44921875 0.44027777777777777 0.025 0.04722222222222222
1 0.33125 0.49375 0.01953125 0.02638888888888889
1 0.36953125 0.41388888888888886 0.01015625 0.022222222222222223
1 0.349609375 0.5708333333333333 0.01328125 0.015277777777777777
1 0.2328125 0.5951388888888889 0.03125 0.058333333333333334
0 0.1765625 0.02013888888888889 0.06484375 0.04027777777777778
0 0.138671875 0.1701388888888889 0.1 0.3402777777777778
0 0.187890625 0.3875 0.1515625 0.31805555555555554
0 0.165625 0.4701388888888889 0.16328125 0.40555555555555556
0 0.189453125 0.8618055555555556 0.125 0.2763888888888889
0 0.718359375 0.80625 0.13671875 0.3875
0 0.613671875 0.64375 0.2484375 0.41805555555555557
0 0.72734375 0.19791666666666666 0.171875 0.3958333333333333
0 0.70390625 0.09861111111111111 0.10390625 0.19722222222222222