1 0.51171875 0.49375 0.0296875 0.052083333333333336
0 0.34609375 0.17708333333333334 0.1375 0.2708333333333333
0 0.34765625 0.46041666666666664 0.075 0.23125
0 0.38125 0.7302083333333333 0.1390625 0.08125
0 0.36640625 0.9583333333333334 0.0703125 0.08333333333333333
1 0.3296875 0.16041666666666668 0.01875 0.03958333333333333
1 0.88203125 0.6604166666666667 0.0109375 0.016666666666666666
1 0.9578125 0.7104166666666667 0.021875 0.025
1 0.07265625 0.9635416666666666 0.021875 0.025
1 0.47890625 0.684375 0.015625 0.03125
1 0.3125 0.690625 0.0234375 0.020833333333333332
1 0.16640625 0.3541666666666667 0.01875 0.025
1 0.16875 0.4635416666666667 0.015625 0.01875
1 0.1703125 0.240625 0.0140625 0.020833333333333332
1 0.60625 0.04583333333333333 0.015625 0.022916666666666665
1 0.52890625 0.023958333333333335 0.0328125 0.03125
1 0.8609375 0.11770833333333333 0.03125 0.03125
1 0.70625 0.22291666666666668 0.025 0.0375
1 0.3484375 0.28541666666666665 0.021875 0.03125
1 0.29296875 0.5020833333333333 0.028125 0.03125
1 0.18984375 0.9322916666666666 0.021875 0.03125
1 0.62265625 0.9447916666666667 0.025 0.0375
1 0.54921875 0.6697916666666667 0.0328125 0.035416666666666666
1 0.446875 0.515625 0.0234375 0.03333333333333333
1 0.415625 0.47708333333333336 0.01875 0.025
1 0.646875 0.39166666666666666 0.0265625 0.05416666666666667