1 0.62578125 0.5583333333333333 0.0296875 0.029166666666666667
1 0.684375 0.575 0.034375 0.041666666666666664
1 0.6453125 0.5760416666666667 0.04375 0.04791666666666667
1 0.759375 0.4270833333333333 0.0359375 0.03958333333333333
1 0.8484375 0.484375 0.0203125 0.022916666666666665
1 0.82734375 0.4822916666666667 0.0171875 0.014583333333333334
1 0.83203125 0.4979166666666667 0.0171875 0.01875
1 0.7984375 0.5135416666666667 0.0265625 0.04791666666666667
1 0.8203125 0.5177083333333333 0.0234375 0.016666666666666666
1 0.81328125 0.36875 0.0328125 0.022916666666666665
1 0.55703125 0.4864583333333333 0.009375 0.01875
1 0.4328125 0.55 0.021875 0.014583333333333334
1 0.40859375 0.56875 0.021875 0.025
1 0.42265625 0.615625 0.0203125 0.022916666666666665
1 0.89921875 0.421875 0.0234375 0.016666666666666666
1 0.759375 0.709375 0.0546875 0.04375
1 0.89609375 0.7385416666666667 0.015625 0.020833333333333332
1 0.9890625 0.8729166666666667 0.021875 0.08958333333333333
1 0.92109375 0.9083333333333333 0.0265625 0.016666666666666666
1 0.8203125 0.946875 0.0265625 0.029166666666666667
1 0.83125 0.98125 0.015625 0.022916666666666665
1 0.6921875 0.94375 0.025 0.03125
1 0.56640625 0.9135416666666667 0.01875 0.029166666666666667
1 0.45234375 0.840625 0.0234375 0.029166666666666667
1 0.36796875 0.7395833333333334 0.0265625 0.035416666666666666
1 0.5546875 0.8041666666666667 0.0203125 0.03333333333333333
1 0.5546875 0.7541666666666667 0.0328125 0.05
1 0.53046875 0.8041666666666667 0.015625 0.016666666666666666
1 0.53671875 0.7854166666666667 0.015625 0.020833333333333332
1 0.278125 0.834375 0.028125 0.03125
1 0.28125 0.859375 0.015625 0.01875
1 0.2875 0.98125 0.025 0.025
1 0.34921875 0.95 0.01875 0.014583333333333334
1 0.13046875 0.014583333333333334 0.0203125 0.029166666666666667
1 0.40859375 0.4822916666666667 0.0109375 0.014583333333333334
1 0.34140625 0.6552083333333333 0.009375 0.014583333333333334
1 0.26328125 0.46770833333333334 0.0140625 0.014583333333333334
0 0.6125 0.146875 0.09375 0.29375
0 0.73671875 0.428125 0.51875 0.50625
0 0.7375 0.6895833333333333 0.525 0.17083333333333334
0 0.73828125 0.871875 0.3234375 0.25625
1 0.8203125 0.090625 0.0265625 0.025
1 0.84140625 0.04375 0.021875 0.022916666666666665
1 0.96640625 0.06354166666666666 0.01875 0.01875
1 0.7859375 0.008333333333333333 0.009375 0.016666666666666666
1 0.9859375 0.11979166666666667 0.0171875 0.0125
1 0.540625 0.053125 0.03125 0.035416666666666666
1 0.54140625 0.019791666666666666 0.028125 0.0375
1 0.60078125 0.015625 0.0125 0.027083333333333334
1 0.290625 0.190625 0.0328125 0.03958333333333333
1 0.99140625 0.13958333333333334 0.0171875 0.05
1 0.990625 0.25625 0.015625 0.035416666666666666
1 0.9890625 0.41770833333333335 0.0203125 0.03125
1 0.575 0.271875 0.025 0.0375
1 0.5390625 0.25625 0.03125 0.052083333333333336
1 0.46640625 0.21145833333333333 0.021875 0.027083333333333334
1 0.52421875 0.38645833333333335 0.025 0.01875
1 0.50390625 0.4125 0.028125 0.03333333333333333
1 0.52421875 0.58125 0.03125 0.041666666666666664
1 0.62109375 0.45208333333333334 0.021875 0.025
1 0.62265625 0.4708333333333333 0.040625 0.03125
1 0.65 0.48125 0.015625 0.016666666666666666
1 0.634375 0.51875 0.034375 0.029166666666666667
1 0.63828125 0.5364583333333334 0.021875 0.020833333333333332