1 0.76328125 0.5958333333333333 0.03125 0.03958333333333333
1 0.66875 0.775 0.0234375 0.03125
1 0.5515625 0.2635416666666667 0.05 0.06666666666666667
1 0.61015625 0.26458333333333334 0.028125 0.035416666666666666
1 0.59609375 0.18020833333333333 0.0296875 0.04375
1 0.66015625 0.22083333333333333 0.021875 0.020833333333333332
1 0.7203125 0.2375 0.0375 0.06458333333333334
1 0.70390625 0.334375 0.0265625 0.041666666666666664
1 0.73828125 0.325 0.021875 0.025
1 0.75078125 0.20208333333333334 0.034375 0.0375
1 0.5984375 0.035416666666666666 0.025 0.035416666666666666
1 0.64140625 0.146875 0.01875 0.03125
1 0.6921875 0.09583333333333334 0.021875 0.029166666666666667
1 0.71015625 0.026041666666666668 0.046875 0.04791666666666667
1 0.8421875 0.26875 0.0421875 0.06666666666666667
1 0.8578125 0.43854166666666666 0.05 0.058333333333333334
1 0.6109375 0.5489583333333333 0.0203125 0.022916666666666665
1 0.64921875 0.5802083333333333 0.03125 0.04375
1 0.70859375 0.63125 0.025 0.027083333333333334
1 0.7046875 0.659375 0.021875 0.01875
1 0.7578125 0.64375 0.0203125 0.035416666666666666
1 0.55234375 0.58125 0.053125 0.06458333333333334
1 0.5203125 0.703125 0.0484375 0.03333333333333333
1 0.49375 0.6458333333333334 0.025 0.027083333333333334
1 0.70546875 0.5822916666666667 0.0125 0.020833333333333332
1 0.675 0.5177083333333333 0.028125 0.020833333333333332
1 0.63359375 0.465625 0.0390625 0.07083333333333333
1 0.8921875 0.6854166666666667 0.034375 0.035416666666666666
1 0.8421875 0.8197916666666667 0.0390625 0.09791666666666667
1 0.96796875 0.9479166666666666 0.0640625 0.10208333333333333
1 0.865625 0.934375 0.065625 0.03333333333333333
1 0.690625 0.921875 0.0390625 0.035416666666666666
1 0.59453125 0.9875 0.0484375 0.025
1 0.62578125 0.9614583333333333 0.03125 0.035416666666666666
1 0.55078125 0.9947916666666666 0.0109375 0.010416666666666666
1 0.328125 0.8927083333333333 0.0265625 0.041666666666666664
1 0.40078125 0.8552083333333333 0.0265625 0.03125
1 0.29296875 0.8041666666666667 0.0359375 0.041666666666666664
1 0.30078125 0.9166666666666666 0.0171875 0.020833333333333332
1 0.290625 0.6552083333333333 0.0296875 0.029166666666666667
1 0.36328125 0.6833333333333333 0.034375 0.03958333333333333
1 0.42890625 0.6947916666666667 0.028125 0.04583333333333333
1 0.4 0.6177083333333333 0.053125 0.03333333333333333
1 0.42421875 0.575 0.021875 0.025
1 0.19765625 0.55625 0.0609375 0.08958333333333333
1 0.3171875 0.3927083333333333 0.021875 0.035416666666666666
1 0.2953125 0.4354166666666667 0.0265625 0.035416666666666666
1 0.321875 0.56875 0.028125 0.03333333333333333
1 0.45 0.43645833333333334 0.053125 0.035416666666666666
1 0.10625 0.309375 0.028125 0.022916666666666665
1 0.07734375 0.35833333333333334 0.015625 0.016666666666666666
1 0.29765625 0.23958333333333334 0.025 0.020833333333333332
1 0.25390625 0.11770833333333333 0.046875 0.03125
1 0.28203125 0.13958333333333334 0.01875 0.022916666666666665
1 0.29140625 0.17708333333333334 0.021875 0.03125
1 0.3265625 0.027083333333333334 0.021875 0.03125
1 0.3140625 0.0625 0.015625 0.020833333333333332
1 0.30234375 0.09270833333333334 0.0125 0.01875
1 0.13515625 0.740625 0.0203125 0.01875
1 0.190625 0.6958333333333333 0.0140625 0.016666666666666666
1 0.3125 0.7416666666666667 0.0140625 0.01875
1 0.5796875 0.515625 0.0171875 0.01875
1 0.97734375 0.3854166666666667 0.040625 0.058333333333333334
1 0.7875 0.859375 0.0328125 0.08541666666666667
1 0.90546875 0.6260416666666667 0.0296875 0.041666666666666664
1 0.7453125 0.25833333333333336 0.0125 0.022916666666666665
1 0.25546875 0.014583333333333334 0.015625 0.01875
1 0.76875 0.13958333333333334 0.0359375 0.025
0 0.4453125 0.3614583333333333 0.171875 0.18333333333333332
0 0.4921875 0.6125 0.178125 0.19583333333333333
0 0.43828125 0.9020833333333333 0.196875 0.19375
0 0.478125 0.08645833333333333 0.190625 0.17291666666666666
1 0.50078125 0.29375 0.0234375 0.025
1 0.340625 0.11041666666666666 0.0203125 0.03125
1 0.43125 0.09895833333333333 0.0125 0.0125