1 0.821875 0.375 0.046875 0.075
1 0.7390625 0.043055555555555555 0.04140625 0.07083333333333333
1 0.7765625 0.0125 0.0125 0.025
1 0.7875 0.04027777777777778 0.0265625 0.041666666666666664
1 0.61328125 0.07847222222222222 0.03828125 0.05416666666666667
1 0.5 0.12361111111111112 0.05703125 0.10555555555555556
1 0.40703125 0.043055555555555555 0.0171875 0.029166666666666667
1 0.412109375 0.21319444444444444 0.0234375 0.041666666666666664
1 0.4265625 0.14305555555555555 0.028125 0.05416666666666667
1 0.5484375 0.15694444444444444 0.0125 0.029166666666666667
1 0.41171875 0.2881944444444444 0.04140625 0.0763888888888889
1 0.4359375 0.3090277777777778 0.02421875 0.059722222222222225
1 0.44765625 0.3784722222222222 0.0359375 0.05555555555555555
1 0.48671875 0.3875 0.01328125 0.02638888888888889
1 0.441796875 0.42986111111111114 0.03671875 0.04722222222222222
1 0.394140625 0.4395833333333333 0.0203125 0.0375
1 0.426953125 0.48194444444444445 0.01796875 0.034722222222222224
1 0.465234375 0.45902777777777776 0.02109375 0.04027777777777778
1 0.5 0.4701388888888889 0.05078125 0.10694444444444444
1 0.556640625 0.5326388888888889 0.040625 0.075
1 0.522265625 0.6048611111111111 0.03125 0.04861111111111111
1 0.51875 0.6638888888888889 0.0140625 0.02638888888888889
1 0.517578125 0.7361111111111112 0.0390625 0.05694444444444444
1 0.515234375 0.7944444444444444 0.0171875 0.0375
1 0.5046875 0.8534722222222222 0.01953125 0.03194444444444444
1 0.525 0.8486111111111111 0.015625 0.06111111111111111
1 0.540625 0.8222222222222222 0.0234375 0.04722222222222222
1 0.549609375 0.8583333333333333 0.0234375 0.03888888888888889
1 0.62578125 0.9069444444444444 0.0359375 0.06944444444444445
1 0.638671875 0.8486111111111111 0.02578125 0.0625
1 0.621875 0.8638888888888889 0.009375 0.019444444444444445
1 0.459765625 0.9097222222222222 0.0203125 0.02638888888888889
1 0.51484375 0.9451388888888889 0.01953125 0.02638888888888889
1 0.553125 0.9875 0.01015625 0.015277777777777777
1 0.591015625 0.9916666666666667 0.0203125 0.016666666666666666
1 0.645703125 0.9923611111111111 0.01328125 0.015277777777777777
1 0.7078125 0.9625 0.02109375 0.044444444444444446
1 0.71328125 0.9034722222222222 0.028125 0.05416666666666667
1 0.78203125 0.9125 0.0171875 0.03611111111111111
1 0.708203125 0.7590277777777777 0.0328125 0.05694444444444444
1 0.669921875 0.7145833333333333 0.0203125 0.03611111111111111
1 0.702734375 0.6173611111111111 0.0203125 0.0375
1 0.73828125 0.48680555555555555 0.028125 0.03194444444444444
1 0.784375 0.4840277777777778 0.01953125 0.03333333333333333
1 0.7984375 0.5583333333333333 0.0171875 0.0375
1 0.81875 0.55 0.02421875 0.03888888888888889
1 0.817578125 0.6701388888888888 0.0125 0.03611111111111111
1 0.811328125 0.8548611111111111 0.025 0.05138888888888889
1 0.891015625 0.9798611111111111 0.01875 0.04027777777777778
1 0.891796875 0.8631944444444445 0.0203125 0.04027777777777778
1 0.894921875 0.9208333333333333 0.01328125 0.027777777777777776
1 0.9234375 0.8215277777777777 0.0125 0.027777777777777776
1 0.482421875 0.20347222222222222 0.021875 0.05694444444444444
1 0.95546875 0.7895833333333333 0.0140625 0.016666666666666666
1 0.686328125 0.36944444444444446 0.04453125 0.0625
1 0.746875 0.3715277777777778 0.021875 0.04583333333333333
1 0.711328125 0.13958333333333334 0.0203125 0.0375
1 0.86796875 0.43194444444444446 0.0359375 0.05277777777777778
1 0.9046875 0.2604166666666667 0.0171875 0.03888888888888889
1 0.198046875 0.07361111111111111 0.00859375 0.022222222222222223
1 0.31171875 0.18819444444444444 0.02109375 0.03333333333333333
1 0.392578125 0.3611111111111111 0.03125 0.05555555555555555
1 0.443359375 0.6576388888888889 0.01015625 0.030555555555555555
1 0.31640625 0.4423611111111111 0.0125 0.034722222222222224
1 0.308203125 0.5118055555555555 0.01015625 0.022222222222222223
1 0.382421875 0.5305555555555556 0.01015625 0.034722222222222224
1 0.315234375 0.6277777777777778 0.01640625 0.025
1 0.315625 0.5861111111111111 0.02578125 0.03888888888888889
1 0.3078125 0.6673611111111111 0.03046875 0.05555555555555555
1 0.28125 0.6395833333333333 0.0328125 0.05555555555555555
1 0.14296875 0.02638888888888889 0.01484375 0.025
1 0.129296875 0.007638888888888889 0.01328125 0.015277777777777777
1 0.085546875 0.009027777777777777 0.02265625 0.018055555555555554
1 0.15625 0.10277777777777777 0.015625 0.020833333333333332
1 0.1375 0.07569444444444444 0.02578125 0.05277777777777778
1 0.0890625 0.06805555555555555 0.0359375 0.059722222222222225
1 0.203125 0.19027777777777777 0.01796875 0.025
1 0.209375 0.2548611111111111 0.0125 0.027777777777777776
1 0.22421875 0.3701388888888889 0.02890625 0.0625
1 0.169140625 0.3277777777777778 0.01484375 0.03888888888888889
1 0.7828125 0.17083333333333334 0.02421875 0.04583333333333333
1 0.801171875 0.18888888888888888 0.0109375 0.029166666666666667
1 0.2171875 0.3173611111111111 0.03515625 0.058333333333333334
1 0.18671875 0.3972222222222222 0.0265625 0.04722222222222222
1 0.167578125 0.44513888888888886 0.028125 0.029166666666666667
1 0.126171875 0.38333333333333336 0.02421875 0.022222222222222223
1 0.125 0.3284722222222222 0.03125 0.06944444444444445
1 0.06796875 0.32013888888888886 0.0671875 0.09027777777777778
1 0.0328125 0.3527777777777778 0.03515625 0.06527777777777778
1 0.125 0.5104166666666666 0.0140625 0.027777777777777776
1 0.215625 0.58125 0.02109375 0.034722222222222224
1 0.167578125 0.5763888888888888 0.02421875 0.025
1 0.10546875 0.5673611111111111 0.02421875 0.07222222222222222
1 0.036328125 0.6965277777777777 0.021875 0.0625
1 0.072265625 0.7256944444444444 0.0234375 0.06944444444444445
1 0.14296875 0.7798611111111111 0.0390625 0.09722222222222222
0 0.660546875 0.07152777777777777 0.16171875 0.14305555555555555
0 0.603515625 0.33958333333333335 0.196875 0.34305555555555556
0 0.725 0.5625 0.2359375 0.33194444444444443
0 0.689453125 0.7444444444444445 0.21484375 0.24305555555555555
0 0.65 0.90625 0.1109375 0.1875
0 0.138671875 0.9256944444444445 0.1109375 0.1486111111111111
0 0.175390625 0.63125 0.09765625 0.1763888888888889
0 0.134375 0.3819444444444444 0.2234375 0.14583333333333334
0 0.097265625 0.21944444444444444 0.19453125 0.10972222222222222
0 0.15625 0.02847222222222222 0.04453125 0.05694444444444444
1 0.11171875 0.7625 0.02890625 0.09166666666666666
1 0.118359375 0.9048611111111111 0.01328125 0.03333333333333333
1 0.07890625 0.9680555555555556 0.0484375 0.06388888888888888
1 0.118359375 0.9770833333333333 0.028125 0.04583333333333333
1 0.2375 0.9881944444444445 0.03515625 0.02361111111111111
1 0.236328125 0.9548611111111112 0.02890625 0.05
1 0.296875 0.8833333333333333 0.02109375 0.0375
1 0.299609375 0.7770833333333333 0.0265625 0.043055555555555555
1 0.23984375 0.7277777777777777 0.04140625 0.08611111111111111
1 0.405859375 0.7986111111111112 0.01015625 0.02638888888888889
1 0.925390625 0.058333333333333334 0.025 0.05416666666666667
1 0.88671875 0.13819444444444445 0.02734375 0.05138888888888889
1 0.585546875 0.3715277777777778 0.03125 0.05555555555555555
1 0.5109375 0.017361111111111112 0.01640625 0.030555555555555555
1 0.465234375 0.04583333333333333 0.02421875 0.05416666666666667
1 0.43984375 0.01875 0.03515625 0.0375
1 0.405078125 0.08333333333333333 0.0203125 0.034722222222222224
1 0.83203125 0.18263888888888888 0.0234375 0.043055555555555555