1 0.62421875 0.2881944444444444 0.0359375 0.05694444444444444
1 0.891015625 0.4534722222222222 0.0296875 0.05138888888888889
1 0.68671875 0.6569444444444444 0.05390625 0.09305555555555556
0 0.58359375 0.06805555555555555 0.1984375 0.1361111111111111
1 0.5828125 0.9805555555555555 0.028125 0.034722222222222224
1 0.94921875 0.7465277777777778 0.0375 0.058333333333333334
1 0.698828125 0.45555555555555555 0.04375 0.08055555555555556
1 0.91875 0.2298611111111111 0.03203125 0.09444444444444444
1 0.657421875 0.5666666666666667 0.04375 0.09166666666666666
1 0.70078125 0.025694444444444443 0.03125 0.05
1 0.622265625 0.05763888888888889 0.01640625 0.04027777777777778
1 0.840234375 0.8034722222222223 0.015625 0.029166666666666667
1 0.183984375 0.18333333333333332 0.0140625 0.02638888888888889
1 0.040234375 0.4305555555555556 0.01640625 0.04722222222222222
1 0.5765625 0.5736111111111111 0.01953125 0.03611111111111111
1 0.983984375 0.17083333333333334 0.01484375 0.03333333333333333
1 0.173828125 0.6291666666666667 0.02109375 0.03611111111111111
1 0.66875 0.2604166666666667 0.03046875 0.03194444444444444
1 0.2046875 0.11666666666666667 0.028125 0.03333333333333333
1 0.676953125 0.7243055555555555 0.02109375 0.04027777777777778
1 0.216015625 0.08541666666666667 0.0171875 0.030555555555555555
1 0.77578125 0.3388888888888889 0.015625 0.027777777777777776
1 0.553125 0.1 0.0140625 0.027777777777777776
1 0.223828125 0.3284722222222222 0.01171875 0.022222222222222223
1 0.7640625 0.05486111111111111 0.01484375 0.03194444444444444
1 0.98984375 0.07847222222222222 0.0125 0.027777777777777776
1 0.83671875 0.1486111111111111 0.01328125 0.025
1 0.9921875 0.42083333333333334 0.01015625 0.029166666666666667
1 0.55703125 0.1701388888888889 0.0125 0.020833333333333332
1 0.9921875 0.9868055555555556 0.009375 0.02361111111111111
1 0.9921875 0.7548611111111111 0.009375 0.05138888888888889
1 0.91484375 0.4125 0.01015625 0.016666666666666666
1 0.847265625 0.004861111111111111 0.0140625 0.008333333333333333
1 0.992578125 0.6298611111111111 0.00859375 0.03333333333333333
1 0.759765625 0.38263888888888886 0.0125 0.018055555555555554
1 0.128125 0.25972222222222224 0.02890625 0.05277777777777778
1 0.09453125 0.3145833333333333 0.0140625 0.03194444444444444
1 0.213671875 0.22083333333333333 0.0078125 0.016666666666666666
1 0.5953125 0.49722222222222223 0.01875 0.05694444444444444
1 0.597265625 0.7694444444444445 0.028125 0.04722222222222222
1 0.4765625 0.6604166666666667 0.0171875 0.020833333333333332
1 0.0953125 0.9805555555555555 0.021875 0.03611111111111111
1 0.780078125 0.1388888888888889 0.01015625 0.02361111111111111
1 0.748828125 0.20277777777777778 0.01328125 0.013888888888888888
1 0.145703125 0.42291666666666666 0.02109375 0.04722222222222222
1 0.937109375 0.6506944444444445 0.025 0.043055555555555555
1 0.04375 0.12986111111111112 0.0296875 0.05555555555555555
1 0.690625 0.8777777777777778 0.02890625 0.0625
1 0.61875 0.6458333333333334 0.0234375 0.0625
1 0.644921875 0.8854166666666666 0.01640625 0.030555555555555555
1 0.244140625 0.1361111111111111 0.021875 0.043055555555555555
1 0.71171875 0.25625 0.03046875 0.0763888888888889
1 0.06796875 0.41388888888888886 0.01796875 0.044444444444444446
1 0.81640625 0.74375 0.01953125 0.03611111111111111
1 0.65625 0.7958333333333333 0.01953125 0.05
0 0.08203125 0.2388888888888889 0.07265625 0.3388888888888889
0 0.67109375 0.8402777777777778 0.16015625 0.30277777777777776
1 0.341796875 0.08680555555555555 0.0125 0.04027777777777778
1 0.6015625 0.12430555555555556 0.02734375 0.029166666666666667
1 0.04140625 0.4861111111111111 0.0140625 0.02361111111111111
1 0.750390625 0.46944444444444444 0.02421875 0.03333333333333333
1 0.1 0.03263888888888889 0.0234375 0.05
1 0.421875 0.6909722222222222 0.01484375 0.05
1 0.10859375 0.7645833333333333 0.0140625 0.02638888888888889
1 0.110546875 0.7229166666666667 0.0109375 0.03194444444444444
1 0.19453125 0.38125 0.01328125 0.04722222222222222
1 0.6953125 0.8013888888888889 0.01640625 0.034722222222222224
1 0.767578125 0.17847222222222223 0.01796875 0.04027777777777778
1 0.076171875 0.66875 0.0171875 0.041666666666666664
1 0.712109375 0.8916666666666667 0.01640625 0.034722222222222224
1 0.61328125 0.16527777777777777 0.0203125 0.03888888888888889
1 0.024609375 0.36666666666666664 0.0265625 0.041666666666666664
1 0.2140625 0.4583333333333333 0.015625 0.027777777777777776
1 0.560546875 0.225 0.02109375 0.025
1 0.78046875 0.7333333333333333 0.0234375 0.0375
1 0.73671875 0.075 0.01328125 0.03611111111111111
1 0.203515625 0.3326388888888889 0.01640625 0.027777777777777776
1 0.218359375 0.025 0.01875 0.027777777777777776
1 0.1765625 0.24305555555555555 0.0171875 0.03333333333333333
1 0.692578125 0.3326388888888889 0.01953125 0.03611111111111111
1 0.517578125 0.9708333333333333 0.0140625 0.029166666666666667
1 0.33671875 0.2923611111111111 0.02578125 0.06111111111111111
0 0.05625 0.05555555555555555 0.11015625 0.10972222222222222
1 0.971875 0.6729166666666667 0.0359375 0.05694444444444444
0 0.621484375 0.2972222222222222 0.23046875 0.2791666666666667
1 0.708984375 0.9729166666666667 0.04296875 0.03888888888888889
1 0.178125 0.9833333333333333 0.02734375 0.030555555555555555
1 0.827734375 0.28194444444444444 0.03046875 0.05
1 0.534375 0.6402777777777777 0.02734375 0.06805555555555555
1 0.796484375 0.22430555555555556 0.04453125 0.06944444444444445
1 0.8703125 0.34930555555555554 0.040625 0.05694444444444444
1 0.65390625 0.14930555555555555 0.03125 0.044444444444444446
1 0.891015625 0.13541666666666666 0.06328125 0.08333333333333333
1 0.57109375 0.8715277777777778 0.0171875 0.04583333333333333
1 0.577734375 0.61875 0.0234375 0.04027777777777778
1 0.565234375 0.3159722222222222 0.01875 0.030555555555555555
1 0.7984375 0.4409722222222222 0.02734375 0.07777777777777778
1 0.6453125 0.33819444444444446 0.03828125 0.06527777777777778
0 0.100390625 0.9083333333333333 0.20078125 0.18333333333333332
1 0.973046875 0.030555555555555555 0.04921875 0.059722222222222225
1 0.772265625 0.8944444444444445 0.01875 0.043055555555555555
1 0.91796875 0.027083333333333334 0.04375 0.05416666666666667
1 0.919921875 0.3284722222222222 0.0375 0.06944444444444445
0 0.5703125 0.6333333333333333 0.12890625 0.49722222222222223
1 0.45859375 0.8180555555555555 0.0171875 0.030555555555555555
0 0.1625 0.7701388888888889 0.11875 0.30277777777777776
1 0.6390625 0.50625 0.02421875 0.06527777777777778
1 0.73828125 0.2465277777777778 0.0390625 0.06527777777777778