1 0.965234375 0.6847222222222222 0.0171875 0.0375
1 0.99140625 0.5194444444444445 0.0140625 0.0375
1 0.99375 0.5756944444444444 0.0125 0.03194444444444444
1 0.813671875 0.2708333333333333 0.01796875 0.03333333333333333
1 0.947265625 0.26944444444444443 0.01875 0.04027777777777778
1 0.979296875 0.10416666666666667 0.04140625 0.09722222222222222
1 0.955078125 0.17152777777777778 0.01328125 0.02638888888888889
1 0.98515625 0.03680555555555556 0.0109375 0.019444444444444445
1 0.675390625 0.01597222222222222 0.046875 0.03194444444444444
1 0.448046875 0.009027777777777777 0.0140625 0.013888888888888888
1 0.915234375 0.34375 0.01640625 0.034722222222222224
1 0.891796875 0.4638888888888889 0.02890625 0.0375
1 0.98359375 0.4111111111111111 0.0140625 0.04583333333333333
1 0.993359375 0.3347222222222222 0.01328125 0.04861111111111111
1 0.73359375 0.08333333333333333 0.01953125 0.04027777777777778
1 0.61953125 0.1527777777777778 0.06328125 0.07777777777777778
1 0.55546875 0.08958333333333333 0.0328125 0.06527777777777778
1 0.501171875 0.0763888888888889 0.0859375 0.125
1 0.5703125 0.3034722222222222 0.0171875 0.027777777777777776
1 0.541015625 0.3055555555555556 0.01796875 0.03194444444444444
1 0.54609375 0.22291666666666668 0.08359375 0.13333333333333333
1 0.473828125 0.2048611111111111 0.04609375 0.11527777777777778
1 0.441015625 0.19444444444444445 0.0203125 0.04027777777777778
1 0.2390625 0.35 0.02578125 0.08194444444444444
1 0.836328125 0.5083333333333333 0.03515625 0.059722222222222225
1 0.790625 0.5125 0.03359375 0.058333333333333334
1 0.728125 0.37916666666666665 0.07890625 0.12222222222222222
1 0.57109375 0.3958333333333333 0.04609375 0.08888888888888889
1 0.532421875 0.44166666666666665 0.025 0.06944444444444445
1 0.47734375 0.4708333333333333 0.025 0.05
1 0.438671875 0.49930555555555556 0.04921875 0.11388888888888889
1 0.43046875 0.27708333333333335 0.05703125 0.09583333333333334
0 0.6796875 0.8777777777777778 0.178125 0.24166666666666667
0 0.6828125 0.6875 0.2640625 0.18472222222222223
0 0.651171875 0.6048611111111111 0.20078125 0.275
0 0.676953125 0.32222222222222224 0.23984375 0.45694444444444443
0 0.627734375 0.1125 0.0859375 0.225
0 0.103125 0.8791666666666667 0.20625 0.23472222222222222
0 0.0796875 0.6166666666666667 0.15859375 0.26666666666666666
0 0.1171875 0.35 0.2296875 0.12777777777777777
0 0.0703125 0.18541666666666667 0.140625 0.37083333333333335
1 0.230078125 0.8180555555555555 0.0140625 0.02361111111111111
1 0.689453125 0.8152777777777778 0.02109375 0.05694444444444444
1 0.7421875 0.7854166666666667 0.02890625 0.025
1 0.1 0.4486111111111111 0.075 0.06944444444444445
1 0.075390625 0.6743055555555556 0.021875 0.0375
1 0.08125 0.6326388888888889 0.03828125 0.03611111111111111
1 0.212109375 0.49375 0.05 0.08194444444444444
1 0.59296875 0.65625 0.021875 0.02361111111111111
1 0.55625 0.6083333333333333 0.03515625 0.1125
1 0.666796875 0.34305555555555556 0.0421875 0.05277777777777778
1 0.609375 0.2798611111111111 0.025 0.04027777777777778
1 0.529296875 0.9381944444444444 0.01875 0.043055555555555555
1 0.3265625 0.9847222222222223 0.02109375 0.030555555555555555
1 0.277734375 0.9798611111111111 0.01484375 0.019444444444444445
1 0.228125 0.9722222222222222 0.03359375 0.04861111111111111
1 0.420703125 0.6708333333333333 0.01328125 0.04027777777777778
1 0.695703125 0.14583333333333334 0.021875 0.04583333333333333
1 0.818359375 0.4076388888888889 0.046875 0.058333333333333334
1 0.836328125 0.33055555555555555 0.03515625 0.059722222222222225
1 0.873828125 0.5625 0.028125 0.044444444444444446
1 0.511328125 0.6819444444444445 0.053125 0.09166666666666666
1 0.50703125 0.7840277777777778 0.071875 0.09444444444444444
1 0.45234375 0.8631944444444445 0.0171875 0.043055555555555555
1 0.3890625 0.8479166666666667 0.0140625 0.030555555555555555
1 0.794140625 0.8826388888888889 0.05859375 0.15694444444444444
1 0.865625 0.9618055555555556 0.02421875 0.04027777777777778
1 0.650390625 0.5729166666666666 0.05703125 0.0875
1 0.697265625 0.5118055555555555 0.03515625 0.03888888888888889
1 0.737890625 0.5104166666666666 0.03203125 0.044444444444444446
1 0.853125 0.7256944444444444 0.02890625 0.05138888888888889
1 0.859765625 0.8083333333333333 0.02578125 0.06388888888888888
1 0.88046875 0.7576388888888889 0.0203125 0.030555555555555555
1 0.86796875 0.8791666666666667 0.02890625 0.03888888888888889
1 0.937109375 0.7979166666666667 0.0390625 0.07777777777777778
1 0.964453125 0.8638888888888889 0.028125 0.05138888888888889
1 0.96875 0.9333333333333333 0.05 0.05555555555555555
1 0.93125 0.9770833333333333 0.02109375 0.03194444444444444
1 0.5125 0.5861111111111111 0.053125 0.1388888888888889
1 0.5890625 0.8111111111111111 0.08828125 0.22916666666666666
1 0.715625 0.9340277777777778 0.0203125 0.03888888888888889
1 0.77734375 0.6402777777777777 0.02109375 0.04027777777777778
1 0.772265625 0.6847222222222222 0.0109375 0.016666666666666666
1 0.91328125 0.6423611111111112 0.0453125 0.0625
1 0.975 0.6402777777777777 0.02890625 0.0375