1 0.50703125 0.3388888888888889 0.0125 0.013888888888888888
1 0.130078125 0.4111111111111111 0.01796875 0.03611111111111111
1 0.16015625 0.4722222222222222 0.01171875 0.029166666666666667
1 0.204296875 0.47430555555555554 0.01328125 0.02361111111111111
1 0.1984375 0.5013888888888889 0.0125 0.022222222222222223
1 0.048828125 0.49236111111111114 0.01171875 0.02638888888888889
1 0.063671875 0.71875 0.01484375 0.025
1 0.092578125 0.83125 0.02109375 0.029166666666666667
1 0.178515625 0.7034722222222223 0.03515625 0.03888888888888889
1 0.39375 0.8618055555555556 0.040625 0.09166666666666666
1 0.45234375 0.7916666666666666 0.0171875 0.03333333333333333
1 0.467578125 0.8055555555555556 0.015625 0.025
1 0.526953125 0.8416666666666667 0.0296875 0.06527777777777778
1 0.540625 0.9840277777777777 0.01171875 0.019444444444444445
1 0.600390625 0.8173611111111111 0.01484375 0.030555555555555555
1 0.61875 0.8715277777777778 0.02890625 0.06666666666666667
1 0.65 0.8388888888888889 0.0203125 0.03888888888888889
1 0.669140625 0.8618055555555556 0.0375 0.06388888888888888
1 0.646484375 0.7652777777777777 0.03515625 0.05277777777777778
1 0.747265625 0.7534722222222222 0.04296875 0.09305555555555556
1 0.590234375 0.6791666666666667 0.03046875 0.075
1 0.61015625 0.6826388888888889 0.0078125 0.018055555555555554
1 0.6171875 0.70625 0.0171875 0.022222222222222223
1 0.6390625 0.6666666666666666 0.01875 0.034722222222222224
1 0.619921875 0.6458333333333334 0.01015625 0.022222222222222223
1 0.5640625 0.6402777777777777 0.01171875 0.03194444444444444
1 0.6078125 0.6027777777777777 0.0125 0.022222222222222223
1 0.63515625 0.5138888888888888 0.01953125 0.0375
1 0.697265625 0.5875 0.0171875 0.03194444444444444
1 0.72578125 0.6173611111111111 0.02890625 0.03888888888888889
1 0.76171875 0.6409722222222223 0.01796875 0.03333333333333333
1 0.792578125 0.6048611111111111 0.0265625 0.041666666666666664
1 0.82109375 0.5708333333333333 0.02109375 0.034722222222222224
1 0.768359375 0.5486111111111112 0.02890625 0.05
1 0.751953125 0.5118055555555555 0.0109375 0.019444444444444445
1 0.70234375 0.4395833333333333 0.0203125 0.03333333333333333
1 0.661328125 0.3958333333333333 0.009375 0.019444444444444445
1 0.719140625 0.3645833333333333 0.03984375 0.05555555555555555
1 0.781640625 0.3416666666666667 0.03359375 0.05277777777777778
1 0.812890625 0.34791666666666665 0.0234375 0.04722222222222222
1 0.887890625 0.35208333333333336 0.01796875 0.022222222222222223
1 0.909375 0.45 0.015625 0.02638888888888889
1 0.928125 0.4236111111111111 0.01328125 0.029166666666666667
1 0.9265625 0.3333333333333333 0.01328125 0.020833333333333332
1 0.887109375 0.3055555555555556 0.0125 0.027777777777777776
1 0.820703125 0.20833333333333334 0.03203125 0.06111111111111111
1 0.80625 0.1326388888888889 0.02109375 0.03333333333333333
1 0.83046875 0.08680555555555555 0.0234375 0.04027777777777778
1 0.790234375 0.07222222222222222 0.040625 0.05138888888888889
1 0.87890625 0.018055555555555554 0.01953125 0.03611111111111111
1 0.965625 0.004166666666666667 0.00859375 0.008333333333333333
1 0.741796875 0.12986111111111112 0.0171875 0.025
1 0.671875 0.3076388888888889 0.0296875 0.05416666666666667
1 0.698046875 0.25625 0.0359375 0.05138888888888889
1 0.605078125 0.10625 0.01484375 0.0375
1 0.547265625 0.05277777777777778 0.0046875 0.013888888888888888
1 0.578125 0.05763888888888889 0.02734375 0.05138888888888889
1 0.66640625 0.009722222222222222 0.0109375 0.019444444444444445
1 0.9734375 0.9798611111111111 0.0265625 0.0375
1 0.94921875 0.9888888888888889 0.02109375 0.022222222222222223
1 0.94921875 0.9194444444444444 0.01015625 0.02361111111111111
1 0.894921875 0.8604166666666667 0.021875 0.04027777777777778
1 0.9078125 0.8694444444444445 0.00703125 0.015277777777777777
1 0.820703125 0.8423611111111111 0.02265625 0.06111111111111111
1 0.9453125 0.6805555555555556 0.01484375 0.022222222222222223
1 0.98984375 0.7541666666666667 0.0203125 0.03888888888888889
1 0.86015625 0.7097222222222223 0.01171875 0.020833333333333332
1 0.995703125 0.22708333333333333 0.00859375 0.016666666666666666
1 0.485546875 0.34444444444444444 0.01171875 0.02638888888888889
1 0.507421875 0.3659722222222222 0.015625 0.013888888888888888
1 0.416015625 0.3951388888888889 0.01171875 0.02361111111111111
1 0.398046875 0.5076388888888889 0.01796875 0.016666666666666666
1 0.486328125 0.7368055555555556 0.00859375 0.020833333333333332
1 0.369921875 0.6972222222222222 0.01796875 0.019444444444444445
1 0.166796875 0.35833333333333334 0.0109375 0.016666666666666666
0 0.068359375 0.9486111111111111 0.0828125 0.10277777777777777
0 0.605078125 0.8041666666666667 0.115625 0.39166666666666666
0 0.567578125 0.9597222222222223 0.02578125 0.08055555555555556
0 0.57890625 0.6479166666666667 0.17578125 0.2013888888888889
0 0.55546875 0.3951388888888889 0.06015625 0.6013888888888889
0 0.56015625 0.11944444444444445 0.04453125 0.2388888888888889
0 0.576953125 0.22291666666666668 0.16875 0.22777777777777777
1 0.826953125 0.9770833333333333 0.0078125 0.011111111111111112
1 0.524609375 0.99375 0.0125 0.0125
1 0.9265625 0.5756944444444444 0.009375 0.018055555555555554
1 0.415234375 0.0125 0.0140625 0.025
1 0.391796875 0.021527777777777778 0.01328125 0.043055555555555555
1 0.340625 0.2951388888888889 0.009375 0.018055555555555554
1 0.351953125 0.2861111111111111 0.01484375 0.029166666666666667
1 0.40859375 0.21736111111111112 0.02265625 0.04583333333333333
1 0.034765625 0.005555555555555556 0.0140625 0.011111111111111112
1 0.034765625 0.034722222222222224 0.009375 0.019444444444444445
1 0.051953125 0.12638888888888888 0.015625 0.030555555555555555
1 0.073828125 0.3034722222222222 0.02578125 0.04583333333333333
0 0.123046875 0.1388888888888889 0.175 0.2777777777777778
0 0.04140625 0.1763888888888889 0.0828125 0.30277777777777776
0 0.061328125 0.45208333333333334 0.12265625 0.25972222222222224
0 0.082421875 0.6638888888888889 0.16484375 0.2902777777777778
0 0.12734375 0.8611111111111112 0.1046875 0.2777777777777778