1 0.51484375 0.0125 0.025 0.025
1 0.79140625 0.011458333333333333 0.0203125 0.022916666666666665
1 0.83203125 0.11770833333333333 0.0203125 0.0375
1 0.6609375 0.225 0.021875 0.01875
1 0.26640625 0.036458333333333336 0.0203125 0.03125
1 0.14765625 0.08125 0.01875 0.035416666666666666
1 0.1109375 0.22916666666666666 0.0296875 0.016666666666666666
1 0.16875 0.34375 0.0109375 0.029166666666666667
1 0.05546875 0.4197916666666667 0.0171875 0.041666666666666664
1 0.9265625 0.7802083333333333 0.0203125 0.027083333333333334
1 0.440625 0.9822916666666667 0.0375 0.035416666666666666
1 0.36640625 0.98125 0.0453125 0.0375
1 0.06796875 0.7114583333333333 0.0203125 0.027083333333333334
1 0.3984375 0.7510416666666667 0.03125 0.035416666666666666
1 0.23671875 0.8166666666666667 0.0328125 0.04375
1 0.5921875 0.3416666666666667 0.0109375 0.01875
1 0.5578125 0.4239583333333333 0.01875 0.025
1 0.43515625 0.56875 0.0234375 0.041666666666666664
1 0.415625 0.540625 0.0109375 0.01875
1 0.38984375 0.4895833333333333 0.0359375 0.020833333333333332
1 0.346875 0.5333333333333333 0.021875 0.03333333333333333
1 0.13046875 0.5510416666666667 0.0171875 0.022916666666666665
1 0.22734375 0.6552083333333333 0.0453125 0.03958333333333333
1 0.2875 0.36041666666666666 0.028125 0.0375
1 0.1984375 0.23125 0.0234375 0.035416666666666666
1 0.08359375 0.017708333333333333 0.0421875 0.035416666666666666
1 0.775 0.16770833333333332 0.028125 0.0375
1 0.8171875 0.240625 0.021875 0.020833333333333332
1 0.87890625 0.35833333333333334 0.0171875 0.020833333333333332
1 0.8046875 0.490625 0.021875 0.01875
1 0.934375 0.703125 0.025 0.029166666666666667
1 0.7953125 0.7979166666666667 0.0265625 0.029166666666666667
1 0.91484375 0.9916666666666667 0.0203125 0.016666666666666666
1 0.7359375 0.9614583333333333 0.0234375 0.041666666666666664
1 0.0265625 0.014583333333333334 0.053125 0.029166666666666667
0 0.46953125 0.07083333333333333 0.24375 0.10833333333333334
0 0.48984375 0.42604166666666665 0.1515625 0.32083333333333336
0 0.44921875 0.665625 0.2609375 0.10416666666666667
0 0.46484375 0.9364583333333333 0.23125 0.12708333333333333
1 0.415625 0.026041666666666668 0.01875 0.010416666666666666
1 0.1515625 0.5208333333333334 0.0171875 0.03125
1 0.03828125 0.9489583333333333 0.0234375 0.027083333333333334
1 0.25859375 0.9520833333333333 0.0171875 0.041666666666666664
1 0.20703125 0.975 0.015625 0.016666666666666666
1 0.61796875 0.9927083333333333 0.0171875 0.014583333333333334
1 0.79609375 0.528125 0.0234375 0.025
1 0.31796875 0.08854166666666667 0.04375 0.05416666666666667
1 0.6609375 0.017708333333333333 0.0375 0.035416666666666666