0 0.5453125 0.07291666666666667 0.153125 0.14583333333333334
1 0.7921875 0.5489583333333333 0.015625 0.0125
0 0.48125 0.834375 0.1984375 0.33125
0 0.584375 0.5947916666666667 0.2359375 0.4625
0 0.49921875 0.17083333333333334 0.3109375 0.33958333333333335
1 0.5578125 0.5125 0.015625 0.016666666666666666
1 0.278125 0.80625 0.009375 0.008333333333333333
1 0.26640625 0.7895833333333333 0.0109375 0.014583333333333334
1 0.015625 0.35833333333333334 0.0171875 0.016666666666666666
1 0.1515625 0.28541666666666665 0.021875 0.035416666666666666
1 0.20546875 0.053125 0.01875 0.027083333333333334
1 0.615625 0.007291666666666667 0.0296875 0.014583333333333334
1 0.8484375 0.503125 0.0234375 0.016666666666666666
1 0.91640625 0.615625 0.0171875 0.020833333333333332
1 0.8640625 0.840625 0.021875 0.03125
1 0.5984375 0.84375 0.04375 0.03958333333333333
1 0.5515625 0.5677083333333334 0.025 0.03333333333333333
1 0.61640625 0.5864583333333333 0.0484375 0.035416666666666666
1 0.74609375 0.15833333333333333 0.0171875 0.025
1 0.978125 0.128125 0.03125 0.035416666666666666
1 0.93671875 0.06458333333333334 0.021875 0.03333333333333333
1 0.965625 0.275 0.034375 0.0375
1 0.94296875 0.20625 0.0328125 0.05625
1 0.01875 0.43020833333333336 0.0234375 0.03125
1 0.36484375 0.75625 0.05 0.07916666666666666
1 0.42734375 0.803125 0.034375 0.058333333333333334
1 0.3890625 0.8208333333333333 0.04375 0.04791666666666667
1 0.24140625 0.865625 0.028125 0.052083333333333336
1 0.30390625 0.09166666666666666 0.0296875 0.04583333333333333
1 0.28984375 0.37916666666666665 0.1828125 0.21666666666666667
1 0.80390625 0.29375 0.0296875 0.06041666666666667
1 0.85625 0.28125 0.0265625 0.029166666666666667
1 0.9125 0.35 0.0859375 0.10625
1 0.9328125 0.5708333333333333 0.053125 0.052083333333333336
1 0.809375 0.48541666666666666 0.034375 0.05416666666666667
1 0.915625 0.48541666666666666 0.01875 0.035416666666666666
1 0.975 0.7645833333333333 0.0203125 0.0375
1 0.36875 0.51875 0.0265625 0.04375
1 0.43359375 0.5552083333333333 0.025 0.035416666666666666
1 0.18203125 0.6010416666666667 0.0328125 0.0375
1 0.25234375 0.8083333333333333 0.0234375 0.03333333333333333
1 0.1953125 0.815625 0.053125 0.07083333333333333
1 0.19375 0.8958333333333334 0.0640625 0.08333333333333333
1 0.88515625 0.41458333333333336 0.01875 0.020833333333333332