1 0.933203125 0.06597222222222222 0.05703125 0.08472222222222223
1 0.949609375 0.02361111111111111 0.04453125 0.04722222222222222
1 0.8453125 0.09097222222222222 0.0453125 0.07916666666666666
1 0.273046875 0.5618055555555556 0.015625 0.030555555555555555
1 0.248828125 0.6159722222222223 0.02109375 0.041666666666666664
1 0.1859375 0.3263888888888889 0.04453125 0.09305555555555556
1 0.12890625 0.18611111111111112 0.0328125 0.08333333333333333
1 0.212109375 0.04236111111111111 0.0265625 0.0625
0 0.658984375 0.10902777777777778 0.09453125 0.21805555555555556
0 0.6484375 0.21666666666666667 0.21953125 0.30277777777777776
0 0.658203125 0.53125 0.18203125 0.4888888888888889
0 0.65703125 0.6416666666666667 0.18203125 0.30694444444444446
0 0.7171875 0.8027777777777778 0.24375 0.39444444444444443
0 0.1046875 0.8708333333333333 0.15546875 0.10694444444444444
0 0.132421875 0.7194444444444444 0.1984375 0.24166666666666667
0 0.117578125 0.4965277777777778 0.23515625 0.12916666666666668
0 0.078125 0.22847222222222222 0.15625 0.40694444444444444
0 0.117578125 0.05694444444444444 0.0609375 0.11388888888888889
1 0.890234375 0.019444444444444445 0.00859375 0.030555555555555555
1 0.805078125 0.010416666666666666 0.0125 0.020833333333333332
1 0.707421875 0.04791666666666667 0.03046875 0.07222222222222222
1 0.584375 0.17708333333333334 0.0203125 0.02361111111111111
1 0.5828125 0.2986111111111111 0.021875 0.058333333333333334
1 0.543359375 0.2847222222222222 0.00859375 0.018055555555555554
1 0.6203125 0.32916666666666666 0.0140625 0.020833333333333332
1 0.199609375 0.7097222222222223 0.0171875 0.03194444444444444
1 0.23125 0.8104166666666667 0.03046875 0.07222222222222222
1 0.2046875 0.8993055555555556 0.04140625 0.08194444444444444
1 0.213671875 0.9402777777777778 0.01875 0.03194444444444444
1 0.480859375 0.09097222222222222 0.01953125 0.025
1 0.537890625 0.4777777777777778 0.01484375 0.02361111111111111
1 0.544140625 0.5847222222222223 0.025 0.09166666666666666
1 0.585546875 0.6673611111111111 0.01171875 0.018055555555555554
1 0.64140625 0.5798611111111112 0.01015625 0.02361111111111111
1 0.618359375 0.9416666666666667 0.0125 0.02638888888888889
1 0.015625 0.21597222222222223 0.01328125 0.02361111111111111
1 0.2890625 0.07430555555555556 0.015625 0.02638888888888889
1 0.4109375 0.8944444444444445 0.021875 0.030555555555555555
1 0.433203125 0.9479166666666666 0.02578125 0.05555555555555555
1 0.490234375 0.8784722222222222 0.0109375 0.030555555555555555
1 0.54921875 0.8576388888888888 0.021875 0.04027777777777778
1 0.59453125 0.8423611111111111 0.01640625 0.04027777777777778
1 0.666015625 0.9611111111111111 0.04375 0.06388888888888888
1 0.788671875 0.8694444444444445 0.0265625 0.05416666666666667
1 0.8578125 0.8361111111111111 0.01796875 0.044444444444444446
1 0.9015625 0.6055555555555555 0.01953125 0.0375
1 0.6515625 0.5229166666666667 0.0328125 0.07916666666666666
1 0.5875 0.5229166666666667 0.021875 0.03194444444444444
1 0.755859375 0.5381944444444444 0.015625 0.029166666666666667
1 0.864453125 0.44930555555555557 0.01015625 0.016666666666666666
1 0.728515625 0.3736111111111111 0.0578125 0.08194444444444444
1 0.95234375 0.3284722222222222 0.0234375 0.034722222222222224
1 0.90703125 0.26875 0.0125 0.020833333333333332
1 0.184765625 0.9743055555555555 0.0421875 0.05138888888888889
1 0.86640625 0.22569444444444445 0.03359375 0.04861111111111111
1 0.81171875 0.19027777777777777 0.02421875 0.04027777777777778
1 0.68359375 0.22708333333333333 0.034375 0.059722222222222225
1 0.9453125 0.17847222222222223 0.01953125 0.03333333333333333
1 0.976953125 0.16458333333333333 0.03359375 0.06388888888888888