1 0.799609375 0.8465277777777778 0.01171875 0.025
1 0.39765625 0.6479166666666667 0.0171875 0.02638888888888889
1 0.21484375 0.9138888888888889 0.0234375 0.03888888888888889
1 0.163671875 0.7263888888888889 0.02265625 0.03888888888888889
1 0.68203125 0.7166666666666667 0.02734375 0.06388888888888888
1 0.055859375 0.8791666666666667 0.040625 0.10694444444444444
1 0.05546875 0.06875 0.04375 0.09722222222222222
1 0.703515625 0.12291666666666666 0.03828125 0.05416666666666667
1 0.9515625 0.9736111111111111 0.02265625 0.030555555555555555
1 0.548828125 0.3416666666666667 0.03359375 0.07777777777777778
1 0.935546875 0.37569444444444444 0.0234375 0.05277777777777778
1 0.983984375 0.2263888888888889 0.0171875 0.027777777777777776
1 0.24296875 0.01597222222222222 0.0609375 0.03194444444444444
1 0.160546875 0.059722222222222225 0.01796875 0.044444444444444446
1 0.884765625 0.18958333333333333 0.02890625 0.0625
1 0.022265625 0.6152777777777778 0.025 0.04722222222222222
1 0.091015625 0.7930555555555555 0.01640625 0.0375
1 0.091015625 0.3840277777777778 0.0234375 0.03611111111111111
0 0.632421875 0.20416666666666666 0.1796875 0.4041666666666667
1 0.783984375 0.17291666666666666 0.02265625 0.034722222222222224
0 0.072265625 0.9145833333333333 0.14375 0.17083333333333334
1 0.046875 0.4270833333333333 0.04140625 0.06527777777777778
0 0.184765625 0.8145833333333333 0.215625 0.37083333333333335
0 0.080078125 0.45625 0.16015625 0.10277777777777777
1 0.753515625 0.46875 0.0171875 0.041666666666666664
1 0.816796875 0.7381944444444445 0.01875 0.03611111111111111
1 0.701953125 0.22013888888888888 0.021875 0.04027777777777778
1 0.040625 0.01875 0.01953125 0.030555555555555555
0 0.60546875 0.04236111111111111 0.09375 0.08472222222222223
1 0.911328125 0.3590277777777778 0.02109375 0.041666666666666664
1 0.958984375 0.36736111111111114 0.01875 0.04722222222222222
1 0.01328125 0.23819444444444443 0.0203125 0.041666666666666664
0 0.64609375 0.6416666666666667 0.1859375 0.4597222222222222
1 0.183203125 0.07152777777777777 0.025 0.06805555555555555
1 0.85625 0.05416666666666667 0.03359375 0.06527777777777778
1 0.909765625 0.68125 0.015625 0.025
1 0.24609375 0.19722222222222222 0.01484375 0.030555555555555555
1 0.812109375 0.08333333333333333 0.01953125 0.034722222222222224
1 0.73515625 0.49722222222222223 0.01953125 0.034722222222222224
1 0.77890625 0.86875 0.0171875 0.029166666666666667
1 0.194140625 0.6986111111111111 0.02421875 0.06527777777777778
1 0.04375 0.23402777777777778 0.028125 0.05694444444444444
0 0.59375 0.8215277777777777 0.175 0.21388888888888888
1 0.81640625 0.9006944444444445 0.0203125 0.034722222222222224
1 0.952734375 0.21736111111111112 0.0125 0.02361111111111111
1 0.021875 0.11180555555555556 0.01953125 0.03611111111111111
1 0.106640625 0.7194444444444444 0.01796875 0.03888888888888889
0 0.094140625 0.17708333333333334 0.18828125 0.19166666666666668
1 0.875390625 0.3784722222222222 0.025 0.05138888888888889
1 0.057421875 0.61875 0.02109375 0.03888888888888889
1 0.78046875 0.4777777777777778 0.02421875 0.041666666666666664
1 0.1359375 0.16597222222222222 0.0234375 0.03333333333333333
1 0.28203125 0.20902777777777778 0.0171875 0.034722222222222224
1 0.983203125 0.43125 0.0171875 0.027777777777777776
1 0.730859375 0.9791666666666666 0.02421875 0.0375
1 0.770703125 0.5472222222222223 0.0171875 0.02361111111111111
1 0.831640625 0.7534722222222222 0.01796875 0.0375
1 0.962890625 0.8798611111111111 0.01796875 0.027777777777777776
1 0.74296875 0.9326388888888889 0.0234375 0.03333333333333333
0 0.0625 0.024305555555555556 0.125 0.04722222222222222
1 0.93046875 0.5659722222222222 0.015625 0.029166666666666667
1 0.85859375 0.56875 0.01328125 0.02638888888888889
1 0.981640625 0.9090277777777778 0.01875 0.025
1 0.85703125 0.00625 0.01640625 0.0125
1 0.840625 0.4041666666666667 0.01171875 0.022222222222222223
1 0.927734375 0.9916666666666667 0.0203125 0.0125
1 0.119921875 0.3625 0.01484375 0.030555555555555555
0 0.644140625 0.41597222222222224 0.17109375 0.3875
1 0.99765625 0.6986111111111111 0.0046875 0.030555555555555555
1 0.805078125 0.27291666666666664 0.0078125 0.016666666666666666