1 0.751171875 0.9111111111111111 0.01171875 0.020833333333333332
1 0.78046875 0.9006944444444445 0.0140625 0.02638888888888889
1 0.72890625 0.9895833333333334 0.0171875 0.020833333333333332
1 0.64296875 0.9756944444444444 0.01953125 0.04583333333333333
1 0.669921875 0.9409722222222222 0.01953125 0.029166666666666667
1 0.2125 0.027777777777777776 0.01484375 0.016666666666666666
1 0.202734375 0.07361111111111111 0.0328125 0.059722222222222225
1 0.2703125 0.11180555555555556 0.01484375 0.03333333333333333
1 0.305859375 0.14444444444444443 0.01328125 0.015277777777777777
1 0.360546875 0.16041666666666668 0.021875 0.05555555555555555
1 0.3859375 0.06597222222222222 0.0234375 0.03888888888888889
1 0.401171875 0.1111111111111111 0.01640625 0.02638888888888889
1 0.409375 0.26944444444444443 0.0171875 0.02638888888888889
1 0.453515625 0.12083333333333333 0.01953125 0.04722222222222222
1 0.591015625 0.14930555555555555 0.01640625 0.043055555555555555
1 0.5765625 0.35833333333333334 0.02109375 0.03888888888888889
1 0.590625 0.32083333333333336 0.0171875 0.02361111111111111
1 0.541796875 0.09513888888888888 0.0109375 0.015277777777777777
1 0.580859375 0.06388888888888888 0.0140625 0.029166666666666667
1 0.54609375 0.022222222222222223 0.01875 0.029166666666666667
1 0.772265625 0.6111111111111112 0.01640625 0.025
1 0.860546875 0.4423611111111111 0.009375 0.013888888888888888
1 0.849609375 0.33194444444444443 0.01484375 0.018055555555555554
1 0.324609375 0.43819444444444444 0.01171875 0.018055555555555554
1 0.572265625 0.9840277777777777 0.02265625 0.03194444444444444
1 0.626953125 0.7402777777777778 0.009375 0.018055555555555554
0 0.142578125 0.9881944444444445 0.0984375 0.02361111111111111
0 0.1453125 0.8659722222222223 0.2578125 0.25972222222222224
0 0.0875 0.69375 0.175 0.5625
0 0.08828125 0.4284722222222222 0.1765625 0.1486111111111111
0 0.13125 0.17430555555555555 0.2625 0.17777777777777778
0 0.16484375 0.027777777777777776 0.08125 0.05555555555555555
0 0.65703125 0.09375 0.0828125 0.1875
1 0.601953125 0.5243055555555556 0.0078125 0.016666666666666666
0 0.63515625 0.39305555555555555 0.075 0.44583333333333336
0 0.6546875 0.6222222222222222 0.13515625 0.4583333333333333
0 0.6609375 0.8909722222222223 0.25078125 0.21805555555555556
0 0.6078125 0.9652777777777778 0.0671875 0.06944444444444445
1 0.281640625 0.3770833333333333 0.01328125 0.025
1 0.413671875 0.5833333333333334 0.02265625 0.04722222222222222
1 0.5984375 0.18958333333333333 0.01796875 0.029166666666666667
1 0.52890625 0.17083333333333334 0.0171875 0.030555555555555555
1 0.49296875 0.2743055555555556 0.01484375 0.03333333333333333
1 0.515625 0.2152777777777778 0.0125 0.03194444444444444
1 0.475390625 0.20347222222222222 0.0109375 0.019444444444444445
1 0.727734375 0.4527777777777778 0.0234375 0.0375
1 0.46015625 0.1875 0.02578125 0.0625
1 0.397265625 0.35625 0.02109375 0.029166666666666667
1 0.32421875 0.38263888888888886 0.02734375 0.059722222222222225
1 0.3546875 0.4395833333333333 0.02265625 0.03611111111111111
1 0.36796875 0.40625 0.0265625 0.03888888888888889
1 0.419921875 0.5111111111111111 0.01796875 0.034722222222222224
1 0.383984375 0.5847222222222223 0.0171875 0.034722222222222224
1 0.4734375 0.5145833333333333 0.01875 0.034722222222222224
1 0.596484375 0.4951388888888889 0.0203125 0.03611111111111111
1 0.5453125 0.5111111111111111 0.0203125 0.04583333333333333
1 0.5421875 0.5638888888888889 0.01484375 0.029166666666666667
1 0.921484375 0.5645833333333333 0.0078125 0.013888888888888888
1 0.537890625 0.6048611111111111 0.0234375 0.05277777777777778
1 0.646484375 0.8118055555555556 0.03125 0.05555555555555555
1 0.53984375 0.7576388888888889 0.0234375 0.043055555555555555
1 0.457421875 0.7993055555555556 0.01953125 0.03611111111111111
1 0.454296875 0.8569444444444444 0.025 0.03194444444444444
1 0.478515625 0.85 0.02109375 0.03611111111111111
1 0.5046875 0.84375 0.03125 0.04583333333333333
1 0.826171875 0.30972222222222223 0.021875 0.04027777777777778
1 0.846484375 0.2965277777777778 0.0078125 0.016666666666666666
1 0.938671875 0.35208333333333336 0.02578125 0.04027777777777778
1 0.973828125 0.34791666666666665 0.0125 0.025
1 0.826171875 0.5048611111111111 0.0078125 0.0125
1 0.026171875 0.011111111111111112 0.01171875 0.022222222222222223
1 0.240234375 0.19444444444444445 0.0078125 0.011111111111111112
1 0.4671875 0.4 0.01171875 0.029166666666666667
1 0.79296875 0.02638888888888889 0.04375 0.05277777777777778
1 0.706640625 0.03958333333333333 0.01484375 0.03611111111111111
1 0.660546875 0.08055555555555556 0.00859375 0.019444444444444445
1 0.678515625 0.06527777777777778 0.0109375 0.02361111111111111
1 0.89921875 0.017361111111111112 0.0203125 0.034722222222222224
1 0.764453125 0.24166666666666667 0.0109375 0.019444444444444445
1 0.837109375 0.2111111111111111 0.02265625 0.03888888888888889
1 0.794921875 0.33611111111111114 0.01484375 0.030555555555555555
1 0.932421875 0.4215277777777778 0.01171875 0.019444444444444445
1 0.97109375 0.42430555555555555 0.0078125 0.013888888888888888
1 0.694140625 0.6291666666666667 0.03203125 0.05555555555555555
1 0.671875 0.7083333333333334 0.02421875 0.04861111111111111
1 0.687109375 0.7902777777777777 0.02890625 0.06666666666666667
1 0.7296875 0.7548611111111111 0.034375 0.043055555555555555
1 0.72578125 0.7159722222222222 0.02109375 0.03194444444444444
1 0.748828125 0.7006944444444444 0.01796875 0.02361111111111111
1 0.776171875 0.7104166666666667 0.03125 0.044444444444444446
1 0.79375 0.7430555555555556 0.01328125 0.025
1 0.79296875 0.8027777777777778 0.02265625 0.058333333333333334
1 0.926953125 0.6708333333333333 0.01875 0.029166666666666667
1 0.969140625 0.6284722222222222 0.0375 0.06388888888888888
1 0.36171875 0.275 0.015625 0.02638888888888889
1 0.30234375 0.5791666666666667 0.0078125 0.018055555555555554
1 0.43515625 0.7 0.009375 0.016666666666666666
1 0.34453125 0.7458333333333333 0.01171875 0.022222222222222223
1 0.380859375 0.75625 0.01484375 0.03194444444444444
1 0.41015625 0.7819444444444444 0.009375 0.034722222222222224
1 0.441796875 0.94375 0.01015625 0.02638888888888889
1 0.427734375 0.9791666666666666 0.0203125 0.041666666666666664
1 0.391015625 0.8923611111111112 0.01328125 0.03194444444444444
1 0.35546875 0.8708333333333333 0.015625 0.03333333333333333
1 0.36484375 0.8104166666666667 0.02265625 0.04583333333333333
1 0.325390625 0.8166666666666667 0.02734375 0.03888888888888889
1 0.233984375 0.9958333333333333 0.0078125 0.008333333333333333
1 0.12421875 0.7506944444444444 0.034375 0.034722222222222224
1 0.193359375 0.6548611111111111 0.02421875 0.05
1 0.25234375 0.5208333333333334 0.0125 0.027777777777777776
1 0.207421875 0.55625 0.06328125 0.10277777777777777
1 0.0328125 0.5402777777777777 0.05078125 0.07916666666666666
1 0.186328125 0.35 0.0265625 0.041666666666666664
1 0.037890625 0.2111111111111111 0.01484375 0.029166666666666667
1 0.023046875 0.20347222222222222 0.015625 0.044444444444444446
1 0.06015625 0.009722222222222222 0.00859375 0.016666666666666666