1 0.440234375 0.28125 0.0296875 0.03194444444444444
1 0.495703125 0.27361111111111114 0.02265625 0.027777777777777776
1 0.517578125 0.2520833333333333 0.01875 0.03194444444444444
1 0.51796875 0.16805555555555557 0.03359375 0.08888888888888889
1 0.490234375 0.1701388888888889 0.021875 0.019444444444444445
1 0.48046875 0.18472222222222223 0.00625 0.019444444444444445
1 0.966796875 0.7527777777777778 0.0203125 0.030555555555555555
1 0.994140625 0.7291666666666666 0.01171875 0.027777777777777776
1 0.906640625 0.5048611111111111 0.01328125 0.025
1 0.874609375 0.4284722222222222 0.0375 0.08333333333333333
1 0.8515625 0.4625 0.02421875 0.044444444444444446
1 0.905859375 0.35625 0.021875 0.03333333333333333
1 0.81953125 0.2833333333333333 0.021875 0.03611111111111111
1 0.763671875 0.2388888888888889 0.01328125 0.020833333333333332
1 0.817578125 0.3229166666666667 0.0171875 0.030555555555555555
1 0.877734375 0.2548611111111111 0.00859375 0.015277777777777777
1 0.271484375 0.09722222222222222 0.01015625 0.019444444444444445
1 0.1625 0.0125 0.01328125 0.025
1 0.2640625 0.004861111111111111 0.021875 0.009722222222222222
1 0.3609375 0.010416666666666666 0.028125 0.020833333333333332
1 0.91875 0.29097222222222224 0.015625 0.027777777777777776
1 0.3328125 0.03611111111111111 0.0234375 0.043055555555555555
1 0.29375 0.1527777777777778 0.015625 0.018055555555555554
1 0.29921875 0.09930555555555555 0.0109375 0.019444444444444445
1 0.28828125 0.06527777777777778 0.02578125 0.043055555555555555
1 0.228125 0.09513888888888888 0.0171875 0.03333333333333333
0 0.6234375 0.8479166666666667 0.29296875 0.30416666666666664
0 0.624609375 0.9354166666666667 0.17890625 0.12916666666666668
0 0.125 0.9659722222222222 0.0890625 0.06805555555555555
0 0.103125 0.7986111111111112 0.109375 0.39166666666666666
0 0.0765625 0.6041666666666666 0.153125 0.3375
0 0.09296875 0.3527777777777778 0.1109375 0.41805555555555557
0 0.090625 0.12083333333333333 0.17265625 0.24166666666666667
1 0.944140625 0.275 0.01484375 0.02638888888888889
1 0.991796875 0.25555555555555554 0.009375 0.019444444444444445
1 0.968359375 0.19027777777777777 0.01640625 0.0375
1 0.9890625 0.19375 0.01171875 0.025
1 0.916015625 0.16944444444444445 0.0140625 0.022222222222222223
1 0.9109375 0.1375 0.01015625 0.015277777777777777
1 0.832421875 0.11736111111111111 0.01796875 0.018055555555555554
1 0.7953125 0.04375 0.01328125 0.025
1 0.8578125 0.04513888888888889 0.0203125 0.043055555555555555
1 0.931640625 0.5777777777777777 0.0109375 0.016666666666666666
1 0.92265625 0.6423611111111112 0.0109375 0.02361111111111111
1 0.830859375 0.7944444444444444 0.01015625 0.015277777777777777
1 0.19140625 0.11875 0.02578125 0.043055555555555555
1 0.547265625 0.7270833333333333 0.01328125 0.022222222222222223
1 0.435546875 0.7388888888888889 0.03203125 0.05138888888888889
1 0.48046875 0.7395833333333334 0.01953125 0.044444444444444446
1 0.507421875 0.7590277777777777 0.009375 0.013888888888888888
1 0.505078125 0.7916666666666666 0.01328125 0.0125
1 0.562109375 0.8409722222222222 0.02890625 0.04722222222222222
1 0.528515625 0.9097222222222222 0.03203125 0.058333333333333334
1 0.559375 0.9527777777777777 0.01796875 0.03611111111111111
1 0.449609375 0.9631944444444445 0.0234375 0.04583333333333333
1 0.259375 0.9256944444444445 0.0203125 0.03611111111111111
1 0.28203125 0.9659722222222222 0.03515625 0.06805555555555555
1 0.276171875 0.8895833333333333 0.03828125 0.04583333333333333
1 0.30234375 0.8715277777777778 0.01015625 0.025
1 0.1921875 0.8729166666666667 0.034375 0.05416666666666667
1 0.2125 0.9256944444444445 0.02734375 0.044444444444444446
1 0.23125 0.8451388888888889 0.021875 0.03611111111111111
1 0.1546875 0.8798611111111111 0.01875 0.03333333333333333
1 0.123046875 0.9541666666666667 0.0296875 0.05694444444444444
1 0.04609375 0.8388888888888889 0.01484375 0.02638888888888889
1 0.16015625 0.7368055555555556 0.0203125 0.03888888888888889
1 0.185546875 0.7854166666666667 0.0234375 0.034722222222222224
1 0.228515625 0.7388888888888889 0.03046875 0.04722222222222222
1 0.170703125 0.6840277777777778 0.01875 0.022222222222222223
1 0.124609375 0.6597222222222222 0.028125 0.041666666666666664
1 0.272265625 0.6854166666666667 0.01953125 0.05
1 0.298046875 0.6458333333333334 0.01328125 0.02361111111111111
1 0.171484375 0.5375 0.02109375 0.03194444444444444
1 0.198828125 0.5118055555555555 0.02265625 0.04027777777777778
1 0.256640625 0.5159722222222223 0.01875 0.03194444444444444
1 0.2625 0.5527777777777778 0.01484375 0.030555555555555555
1 0.31171875 0.5493055555555556 0.0203125 0.03194444444444444
1 0.0609375 0.48125 0.01875 0.027777777777777776
1 0.34609375 0.23819444444444443 0.009375 0.019444444444444445
1 0.484765625 0.08680555555555555 0.0359375 0.04583333333333333
1 0.576171875 0.05486111111111111 0.01640625 0.029166666666666667
1 0.63828125 0.17083333333333334 0.025 0.058333333333333334
1 0.63203125 0.36041666666666666 0.02734375 0.05277777777777778
1 0.6640625 0.34305555555555556 0.00625 0.011111111111111112
1 0.6765625 0.35347222222222224 0.0234375 0.034722222222222224
1 0.69921875 0.4361111111111111 0.0203125 0.06388888888888888
1 0.671875 0.4326388888888889 0.0296875 0.043055555555555555
1 0.70859375 0.2916666666666667 0.0125 0.025
1 0.7703125 0.33055555555555555 0.03125 0.05277777777777778
1 0.770703125 0.36875 0.01484375 0.02638888888888889
1 0.793359375 0.4236111111111111 0.01484375 0.019444444444444445
1 0.7890625 0.49444444444444446 0.0140625 0.018055555555555554
1 0.731640625 0.5652777777777778 0.01953125 0.0625
1 0.79140625 0.5402777777777777 0.01875 0.030555555555555555
1 0.8140625 0.5270833333333333 0.01484375 0.02638888888888889
1 0.658984375 0.6319444444444444 0.021875 0.04722222222222222
1 0.674609375 0.6180555555555556 0.01328125 0.04583333333333333
1 0.650390625 0.6965277777777777 0.0125 0.029166666666666667
1 0.6171875 0.6659722222222222 0.02734375 0.03888888888888889
1 0.637109375 0.75 0.03203125 0.03611111111111111
1 0.56953125 0.6111111111111112 0.01796875 0.030555555555555555
1 0.66953125 0.8722222222222222 0.015625 0.022222222222222223
1 0.681640625 0.9125 0.0140625 0.027777777777777776
1 0.128125 0.059722222222222225 0.0140625 0.05
1 0.1078125 0.17708333333333334 0.0171875 0.022222222222222223
1 0.046484375 0.2298611111111111 0.00703125 0.015277777777777777
1 0.035546875 0.18888888888888888 0.01328125 0.02361111111111111
1 0.70703125 0.9694444444444444 0.01484375 0.027777777777777776
1 0.727734375 0.9923611111111111 0.01171875 0.015277777777777777
1 0.784375 0.9729166666666667 0.03671875 0.05416666666666667
1 0.8421875 0.9743055555555555 0.01328125 0.025
1 0.81875 0.8854166666666666 0.02109375 0.0375
1 0.758203125 0.8305555555555556 0.0171875 0.027777777777777776
1 0.767578125 0.8638888888888889 0.01328125 0.027777777777777776
1 0.733203125 0.8479166666666667 0.00859375 0.0125
1 0.849609375 0.75625 0.01796875 0.02361111111111111
1 0.8375 0.6722222222222223 0.0171875 0.02638888888888889
0 0.644140625 0.12708333333333333 0.16796875 0.25416666666666665
0 0.637109375 0.3506944444444444 0.30390625 0.23333333333333334
0 0.6390625 0.5180555555555556 0.19921875 0.16666666666666666
1 0.7078125 0.6034722222222222 0.01015625 0.013888888888888888
1 0.8546875 0.6861111111111111 0.0125 0.029166666666666667
1 0.876953125 0.7076388888888889 0.01328125 0.03194444444444444
1 0.841796875 0.7236111111111111 0.01796875 0.027777777777777776
1 0.91484375 0.9076388888888889 0.0125 0.027777777777777776
1 0.9453125 0.9777777777777777 0.01796875 0.03333333333333333
1 0.471484375 0.15069444444444444 0.021875 0.041666666666666664
1 0.39375 0.6875 0.01640625 0.027777777777777776
1 0.416796875 0.6666666666666666 0.025 0.044444444444444446
1 0.3984375 0.6520833333333333 0.01015625 0.013888888888888888
1 0.4921875 0.6715277777777777 0.0421875 0.06666666666666667
1 0.462890625 0.58125 0.03984375 0.06111111111111111
1 0.47578125 0.5430555555555555 0.0234375 0.04027777777777778
1 0.430078125 0.5201388888888889 0.015625 0.03611111111111111
1 0.4953125 0.48680555555555555 0.0234375 0.058333333333333334
1 0.4890625 0.40625 0.0203125 0.0375
1 0.450390625 0.4326388888888889 0.03046875 0.04861111111111111
1 0.376953125 0.3798611111111111 0.01015625 0.0125
1 0.31875 0.4340277777777778 0.01796875 0.0375
1 0.274609375 0.375 0.00859375 0.015277777777777777
1 0.203515625 0.3736111111111111 0.01640625 0.02638888888888889
1 0.99453125 0.91875 0.00859375 0.027777777777777776
1 0.065234375 0.2375 0.0203125 0.03194444444444444
1 0.153515625 0.20972222222222223 0.01953125 0.043055555555555555
1 0.160546875 0.30277777777777776 0.028125 0.05277777777777778
1 0.210546875 0.21388888888888888 0.02578125 0.05555555555555555
1 0.19609375 0.18055555555555555 0.021875 0.03888888888888889
1 0.294921875 0.24027777777777778 0.01171875 0.019444444444444445