1 0.415625 0.004166666666666667 0.0125 0.008333333333333333
0 0.5875 0.15 0.2421875 0.3
0 0.59609375 0.46770833333333334 0.4921875 0.32708333333333334
0 0.60546875 0.6895833333333333 0.1203125 0.5145833333333333
0 0.57421875 0.8916666666666667 0.078125 0.21666666666666667
1 0.2671875 0.125 0.028125 0.03958333333333333
1 0.34375 0.0625 0.015625 0.016666666666666666
1 0.25703125 0.035416666666666666 0.0125 0.014583333333333334
1 0.3609375 0.014583333333333334 0.0453125 0.029166666666666667
1 0.38515625 0.11458333333333333 0.025 0.041666666666666664
1 0.421875 0.10833333333333334 0.0234375 0.025
1 0.40078125 0.09791666666666667 0.0109375 0.01875
1 0.45234375 0.053125 0.0484375 0.09166666666666666
1 0.30234375 0.2125 0.01875 0.025
1 0.2828125 0.19583333333333333 0.0125 0.04583333333333333
1 0.41015625 0.2 0.0296875 0.035416666666666666
1 0.46953125 0.20208333333333334 0.0328125 0.0375
1 0.53046875 0.16354166666666667 0.0671875 0.07083333333333333
1 0.4625 0.2791666666666667 0.1078125 0.09166666666666666
1 0.35625 0.24895833333333334 0.01875 0.020833333333333332
1 0.30859375 0.13229166666666667 0.0140625 0.01875
1 0.32421875 0.18541666666666667 0.0140625 0.010416666666666666
1 0.25703125 0.0875 0.0203125 0.020833333333333332
1 0.29921875 0.04479166666666667 0.0109375 0.016666666666666666
1 0.27421875 0.027083333333333334 0.0125 0.016666666666666666
1 0.39375 0.004166666666666667 0.0109375 0.008333333333333333
1 0.52109375 0.05 0.0328125 0.0375
1 0.55390625 0.07291666666666667 0.025 0.03125
1 0.78515625 0.057291666666666664 0.0640625 0.08958333333333333
1 0.89921875 0.036458333333333336 0.015625 0.020833333333333332
1 0.9234375 0.025 0.009375 0.020833333333333332
1 0.971875 0.030208333333333334 0.0125 0.025
1 0.99296875 0.015625 0.0140625 0.022916666666666665
1 0.940625 0.00625 0.01875 0.0125
1 0.88515625 0.08125 0.0203125 0.022916666666666665
1 0.86640625 0.11979166666666667 0.0484375 0.052083333333333336
1 0.90859375 0.08125 0.009375 0.027083333333333334
1 0.86484375 0.18958333333333333 0.0203125 0.04375
1 0.8921875 0.23958333333333334 0.0171875 0.025
1 0.97421875 0.175 0.0296875 0.035416666666666666
1 0.84140625 0.30520833333333336 0.0296875 0.022916666666666665
1 0.92890625 0.37604166666666666 0.0171875 0.03125
1 0.7796875 0.24166666666666667 0.028125 0.025
1 0.765625 0.19270833333333334 0.0421875 0.03958333333333333
1 0.7390625 0.20625 0.01875 0.022916666666666665
1 0.71328125 0.24166666666666667 0.0359375 0.029166666666666667
1 0.6953125 0.12916666666666668 0.0765625 0.11458333333333333
1 0.61796875 0.19166666666666668 0.021875 0.05625
1 0.65546875 0.18125 0.0203125 0.05
1 0.653125 0.06354166666666666 0.0125 0.020833333333333332
1 0.63671875 0.07916666666666666 0.0109375 0.014583333333333334
1 0.56953125 0.20208333333333334 0.009375 0.022916666666666665
1 0.86015625 0.5197916666666667 0.021875 0.0375
1 0.88671875 0.5385416666666667 0.0265625 0.029166666666666667
1 0.97578125 0.4864583333333333 0.0484375 0.07708333333333334
1 0.984375 0.43125 0.015625 0.025
1 0.95546875 0.4583333333333333 0.0296875 0.029166666666666667
1 0.91953125 0.5458333333333333 0.0140625 0.014583333333333334
1 0.971875 0.58125 0.05625 0.03958333333333333
1 0.9734375 0.625 0.034375 0.03958333333333333
1 0.98046875 0.665625 0.034375 0.03125
1 0.984375 0.5302083333333333 0.021875 0.016666666666666666
1 0.996875 0.5427083333333333 0.00625 0.016666666666666666
1 0.78828125 0.6072916666666667 0.065625 0.075
1 0.77421875 0.6947916666666667 0.0140625 0.027083333333333334
1 0.71640625 0.653125 0.028125 0.05
1 0.915625 0.653125 0.009375 0.010416666666666666
1 0.88203125 0.834375 0.0171875 0.022916666666666665
1 0.8296875 0.80625 0.021875 0.025
1 0.978125 0.8552083333333333 0.0265625 0.029166666666666667
1 0.92734375 0.9552083333333333 0.015625 0.03125
1 0.9390625 0.9875 0.0203125 0.01875
1 0.78359375 0.978125 0.0234375 0.020833333333333332
1 0.82734375 0.8864583333333333 0.021875 0.020833333333333332
1 0.74296875 0.9958333333333333 0.0078125 0.008333333333333333
1 0.66484375 0.95625 0.0265625 0.03125
1 0.7484375 0.753125 0.0546875 0.0625
1 0.68046875 0.70625 0.040625 0.04375
1 0.63125 0.6885416666666667 0.040625 0.03958333333333333
1 0.59453125 0.703125 0.01875 0.027083333333333334
1 0.61484375 0.6385416666666667 0.0265625 0.04583333333333333
1 0.68203125 0.76875 0.0625 0.07916666666666666
1 0.634375 0.8125 0.0296875 0.025
1 0.5984375 0.8166666666666667 0.04375 0.08958333333333333
1 0.5703125 0.8177083333333334 0.0265625 0.03125
1 0.6546875 0.8666666666666667 0.0953125 0.09583333333333334
1 0.75625 0.8489583333333334 0.1015625 0.11458333333333333
1 0.53046875 0.90625 0.0296875 0.035416666666666666
1 0.30859375 0.8114583333333333 0.01875 0.016666666666666666
1 0.3296875 0.8510416666666667 0.0328125 0.0375
1 0.4015625 0.8135416666666667 0.01875 0.03125
1 0.20703125 0.9427083333333334 0.0328125 0.035416666666666666
1 0.2078125 0.9822916666666667 0.0234375 0.035416666666666666
1 0.30625 0.9552083333333333 0.0859375 0.058333333333333334
1 0.3859375 0.9479166666666666 0.0546875 0.10416666666666667
1 0.44765625 0.8510416666666667 0.059375 0.06458333333333334
1 0.45859375 0.9385416666666667 0.075 0.12291666666666666
1 0.44140625 0.7458333333333333 0.0375 0.022916666666666665
1 0.48984375 0.79375 0.06875 0.06041666666666667
1 0.23203125 0.7291666666666666 0.0921875 0.06875
1 0.19765625 0.6260416666666667 0.0328125 0.0375
1 0.45703125 0.578125 0.0421875 0.08125
1 0.48515625 0.515625 0.021875 0.029166666666666667
1 0.3953125 0.5104166666666666 0.0328125 0.0375
1 0.3375 0.5895833333333333 0.040625 0.06458333333333334
1 0.38984375 0.5583333333333333 0.05625 0.06041666666666667
1 0.36796875 0.6229166666666667 0.040625 0.06666666666666667
1 0.40234375 0.6322916666666667 0.03125 0.035416666666666666
1 0.40546875 0.6010416666666667 0.01875 0.01875
1 0.6078125 0.5395833333333333 0.065625 0.058333333333333334
1 0.50546875 0.6645833333333333 0.0953125 0.17291666666666666
1 0.55234375 0.565625 0.028125 0.041666666666666664
1 0.121875 0.9010416666666666 0.009375 0.025
1 0.08671875 0.7854166666666667 0.009375 0.014583333333333334
1 0.2359375 0.42604166666666665 0.128125 0.13125
1 0.38203125 0.36666666666666664 0.03125 0.03958333333333333
1 0.25 0.2875 0.025 0.041666666666666664
1 0.18125 0.29270833333333335 0.01875 0.027083333333333334
1 0.0703125 0.026041666666666668 0.009375 0.01875
1 0.55546875 0.41875 0.0203125 0.029166666666666667
1 0.50234375 0.4427083333333333 0.0296875 0.03958333333333333
1 0.49296875 0.375 0.028125 0.03958333333333333
1 0.4640625 0.41458333333333336 0.0203125 0.025
1 0.5703125 0.303125 0.0484375 0.05416666666666667
1 0.74765625 0.38229166666666664 0.0265625 0.058333333333333334
1 0.68671875 0.3125 0.1125 0.075
1 0.70078125 0.365625 0.05 0.03333333333333333
1 0.6125 0.2604166666666667 0.0265625 0.04375
1 0.5890625 0.25833333333333336 0.009375 0.03125
1 0.60546875 0.296875 0.009375 0.016666666666666666
1 0.5640625 0.0125 0.0265625 0.025
1 0.6140625 0.007291666666666667 0.01875 0.014583333333333334
1 0.778125 0.2989583333333333 0.009375 0.0125