1 0.96171875 0.51875 0.0296875 0.05
1 0.5171875 0.99375 0.0234375 0.0125
1 0.36328125 0.9333333333333333 0.028125 0.03125
1 0.32734375 0.9072916666666667 0.0234375 0.022916666666666665
1 0.42890625 0.8947916666666667 0.0640625 0.09791666666666667
1 0.54765625 0.9416666666666667 0.0375 0.041666666666666664
0 0.64140625 0.026041666666666668 0.0546875 0.052083333333333336
0 0.703125 0.16041666666666668 0.0921875 0.31875
0 0.653125 0.9645833333333333 0.096875 0.07083333333333333
0 0.68828125 0.790625 0.16875 0.2625
0 0.6875 0.48125 0.2 0.30625
1 0.75390625 0.9739583333333334 0.0125 0.01875
1 0.8609375 0.9239583333333333 0.021875 0.020833333333333332
1 0.91484375 0.9666666666666667 0.0234375 0.03333333333333333
1 0.93671875 0.8739583333333333 0.0265625 0.022916666666666665
1 0.7078125 0.83125 0.0390625 0.06458333333333334
1 0.746875 0.8697916666666666 0.0328125 0.06041666666666667
1 0.79921875 0.7729166666666667 0.0171875 0.020833333333333332
1 0.79296875 0.6447916666666667 0.01875 0.022916666666666665
1 0.92890625 0.6416666666666667 0.040625 0.03958333333333333
1 0.96640625 0.5614583333333333 0.0203125 0.014583333333333334
1 0.93671875 0.48541666666666666 0.0265625 0.020833333333333332
1 0.85546875 0.4895833333333333 0.0140625 0.020833333333333332
1 0.8875 0.30520833333333336 0.0234375 0.025
1 0.94453125 0.31666666666666665 0.015625 0.022916666666666665
1 0.7765625 0.28541666666666665 0.0265625 0.03333333333333333
1 0.72109375 0.3072916666666667 0.0109375 0.022916666666666665
1 0.74453125 0.27395833333333336 0.0125 0.014583333333333334
1 0.5046875 0.3 0.0453125 0.07083333333333333
1 0.47109375 0.34791666666666665 0.021875 0.0375
1 0.58671875 0.28229166666666666 0.025 0.027083333333333334
1 0.5125 0.21354166666666666 0.0296875 0.035416666666666666
1 0.55 0.21770833333333334 0.0203125 0.029166666666666667
1 0.44375 0.153125 0.0453125 0.07291666666666667
1 0.34921875 0.015625 0.046875 0.03125
1 0.23359375 0.04895833333333333 0.0203125 0.03333333333333333
1 0.28671875 0.0875 0.0296875 0.027083333333333334
1 0.10703125 0.015625 0.0171875 0.03125
1 0.08046875 0.007291666666666667 0.0140625 0.014583333333333334
1 0.21328125 0.21041666666666667 0.028125 0.025
1 0.2375 0.18125 0.0234375 0.01875
1 0.12734375 0.28229166666666666 0.0296875 0.035416666666666666
1 0.11796875 0.3854166666666667 0.0171875 0.022916666666666665
1 0.084375 0.40729166666666666 0.0203125 0.01875
1 0.415625 0.43333333333333335 0.0484375 0.03958333333333333
1 0.35078125 0.44895833333333335 0.0328125 0.04375
1 0.46640625 0.5166666666666667 0.025 0.0375
1 0.5703125 0.4625 0.0375 0.03958333333333333
1 0.47578125 0.7177083333333333 0.03125 0.041666666666666664
1 0.50859375 0.7416666666666667 0.01875 0.022916666666666665
1 0.58125 0.7 0.025 0.06875
1 0.5546875 0.8354166666666667 0.0125 0.0375
1 0.39921875 0.7072916666666667 0.0203125 0.01875
1 0.43671875 0.7770833333333333 0.025 0.03333333333333333
1 0.25234375 0.7479166666666667 0.021875 0.03958333333333333
1 0.16171875 0.825 0.0265625 0.05
1 0.13671875 0.8927083333333333 0.025 0.01875
1 0.06796875 0.809375 0.0359375 0.04583333333333333
1 0.05546875 0.8760416666666667 0.0140625 0.01875
1 0.1375 0.7583333333333333 0.0234375 0.01875
1 0.11171875 0.6104166666666667 0.025 0.025
1 0.24375 0.6270833333333333 0.015625 0.01875
1 0.3734375 0.6489583333333333 0.0296875 0.022916666666666665
1 0.5125 0.49895833333333334 0.025 0.022916666666666665
1 0.22265625 0.33229166666666665 0.0265625 0.03333333333333333
1 0.57421875 0.028125 0.028125 0.05625
1 0.84375 0.17708333333333334 0.0390625 0.03125
1 0.815625 0.08020833333333334 0.0421875 0.04375
1 0.8625 0.08541666666666667 0.028125 0.0375
1 0.89296875 0.07708333333333334 0.01875 0.03125
1 0.85546875 0.013541666666666667 0.015625 0.027083333333333334
1 0.6296875 0.11145833333333334 0.015625 0.03333333333333333