1 0.784375 0.8854166666666666 0.0171875 0.03333333333333333
1 0.8921875 0.7479166666666667 0.015625 0.027083333333333334
1 0.98046875 0.85 0.0390625 0.0625
1 0.60625 0.7479166666666667 0.0171875 0.029166666666666667
1 0.3125 0.275 0.0171875 0.020833333333333332
1 0.09921875 0.23541666666666666 0.025 0.025
1 0.98671875 0.06770833333333333 0.0265625 0.07083333333333333
1 0.5453125 0.9427083333333334 0.0453125 0.03125
1 0.35078125 0.7177083333333333 0.01875 0.027083333333333334
1 0.21796875 0.5916666666666667 0.0484375 0.06041666666666667
1 0.8296875 0.026041666666666668 0.0109375 0.016666666666666666
1 0.5390625 0.4 0.01875 0.022916666666666665
1 0.97734375 0.5770833333333333 0.0140625 0.027083333333333334
1 0.7421875 0.8364583333333333 0.01875 0.025
1 0.81875 0.5885416666666666 0.021875 0.029166666666666667
0 0.3390625 0.35104166666666664 0.3125 0.14583333333333334
0 0.39296875 0.5979166666666667 0.19375 0.10416666666666667
0 0.375 0.8895833333333333 0.140625 0.22083333333333333
1 0.9125 0.7145833333333333 0.0234375 0.025
1 0.47578125 0.4125 0.0265625 0.027083333333333334
1 0.1546875 0.15625 0.0140625 0.027083333333333334
1 0.24609375 0.225 0.0296875 0.04583333333333333
1 0.3390625 0.68125 0.025 0.022916666666666665
1 0.2 0.628125 0.025 0.027083333333333334
1 0.23984375 0.478125 0.034375 0.05416666666666667
1 0.26875 0.7052083333333333 0.0171875 0.0375
1 0.1671875 0.6760416666666667 0.0390625 0.03125
1 0.23203125 0.12083333333333333 0.0234375 0.027083333333333334
1 0.16328125 0.058333333333333334 0.025 0.020833333333333332
1 0.76015625 0.28020833333333334 0.028125 0.029166666666666667
1 0.81015625 0.21354166666666666 0.0203125 0.029166666666666667
1 0.6109375 0.32916666666666666 0.015625 0.016666666666666666
1 0.5859375 0.3770833333333333 0.015625 0.016666666666666666
1 0.57265625 0.15625 0.0375 0.03125
1 0.65390625 0.346875 0.021875 0.035416666666666666
1 0.5625 0.45 0.0265625 0.03333333333333333
1 0.54375 0.546875 0.028125 0.027083333333333334
1 0.49921875 0.4979166666666667 0.028125 0.03958333333333333
1 0.91796875 0.946875 0.0171875 0.014583333333333334