0 0.7203125 0.9697916666666667 0.1875 0.06041666666666667
1 0.56328125 0.5854166666666667 0.06875 0.0625
1 0.47109375 0.5072916666666667 0.059375 0.0375
1 0.45625 0.5875 0.0234375 0.025
1 0.465625 0.6375 0.0609375 0.08333333333333333
1 0.33984375 0.5125 0.0328125 0.035416666666666666
1 0.3171875 0.5354166666666667 0.040625 0.027083333333333334
1 0.32421875 0.45 0.040625 0.075
1 0.25078125 0.425 0.084375 0.11666666666666667
1 0.83125 0.11666666666666667 0.0171875 0.014583333333333334
1 0.50546875 0.40520833333333334 0.0453125 0.04375
1 0.4578125 0.0375 0.028125 0.035416666666666666
1 0.453125 0.08645833333333333 0.075 0.05416666666666667
1 0.4640625 0.14270833333333333 0.0375 0.035416666666666666
1 0.23828125 0.08645833333333333 0.0375 0.03333333333333333
1 0.28671875 0.010416666666666666 0.034375 0.020833333333333332
1 0.03203125 0.6541666666666667 0.0640625 0.09375
1 0.2375 0.7395833333333334 0.025 0.027083333333333334
1 0.24609375 0.815625 0.0296875 0.022916666666666665
1 0.278125 0.7864583333333334 0.0546875 0.052083333333333336
1 0.34296875 0.69375 0.0421875 0.0625
1 0.5328125 0.7458333333333333 0.0234375 0.029166666666666667
1 0.4828125 0.865625 0.040625 0.0375
1 0.59921875 0.778125 0.0296875 0.03333333333333333
1 0.61796875 0.73125 0.0484375 0.06041666666666667
1 0.678125 0.721875 0.0171875 0.022916666666666665
1 0.6609375 0.8458333333333333 0.05 0.04791666666666667
1 0.690625 0.8020833333333334 0.0203125 0.025
1 0.83671875 0.9854166666666667 0.0234375 0.029166666666666667
1 0.88203125 0.859375 0.01875 0.01875
1 0.7984375 0.6791666666666667 0.06875 0.1
1 0.69140625 0.5708333333333333 0.0265625 0.04375
1 0.7328125 0.5635416666666667 0.03125 0.03958333333333333
1 0.66484375 0.5854166666666667 0.028125 0.041666666666666664
1 0.63359375 0.4270833333333333 0.078125 0.12291666666666666
1 0.5765625 0.3302083333333333 0.04375 0.06666666666666667
1 0.57734375 0.3875 0.021875 0.025
1 0.953125 0.7072916666666667 0.0453125 0.04583333333333333
1 0.81015625 0.41354166666666664 0.0203125 0.025
1 0.98671875 0.28958333333333336 0.0265625 0.075
1 0.9515625 0.3802083333333333 0.0140625 0.01875
1 0.9671875 0.428125 0.025 0.041666666666666664
1 0.890625 0.43125 0.028125 0.041666666666666664
1 0.871875 0.38645833333333335 0.01875 0.016666666666666666
1 0.7703125 0.2989583333333333 0.0203125 0.014583333333333334
1 0.88515625 0.28020833333333334 0.0515625 0.052083333333333336
1 0.91328125 0.013541666666666667 0.046875 0.027083333333333334
1 0.921875 0.06875 0.0328125 0.04791666666666667
1 0.5078125 0.296875 0.05 0.029166666666666667
1 0.45703125 0.246875 0.059375 0.06458333333333334
1 0.5109375 0.20833333333333334 0.021875 0.022916666666666665
1 0.86015625 0.125 0.0265625 0.022916666666666665
1 0.59453125 0.24270833333333333 0.0546875 0.07708333333333334
1 0.54921875 0.14166666666666666 0.0125 0.020833333333333332
1 0.56328125 0.05 0.053125 0.06666666666666667
1 0.65 0.020833333333333332 0.0390625 0.035416666666666666
1 0.734375 0.007291666666666667 0.0265625 0.014583333333333334
1 0.76171875 0.03333333333333333 0.03125 0.0375
1 0.4234375 0.16875 0.05625 0.075
1 0.35546875 0.17083333333333334 0.071875 0.07291666666666667
1 0.33671875 0.22708333333333333 0.0375 0.04583333333333333
1 0.30390625 0.20104166666666667 0.0453125 0.05
1 0.26640625 0.178125 0.0203125 0.020833333333333332
1 0.28046875 0.25 0.028125 0.04375
1 0.3609375 0.3625 0.021875 0.020833333333333332
1 0.909375 0.35104166666666664 0.0078125 0.0125
0 0.7171875 0.29583333333333334 0.096875 0.24583333333333332
0 0.8328125 0.46875 0.334375 0.3875
0 0.7796875 0.7364583333333333 0.30625 0.42083333333333334