1 0.0390625 0.5177083333333333 0.0203125 0.03333333333333333
1 0.24296875 0.084375 0.01875 0.020833333333333332
1 0.3171875 0.025 0.0203125 0.020833333333333332
1 0.0625 0.09895833333333333 0.0265625 0.03333333333333333
1 0.1890625 0.28020833333333334 0.028125 0.03333333333333333
1 0.26015625 0.25729166666666664 0.01875 0.01875
1 0.3140625 0.43854166666666666 0.0203125 0.027083333333333334
1 0.31953125 0.4010416666666667 0.015625 0.025
1 0.35234375 0.37083333333333335 0.0171875 0.027083333333333334
1 0.20625 0.42083333333333334 0.0390625 0.04583333333333333
1 0.22265625 0.48020833333333335 0.0359375 0.03333333333333333
1 0.27265625 0.5010416666666667 0.0359375 0.03333333333333333
1 0.4109375 0.5020833333333333 0.0234375 0.035416666666666666
1 0.4453125 0.4979166666666667 0.034375 0.03333333333333333
1 0.38671875 0.590625 0.0265625 0.03125
1 0.48671875 0.4947916666666667 0.028125 0.029166666666666667
1 0.54453125 0.48125 0.03125 0.0375
1 0.521875 0.39375 0.0328125 0.04583333333333333
1 0.51796875 0.309375 0.015625 0.020833333333333332
1 0.47734375 0.30833333333333335 0.009375 0.01875
1 0.3796875 0.48854166666666665 0.01875 0.020833333333333332
1 0.53046875 0.5604166666666667 0.0140625 0.014583333333333334
1 0.5375 0.7239583333333334 0.0171875 0.025
1 0.49453125 0.8395833333333333 0.0359375 0.04375
1 0.41015625 0.928125 0.021875 0.029166666666666667
1 0.51875 0.9645833333333333 0.015625 0.01875
1 0.4515625 0.9895833333333334 0.03125 0.020833333333333332
1 0.38046875 0.971875 0.0171875 0.014583333333333334
1 0.3796875 0.9947916666666666 0.009375 0.008333333333333333
1 0.3 0.93125 0.021875 0.03125
1 0.321875 0.8708333333333333 0.03125 0.04375
1 0.31484375 0.8072916666666666 0.0203125 0.029166666666666667
1 0.18359375 0.903125 0.0265625 0.025
1 0.0484375 0.9885416666666667 0.0234375 0.022916666666666665
1 0.146875 0.7166666666666667 0.0453125 0.035416666666666666
1 0.08203125 0.5833333333333334 0.03125 0.0375
1 0.14140625 0.5510416666666667 0.03125 0.022916666666666665
1 0.01015625 0.5489583333333333 0.0203125 0.035416666666666666
1 0.221875 0.03229166666666667 0.0359375 0.06458333333333334
1 0.11171875 0.3927083333333333 0.028125 0.025
1 0.28203125 0.725 0.021875 0.025
1 0.2515625 0.784375 0.015625 0.029166666666666667
1 0.0375 0.6729166666666667 0.0265625 0.014583333333333334
1 0.8828125 0.628125 0.075 0.05625
1 0.8453125 0.5770833333333333 0.0609375 0.035416666666666666
1 0.89765625 0.5489583333333333 0.01875 0.03333333333333333
1 0.96328125 0.6708333333333333 0.021875 0.029166666666666667
1 0.9109375 0.740625 0.025 0.041666666666666664
1 0.93984375 0.784375 0.021875 0.035416666666666666
1 0.86640625 0.9135416666666667 0.09375 0.06041666666666667
1 0.89296875 0.9583333333333334 0.0171875 0.01875
1 0.71796875 0.9145833333333333 0.015625 0.0125
1 0.71171875 0.7854166666666667 0.021875 0.029166666666666667
1 0.7796875 0.6760416666666667 0.040625 0.06041666666666667
1 0.81171875 0.6166666666666667 0.015625 0.029166666666666667
1 0.73984375 0.5864583333333333 0.028125 0.029166666666666667
1 0.6640625 0.5510416666666667 0.0265625 0.03333333333333333
1 0.70390625 0.44895833333333335 0.0421875 0.041666666666666664
1 0.8890625 0.36666666666666664 0.0265625 0.035416666666666666
1 0.94296875 0.3541666666666667 0.0171875 0.025
1 0.86171875 0.30625 0.0109375 0.01875
0 0.6 0.9458333333333333 0.28125 0.10833333333333334
0 0.65703125 0.7385416666666667 0.1421875 0.1375
0 0.68359375 0.35520833333333335 0.203125 0.16666666666666666
0 0.66171875 0.13229166666666667 0.275 0.19791666666666666
1 0.9171875 0.15729166666666666 0.03125 0.05625
1 0.9125 0.08020833333333334 0.0265625 0.0375
1 0.9484375 0.08333333333333333 0.0203125 0.03333333333333333
1 0.8734375 0.078125 0.021875 0.03125
1 0.7859375 0.09791666666666667 0.0171875 0.029166666666666667
1 0.71640625 0.3104166666666667 0.0328125 0.022916666666666665
1 0.66328125 0.2708333333333333 0.021875 0.0125
1 0.58984375 0.09583333333333334 0.0203125 0.022916666666666665
1 0.5515625 0.03229166666666667 0.0296875 0.03958333333333333
1 0.6421875 0.016666666666666666 0.0203125 0.03333333333333333
1 0.43125 0.13958333333333334 0.03125 0.041666666666666664