0 0.144140625 0.7555555555555555 0.18671875 0.3375
0 0.106640625 0.9472222222222222 0.16796875 0.10555555555555556
0 0.735546875 0.875 0.1609375 0.25
0 0.748828125 0.7180555555555556 0.3890625 0.1527777777777778
0 0.678515625 0.5756944444444444 0.23984375 0.2833333333333333
1 0.0375 0.4097222222222222 0.01875 0.030555555555555555
0 0.735546875 0.20972222222222223 0.16171875 0.41944444444444445
0 0.717578125 0.022916666666666665 0.1140625 0.04583333333333333
1 0.21953125 0.26805555555555555 0.01953125 0.041666666666666664
1 0.507421875 0.24722222222222223 0.025 0.07222222222222222
1 0.58203125 0.4513888888888889 0.05390625 0.09722222222222222
1 0.656640625 0.5881944444444445 0.02578125 0.043055555555555555
1 0.79375 0.5576388888888889 0.02109375 0.05555555555555555
1 0.63515625 0.7465277777777778 0.01796875 0.027777777777777776
1 0.4453125 0.9083333333333333 0.0234375 0.043055555555555555
1 0.25390625 0.7368055555555556 0.0296875 0.05138888888888889
1 0.087890625 0.8277777777777777 0.0171875 0.030555555555555555
1 0.225 0.9798611111111111 0.03203125 0.04027777777777778
1 0.147265625 0.6020833333333333 0.0203125 0.043055555555555555
1 0.14375 0.35 0.025 0.03194444444444444
1 0.090234375 0.3645833333333333 0.015625 0.030555555555555555
1 0.06875 0.14097222222222222 0.025 0.05416666666666667
1 0.06640625 0.008333333333333333 0.01015625 0.016666666666666666
1 0.426171875 0.019444444444444445 0.02890625 0.03888888888888889
1 0.519921875 0.06041666666666667 0.0203125 0.04583333333333333
1 0.75703125 0.31180555555555556 0.02109375 0.03333333333333333
1 0.867578125 0.34375 0.034375 0.04861111111111111
1 0.83203125 0.15694444444444444 0.03125 0.041666666666666664
1 0.054296875 0.22708333333333333 0.01640625 0.043055555555555555
1 0.108984375 0.22847222222222222 0.03515625 0.05416666666666667
1 0.162890625 0.15486111111111112 0.0140625 0.029166666666666667
1 0.828515625 0.9909722222222223 0.0125 0.018055555555555554
1 0.39609375 0.5458333333333333 0.01015625 0.018055555555555554
0 0.119921875 0.1638888888888889 0.12421875 0.3263888888888889
0 0.14609375 0.5833333333333334 0.1921875 0.3472222222222222