1 0.61328125 0.24583333333333332 0.0171875 0.03333333333333333
0 0.44453125 0.8947916666666667 0.096875 0.21041666666666667
0 0.471875 0.7427083333333333 0.2046875 0.13958333333333334
0 0.5171875 0.11770833333333333 0.1609375 0.10416666666666667
1 0.98359375 0.6760416666666667 0.0328125 0.075
1 0.93984375 0.7416666666666667 0.0234375 0.029166666666666667
1 0.90703125 0.88125 0.021875 0.03125
1 0.70078125 0.7125 0.021875 0.0375
1 0.41953125 0.5864583333333333 0.0328125 0.052083333333333336
1 0.2375 0.5583333333333333 0.0265625 0.052083333333333336
1 0.46171875 0.41354166666666664 0.021875 0.035416666666666666
1 0.83984375 0.28541666666666665 0.03125 0.029166666666666667
1 0.6390625 0.16770833333333332 0.021875 0.03125
1 0.5765625 0.11354166666666667 0.0265625 0.035416666666666666
1 0.33125 0.15 0.0359375 0.04583333333333333
1 0.2140625 0.07708333333333334 0.0140625 0.03125
1 0.56015625 0.903125 0.0296875 0.041666666666666664
1 0.30625 0.88125 0.0578125 0.029166666666666667
1 0.72109375 0.5510416666666667 0.0203125 0.025
1 0.3671875 0.659375 0.0203125 0.025
1 0.5109375 0.6375 0.0203125 0.022916666666666665
1 0.38046875 0.26979166666666665 0.021875 0.022916666666666665
1 0.425 0.12291666666666666 0.0171875 0.025
1 0.91328125 0.3927083333333333 0.028125 0.020833333333333332
1 0.975 0.7875 0.0421875 0.035416666666666666
1 0.396875 0.051041666666666666 0.053125 0.07291666666666667