1 0.3890625 0.93125 0.025 0.0375
1 0.3671875 0.871875 0.034375 0.05416666666666667
0 0.4796875 0.39791666666666664 0.2015625 0.21875
0 0.48203125 0.14791666666666667 0.2375 0.11458333333333333
0 0.4765625 0.9291666666666667 0.178125 0.10833333333333334
1 0.46640625 0.940625 0.0125 0.016666666666666666
1 0.76953125 0.7083333333333334 0.0203125 0.020833333333333332
1 0.56484375 0.6760416666666667 0.0203125 0.01875
1 0.165625 0.615625 0.025 0.03333333333333333
1 0.90546875 0.7166666666666667 0.01875 0.027083333333333334
1 0.14453125 0.5614583333333333 0.0125 0.016666666666666666
1 0.05546875 0.15729166666666666 0.0140625 0.020833333333333332
1 0.18203125 0.5333333333333333 0.0171875 0.01875
1 0.08984375 0.3572916666666667 0.0171875 0.022916666666666665
1 0.89296875 0.321875 0.0171875 0.025
1 0.88203125 0.14166666666666666 0.0171875 0.022916666666666665
1 0.75546875 0.08333333333333333 0.0234375 0.03333333333333333
1 0.7203125 0.0875 0.0296875 0.029166666666666667
1 0.98828125 0.253125 0.0234375 0.029166666666666667
1 0.96875 0.15729166666666666 0.0421875 0.04583333333333333
1 0.9234375 0.16354166666666667 0.0453125 0.05416666666666667
1 0.86953125 0.175 0.0125 0.01875
1 0.80234375 0.19895833333333332 0.046875 0.06875
1 0.72421875 0.19166666666666668 0.0328125 0.052083333333333336
1 0.6703125 0.15833333333333333 0.04375 0.05416666666666667
1 0.65703125 0.4739583333333333 0.0125 0.016666666666666666
1 0.6046875 0.4791666666666667 0.05625 0.041666666666666664
1 0.58125 0.42604166666666665 0.040625 0.05
1 0.5390625 0.4354166666666667 0.0328125 0.06458333333333334
1 0.3078125 0.365625 0.0203125 0.03333333333333333
1 0.22890625 0.35104166666666664 0.0109375 0.0375
1 0.259375 0.31666666666666665 0.0265625 0.035416666666666666
1 0.42265625 0.34791666666666665 0.021875 0.0375
1 0.3640625 0.278125 0.028125 0.03125
1 0.3375 0.234375 0.028125 0.03333333333333333
1 0.32734375 0.15833333333333333 0.0578125 0.08125
1 0.2515625 0.065625 0.0484375 0.041666666666666664
1 0.2125 0.178125 0.0234375 0.03125
1 0.24375 0.16458333333333333 0.0171875 0.01875
1 0.2390625 0.13020833333333334 0.03125 0.020833333333333332
1 0.22890625 0.09895833333333333 0.028125 0.029166666666666667
1 0.04453125 0.08125 0.0421875 0.03958333333333333
1 0.090625 0.21458333333333332 0.021875 0.035416666666666666
1 0.01015625 0.17604166666666668 0.0203125 0.08958333333333333
1 0.08828125 0.5552083333333333 0.028125 0.027083333333333334
1 0.0640625 0.5239583333333333 0.025 0.025
1 0.2328125 0.6229166666666667 0.0671875 0.04791666666666667
1 0.34140625 0.45208333333333334 0.025 0.0375
1 0.3953125 0.49895833333333334 0.059375 0.06875
1 0.4328125 0.596875 0.0171875 0.027083333333333334
1 0.3890625 0.5822916666666667 0.01875 0.03333333333333333
1 0.375 0.65 0.05 0.06666666666666667
1 0.29765625 0.6833333333333333 0.028125 0.035416666666666666
1 0.33125 0.7666666666666667 0.0703125 0.075
1 0.41953125 0.7041666666666667 0.01875 0.029166666666666667
1 0.44453125 0.6760416666666667 0.0296875 0.05625
1 0.48046875 0.6489583333333333 0.015625 0.029166666666666667
1 0.63828125 0.634375 0.021875 0.0375
1 0.59921875 0.5979166666666667 0.075 0.06875
1 0.6859375 0.653125 0.015625 0.027083333333333334
1 0.60234375 0.7510416666666667 0.075 0.08541666666666667
1 0.59375 0.8395833333333333 0.0421875 0.04375
1 0.6421875 0.9208333333333333 0.0140625 0.025
1 0.59375 0.9520833333333333 0.0375 0.07291666666666667
1 0.9859375 0.98125 0.028125 0.0375
1 0.7375 0.934375 0.028125 0.022916666666666665
1 0.74140625 0.8520833333333333 0.0671875 0.09583333333333334
1 0.83828125 0.7895833333333333 0.028125 0.025
1 0.91171875 0.6458333333333334 0.028125 0.05
1 0.86484375 0.5875 0.0265625 0.025
1 0.98671875 0.4947916666666667 0.0265625 0.07291666666666667
1 0.85 0.38958333333333334 0.03125 0.035416666666666666
1 0.84609375 0.34270833333333334 0.0125 0.01875
1 0.82109375 0.296875 0.0171875 0.029166666666666667
1 0.8140625 0.3302083333333333 0.021875 0.03333333333333333
1 0.78828125 0.3177083333333333 0.028125 0.03125
1 0.75078125 0.34791666666666665 0.0546875 0.10208333333333333
1 0.52265625 0.2947916666666667 0.053125 0.04791666666666667
1 0.409375 0.18020833333333333 0.071875 0.07708333333333334
1 0.54453125 0.18333333333333332 0.015625 0.0375
1 0.64921875 0.23020833333333332 0.0375 0.03333333333333333
1 0.5890625 0.20833333333333334 0.0734375 0.09166666666666666
1 0.05703125 0.75625 0.0140625 0.05
1 0.4609375 0.15520833333333334 0.0203125 0.016666666666666666
1 0.59609375 0.115625 0.0328125 0.03958333333333333
1 0.59140625 0.042708333333333334 0.0390625 0.058333333333333334
1 0.5015625 0.0375 0.0515625 0.03958333333333333
1 0.4796875 0.009375 0.0109375 0.01875
1 0.41015625 0.015625 0.0265625 0.03125
1 0.39375 0.05625 0.040625 0.04583333333333333
1 0.34140625 0.07604166666666666 0.01875 0.020833333333333332
1 0.35234375 0.05625 0.009375 0.016666666666666666
1 0.83359375 0.03854166666666667 0.0203125 0.010416666666666666
1 0.80546875 0.07395833333333333 0.015625 0.04791666666666667
1 0.00390625 0.8416666666666667 0.0078125 0.016666666666666666
1 0.23515625 0.953125 0.0203125 0.03125
1 0.209375 0.9802083333333333 0.0234375 0.020833333333333332
1 0.06328125 0.984375 0.028125 0.020833333333333332
1 0.21171875 0.83125 0.028125 0.027083333333333334
1 0.26171875 0.8979166666666667 0.028125 0.027083333333333334
1 0.26484375 0.95625 0.0328125 0.052083333333333336
1 0.32421875 0.9375 0.03125 0.04375
1 0.3671875 0.9697916666666667 0.0359375 0.03125