1 0.848046875 0.9097222222222222 0.0109375 0.019444444444444445
0 0.08515625 0.9493055555555555 0.0921875 0.10138888888888889
0 0.0640625 0.8361111111111111 0.128125 0.3277777777777778
0 0.083203125 0.5798611111111112 0.16640625 0.09722222222222222
0 0.06875 0.4534722222222222 0.1375 0.39861111111111114
1 0.12734375 0.44166666666666665 0.03359375 0.05277777777777778
1 0.0546875 0.2777777777777778 0.01796875 0.03333333333333333
1 0.098828125 0.275 0.0078125 0.025
1 0.082421875 0.25555555555555554 0.02421875 0.029166666666666667
0 0.055078125 0.16597222222222222 0.11015625 0.3055555555555556
0 0.704296875 0.03819444444444445 0.15 0.0763888888888889
0 0.56640625 0.15763888888888888 0.20625 0.2222222222222222
0 0.6515625 0.23333333333333334 0.11484375 0.4444444444444444
0 0.62421875 0.3548611111111111 0.29921875 0.21805555555555556
0 0.585546875 0.6597222222222222 0.09921875 0.5486111111111112
0 0.57265625 0.9868055555555556 0.034375 0.02638888888888889
0 0.57421875 0.90625 0.1234375 0.1875
1 0.628515625 0.6458333333333334 0.021875 0.044444444444444446
1 0.7140625 0.4618055555555556 0.009375 0.013888888888888888
1 0.6203125 0.4083333333333333 0.00625 0.022222222222222223
1 0.65546875 0.41180555555555554 0.0171875 0.029166666666666667
1 0.502734375 0.24930555555555556 0.0109375 0.022222222222222223
1 0.4203125 0.4173611111111111 0.0328125 0.041666666666666664
1 0.41171875 0.37083333333333335 0.02421875 0.04722222222222222
1 0.435546875 0.35833333333333334 0.02421875 0.04027777777777778
1 0.36015625 0.28888888888888886 0.01484375 0.03194444444444444
1 0.413671875 0.3125 0.05234375 0.06666666666666667
1 0.083203125 0.05486111111111111 0.02109375 0.041666666666666664
1 0.1703125 0.022222222222222223 0.0359375 0.044444444444444446
1 0.192578125 0.14097222222222222 0.0140625 0.029166666666666667
1 0.212109375 0.2534722222222222 0.02578125 0.05
1 0.1359375 0.29444444444444445 0.02578125 0.03888888888888889
1 0.22578125 0.3729166666666667 0.02578125 0.05
1 0.210546875 0.44305555555555554 0.02265625 0.04722222222222222
1 0.225390625 0.47847222222222224 0.01953125 0.027777777777777776
1 0.255859375 0.5451388888888888 0.00703125 0.020833333333333332
1 0.25390625 0.5208333333333334 0.009375 0.018055555555555554
1 0.233203125 0.5291666666666667 0.01953125 0.044444444444444446
1 0.271484375 0.8597222222222223 0.0125 0.019444444444444445
1 0.35859375 0.89375 0.021875 0.04027777777777778
1 0.58828125 0.9479166666666666 0.009375 0.030555555555555555
1 0.620703125 0.8986111111111111 0.015625 0.02361111111111111
1 0.652734375 0.9347222222222222 0.0140625 0.02361111111111111
1 0.7703125 0.8222222222222222 0.0125 0.022222222222222223
1 0.915625 0.675 0.01875 0.030555555555555555
1 0.99296875 0.7395833333333334 0.0140625 0.034722222222222224
1 0.934765625 0.8576388888888888 0.034375 0.058333333333333334
1 0.7875 0.9444444444444444 0.02109375 0.03333333333333333
1 0.710546875 0.9645833333333333 0.01953125 0.043055555555555555
1 0.731640625 0.8972222222222223 0.02578125 0.05277777777777778
1 0.765625 0.8791666666666667 0.02109375 0.04722222222222222
1 0.82421875 0.875 0.0125 0.020833333333333332
1 0.853515625 0.875 0.0171875 0.041666666666666664
1 0.8703125 0.8548611111111111 0.0125 0.02361111111111111
1 0.88203125 0.8131944444444444 0.03125 0.05138888888888889
1 0.857421875 0.7715277777777778 0.0171875 0.04027777777777778
1 0.844140625 0.7104166666666667 0.0234375 0.03888888888888889
1 0.7578125 0.6423611111111112 0.0125 0.02361111111111111
1 0.743359375 0.6041666666666666 0.01640625 0.041666666666666664
1 0.70234375 0.6333333333333333 0.06875 0.15694444444444444
1 0.6546875 0.5673611111111111 0.01796875 0.027777777777777776
1 0.666796875 0.5104166666666666 0.0359375 0.06944444444444445
1 0.775390625 0.4652777777777778 0.02421875 0.03333333333333333
1 0.78359375 0.5208333333333334 0.02109375 0.041666666666666664
1 0.828125 0.5743055555555555 0.01640625 0.030555555555555555
1 0.89296875 0.53125 0.0375 0.07083333333333333
1 0.9765625 0.1701388888888889 0.0171875 0.05
1 0.826953125 0.6930555555555555 0.0078125 0.0125
1 0.812890625 0.2125 0.028125 0.0625
1 0.773046875 0.15347222222222223 0.0265625 0.05416666666666667
1 0.848046875 0.014583333333333334 0.015625 0.029166666666666667
1 0.762890625 0.011111111111111112 0.01484375 0.015277777777777777
1 0.740234375 0.09652777777777778 0.0125 0.020833333333333332
1 0.73359375 0.022916666666666665 0.03359375 0.041666666666666664
1 0.73515625 0.7284722222222222 0.01875 0.03333333333333333
1 0.581640625 0.005555555555555556 0.0109375 0.011111111111111112
1 0.527734375 0.011805555555555555 0.02265625 0.02361111111111111
1 0.45234375 0.04236111111111111 0.03203125 0.05694444444444444
1 0.165625 0.93125 0.009375 0.011111111111111112
1 0.906640625 0.2388888888888889 0.0390625 0.06805555555555555
1 0.212109375 0.8659722222222223 0.0296875 0.043055555555555555
1 0.90703125 0.12291666666666666 0.0125 0.02361111111111111
1 0.98203125 0.4791666666666667 0.00859375 0.019444444444444445
1 0.464453125 0.925 0.01953125 0.03888888888888889
1 0.50625 0.8326388888888889 0.0171875 0.027777777777777776
1 0.60625 0.9770833333333333 0.0296875 0.04583333333333333
1 0.476953125 0.6458333333333334 0.021875 0.0375
1 0.625 0.3145833333333333 0.01640625 0.04722222222222222
1 0.533984375 0.3472222222222222 0.02109375 0.03333333333333333
1 0.56328125 0.17152777777777778 0.01875 0.016666666666666666
1 0.528125 0.16527777777777777 0.03125 0.06944444444444445
1 0.63125 0.14722222222222223 0.01328125 0.020833333333333332
1 0.63515625 0.22916666666666666 0.01328125 0.03611111111111111
1 0.613671875 0.3284722222222222 0.0046875 0.011111111111111112
1 0.585546875 0.25277777777777777 0.0484375 0.12222222222222222
1 0.557421875 0.3020833333333333 0.0171875 0.04583333333333333
1 0.566015625 0.37777777777777777 0.02421875 0.025
1 0.489453125 0.33611111111111114 0.03125 0.07222222222222222
1 0.498046875 0.4201388888888889 0.015625 0.03333333333333333
1 0.572265625 0.4840277777777778 0.0203125 0.05555555555555555
1 0.547265625 0.45069444444444445 0.02109375 0.034722222222222224
1 0.47421875 0.50625 0.0109375 0.015277777777777777
1 0.490234375 0.5111111111111111 0.02265625 0.03888888888888889
1 0.46171875 0.5666666666666667 0.015625 0.02638888888888889
1 0.462890625 0.7020833333333333 0.028125 0.05555555555555555
1 0.54921875 0.7319444444444444 0.02578125 0.07777777777777778
1 0.521875 0.7722222222222223 0.034375 0.05555555555555555
1 0.487890625 0.7965277777777777 0.02578125 0.05138888888888889
1 0.545703125 0.8743055555555556 0.0296875 0.043055555555555555
1 0.539453125 0.9201388888888888 0.0234375 0.04027777777777778
1 0.487109375 0.9805555555555555 0.02265625 0.03888888888888889
1 0.434375 0.8402777777777778 0.0625 0.20416666666666666
1 0.49140625 0.9027777777777778 0.0265625 0.06944444444444445