1 0.24296875 0.7486111111111111 0.028125 0.05416666666666667
1 0.27890625 0.6534722222222222 0.0171875 0.025
1 0.173828125 0.5861111111111111 0.0234375 0.043055555555555555
1 0.0828125 0.59375 0.028125 0.05277777777777778
1 0.115625 0.5027777777777778 0.04140625 0.07222222222222222
1 0.148046875 0.5055555555555555 0.02109375 0.03333333333333333
1 0.042578125 0.32708333333333334 0.0375 0.03611111111111111
1 0.058984375 0.35833333333333334 0.02265625 0.03611111111111111
1 0.0921875 0.21319444444444444 0.0265625 0.027777777777777776
1 0.116015625 0.17152777777777778 0.01953125 0.025
1 0.158984375 0.2798611111111111 0.0171875 0.03194444444444444
1 0.181640625 0.2972222222222222 0.01171875 0.020833333333333332
1 0.259375 0.34097222222222223 0.0171875 0.05555555555555555
1 0.146484375 0.36944444444444446 0.0109375 0.02361111111111111
1 0.091015625 0.7861111111111111 0.0203125 0.04027777777777778
1 0.14296875 0.8583333333333333 0.021875 0.06527777777777778
1 0.424609375 0.8986111111111111 0.01953125 0.020833333333333332
1 0.43203125 0.9833333333333333 0.02578125 0.03333333333333333
1 0.462109375 0.9618055555555556 0.028125 0.04027777777777778
1 0.469140625 0.9215277777777777 0.02734375 0.05
1 0.526171875 0.9694444444444444 0.0171875 0.041666666666666664
1 0.548828125 0.9652777777777778 0.01484375 0.029166666666666667
1 0.61328125 0.9645833333333333 0.0328125 0.06805555555555555
1 0.643359375 0.9409722222222222 0.0296875 0.059722222222222225
1 0.731640625 0.8319444444444445 0.00625 0.019444444444444445
1 0.812890625 0.8201388888888889 0.025 0.03611111111111111
1 0.841796875 0.75625 0.021875 0.025
1 0.889453125 0.7319444444444444 0.0203125 0.04722222222222222
1 0.69765625 0.6229166666666667 0.01953125 0.043055555555555555
1 0.724609375 0.6527777777777778 0.021875 0.03194444444444444
1 0.7625 0.6902777777777778 0.0125 0.022222222222222223
1 0.819140625 0.6881944444444444 0.00859375 0.018055555555555554
1 0.55 0.6451388888888889 0.028125 0.04583333333333333
1 0.546875 0.7145833333333333 0.01953125 0.034722222222222224
1 0.612109375 0.6548611111111111 0.0203125 0.03333333333333333
1 0.487109375 0.5763888888888888 0.0171875 0.03333333333333333
1 0.428515625 0.5263888888888889 0.01796875 0.034722222222222224
1 0.498828125 0.5104166666666666 0.0171875 0.034722222222222224
1 0.485546875 0.24027777777777778 0.015625 0.030555555555555555
1 0.4953125 0.2652777777777778 0.0140625 0.0375
1 0.501953125 0.29930555555555555 0.021875 0.043055555555555555
1 0.586328125 0.09444444444444444 0.01328125 0.034722222222222224
1 0.7203125 0.18055555555555555 0.0203125 0.04027777777777778
1 0.728125 0.14930555555555555 0.00859375 0.015277777777777777
1 0.78046875 0.00625 0.01171875 0.0125
1 0.79375 0.004166666666666667 0.01015625 0.008333333333333333
1 0.825 0.022222222222222223 0.03203125 0.044444444444444446
1 0.962109375 0.18472222222222223 0.015625 0.030555555555555555
1 0.989453125 0.21180555555555555 0.02109375 0.058333333333333334
1 0.849609375 0.43472222222222223 0.02578125 0.03194444444444444
1 0.980078125 0.41041666666666665 0.0265625 0.043055555555555555
1 0.7390625 0.46111111111111114 0.02578125 0.029166666666666667
1 0.56796875 0.4826388888888889 0.01484375 0.034722222222222224
1 0.954296875 0.9868055555555556 0.0109375 0.02638888888888889
0 0.076953125 0.19305555555555556 0.15390625 0.20833333333333334
0 0.093359375 0.44513888888888886 0.18671875 0.26944444444444443
0 0.10234375 0.6118055555555556 0.128125 0.3888888888888889
0 0.11484375 0.8840277777777777 0.07734375 0.23194444444444445
0 0.681640625 0.8423611111111111 0.125 0.31527777777777777
0 0.630859375 0.9791666666666666 0.06484375 0.041666666666666664
0 0.68046875 0.6270833333333333 0.13515625 0.2777777777777778
0 0.648046875 0.4930555555555556 0.19609375 0.19444444444444445
0 0.662109375 0.03958333333333333 0.07890625 0.07916666666666666
0 0.0984375 0.013888888888888888 0.09296875 0.027777777777777776
1 0.212109375 0.7152777777777778 0.0265625 0.05694444444444444
1 0.221484375 0.7631944444444444 0.02109375 0.03611111111111111
1 0.867578125 0.004861111111111111 0.01015625 0.009722222222222222
1 0.07109375 0.02847222222222222 0.0109375 0.029166666666666667
1 0.06640625 0.08333333333333333 0.0421875 0.06111111111111111
1 0.03828125 0.13055555555555556 0.0140625 0.020833333333333332
1 0.711328125 0.9916666666666667 0.0109375 0.016666666666666666
1 0.740625 0.9923611111111111 0.0078125 0.015277777777777777