1 0.8890625 0.146875 0.0359375 0.041666666666666664
0 0.6953125 0.06666666666666667 0.55 0.13333333333333333
0 0.690625 0.3885416666666667 0.5609375 0.13125
0 0.59609375 0.6979166666666666 0.140625 0.6041666666666666
0 0.65625 0.86875 0.4234375 0.2625
1 0.34453125 0.7791666666666667 0.0578125 0.04583333333333333
1 0.37734375 0.9447916666666667 0.0265625 0.029166666666666667
1 0.24921875 0.890625 0.01875 0.01875
1 0.2515625 0.9239583333333333 0.0234375 0.01875
1 0.47734375 0.9458333333333333 0.0234375 0.0375
1 0.5609375 0.971875 0.0234375 0.05625
1 0.6234375 0.9395833333333333 0.03125 0.06458333333333334
1 0.49921875 0.884375 0.0421875 0.04583333333333333
1 0.6671875 0.9229166666666667 0.015625 0.04375
1 0.70546875 0.9229166666666667 0.03125 0.035416666666666666
1 0.875 0.9947916666666666 0.0125 0.010416666666666666
1 0.8 0.88125 0.040625 0.041666666666666664
1 0.78203125 0.946875 0.0140625 0.014583333333333334
1 0.97734375 0.9614583333333333 0.01875 0.022916666666666665
1 0.99375 0.921875 0.0125 0.0375
1 0.97109375 0.8958333333333334 0.015625 0.022916666666666665
1 0.9875 0.7854166666666667 0.025 0.04375
1 0.77734375 0.75625 0.028125 0.05
1 0.88203125 0.74375 0.0171875 0.020833333333333332
1 0.9328125 0.671875 0.0375 0.04791666666666667
1 0.9890625 0.7083333333333334 0.021875 0.07291666666666667
1 0.97265625 0.6166666666666667 0.028125 0.0375
1 0.73125 0.6375 0.0453125 0.0625
1 0.79921875 0.5989583333333334 0.0328125 0.041666666666666664
1 0.91171875 0.5479166666666667 0.028125 0.0375
1 0.98125 0.48020833333333335 0.0375 0.08958333333333333
1 0.97734375 0.3802083333333333 0.03125 0.058333333333333334
1 0.90859375 0.209375 0.05 0.04375
1 0.7140625 0.15416666666666667 0.0359375 0.041666666666666664
1 0.59296875 0.18854166666666666 0.034375 0.03958333333333333
1 0.60859375 0.2604166666666667 0.0296875 0.04791666666666667
1 0.55078125 0.296875 0.0359375 0.10833333333333334
1 0.42421875 0.3072916666666667 0.021875 0.01875
1 0.49375 0.5052083333333334 0.03125 0.041666666666666664
1 0.565625 0.5645833333333333 0.025 0.025
1 0.64375 0.44166666666666665 0.0296875 0.09791666666666667
1 0.66796875 0.45416666666666666 0.01875 0.035416666666666666
1 0.61640625 0.4166666666666667 0.025 0.0375
1 0.24375 0.409375 0.0171875 0.025
1 0.15078125 0.24583333333333332 0.015625 0.016666666666666666
1 0.18515625 0.14375 0.025 0.03958333333333333
1 0.2765625 0.019791666666666666 0.01875 0.01875
1 0.51875 0.051041666666666666 0.0109375 0.01875
1 0.425 0.036458333333333336 0.0125 0.016666666666666666
1 0.4890625 0.20416666666666666 0.015625 0.025
1 0.0234375 0.859375 0.0265625 0.052083333333333336
1 0.0109375 0.921875 0.021875 0.03333333333333333
1 0.146875 0.12708333333333333 0.0296875 0.035416666666666666
1 0.91015625 0.059375 0.01875 0.025
1 0.60390625 0.3385416666666667 0.0265625 0.014583333333333334
1 0.634375 0.328125 0.0234375 0.01875
1 0.77734375 0.821875 0.0125 0.016666666666666666