1 0.79453125 0.5208333333333334 0.01875 0.044444444444444446
1 0.84765625 0.41597222222222224 0.021875 0.034722222222222224
1 0.917578125 0.5847222222222223 0.01171875 0.020833333333333332
1 0.913671875 0.6229166666666667 0.028125 0.05
1 0.905859375 0.6833333333333333 0.009375 0.015277777777777777
1 0.88984375 0.7486111111111111 0.01875 0.034722222222222224
1 0.9671875 0.6583333333333333 0.01640625 0.022222222222222223
1 0.951953125 0.6972222222222222 0.03125 0.06111111111111111
1 0.98359375 0.7402777777777778 0.01875 0.029166666666666667
1 0.96484375 0.7638888888888888 0.028125 0.04583333333333333
1 0.99296875 0.8430555555555556 0.0140625 0.03333333333333333
1 0.842578125 0.8361111111111111 0.0234375 0.0375
1 0.99375 0.9159722222222222 0.0125 0.0375
1 0.966796875 0.9305555555555556 0.0296875 0.075
1 0.5484375 0.9013888888888889 0.02578125 0.04722222222222222
1 0.5828125 0.9666666666666667 0.0125 0.027777777777777776
1 0.56953125 0.8131944444444444 0.028125 0.06111111111111111
1 0.640625 0.11388888888888889 0.0140625 0.027777777777777776
1 0.670703125 0.12916666666666668 0.00703125 0.016666666666666666
1 0.571875 0.30972222222222223 0.0203125 0.029166666666666667
1 0.5296875 0.25555555555555554 0.01640625 0.03194444444444444
1 0.583203125 0.11527777777777778 0.02265625 0.043055555555555555
1 0.6421875 0.06875 0.00859375 0.019444444444444445
1 0.2015625 0.08055555555555556 0.02734375 0.044444444444444446
1 0.249609375 0.041666666666666664 0.028125 0.06944444444444445
1 0.233984375 0.10694444444444444 0.0171875 0.03611111111111111
1 0.311328125 0.029166666666666667 0.02265625 0.05416666666666667
1 0.887890625 0.9840277777777777 0.015625 0.027777777777777776
1 0.5578125 0.9472222222222222 0.009375 0.015277777777777777
1 0.65625 0.8805555555555555 0.01328125 0.022222222222222223
1 0.673046875 0.9125 0.01953125 0.018055555555555554
1 0.747265625 0.9944444444444445 0.01015625 0.011111111111111112
1 0.69140625 0.9576388888888889 0.01015625 0.016666666666666666
1 0.224609375 0.19722222222222222 0.02734375 0.05
1 0.208203125 0.23402777777777778 0.015625 0.03194444444444444
1 0.2171875 0.2826388888888889 0.01953125 0.0375
1 0.173828125 0.24513888888888888 0.02265625 0.044444444444444446
1 0.045703125 0.17916666666666667 0.015625 0.020833333333333332
1 0.059375 0.2513888888888889 0.01953125 0.07777777777777778
0 0.6890625 0.17708333333333334 0.19921875 0.3541666666666667
0 0.67578125 0.05416666666666667 0.11640625 0.10833333333333334
0 0.673046875 0.4423611111111111 0.1140625 0.5305555555555556
0 0.66171875 0.6 0.14609375 0.4583333333333333
0 0.6984375 0.7847222222222222 0.22265625 0.4305555555555556
0 0.090625 0.8729166666666667 0.18125 0.25416666666666665
0 0.134765625 0.6166666666666667 0.1671875 0.15555555555555556
1 0.233203125 0.6347222222222222 0.02734375 0.059722222222222225
0 0.08828125 0.4166666666666667 0.175 0.33055555555555555
0 0.11484375 0.1701388888888889 0.09609375 0.3402777777777778
1 0.2421875 0.9868055555555556 0.0515625 0.02638888888888889
1 0.108984375 0.22708333333333333 0.0140625 0.016666666666666666
1 0.294140625 0.6986111111111111 0.01171875 0.015277777777777777
1 0.47734375 0.5881944444444445 0.0078125 0.0125
1 0.430859375 0.5430555555555555 0.01328125 0.015277777777777777
1 0.152734375 0.9208333333333333 0.00625 0.027777777777777776
1 0.15234375 0.7222222222222222 0.0203125 0.027777777777777776
1 0.122265625 0.7576388888888889 0.0296875 0.05555555555555555
1 0.68359375 0.6180555555555556 0.0078125 0.0125
1 0.687109375 0.5875 0.01015625 0.03333333333333333
1 0.7203125 0.7229166666666667 0.0109375 0.022222222222222223
1 0.767578125 0.7326388888888888 0.0078125 0.022222222222222223
1 0.49453125 0.5020833333333333 0.02421875 0.04583333333333333
1 0.55 0.6416666666666667 0.01328125 0.02361111111111111
1 0.51171875 0.6284722222222222 0.0078125 0.015277777777777777
1 0.50234375 0.6180555555555556 0.00625 0.016666666666666666
1 0.5109375 0.5993055555555555 0.01640625 0.027777777777777776
1 0.5046875 0.5597222222222222 0.01484375 0.025
1 0.4890625 0.5444444444444444 0.009375 0.016666666666666666
1 0.47734375 0.5222222222222223 0.01796875 0.025
1 0.46484375 0.5590277777777778 0.0140625 0.027777777777777776
1 0.34921875 0.5277777777777778 0.0109375 0.019444444444444445
1 0.297265625 0.3375 0.00703125 0.0125
1 0.25 0.4354166666666667 0.02890625 0.08055555555555556
1 0.14453125 0.37222222222222223 0.01328125 0.02638888888888889
1 0.177734375 0.38958333333333334 0.025 0.019444444444444445
1 0.187109375 0.4125 0.0125 0.02638888888888889
1 0.150390625 0.4513888888888889 0.01328125 0.030555555555555555
1 0.194140625 0.5013888888888889 0.02421875 0.04583333333333333
1 0.17421875 0.5736111111111111 0.025 0.06805555555555555
1 0.0671875 0.5694444444444444 0.0109375 0.019444444444444445
1 0.051171875 0.5347222222222222 0.0171875 0.044444444444444446
1 0.074609375 0.00625 0.0140625 0.0125
1 0.171875 0.011111111111111112 0.0140625 0.022222222222222223
1 0.137890625 0.04236111111111111 0.0140625 0.02361111111111111
1 0.112109375 0.9347222222222222 0.01171875 0.018055555555555554
1 0.1328125 0.9625 0.0203125 0.058333333333333334
1 0.18515625 0.95 0.0125 0.016666666666666666
1 0.208203125 0.95 0.02109375 0.041666666666666664
1 0.211328125 0.8756944444444444 0.0390625 0.06944444444444445
1 0.266796875 0.7805555555555556 0.028125 0.041666666666666664
1 0.25625 0.7277777777777777 0.0125 0.027777777777777776
1 0.2375 0.7395833333333334 0.025 0.034722222222222224
1 0.248828125 0.6854166666666667 0.02734375 0.030555555555555555
1 0.7671875 0.009722222222222222 0.01796875 0.019444444444444445
1 0.823828125 0.0798611111111111 0.0203125 0.034722222222222224
1 0.943359375 0.10694444444444444 0.01171875 0.02638888888888889
1 0.989453125 0.20902777777777778 0.02109375 0.04722222222222222
1 0.966015625 0.18958333333333333 0.01171875 0.02361111111111111
1 0.9890625 0.3375 0.021875 0.1
1 0.965625 0.3298611111111111 0.02265625 0.03888888888888889
1 0.960546875 0.40069444444444446 0.02109375 0.030555555555555555
1 0.85234375 0.29583333333333334 0.01328125 0.03333333333333333
1 0.802734375 0.2361111111111111 0.0078125 0.018055555555555554
1 0.704296875 0.2659722222222222 0.02109375 0.04722222222222222
1 0.7015625 0.34375 0.02421875 0.05
1 0.7296875 0.3888888888888889 0.02734375 0.04583333333333333
1 0.723828125 0.42777777777777776 0.01796875 0.034722222222222224
1 0.769921875 0.45416666666666666 0.0171875 0.027777777777777776
1 0.763671875 0.5548611111111111 0.01796875 0.02638888888888889