0 0.684765625 0.16041666666666668 0.21015625 0.31805555555555554
0 0.73359375 0.325 0.20078125 0.29305555555555557
1 0.854296875 0.46875 0.0375 0.058333333333333334
1 0.945703125 0.12222222222222222 0.0359375 0.05277777777777778
1 0.845703125 0.1798611111111111 0.01953125 0.03333333333333333
1 0.862109375 0.09236111111111112 0.03046875 0.044444444444444446
1 0.832421875 0.10138888888888889 0.01796875 0.03194444444444444
1 0.741015625 0.42083333333333334 0.03515625 0.04583333333333333
1 0.755078125 0.3215277777777778 0.03671875 0.06527777777777778
1 0.576953125 0.33125 0.0390625 0.06666666666666667
1 0.580859375 0.06388888888888888 0.025 0.05
1 0.22890625 0.016666666666666666 0.03515625 0.03333333333333333
1 0.203515625 0.09513888888888888 0.03828125 0.06944444444444445
1 0.08828125 0.2965277777777778 0.03046875 0.05
1 0.254296875 0.9166666666666666 0.021875 0.041666666666666664
1 0.240234375 0.8430555555555556 0.025 0.043055555555555555
1 0.237109375 0.9916666666666667 0.03671875 0.016666666666666666
1 0.16875 0.9027777777777778 0.01953125 0.027777777777777776
1 0.1375 0.9590277777777778 0.02421875 0.0375
1 0.1078125 0.7451388888888889 0.01875 0.027777777777777776
1 0.213671875 0.6791666666666667 0.0328125 0.08472222222222223
1 0.21796875 0.6305555555555555 0.0140625 0.02361111111111111
1 0.250390625 0.5486111111111112 0.03828125 0.0625
1 0.219921875 0.5555555555555556 0.0171875 0.027777777777777776
1 0.169140625 0.5381944444444444 0.0125 0.027777777777777776
1 0.1953125 0.33194444444444443 0.025 0.04722222222222222
1 0.238671875 0.2923611111111111 0.0265625 0.029166666666666667
1 0.24296875 0.24583333333333332 0.028125 0.044444444444444446
1 0.2109375 0.3715277777777778 0.01015625 0.0125
0 0.638671875 0.8097222222222222 0.1546875 0.38055555555555554
0 0.66796875 0.9069444444444444 0.07265625 0.18611111111111112
0 0.70078125 0.4354166666666667 0.26640625 0.5458333333333333
1 0.791796875 0.7402777777777778 0.01640625 0.025
1 0.868359375 0.725 0.015625 0.02638888888888889
1 0.908203125 0.6965277777777777 0.02265625 0.044444444444444446
1 0.99296875 0.725 0.0140625 0.058333333333333334
1 0.979296875 0.6777777777777778 0.0171875 0.029166666666666667
1 0.95390625 0.6729166666666667 0.01328125 0.03333333333333333
1 0.939453125 0.6402777777777777 0.02265625 0.03333333333333333
1 0.900390625 0.5847222222222223 0.0265625 0.034722222222222224
0 0.08828125 0.12291666666666666 0.1765625 0.24583333333333332
1 0.87734375 0.5534722222222223 0.02578125 0.03888888888888889
1 0.928515625 0.4791666666666667 0.034375 0.04027777777777778
1 0.76953125 0.8263888888888888 0.06015625 0.10972222222222222
1 0.79296875 0.9368055555555556 0.01875 0.029166666666666667
1 0.923828125 0.8680555555555556 0.0140625 0.025
1 0.970703125 0.9888888888888889 0.021875 0.022222222222222223
1 0.67578125 0.7868055555555555 0.0234375 0.0375
1 0.612890625 0.9597222222222223 0.0234375 0.04027777777777778
1 0.598828125 0.9215277777777777 0.0140625 0.03333333333333333
1 0.536328125 0.9895833333333334 0.015625 0.020833333333333332
1 0.50078125 0.9131944444444444 0.028125 0.05555555555555555
0 0.091796875 0.7868055555555555 0.18359375 0.4263888888888889
0 0.10859375 0.6409722222222223 0.2171875 0.38472222222222224
0 0.098046875 0.30069444444444443 0.16875 0.4638888888888889
1 0.912109375 0.44166666666666665 0.01796875 0.02638888888888889
1 0.887890625 0.5090277777777777 0.02421875 0.04027777777777778
1 0.7703125 0.5048611111111111 0.02578125 0.04027777777777778