1 0.24296875 0.9416666666666667 0.090625 0.07708333333333334
1 0.34296875 0.9333333333333333 0.0125 0.025
1 0.22265625 0.728125 0.03125 0.022916666666666665
1 0.7734375 0.021875 0.0125 0.016666666666666666
1 0.60703125 0.8520833333333333 0.025 0.027083333333333334
1 0.58984375 0.7520833333333333 0.01875 0.014583333333333334
1 0.659375 0.903125 0.0546875 0.08958333333333333
1 0.67109375 0.8104166666666667 0.01875 0.03333333333333333
1 0.753125 0.728125 0.0140625 0.027083333333333334
1 0.8359375 0.6291666666666667 0.021875 0.029166666666666667
1 0.91640625 0.6510416666666666 0.0203125 0.0375
1 0.909375 0.8541666666666666 0.0296875 0.03125
1 0.82578125 0.9802083333333333 0.0171875 0.020833333333333332
1 0.64140625 0.540625 0.01875 0.027083333333333334
1 0.5546875 0.5 0.04375 0.041666666666666664
1 0.71171875 0.5208333333333334 0.015625 0.022916666666666665
1 0.86796875 0.37604166666666666 0.0265625 0.027083333333333334
1 0.5359375 0.30104166666666665 0.0421875 0.04791666666666667
1 0.425 0.284375 0.028125 0.022916666666666665
1 0.45 0.30625 0.021875 0.022916666666666665
1 0.62734375 0.16875 0.0234375 0.041666666666666664
1 0.771875 0.09583333333333334 0.0203125 0.03333333333333333
1 0.7875 0.24791666666666667 0.0203125 0.020833333333333332
1 0.82109375 0.27708333333333335 0.03125 0.0375
1 0.871875 0.18645833333333334 0.0234375 0.016666666666666666
1 0.25859375 0.6427083333333333 0.01875 0.01875
1 0.18359375 0.6552083333333333 0.025 0.022916666666666665
1 0.18828125 0.63125 0.03125 0.04583333333333333
1 0.3171875 0.8083333333333333 0.025 0.03125
1 0.384375 0.7458333333333333 0.0171875 0.0375
1 0.3890625 0.721875 0.0140625 0.03333333333333333
1 0.39921875 0.7635416666666667 0.0125 0.025
1 0.19140625 0.890625 0.0328125 0.029166666666666667
1 0.2 0.6739583333333333 0.0296875 0.020833333333333332
1 0.16796875 0.2833333333333333 0.015625 0.01875
1 0.084375 0.8229166666666666 0.025 0.025
0 0.52890625 0.90625 0.253125 0.1875
0 0.6375 0.7010416666666667 0.46875 0.4875
0 0.56171875 0.484375 0.6109375 0.25625
0 0.47890625 0.203125 0.209375 0.38125
1 0.23984375 0.784375 0.0359375 0.014583333333333334
1 0.225 0.08854166666666667 0.015625 0.0375
1 0.3203125 0.10729166666666666 0.01875 0.025
1 0.56953125 0.08854166666666667 0.015625 0.016666666666666666
1 0.64765625 0.057291666666666664 0.0234375 0.025