1 0.93671875 0.91875 0.0265625 0.03125
1 0.55859375 0.9520833333333333 0.01875 0.020833333333333332
1 0.55703125 0.9083333333333333 0.01875 0.020833333333333332
1 0.5734375 0.296875 0.0203125 0.027083333333333334
1 0.809375 0.3854166666666667 0.0234375 0.03333333333333333
1 0.4796875 0.6770833333333334 0.0109375 0.014583333333333334
1 0.78515625 0.8697916666666666 0.021875 0.03333333333333333
1 0.90390625 0.3145833333333333 0.028125 0.0375
0 0.68515625 0.01875 0.071875 0.0375
0 0.6796875 0.44583333333333336 0.221875 0.12916666666666668
0 0.725 0.9572916666666667 0.1671875 0.08541666666666667
1 0.9109375 0.815625 0.0203125 0.029166666666666667
1 0.9890625 0.9739583333333334 0.01875 0.03333333333333333
1 0.5375 0.39791666666666664 0.0171875 0.027083333333333334
1 0.3953125 0.5385416666666667 0.0140625 0.01875
1 0.5140625 0.04479166666666667 0.05625 0.04583333333333333
1 0.54921875 0.54375 0.0484375 0.06875
1 0.709375 0.590625 0.0421875 0.052083333333333336
0 0.7015625 0.815625 0.090625 0.24583333333333332
0 0.7140625 0.2125 0.184375 0.14791666666666667