1 0.31171875 0.9927083333333333 0.021875 0.014583333333333334
1 0.06875 0.8833333333333333 0.0140625 0.016666666666666666
1 0.01953125 0.8177083333333334 0.0140625 0.016666666666666666
1 0.928125 0.8864583333333333 0.028125 0.022916666666666665
1 0.9453125 0.09270833333333334 0.0328125 0.01875
1 0.171875 0.09791666666666667 0.0296875 0.06875
1 0.78046875 0.5072916666666667 0.01875 0.022916666666666665
1 0.9390625 0.5083333333333333 0.025 0.025
1 0.57421875 0.828125 0.03125 0.027083333333333334
1 0.85703125 0.8010416666666667 0.0328125 0.03958333333333333
1 0.365625 0.30833333333333335 0.021875 0.020833333333333332
1 0.1046875 0.5510416666666667 0.0171875 0.035416666666666666
1 0.03359375 0.7260416666666667 0.0171875 0.020833333333333332
1 0.01796875 0.46458333333333335 0.021875 0.027083333333333334
1 0.52265625 0.7416666666666667 0.009375 0.020833333333333332
0 0.52734375 0.4791666666666667 0.2890625 0.22916666666666666
0 0.48828125 0.690625 0.153125 0.34375
1 0.2703125 0.6229166666666667 0.0125 0.022916666666666665
0 0.4859375 0.915625 0.0875 0.16875
0 0.49140625 0.18125 0.1265625 0.17916666666666667
0 0.4359375 0.035416666666666666 0.05 0.07083333333333333
1 0.77109375 0.315625 0.0140625 0.016666666666666666
1 0.559375 0.3729166666666667 0.0125 0.01875
1 0.42890625 0.5041666666666667 0.009375 0.0125
1 0.084375 0.14583333333333334 0.0328125 0.027083333333333334
1 0.32734375 0.9135416666666667 0.059375 0.07916666666666666
1 0.3796875 0.8854166666666666 0.03125 0.029166666666666667
1 0.215625 0.8760416666666667 0.034375 0.08333333333333333
1 0.25234375 0.8229166666666666 0.03125 0.035416666666666666
1 0.01953125 0.890625 0.0390625 0.05416666666666667
1 0.0421875 0.85 0.015625 0.025
1 0.00703125 0.7895833333333333 0.0140625 0.04375
1 0.03671875 0.5635416666666667 0.021875 0.03333333333333333
1 0.08046875 0.5520833333333334 0.01875 0.029166666666666667
1 0.03515625 0.5010416666666667 0.0328125 0.025
1 0.2546875 0.359375 0.0453125 0.08333333333333333
1 0.2421875 0.25104166666666666 0.015625 0.022916666666666665
1 0.22421875 0.284375 0.021875 0.035416666666666666
1 0.2609375 0.18125 0.025 0.0625
1 0.11484375 0.13541666666666666 0.021875 0.035416666666666666
1 0.06796875 0.03333333333333333 0.0375 0.0375
1 0.2359375 0.017708333333333333 0.025 0.035416666666666666
1 0.3875 0.07916666666666666 0.028125 0.035416666666666666
1 0.2671875 0.4479166666666667 0.01875 0.020833333333333332
1 0.2625 0.528125 0.0296875 0.0375
1 0.3609375 0.4791666666666667 0.028125 0.029166666666666667
1 0.459375 0.55625 0.0234375 0.022916666666666665
1 0.49296875 0.5291666666666667 0.0484375 0.03125
1 0.59375 0.5416666666666666 0.025 0.020833333333333332
1 0.6203125 0.546875 0.040625 0.06875
1 0.465625 0.5927083333333333 0.021875 0.01875
1 0.75390625 0.6739583333333333 0.0328125 0.04583333333333333
1 0.75390625 0.7104166666666667 0.0078125 0.016666666666666666
1 0.98984375 0.7604166666666666 0.0203125 0.022916666666666665
1 0.6890625 0.40208333333333335 0.065625 0.075
1 0.7375 0.33541666666666664 0.0421875 0.05
1 0.79453125 0.36354166666666665 0.040625 0.04583333333333333
1 0.74375 0.40729166666666666 0.040625 0.05625
1 0.81328125 0.253125 0.025 0.029166666666666667
1 0.67734375 0.25104166666666666 0.04375 0.07083333333333333
1 0.5515625 0.2989583333333333 0.0296875 0.041666666666666664
1 0.60546875 0.340625 0.015625 0.027083333333333334
1 0.625 0.15 0.028125 0.03333333333333333
1 0.60390625 0.06041666666666667 0.0703125 0.08541666666666667
1 0.575 0.010416666666666666 0.028125 0.020833333333333332
1 0.6859375 0.06770833333333333 0.03125 0.0375
1 0.67109375 0.005208333333333333 0.0109375 0.010416666666666666
1 0.7234375 0.017708333333333333 0.028125 0.035416666666666666
1 0.97890625 0.12291666666666666 0.0234375 0.01875
1 0.9734375 0.38125 0.03125 0.029166666666666667
1 0.99296875 0.40208333333333335 0.0140625 0.029166666666666667
1 0.840625 0.5270833333333333 0.021875 0.020833333333333332
1 0.81171875 0.6427083333333333 0.0203125 0.020833333333333332
1 0.67578125 0.5229166666666667 0.03125 0.025
1 0.625 0.440625 0.021875 0.022916666666666665
1 0.653125 0.484375 0.021875 0.03333333333333333
1 0.63671875 0.27291666666666664 0.0140625 0.01875
1 0.33125 0.18333333333333332 0.01875 0.022916666666666665
1 0.04765625 0.12708333333333333 0.00625 0.0125
1 0.23671875 0.5833333333333334 0.01875 0.03125
1 0.29453125 0.7489583333333333 0.0140625 0.016666666666666666
1 0.45703125 0.884375 0.0171875 0.022916666666666665
1 0.64453125 0.9458333333333333 0.015625 0.025