1 0.78125 0.8927083333333333 0.021875 0.035416666666666666
1 0.6390625 0.5104166666666666 0.0234375 0.027083333333333334
0 0.559375 0.08854166666666667 0.1 0.10625
0 0.5765625 0.8666666666666667 0.2046875 0.06875
0 0.5609375 0.5875 0.096875 0.3645833333333333
1 0.6265625 0.975 0.0234375 0.027083333333333334
1 0.40625 0.07916666666666666 0.0140625 0.01875
1 0.30078125 0.603125 0.0265625 0.03333333333333333
1 0.540625 0.23958333333333334 0.0171875 0.025
1 0.74140625 0.9572916666666667 0.03125 0.03333333333333333
1 0.80234375 0.85 0.0203125 0.025
1 0.653125 0.65 0.03125 0.035416666666666666
1 0.440625 0.41875 0.028125 0.027083333333333334
1 0.17578125 0.3489583333333333 0.0265625 0.027083333333333334
1 0.85859375 0.7729166666666667 0.0203125 0.027083333333333334
1 0.440625 0.06666666666666667 0.0140625 0.01875
1 0.8421875 0.153125 0.034375 0.041666666666666664
1 0.78515625 0.24270833333333333 0.025 0.035416666666666666
1 0.296875 0.09791666666666667 0.025 0.041666666666666664
1 0.28671875 0.00625 0.03125 0.0125
1 0.35546875 0.009375 0.028125 0.01875
1 0.7375 0.5885416666666666 0.0234375 0.03125
1 0.4046875 0.49166666666666664 0.021875 0.052083333333333336
1 0.24921875 0.4083333333333333 0.0265625 0.025
1 0.64140625 0.065625 0.0609375 0.03333333333333333
1 0.3734375 0.521875 0.01875 0.020833333333333332
1 0.71328125 0.09479166666666666 0.0171875 0.029166666666666667
1 0.534375 0.778125 0.025 0.03125