1 0.82109375 0.06354166666666666 0.046875 0.04375
1 0.6078125 0.9260416666666667 0.0375 0.04583333333333333
1 0.80234375 0.9885416666666667 0.025 0.022916666666666665
1 0.7359375 0.9375 0.0421875 0.06458333333333334
1 0.81171875 0.80625 0.096875 0.07083333333333333
1 0.97890625 0.64375 0.0421875 0.08541666666666667
1 0.86796875 0.6625 0.0390625 0.07291666666666667
1 0.8734375 0.6208333333333333 0.028125 0.0375
1 0.853125 0.5854166666666667 0.0203125 0.027083333333333334
1 0.76328125 0.40208333333333335 0.034375 0.03125
1 0.85234375 0.3458333333333333 0.0375 0.03958333333333333
1 0.79765625 0.27291666666666664 0.0390625 0.04791666666666667
1 0.72109375 0.278125 0.0328125 0.052083333333333336
1 0.66953125 0.26979166666666665 0.025 0.0375
1 0.69296875 0.3458333333333333 0.0390625 0.04791666666666667
1 0.99609375 0.8447916666666667 0.0078125 0.03125
1 0.97109375 0.5145833333333333 0.04375 0.020833333333333332
1 0.99140625 0.5239583333333333 0.0171875 0.06666666666666667
1 0.57109375 0.15208333333333332 0.01875 0.027083333333333334
1 0.61953125 0.17708333333333334 0.059375 0.03958333333333333
1 0.65546875 0.184375 0.0140625 0.020833333333333332
1 0.66484375 0.16666666666666666 0.0265625 0.035416666666666666
0 0.74609375 0.035416666666666666 0.1421875 0.07083333333333333
0 0.82734375 0.23854166666666668 0.3453125 0.32708333333333334
0 0.77109375 0.4427083333333333 0.44375 0.25416666666666665
0 0.78984375 0.8197916666666667 0.4203125 0.3416666666666667
0 0.75 0.9614583333333333 0.1765625 0.07708333333333334
1 0.64921875 0.3572916666666667 0.0375 0.04791666666666667
1 0.53828125 0.290625 0.025 0.04583333333333333
1 0.0078125 0.015625 0.015625 0.03125
1 0.1859375 0.3541666666666667 0.0484375 0.08958333333333333
1 0.471875 0.18229166666666666 0.0421875 0.0625
1 0.4359375 0.21979166666666666 0.0328125 0.04791666666666667
1 0.39609375 0.234375 0.03125 0.05416666666666667
1 0.44296875 0.36354166666666665 0.0109375 0.016666666666666666
1 0.33828125 0.5552083333333333 0.01875 0.01875
1 0.2984375 0.5145833333333333 0.025 0.041666666666666664
1 0.0921875 0.6072916666666667 0.040625 0.07708333333333334
1 0.00625 0.73125 0.0125 0.022916666666666665
1 0.03203125 0.678125 0.0578125 0.06666666666666667
1 0.25546875 0.6072916666666667 0.0234375 0.027083333333333334
1 0.28359375 0.58125 0.0296875 0.04375
1 0.2390625 0.5010416666666667 0.01875 0.025
1 0.16015625 0.396875 0.0265625 0.04375
1 0.33046875 0.33229166666666665 0.078125 0.0875
1 0.47109375 0.42291666666666666 0.015625 0.016666666666666666
1 0.69375 0.571875 0.0296875 0.03958333333333333
1 0.65390625 0.6541666666666667 0.0390625 0.03333333333333333
1 0.57421875 0.6489583333333333 0.040625 0.0875
1 0.40859375 0.5 0.115625 0.17291666666666666
1 0.81328125 0.11979166666666667 0.0375 0.041666666666666664
1 0.8609375 0.08854166666666667 0.0140625 0.025
1 0.9921875 0.17604166666666668 0.015625 0.027083333333333334
1 0.8515625 0.013541666666666667 0.0546875 0.027083333333333334
1 0.90625 0.0375 0.021875 0.027083333333333334
1 0.928125 0.0375 0.015625 0.022916666666666665
1 0.94375 0.021875 0.025 0.022916666666666665
1 0.990625 0.03125 0.01875 0.0625
1 0.0171875 0.15416666666666667 0.034375 0.05416666666666667
1 0.65546875 0.059375 0.0328125 0.035416666666666666
1 0.6171875 0.13333333333333333 0.015625 0.020833333333333332
1 0.334375 0.08020833333333334 0.0359375 0.04583333333333333
1 0.57890625 0.03125 0.0953125 0.0625
1 0.08984375 0.14375 0.0375 0.06041666666666667
1 0.5625 0.8239583333333333 0.059375 0.05625
1 0.43203125 0.821875 0.0640625 0.08541666666666667
1 0.30390625 0.740625 0.0328125 0.029166666666666667
1 0.17734375 0.903125 0.015625 0.020833333333333332
1 0.12890625 0.9270833333333334 0.0265625 0.025
1 0.36171875 0.9427083333333334 0.059375 0.08125
1 0.87578125 0.990625 0.0171875 0.01875