1 0.69296875 0.11666666666666667 0.0328125 0.08194444444444444
0 0.119140625 0.3798611111111111 0.2359375 0.24444444444444444
0 0.133984375 0.6118055555555556 0.26171875 0.13333333333333333
0 0.1171875 0.7708333333333334 0.13125 0.4583333333333333
0 0.13984375 0.95 0.13125 0.1
0 0.673046875 0.10902777777777778 0.090625 0.2125
0 0.659765625 0.29791666666666666 0.21953125 0.325
0 0.664453125 0.5902777777777778 0.10625 0.11527777777777778
0 0.663671875 0.7715277777777778 0.18515625 0.3125
0 0.6453125 0.9041666666666667 0.1796875 0.19166666666666668
1 0.71328125 0.9486111111111111 0.02890625 0.05138888888888889
1 0.54921875 0.9027777777777778 0.02578125 0.043055555555555555
1 0.562109375 0.8055555555555556 0.0234375 0.04027777777777778
1 0.612890625 0.7993055555555556 0.053125 0.06944444444444445
1 0.602734375 0.7347222222222223 0.02109375 0.03611111111111111
1 0.6671875 0.7625 0.02578125 0.041666666666666664
1 0.696484375 0.7333333333333333 0.02890625 0.043055555555555555
1 0.62890625 0.7048611111111112 0.0234375 0.05277777777777778
1 0.6 0.6444444444444445 0.0296875 0.059722222222222225
1 0.60546875 0.5854166666666667 0.028125 0.04027777777777778
1 0.707421875 0.5888888888888889 0.02265625 0.04722222222222222
1 0.775 0.7027777777777777 0.03359375 0.04722222222222222
1 0.78359375 0.7972222222222223 0.02578125 0.0375
1 0.810546875 0.8388888888888889 0.01640625 0.03194444444444444
1 0.862109375 0.7715277777777778 0.03046875 0.06527777777777778
1 0.91796875 0.95625 0.028125 0.041666666666666664
1 0.9609375 0.9055555555555556 0.0265625 0.05694444444444444
1 0.987109375 0.8472222222222222 0.02578125 0.05277777777777778
1 0.933203125 0.7527777777777778 0.0234375 0.04722222222222222
1 0.908984375 0.7131944444444445 0.0234375 0.0375
1 0.92265625 0.6819444444444445 0.0296875 0.05138888888888889
1 0.94296875 0.6451388888888889 0.0234375 0.04027777777777778
1 0.952734375 0.5875 0.02578125 0.030555555555555555
1 0.898046875 0.5576388888888889 0.0234375 0.0375
1 0.92421875 0.5479166666666667 0.02265625 0.043055555555555555
1 0.951171875 0.5229166666666667 0.02890625 0.05277777777777778
1 0.911328125 0.48541666666666666 0.0203125 0.03611111111111111
1 0.85859375 0.48333333333333334 0.0171875 0.02638888888888889
1 0.68515625 0.5215277777777778 0.0265625 0.03611111111111111
1 0.72578125 0.48333333333333334 0.0171875 0.02638888888888889
1 0.758203125 0.4798611111111111 0.02734375 0.041666666666666664
1 0.798046875 0.5131944444444444 0.0328125 0.059722222222222225
1 0.81640625 0.4263888888888889 0.02734375 0.0375
1 0.76484375 0.4166666666666667 0.0234375 0.05
1 0.96328125 0.029861111111111113 0.06796875 0.05138888888888889
1 0.891015625 0.3333333333333333 0.0265625 0.04861111111111111
1 0.896875 0.2659722222222222 0.0265625 0.06527777777777778
1 0.92421875 0.24791666666666667 0.0234375 0.043055555555555555
1 0.94140625 0.17777777777777778 0.02890625 0.05277777777777778
1 0.987109375 0.1388888888888889 0.0234375 0.05416666666666667
1 0.95703125 0.11805555555555555 0.03515625 0.08611111111111111
1 0.694140625 0.28194444444444444 0.040625 0.075
1 0.6734375 0.4479166666666667 0.065625 0.08333333333333333
1 0.584765625 0.5006944444444444 0.03046875 0.03611111111111111
1 0.622265625 0.42916666666666664 0.0234375 0.034722222222222224
1 0.585546875 0.4597222222222222 0.025 0.04722222222222222
1 0.56015625 0.4354166666666667 0.02890625 0.05138888888888889
1 0.706640625 0.03680555555555556 0.0234375 0.03888888888888889
1 0.739453125 0.07291666666666667 0.02265625 0.05138888888888889
1 0.621484375 0.03263888888888889 0.0890625 0.05694444444444444
1 0.590234375 0.19722222222222222 0.0546875 0.1111111111111111
1 0.4703125 0.25555555555555554 0.01953125 0.03888888888888889
1 0.115234375 0.03888888888888889 0.0359375 0.075
1 0.259765625 0.017361111111111112 0.03671875 0.03333333333333333
1 0.209765625 0.0763888888888889 0.040625 0.08194444444444444
1 0.312109375 0.22430555555555556 0.0203125 0.03611111111111111
1 0.243359375 0.1875 0.0328125 0.07777777777777778
1 0.173046875 0.23194444444444445 0.06875 0.12638888888888888
1 0.211328125 0.3736111111111111 0.03515625 0.05277777777777778
1 0.240234375 0.41041666666666665 0.015625 0.034722222222222224
1 0.262109375 0.46041666666666664 0.0140625 0.03194444444444444
1 0.213671875 0.4548611111111111 0.0203125 0.04583333333333333
1 0.1375 0.5284722222222222 0.02890625 0.03333333333333333
1 0.209765625 0.5270833333333333 0.0390625 0.06944444444444445
1 0.423046875 0.8923611111111112 0.0296875 0.043055555555555555
1 0.287109375 0.6472222222222223 0.0296875 0.0763888888888889
1 0.19609375 0.6555555555555556 0.028125 0.04861111111111111
1 0.198046875 0.7055555555555556 0.0234375 0.04722222222222222
1 0.238671875 0.9131944444444444 0.0203125 0.04027777777777778
1 0.28046875 0.7847222222222222 0.0203125 0.04583333333333333
1 0.230078125 0.8402777777777778 0.0265625 0.08055555555555556
1 0.196484375 0.9270833333333334 0.0203125 0.043055555555555555
1 0.21640625 0.9777777777777777 0.0265625 0.044444444444444446
1 0.459375 0.40694444444444444 0.01171875 0.020833333333333332
1 0.283203125 0.8520833333333333 0.0109375 0.025
1 0.31953125 0.9340277777777778 0.01796875 0.027777777777777776
1 0.188671875 0.8604166666666667 0.01171875 0.025
1 0.1953125 0.8236111111111111 0.01171875 0.03194444444444444
1 0.837890625 0.25277777777777777 0.01875 0.025
1 0.825390625 0.3416666666666667 0.01953125 0.02361111111111111
1 0.992578125 0.09930555555555555 0.01484375 0.025
1 0.759765625 0.9090277777777778 0.01875 0.025
1 0.76015625 0.9465277777777777 0.0140625 0.019444444444444445
1 0.85703125 0.8597222222222223 0.01796875 0.029166666666666667
1 0.908203125 0.9923611111111111 0.01875 0.013888888888888888