1 0.353125 0.12291666666666666 0.0296875 0.0375
1 0.321875 0.6552083333333333 0.0359375 0.022916666666666665
1 0.32421875 0.59375 0.028125 0.041666666666666664
1 0.34296875 0.5958333333333333 0.00625 0.010416666666666666
1 0.346875 0.5416666666666666 0.03125 0.041666666666666664
1 0.38984375 0.5375 0.05 0.10416666666666667
1 0.36484375 0.6291666666666667 0.05625 0.07916666666666666
1 0.271875 0.7458333333333333 0.01875 0.020833333333333332
1 0.30625 0.6864583333333333 0.015625 0.020833333333333332
1 0.32109375 0.6979166666666666 0.0109375 0.014583333333333334
1 0.05 0.896875 0.0171875 0.027083333333333334
1 0.00859375 0.909375 0.0171875 0.027083333333333334
1 0.228125 0.8010416666666667 0.0171875 0.016666666666666666
1 0.23046875 0.4791666666666667 0.01875 0.025
1 0.1765625 0.6125 0.0140625 0.022916666666666665
0 0.68515625 0.025 0.2015625 0.05
0 0.5921875 0.24895833333333334 0.36875 0.33958333333333335
0 0.540625 0.36770833333333336 0.428125 0.25416666666666665
0 0.5828125 0.6416666666666667 0.146875 0.6625
0 0.63984375 0.8677083333333333 0.153125 0.26458333333333334
1 0.10546875 0.16875 0.015625 0.016666666666666666
1 0.13046875 0.20416666666666666 0.0171875 0.025
1 0.35859375 0.10208333333333333 0.0140625 0.016666666666666666
1 0.4640625 0.06666666666666667 0.0203125 0.027083333333333334
1 0.4828125 0.046875 0.028125 0.0375
1 0.321875 0.14791666666666667 0.0296875 0.058333333333333334
1 0.3546875 0.18645833333333334 0.015625 0.022916666666666665
1 0.35703125 0.15833333333333333 0.0125 0.01875
1 0.3859375 0.16770833333333332 0.0453125 0.04583333333333333
1 0.39765625 0.21041666666666667 0.0328125 0.04583333333333333
1 0.38203125 0.22083333333333333 0.0125 0.016666666666666666
1 0.33125 0.2875 0.03125 0.035416666666666666
1 0.3125 0.2791666666666667 0.0109375 0.00625
1 0.27109375 0.25625 0.0265625 0.035416666666666666
1 0.290625 0.2604166666666667 0.0109375 0.020833333333333332
1 0.29921875 0.23958333333333334 0.0203125 0.03125
1 0.315625 0.24270833333333333 0.0140625 0.029166666666666667
1 0.29375 0.225 0.0234375 0.020833333333333332
1 0.2765625 0.371875 0.0140625 0.01875
1 0.2609375 0.378125 0.015625 0.052083333333333336
1 0.32578125 0.37916666666666665 0.009375 0.010416666666666666
1 0.1921875 0.46875 0.0109375 0.010416666666666666
1 0.14765625 0.4197916666666667 0.021875 0.014583333333333334
1 0.14375 0.5010416666666667 0.0109375 0.010416666666666666
1 0.3921875 0.05 0.0046875 0.010416666666666666
1 0.31484375 0.41354166666666664 0.0296875 0.03333333333333333
1 0.33515625 0.390625 0.01875 0.01875
1 0.33671875 0.4114583333333333 0.0078125 0.020833333333333332
1 0.35625 0.41458333333333336 0.0078125 0.010416666666666666
1 0.4671875 0.37395833333333334 0.021875 0.020833333333333332
1 0.515625 0.31666666666666665 0.0234375 0.020833333333333332
1 0.5328125 0.30833333333333335 0.0125 0.022916666666666665
1 0.53671875 0.3302083333333333 0.0078125 0.010416666666666666
1 0.52265625 0.34479166666666666 0.021875 0.01875
1 0.5125 0.36770833333333336 0.021875 0.022916666666666665
1 0.49765625 0.37604166666666666 0.01875 0.01875
1 0.45859375 0.3927083333333333 0.0140625 0.01875
1 0.5125 0.12083333333333333 0.021875 0.029166666666666667
1 0.5078125 0.13229166666666667 0.025 0.025
1 0.49296875 0.17604166666666668 0.01875 0.016666666666666666
1 0.6015625 0.05520833333333333 0.0171875 0.025
1 0.61953125 0.051041666666666666 0.009375 0.0125
1 0.61875 0.08125 0.0125 0.016666666666666666
1 0.67265625 0.041666666666666664 0.028125 0.05
1 0.7625 0.041666666666666664 0.025 0.041666666666666664
1 0.840625 0.029166666666666667 0.034375 0.041666666666666664
1 0.82109375 0.08125 0.0296875 0.0375
1 0.846875 0.06875 0.0171875 0.027083333333333334
1 0.86015625 0.10104166666666667 0.0546875 0.041666666666666664
1 0.8890625 0.009375 0.03125 0.01875
1 0.83515625 0.21770833333333334 0.0078125 0.0125
1 0.88203125 0.32083333333333336 0.015625 0.03125
1 0.78671875 0.3104166666666667 0.0109375 0.014583333333333334
1 0.765625 0.28958333333333336 0.01875 0.01875
1 0.75625 0.30833333333333335 0.0234375 0.025
1 0.725 0.30416666666666664 0.021875 0.025
1 0.74140625 0.2864583333333333 0.015625 0.01875
1 0.68046875 0.18958333333333333 0.0171875 0.010416666666666666
1 0.609375 0.19583333333333333 0.021875 0.022916666666666665
1 0.6046875 0.24166666666666667 0.009375 0.010416666666666666
1 0.61796875 0.2604166666666667 0.0140625 0.025
1 0.63515625 0.25729166666666664 0.0171875 0.01875
1 0.67734375 0.27395833333333336 0.01875 0.025
1 0.66328125 0.29375 0.0203125 0.035416666666666666
1 0.97109375 0.128125 0.0125 0.01875
1 0.98515625 0.18645833333333334 0.015625 0.020833333333333332
1 0.9890625 0.215625 0.009375 0.0125
1 0.95078125 0.2520833333333333 0.015625 0.025
1 0.96171875 0.23854166666666668 0.015625 0.025
1 0.95703125 0.26666666666666666 0.009375 0.0125
1 0.97890625 0.3302083333333333 0.0171875 0.020833333333333332
1 0.9671875 0.3541666666666667 0.0125 0.03333333333333333
1 0.93984375 0.35208333333333336 0.0140625 0.029166666666666667
1 0.9078125 0.36666666666666664 0.0125 0.03125
1 0.92109375 0.359375 0.0078125 0.014583333333333334
1 0.921875 0.38958333333333334 0.0171875 0.0375
1 0.94453125 0.41354166666666664 0.025 0.027083333333333334
1 0.91796875 0.428125 0.028125 0.03125
1 0.93359375 0.44895833333333335 0.03125 0.041666666666666664
1 0.9671875 0.440625 0.009375 0.0125
1 0.77734375 0.36354166666666665 0.0328125 0.01875
1 0.79765625 0.31145833333333334 0.0109375 0.00625
1 0.79296875 0.384375 0.025 0.03333333333333333
1 0.803125 0.4510416666666667 0.0296875 0.03333333333333333
1 0.85 0.5166666666666667 0.01875 0.022916666666666665
1 0.83359375 0.51875 0.0125 0.0125
1 0.878125 0.40729166666666666 0.0421875 0.029166666666666667
1 0.84453125 0.4395833333333333 0.04375 0.06041666666666667
1 0.94140625 0.5322916666666667 0.0203125 0.03125
1 0.8984375 0.53125 0.0265625 0.06666666666666667
1 0.8234375 0.603125 0.028125 0.029166666666666667
1 0.9 0.5916666666666667 0.0265625 0.029166666666666667
1 0.94140625 0.625 0.0078125 0.016666666666666666
1 0.9578125 0.6302083333333334 0.021875 0.03125
1 0.9390625 0.6645833333333333 0.0328125 0.020833333333333332
1 0.9453125 0.6885416666666667 0.025 0.020833333333333332
1 0.9609375 0.70625 0.0109375 0.0125
1 0.9921875 0.7479166666666667 0.015625 0.020833333333333332
1 0.9703125 0.78125 0.05 0.06666666666666667
1 0.97578125 0.8697916666666666 0.021875 0.020833333333333332
1 0.959375 0.8958333333333334 0.040625 0.04375
1 0.8890625 0.7885416666666667 0.0375 0.03958333333333333
1 0.85078125 0.8416666666666667 0.0828125 0.09166666666666666
1 0.86796875 0.903125 0.021875 0.022916666666666665
1 0.78671875 0.784375 0.0171875 0.03125
1 0.728125 0.7135416666666666 0.0234375 0.025
1 0.82421875 0.7979166666666667 0.046875 0.058333333333333334
1 0.9875 0.9729166666666667 0.015625 0.022916666666666665
1 0.96328125 0.9833333333333333 0.0359375 0.03333333333333333
1 0.64375 0.9010416666666666 0.015625 0.03333333333333333
1 0.4859375 0.9364583333333333 0.034375 0.041666666666666664
1 0.48046875 0.984375 0.025 0.029166666666666667
1 0.50390625 0.9677083333333333 0.0203125 0.027083333333333334
1 0.52265625 0.9916666666666667 0.028125 0.016666666666666666
1 0.453125 0.9958333333333333 0.0203125 0.008333333333333333
1 0.43828125 0.8739583333333333 0.0359375 0.0375
1 0.50390625 0.753125 0.025 0.03333333333333333
1 0.48984375 0.7322916666666667 0.03125 0.052083333333333336
1 0.57890625 0.7572916666666667 0.028125 0.041666666666666664
1 0.5625 0.8020833333333334 0.0359375 0.05625
1 0.55546875 0.6135416666666667 0.028125 0.04375
1 0.67109375 0.5322916666666667 0.01875 0.035416666666666666
1 0.6734375 0.5708333333333333 0.0328125 0.03958333333333333
1 0.5203125 0.575 0.021875 0.025
1 0.5875 0.4583333333333333 0.028125 0.027083333333333334
1 0.5671875 0.46770833333333334 0.0140625 0.025
1 0.5546875 0.4947916666666667 0.025 0.04375
1 0.57734375 0.4895833333333333 0.01875 0.027083333333333334
1 0.5328125 0.42916666666666664 0.0171875 0.020833333333333332
1 0.5 0.45 0.0140625 0.027083333333333334
1 0.48203125 0.5177083333333333 0.0328125 0.03125
1 0.4921875 0.5822916666666667 0.0328125 0.035416666666666666
1 0.471875 0.6677083333333333 0.0453125 0.04583333333333333
1 0.55234375 0.6645833333333333 0.015625 0.014583333333333334
1 0.4890625 0.6260416666666667 0.05 0.03958333333333333
1 0.22421875 0.7677083333333333 0.03125 0.05
1 0.19453125 0.6072916666666667 0.01875 0.020833333333333332
1 0.2390625 0.6395833333333333 0.040625 0.04375
1 0.27578125 0.6989583333333333 0.03125 0.04583333333333333
1 0.30703125 0.728125 0.0234375 0.020833333333333332
1 0.25234375 0.7447916666666666 0.025 0.027083333333333334
1 0.28671875 0.8552083333333333 0.025 0.025
1 0.39921875 0.6354166666666666 0.03125 0.04791666666666667