1 0.87578125 0.7302083333333333 0.025 0.041666666666666664
1 0.828125 0.7052083333333333 0.009375 0.0125
1 0.84296875 0.821875 0.015625 0.016666666666666666
1 0.9578125 0.7885416666666667 0.0203125 0.027083333333333334
1 0.97890625 0.9416666666666667 0.0421875 0.03333333333333333
1 0.44921875 0.7572916666666667 0.0359375 0.04583333333333333
1 0.56875 0.7864583333333334 0.01875 0.025
1 0.54609375 0.80625 0.0265625 0.035416666666666666
1 0.7078125 0.503125 0.0078125 0.0125
1 0.70390625 0.5822916666666667 0.0125 0.010416666666666666
1 0.78203125 0.6291666666666667 0.015625 0.016666666666666666
1 0.86875 0.5979166666666667 0.03125 0.03958333333333333
1 0.9734375 0.5979166666666667 0.025 0.041666666666666664
0 0.49296875 0.234375 0.425 0.16458333333333333
1 0.25625 0.20208333333333334 0.03125 0.04791666666666667
1 0.02890625 0.041666666666666664 0.0234375 0.03333333333333333
0 0.2515625 0.9958333333333333 0.0515625 0.008333333333333333
1 0.22421875 0.9833333333333333 0.015625 0.016666666666666666
0 0.446875 0.95625 0.028125 0.0875
0 0.55 0.06458333333333334 0.5265625 0.12916666666666668
0 0.53046875 0.5177083333333333 0.271875 0.39791666666666664
1 0.37890625 0.16979166666666667 0.0125 0.020833333333333332
1 0.11796875 0.14895833333333333 0.015625 0.014583333333333334
1 0.021875 0.23958333333333334 0.0109375 0.020833333333333332
1 0.24609375 0.7166666666666667 0.021875 0.027083333333333334
1 0.37421875 0.9145833333333333 0.034375 0.041666666666666664
1 0.490625 0.75625 0.0140625 0.016666666666666666
1 0.98515625 0.6166666666666667 0.0125 0.0125
1 0.7484375 0.7604166666666666 0.021875 0.029166666666666667
1 0.76328125 0.7135416666666666 0.0203125 0.025
1 0.75703125 0.73125 0.0171875 0.014583333333333334
1 0.25078125 0.375 0.034375 0.04583333333333333
1 0.1671875 0.41458333333333336 0.021875 0.025
1 0.234375 0.478125 0.015625 0.01875
1 0.87421875 0.32708333333333334 0.0109375 0.014583333333333334
1 0.30625 0.44479166666666664 0.0296875 0.035416666666666666
1 0.77265625 0.7375 0.0140625 0.01875
1 0.784375 0.759375 0.0375 0.05416666666666667
1 0.86171875 0.7572916666666667 0.015625 0.016666666666666666
1 0.4140625 0.284375 0.01875 0.025
1 0.675 0.13229166666666667 0.059375 0.06666666666666667
1 0.7984375 0.17708333333333334 0.03125 0.0375
1 0.86015625 0.16875 0.015625 0.027083333333333334
1 0.8625 0.36354166666666665 0.015625 0.025
1 0.84453125 0.4354166666666667 0.0171875 0.020833333333333332
1 0.89609375 0.2989583333333333 0.034375 0.04791666666666667