1 0.21796875 0.059375 0.040625 0.04791666666666667
1 0.0921875 0.1375 0.034375 0.04583333333333333
0 0.48828125 0.8135416666666667 0.1265625 0.22291666666666668
1 0.2875 0.440625 0.0265625 0.016666666666666666
1 0.28203125 0.5177083333333333 0.015625 0.025
1 0.24921875 0.5489583333333333 0.0234375 0.025
1 0.15390625 0.4479166666666667 0.0140625 0.025
0 0.4671875 0.31145833333333334 0.1765625 0.16666666666666666
1 0.75234375 0.2708333333333333 0.0390625 0.03333333333333333
1 0.52890625 0.215625 0.028125 0.035416666666666666
1 0.59921875 0.12083333333333333 0.05625 0.0625
1 0.55 0.026041666666666668 0.053125 0.052083333333333336
1 0.95078125 0.49895833333333334 0.0296875 0.041666666666666664
1 0.71640625 0.44375 0.021875 0.05416666666666667
1 0.81171875 0.3489583333333333 0.0265625 0.0375
1 0.86875 0.415625 0.015625 0.03958333333333333
1 0.78515625 0.4739583333333333 0.0109375 0.01875
1 0.8359375 0.23541666666666666 0.0265625 0.029166666666666667
1 0.36640625 0.17395833333333333 0.0203125 0.020833333333333332
1 0.3890625 0.059375 0.025 0.01875
1 0.36953125 0.023958333333333335 0.0109375 0.01875
1 0.10078125 0.6322916666666667 0.028125 0.027083333333333334
1 0.0125 0.790625 0.0140625 0.01875
1 0.66484375 0.753125 0.0234375 0.03333333333333333
1 0.86796875 0.7229166666666667 0.025 0.022916666666666665
1 0.8625 0.04479166666666667 0.025 0.04791666666666667
1 0.37265625 0.58125 0.0234375 0.03958333333333333
1 0.46484375 0.56875 0.01875 0.03125
1 0.496875 0.8375 0.0109375 0.016666666666666666
1 0.71171875 0.030208333333333334 0.0296875 0.035416666666666666
1 0.7625 0.04583333333333333 0.0515625 0.09166666666666666
1 0.8125 0.030208333333333334 0.0203125 0.025
1 0.9015625 0.11041666666666666 0.0515625 0.05625
1 0.42109375 0.446875 0.0375 0.029166666666666667
1 0.22890625 0.30625 0.0359375 0.052083333333333336
1 0.23046875 0.3697916666666667 0.04375 0.03958333333333333
1 0.49375 0.3958333333333333 0.0359375 0.04583333333333333
1 0.528125 0.415625 0.0140625 0.03125
1 0.35390625 0.41770833333333335 0.028125 0.029166666666666667
1 0.7796875 0.8489583333333334 0.0140625 0.020833333333333332
0 0.4359375 0.5791666666666667 0.1328125 0.12916666666666668
1 0.71953125 0.753125 0.0140625 0.027083333333333334
1 0.4140625 0.03854166666666667 0.075 0.07708333333333334
1 0.00625 0.28229166666666666 0.0125 0.035416666666666666
1 0.7453125 0.334375 0.03125 0.06458333333333334
1 0.653125 0.271875 0.0390625 0.04791666666666667
1 0.71796875 0.29375 0.0453125 0.03125
1 0.73125 0.6770833333333334 0.015625 0.025
1 0.73125 0.6229166666666667 0.015625 0.025
1 0.67421875 0.6541666666666667 0.0265625 0.03125
1 0.63203125 0.6416666666666667 0.0359375 0.04375
1 0.55625 0.6479166666666667 0.0375 0.03958333333333333
1 0.5375 0.7 0.0171875 0.03333333333333333
1 0.7125 0.846875 0.0296875 0.03333333333333333
1 0.7109375 0.9145833333333333 0.0265625 0.0375
1 0.659375 0.9239583333333333 0.05 0.052083333333333336
1 0.6140625 0.8885416666666667 0.0203125 0.027083333333333334
1 0.5234375 0.8833333333333333 0.0359375 0.0375
1 0.45078125 0.9145833333333333 0.0265625 0.025
1 0.51171875 0.9864583333333333 0.015625 0.027083333333333334
1 0.45703125 0.959375 0.0171875 0.01875
1 0.253125 0.9739583333333334 0.021875 0.020833333333333332
1 0.28359375 0.81875 0.0203125 0.03333333333333333
1 0.3625 0.7364583333333333 0.028125 0.035416666666666666
1 0.38984375 0.6708333333333333 0.0234375 0.03333333333333333
1 0.28671875 0.6427083333333333 0.021875 0.025
1 0.328125 0.42916666666666664 0.0125 0.0125
1 0.328125 0.403125 0.0078125 0.010416666666666666
1 0.0125 0.017708333333333333 0.025 0.035416666666666666
1 0.15625 0.18229166666666666 0.01875 0.020833333333333332
1 0.21171875 0.11041666666666666 0.0203125 0.022916666666666665
1 0.23984375 0.019791666666666666 0.021875 0.03125