0 0.09375 0.18125 0.1875 0.19166666666666668
0 0.113671875 0.65625 0.2046875 0.16527777777777777
0 0.109765625 0.8729166666666667 0.0890625 0.19722222222222222
1 0.22734375 0.7208333333333333 0.0203125 0.0375
1 0.096875 0.42291666666666666 0.01015625 0.022222222222222223
1 0.10625 0.5465277777777777 0.00703125 0.020833333333333332
1 0.15625 0.5666666666666667 0.02734375 0.10833333333333334
1 0.13671875 0.5097222222222222 0.015625 0.025
1 0.2078125 0.5409722222222222 0.03359375 0.058333333333333334
1 0.040625 0.6777777777777778 0.01796875 0.04861111111111111
1 0.08359375 0.8402777777777778 0.01640625 0.027777777777777776
1 0.091796875 0.7569444444444444 0.03359375 0.059722222222222225
1 0.1578125 0.7597222222222222 0.02578125 0.07916666666666666
1 0.188671875 0.7895833333333333 0.0296875 0.07083333333333333
1 0.130859375 0.9159722222222222 0.0171875 0.022222222222222223
1 0.198046875 0.28541666666666665 0.01875 0.027777777777777776
1 0.166015625 0.28888888888888886 0.02578125 0.06111111111111111
1 0.190625 0.20069444444444445 0.0171875 0.027777777777777776
1 0.1265625 0.2923611111111111 0.0171875 0.03194444444444444
1 0.0765625 0.3034722222222222 0.03125 0.05694444444444444
1 0.183984375 0.04791666666666667 0.025 0.059722222222222225
1 0.129296875 0.035416666666666666 0.0125 0.02638888888888889
1 0.366015625 0.02361111111111111 0.021875 0.041666666666666664
1 0.230078125 0.8729166666666667 0.015625 0.03611111111111111
1 0.690625 0.9166666666666666 0.01640625 0.03888888888888889
1 0.67734375 0.9368055555555556 0.0265625 0.04722222222222222
1 0.727734375 0.6354166666666666 0.01875 0.03611111111111111
1 0.711328125 0.71875 0.0234375 0.03333333333333333
1 0.22265625 0.2875 0.03046875 0.06805555555555555
1 0.7484375 0.5951388888888889 0.009375 0.030555555555555555
1 0.576953125 0.775 0.0234375 0.034722222222222224
1 0.55 0.7736111111111111 0.0140625 0.030555555555555555
1 0.406640625 0.7027777777777777 0.015625 0.020833333333333332
1 0.39375 0.6652777777777777 0.0203125 0.0625
1 0.24140625 0.21736111111111112 0.0203125 0.030555555555555555
1 0.26640625 0.21597222222222223 0.0109375 0.025
1 0.262890625 0.26805555555555555 0.02890625 0.05694444444444444
1 0.148046875 0.88125 0.01015625 0.025
1 0.621875 0.6819444444444445 0.0109375 0.03333333333333333
1 0.569140625 0.7194444444444444 0.0296875 0.04861111111111111
1 0.52734375 0.6673611111111111 0.0109375 0.03333333333333333
1 0.4140625 0.6222222222222222 0.0203125 0.027777777777777776
1 0.483984375 0.5979166666666667 0.01015625 0.03333333333333333
1 0.640625 0.56875 0.0109375 0.027777777777777776
1 0.56484375 0.5236111111111111 0.01015625 0.027777777777777776
1 0.510546875 0.5708333333333333 0.0125 0.02361111111111111
1 0.525390625 0.5 0.0125 0.027777777777777776
1 0.5546875 0.39652777777777776 0.015625 0.03194444444444444
1 0.641796875 0.325 0.01640625 0.034722222222222224
1 0.565625 0.24305555555555555 0.02734375 0.04583333333333333
1 0.5671875 0.020833333333333332 0.0140625 0.041666666666666664
1 0.5515625 0.05 0.0109375 0.029166666666666667
1 0.655859375 0.05347222222222222 0.01796875 0.03888888888888889
1 0.64609375 0.018055555555555554 0.01875 0.03611111111111111
1 0.6921875 0.02847222222222222 0.01953125 0.05694444444444444
1 0.811328125 0.03194444444444444 0.021875 0.059722222222222225
1 0.82890625 0.02013888888888889 0.015625 0.03888888888888889
1 0.791796875 0.02847222222222222 0.0234375 0.05277777777777778
1 0.901171875 0.03263888888888889 0.02578125 0.06388888888888888
1 0.915625 0.09166666666666666 0.01796875 0.03611111111111111
1 0.944921875 0.3284722222222222 0.02265625 0.020833333333333332
1 0.983984375 0.40902777777777777 0.02734375 0.05555555555555555
1 0.76640625 0.08472222222222223 0.0125 0.016666666666666666
1 0.72890625 0.06875 0.0171875 0.02361111111111111
1 0.7359375 0.04097222222222222 0.0203125 0.03611111111111111
1 0.69375 0.28125 0.015625 0.027777777777777776
1 0.873828125 0.35347222222222224 0.03515625 0.07777777777777778
1 0.90546875 0.3416666666666667 0.01953125 0.04583333333333333
1 0.984375 0.27152777777777776 0.02890625 0.05694444444444444
1 0.90625 0.25833333333333336 0.0203125 0.0375
1 0.76953125 0.26875 0.03046875 0.041666666666666664
1 0.746484375 0.29930555555555555 0.02578125 0.04722222222222222
1 0.709375 0.34097222222222223 0.02890625 0.03611111111111111
1 0.67734375 0.5013888888888889 0.0421875 0.08333333333333333
1 0.694140625 0.4375 0.0265625 0.04583333333333333
1 0.741015625 0.5027777777777778 0.0140625 0.027777777777777776
1 0.734375 0.46319444444444446 0.0203125 0.044444444444444446
1 0.86171875 0.41597222222222224 0.0171875 0.027777777777777776
1 0.841015625 0.4041666666666667 0.0171875 0.03333333333333333
1 0.8203125 0.36944444444444446 0.02734375 0.03611111111111111
1 0.838671875 0.44027777777777777 0.01796875 0.03888888888888889
1 0.941015625 0.5048611111111111 0.01875 0.030555555555555555
1 0.976953125 0.5416666666666666 0.01796875 0.030555555555555555
1 0.9328125 0.5729166666666666 0.02109375 0.04027777777777778
1 0.99140625 0.8347222222222223 0.015625 0.05277777777777778
1 0.9359375 0.7576388888888889 0.02734375 0.07916666666666666
1 0.9078125 0.69375 0.0140625 0.025
1 0.95546875 0.6805555555555556 0.046875 0.07083333333333333
1 0.984765625 0.7263888888888889 0.02421875 0.041666666666666664
1 0.90546875 0.9020833333333333 0.01171875 0.027777777777777776
1 0.929296875 0.8868055555555555 0.009375 0.022222222222222223
1 0.905859375 0.8090277777777778 0.02421875 0.03611111111111111
1 0.883984375 0.8125 0.0109375 0.027777777777777776
1 0.69765625 0.5902777777777778 0.01875 0.030555555555555555
1 0.776953125 0.49375 0.0328125 0.0763888888888889
1 0.761328125 0.5423611111111111 0.01484375 0.03333333333333333
1 0.806640625 0.5652777777777778 0.04765625 0.09027777777777778
1 0.834375 0.6583333333333333 0.02265625 0.04861111111111111
1 0.86171875 0.6020833333333333 0.0109375 0.022222222222222223
1 0.883984375 0.5180555555555556 0.021875 0.06944444444444445
1 0.792578125 0.6722222222222223 0.01640625 0.02638888888888889
1 0.777734375 0.65 0.01640625 0.027777777777777776
1 0.83671875 0.8569444444444444 0.01640625 0.02638888888888889
1 0.969921875 0.9666666666666667 0.01328125 0.027777777777777776
1 0.916796875 0.9861111111111112 0.01875 0.02638888888888889
1 0.868359375 0.93125 0.03671875 0.03333333333333333
1 0.8140625 0.975 0.021875 0.03888888888888889
1 0.840625 0.9333333333333333 0.01171875 0.02638888888888889
1 0.76328125 0.9368055555555556 0.01875 0.022222222222222223
1 0.7875 0.9361111111111111 0.021875 0.034722222222222224
1 0.774609375 0.8583333333333333 0.01171875 0.029166666666666667
1 0.77109375 0.8277777777777777 0.01953125 0.0375
1 0.769921875 0.7465277777777778 0.0421875 0.059722222222222225
1 0.71953125 0.7951388888888888 0.0296875 0.03888888888888889
1 0.666796875 0.8541666666666666 0.0234375 0.03333333333333333
1 0.6578125 0.8381944444444445 0.015625 0.030555555555555555
1 0.590625 0.9076388888888889 0.0140625 0.030555555555555555
1 0.602734375 0.8291666666666667 0.01640625 0.030555555555555555
1 0.572265625 0.8736111111111111 0.0203125 0.04583333333333333
1 0.5546875 0.8576388888888888 0.01328125 0.03611111111111111
1 0.448828125 0.7756944444444445 0.009375 0.02638888888888889
1 0.4328125 0.8270833333333333 0.01640625 0.03194444444444444
1 0.394921875 0.9597222222222223 0.04375 0.07916666666666666
0 0.605859375 0.07013888888888889 0.02109375 0.14027777777777778
0 0.64921875 0.2673611111111111 0.215625 0.26805555555555555
0 0.5796875 0.4777777777777778 0.12734375 0.5333333333333333
0 0.64609375 0.6048611111111111 0.1390625 0.25416666666666665
0 0.637109375 0.9138888888888889 0.16171875 0.17083333333333334
0 0.091796875 0.07083333333333333 0.059375 0.1388888888888889
0 0.1203125 0.33541666666666664 0.16953125 0.19583333333333333