1 0.831640625 0.6868055555555556 0.09140625 0.2152777777777778
0 0.157421875 0.8944444444444445 0.13125 0.2111111111111111
0 0.16875 0.475 0.13125 0.13333333333333333
0 0.09765625 0.27361111111111114 0.19375 0.14166666666666666
0 0.667578125 0.25763888888888886 0.1296875 0.44166666666666665
0 0.707421875 0.55 0.2515625 0.1597222222222222
0 0.643359375 0.7034722222222223 0.22265625 0.32916666666666666
0 0.6359375 0.9236111111111112 0.0890625 0.1527777777777778
1 0.098828125 0.019444444444444445 0.02265625 0.03333333333333333
1 0.148828125 0.08472222222222223 0.0234375 0.0375
1 0.223828125 0.1451388888888889 0.06328125 0.12222222222222222
1 0.053515625 0.49236111111111114 0.01875 0.025
1 0.0609375 0.5673611111111111 0.01875 0.03888888888888889
1 0.273828125 0.5777777777777777 0.02734375 0.06666666666666667
1 0.058203125 0.7722222222222223 0.02578125 0.04722222222222222
1 0.1734375 0.7638888888888888 0.0421875 0.06111111111111111
1 0.126953125 0.7444444444444445 0.01328125 0.025
1 0.096875 0.7868055555555555 0.0125 0.030555555555555555
1 0.24921875 0.9138888888888889 0.02421875 0.08333333333333333
1 0.0796875 0.8916666666666667 0.009375 0.027777777777777776
1 0.439453125 0.90625 0.0171875 0.030555555555555555
1 0.437890625 0.9909722222222223 0.01796875 0.018055555555555554
1 0.439453125 0.9513888888888888 0.0125 0.03333333333333333
1 0.516015625 0.9798611111111111 0.02109375 0.029166666666666667
1 0.641015625 0.8430555555555556 0.0234375 0.043055555555555555
1 0.6078125 0.7986111111111112 0.0203125 0.034722222222222224
1 0.68359375 0.9194444444444444 0.0140625 0.034722222222222224
1 0.723046875 0.9770833333333333 0.01953125 0.03611111111111111
1 0.808203125 0.9611111111111111 0.02421875 0.04722222222222222
1 0.78671875 0.9763888888888889 0.01796875 0.030555555555555555
1 0.862109375 0.9451388888888889 0.0265625 0.04722222222222222
1 0.85078125 0.8743055555555556 0.02265625 0.04583333333333333
1 0.84453125 0.8340277777777778 0.0171875 0.030555555555555555
1 0.81640625 0.8805555555555555 0.02109375 0.03611111111111111
1 0.76953125 0.9402777777777778 0.0171875 0.03194444444444444
1 0.758984375 0.96875 0.02109375 0.044444444444444446
1 0.744140625 0.8138888888888889 0.0203125 0.043055555555555555
1 0.6296875 0.7840277777777778 0.025 0.05138888888888889
1 0.890234375 0.7909722222222222 0.0234375 0.034722222222222224
1 0.9171875 0.7131944444444445 0.009375 0.019444444444444445
1 0.971484375 0.8090277777777778 0.0265625 0.04722222222222222
1 0.963671875 0.7145833333333333 0.01796875 0.0375
1 0.93828125 0.7944444444444444 0.03984375 0.07361111111111111
1 0.873046875 0.9923611111111111 0.01875 0.015277777777777777
1 0.9296875 0.9770833333333333 0.03515625 0.04583333333333333
1 0.7078125 0.6854166666666667 0.05390625 0.10694444444444444
1 0.77734375 0.6756944444444445 0.06328125 0.05555555555555555
1 0.804296875 0.6159722222222223 0.025 0.06944444444444445
1 0.751953125 0.7638888888888888 0.01015625 0.015277777777777777
1 0.90625 0.8458333333333333 0.00859375 0.020833333333333332
1 0.89140625 0.5548611111111111 0.0546875 0.0875
1 0.853125 0.56875 0.025 0.0625
1 0.8453125 0.4951388888888889 0.0265625 0.04722222222222222
1 0.94140625 0.4527777777777778 0.0203125 0.0625
1 0.96796875 0.3951388888888889 0.028125 0.043055555555555555
1 0.99375 0.4166666666666667 0.0125 0.04027777777777778
1 0.848046875 0.37916666666666665 0.02734375 0.09444444444444444
1 0.878125 0.47638888888888886 0.0109375 0.019444444444444445
1 0.8859375 0.31319444444444444 0.05078125 0.09444444444444444
1 0.93515625 0.26180555555555557 0.05078125 0.16944444444444445
1 0.98828125 0.24513888888888888 0.021875 0.05277777777777778
1 0.90390625 0.17083333333333334 0.14609375 0.14027777777777778
1 0.822265625 0.15138888888888888 0.028125 0.05
1 0.745703125 0.32916666666666666 0.03359375 0.04722222222222222
1 0.709375 0.2791666666666667 0.0390625 0.06666666666666667
1 0.728125 0.20902777777777778 0.025 0.06944444444444445
1 0.74609375 0.21736111111111112 0.03046875 0.0763888888888889
1 0.762890625 0.20972222222222223 0.01484375 0.029166666666666667
1 0.774609375 0.1638888888888889 0.040625 0.0875
1 0.744140625 0.12986111111111112 0.0171875 0.04027777777777778
1 0.78359375 0.08680555555555555 0.0171875 0.04027777777777778
1 0.653515625 0.14027777777777778 0.05234375 0.05694444444444444
1 0.69296875 0.08402777777777778 0.0296875 0.04027777777777778
1 0.848046875 0.027777777777777776 0.0359375 0.05416666666666667
1 0.7765625 0.027083333333333334 0.04453125 0.05416666666666667
1 0.786328125 0.2625 0.01796875 0.04027777777777778
1 0.786328125 0.4083333333333333 0.01640625 0.020833333333333332
1 0.49140625 0.2826388888888889 0.03203125 0.04722222222222222
1 0.528125 0.3104166666666667 0.01875 0.05416666666666667
1 0.55859375 0.2791666666666667 0.01796875 0.043055555555555555
1 0.611328125 0.34375 0.01796875 0.07222222222222222
0 0.620703125 0.059027777777777776 0.275 0.11527777777777778
1 0.4453125 0.043055555555555555 0.0296875 0.05138888888888889
1 0.4203125 0.1 0.01875 0.044444444444444446
1 0.19609375 0.034722222222222224 0.02421875 0.020833333333333332
1 0.9875 0.015277777777777777 0.025 0.030555555555555555
1 0.875390625 0.009722222222222222 0.015625 0.019444444444444445
1 0.990234375 0.6645833333333333 0.01953125 0.04583333333333333
1 0.517578125 0.425 0.0265625 0.04722222222222222
1 0.41953125 0.3888888888888889 0.025 0.05138888888888889
1 0.40859375 0.4284722222222222 0.01953125 0.05416666666666667
1 0.48203125 0.5638888888888889 0.0421875 0.08333333333333333
1 0.5703125 0.5597222222222222 0.01171875 0.020833333333333332
1 0.58828125 0.5736111111111111 0.01171875 0.030555555555555555
1 0.631640625 0.5798611111111112 0.0234375 0.09722222222222222
1 0.416015625 0.5701388888888889 0.071875 0.21388888888888888
1 0.446875 0.6722222222222223 0.02109375 0.03194444444444444
1 0.4640625 0.6979166666666666 0.0125 0.022222222222222223
1 0.531640625 0.6902777777777778 0.01484375 0.03194444444444444
1 0.420703125 0.70625 0.01484375 0.02638888888888889
1 0.458203125 0.8569444444444444 0.0109375 0.025
1 0.599609375 0.9652777777777778 0.0203125 0.06944444444444445