1 0.275 0.6322916666666667 0.025 0.029166666666666667
1 0.23828125 0.6291666666666667 0.01875 0.022916666666666665
1 0.32734375 0.74375 0.028125 0.029166666666666667
1 0.91640625 0.2 0.021875 0.03125
1 0.775 0.628125 0.028125 0.025
1 0.659375 0.5010416666666667 0.034375 0.041666666666666664
1 0.26953125 0.3802083333333333 0.0171875 0.01875
1 0.6125 0.709375 0.028125 0.03333333333333333
1 0.50859375 0.5520833333333334 0.021875 0.035416666666666666
1 0.5875 0.325 0.03125 0.029166666666666667
1 0.48984375 0.37083333333333335 0.0375 0.0375
1 0.65859375 0.18958333333333333 0.0390625 0.05
1 0.75859375 0.23541666666666666 0.0359375 0.041666666666666664
1 0.515625 0.13541666666666666 0.0296875 0.027083333333333334
1 0.3625 0.14166666666666666 0.025 0.029166666666666667
1 0.38203125 0.015625 0.028125 0.022916666666666665
0 0.45390625 0.9833333333333333 0.0390625 0.03125
0 0.35 0.696875 0.4546875 0.42916666666666664
0 0.5203125 0.1375 0.31875 0.275
1 0.12421875 0.6333333333333333 0.0140625 0.01875
1 0.471875 0.784375 0.0234375 0.04791666666666667
1 0.3515625 0.5020833333333333 0.0203125 0.027083333333333334
1 0.70625 0.5333333333333333 0.0234375 0.03125
1 0.79609375 0.5354166666666667 0.0234375 0.041666666666666664
1 0.80390625 0.8020833333333334 0.0140625 0.022916666666666665
1 0.753125 0.990625 0.01875 0.01875
1 0.69921875 0.98125 0.03125 0.0375
1 0.6421875 0.9270833333333334 0.0515625 0.10416666666666667
1 0.60703125 0.9125 0.034375 0.03125
1 0.32421875 0.9479166666666666 0.0484375 0.04375
1 0.953125 0.07916666666666666 0.01875 0.022916666666666665
1 0.2203125 0.6760416666666667 0.021875 0.014583333333333334
1 0.8421875 0.80625 0.0171875 0.025
1 0.95859375 0.5291666666666667 0.015625 0.03333333333333333
1 0.25546875 0.015625 0.021875 0.020833333333333332