0 0.4546875 0.084375 0.1390625 0.16875
0 0.42265625 0.31145833333333334 0.159375 0.14166666666666666
1 0.0984375 0.10520833333333333 0.0296875 0.022916666666666665
0 0.46875 0.6229166666666667 0.078125 0.18333333333333332
1 0.93671875 0.5895833333333333 0.1265625 0.19166666666666668
1 0.96875 0.70625 0.0234375 0.020833333333333332
1 0.840625 0.75625 0.0328125 0.029166666666666667
1 0.70703125 0.8958333333333334 0.0296875 0.029166666666666667
1 0.62265625 0.8979166666666667 0.0234375 0.029166666666666667
1 0.5921875 0.9489583333333333 0.0203125 0.025
1 0.52421875 0.9479166666666666 0.0234375 0.029166666666666667
1 0.41015625 0.9885416666666667 0.021875 0.022916666666666665
1 0.35 0.95 0.028125 0.035416666666666666
1 0.32109375 0.9645833333333333 0.01875 0.03125
1 0.28984375 0.9322916666666666 0.0171875 0.027083333333333334
1 0.44140625 0.8791666666666667 0.0296875 0.04375
1 0.2765625 0.8333333333333334 0.021875 0.035416666666666666
1 0.359375 0.83125 0.0203125 0.027083333333333334
1 0.19921875 0.8395833333333333 0.0234375 0.03125
1 0.2203125 0.79375 0.034375 0.03958333333333333
1 0.1578125 0.7947916666666667 0.025 0.035416666666666666
1 0.378125 0.721875 0.015625 0.022916666666666665
1 0.4453125 0.759375 0.015625 0.020833333333333332
1 0.40859375 0.7114583333333333 0.0234375 0.022916666666666665
1 0.48046875 0.6833333333333333 0.0203125 0.022916666666666665
1 0.46875 0.5989583333333334 0.015625 0.025
1 0.4859375 0.61875 0.0234375 0.03125
1 0.5515625 0.640625 0.025 0.027083333333333334
1 0.60703125 0.6635416666666667 0.0484375 0.0625
1 0.58359375 0.5541666666666667 0.0234375 0.03333333333333333
1 0.60859375 0.6145833333333334 0.0140625 0.016666666666666666
1 0.67890625 0.6302083333333334 0.015625 0.027083333333333334
1 0.64765625 0.75 0.015625 0.03958333333333333
1 0.5453125 0.7770833333333333 0.028125 0.03333333333333333
1 0.56640625 0.8010416666666667 0.0140625 0.025
1 0.58046875 0.7760416666666666 0.0125 0.016666666666666666
1 0.6015625 0.815625 0.03125 0.041666666666666664
1 0.22890625 0.6114583333333333 0.0359375 0.03958333333333333
1 0.2671875 0.5854166666666667 0.0359375 0.058333333333333334
1 0.32421875 0.634375 0.0203125 0.035416666666666666
1 0.2234375 0.45416666666666666 0.0140625 0.03333333333333333
1 0.2484375 0.484375 0.0296875 0.041666666666666664
1 0.29296875 0.440625 0.040625 0.029166666666666667
1 0.22421875 0.409375 0.0140625 0.022916666666666665
1 0.37109375 0.31666666666666665 0.034375 0.06458333333333334
1 0.271875 0.309375 0.0671875 0.06875
1 0.39140625 0.5083333333333333 0.0265625 0.03958333333333333
1 0.4703125 0.43333333333333335 0.015625 0.027083333333333334
1 0.49140625 0.5083333333333333 0.021875 0.025
1 0.4046875 0.375 0.0234375 0.03333333333333333
1 0.53671875 0.28541666666666665 0.0296875 0.04375
1 0.57109375 0.34479166666666666 0.03125 0.05
1 0.5890625 0.30104166666666665 0.034375 0.041666666666666664
1 0.503125 0.24583333333333332 0.0390625 0.04583333333333333
1 0.38828125 0.18333333333333332 0.0234375 0.041666666666666664
1 0.3265625 0.2 0.0390625 0.041666666666666664
1 0.45234375 0.13645833333333332 0.034375 0.027083333333333334
1 0.50625 0.13333333333333333 0.0125 0.027083333333333334
1 0.56875 0.07708333333333334 0.0390625 0.041666666666666664
1 0.6875 0.115625 0.0203125 0.022916666666666665
1 0.80625 0.15520833333333334 0.034375 0.03958333333333333
1 0.85859375 0.0125 0.0359375 0.025
1 0.21953125 0.19583333333333333 0.05 0.04583333333333333
1 0.23125 0.090625 0.0359375 0.03958333333333333
1 0.2359375 0.128125 0.0109375 0.020833333333333332
1 0.26875 0.078125 0.0265625 0.029166666666666667
1 0.21875 0.05 0.0171875 0.022916666666666665
1 0.25234375 0.041666666666666664 0.0109375 0.022916666666666665
1 0.2953125 0.134375 0.0109375 0.01875
1 0.07421875 0.4239583333333333 0.0265625 0.027083333333333334
1 0.0078125 0.41458333333333336 0.015625 0.027083333333333334
1 0.08359375 0.328125 0.015625 0.020833333333333332
1 0.103125 0.6020833333333333 0.0296875 0.035416666666666666
1 0.00703125 0.7302083333333333 0.0140625 0.03125
1 0.40703125 0.9302083333333333 0.0109375 0.0125
1 0.62109375 0.43125 0.028125 0.03333333333333333
1 0.6546875 0.48333333333333334 0.0296875 0.0375
1 0.69765625 0.503125 0.01875 0.014583333333333334
1 0.73984375 0.5791666666666667 0.0265625 0.05
1 0.6453125 0.346875 0.0140625 0.0125
1 0.65703125 0.38645833333333335 0.021875 0.020833333333333332
1 0.7375 0.38229166666666664 0.015625 0.020833333333333332
1 0.7140625 0.2864583333333333 0.0203125 0.022916666666666665
1 0.70859375 0.18958333333333333 0.0125 0.022916666666666665
1 0.025 0.11145833333333334 0.0140625 0.020833333333333332
1 0.15546875 0.005208333333333333 0.01875 0.010416666666666666
1 0.75625 0.7260416666666667 0.0109375 0.01875
1 0.93203125 0.11770833333333333 0.0359375 0.041666666666666664
0 0.49375 0.8958333333333334 0.0734375 0.20416666666666666
1 0.0234375 0.05 0.0296875 0.027083333333333334
1 0.1109375 0.31666666666666665 0.0234375 0.08541666666666667
1 0.05234375 0.003125 0.00625 0.00625
1 0.1921875 0.15625 0.0140625 0.01875
1 0.83515625 0.340625 0.015625 0.01875
1 0.8515625 0.6104166666666667 0.0140625 0.020833333333333332
1 0.05703125 0.5583333333333333 0.025 0.020833333333333332
1 0.10625 0.19895833333333332 0.0125 0.016666666666666666
1 0.8125 0.046875 0.01875 0.020833333333333332
1 0.9609375 0.9614583333333333 0.0171875 0.020833333333333332