1 0.83984375 0.4166666666666667 0.0203125 0.027083333333333334
0 0.43515625 0.16145833333333334 0.5625 0.32083333333333336
0 0.434375 0.34791666666666665 0.2203125 0.6166666666666667
0 0.41484375 0.940625 0.2890625 0.11875
1 0.0875 0.057291666666666664 0.065625 0.075
1 0.2296875 0.021875 0.0328125 0.04375
1 0.275 0.0625 0.0375 0.04375
1 0.3578125 0.0125 0.028125 0.025
1 0.36640625 0.04375 0.028125 0.0375
1 0.3890625 0.08541666666666667 0.046875 0.07708333333333334
1 0.46875 0.021875 0.03125 0.03958333333333333
1 0.51484375 0.017708333333333333 0.025 0.035416666666666666
1 0.528125 0.16979166666666667 0.0515625 0.05625
1 0.5984375 0.18541666666666667 0.0640625 0.07291666666666667
1 0.65234375 0.24895833333333334 0.046875 0.06041666666666667
1 0.50078125 0.2760416666666667 0.0953125 0.1125
1 0.5671875 0.31666666666666665 0.021875 0.03125
1 0.57109375 0.371875 0.0609375 0.05416666666666667
1 0.646875 0.409375 0.028125 0.03125
1 0.59296875 0.44479166666666664 0.0375 0.03958333333333333
1 0.54921875 0.428125 0.03125 0.0375
1 0.4984375 0.4354166666666667 0.0328125 0.03958333333333333
1 0.27265625 0.3020833333333333 0.0296875 0.04375
1 0.34296875 0.24375 0.0375 0.05625
1 0.3765625 0.24583333333333332 0.0203125 0.029166666666666667
1 0.21640625 0.2604166666666667 0.0390625 0.052083333333333336
1 0.121875 0.34375 0.0734375 0.06041666666666667
1 0.20625 0.396875 0.0296875 0.0375
1 0.2703125 0.41041666666666665 0.0203125 0.01875
1 0.32890625 0.5583333333333333 0.0421875 0.058333333333333334
1 0.21328125 0.515625 0.0203125 0.03125
1 0.234375 0.5625 0.0296875 0.03958333333333333
1 0.0984375 0.4395833333333333 0.053125 0.06666666666666667
1 0.0578125 0.49895833333333334 0.05625 0.17291666666666666
1 0.08203125 0.6208333333333333 0.0203125 0.022916666666666665
1 0.90234375 0.025 0.0203125 0.03125
1 0.8171875 0.025 0.0296875 0.04375
1 0.8578125 0.12708333333333333 0.0765625 0.10416666666666667
1 0.75546875 0.14791666666666667 0.075 0.14166666666666666
1 0.98984375 0.36770833333333336 0.0203125 0.035416666666666666
1 0.87890625 0.303125 0.0140625 0.01875
1 0.978125 0.46875 0.04375 0.06666666666666667
1 0.98671875 0.5197916666666667 0.015625 0.020833333333333332
1 0.87578125 0.44583333333333336 0.0375 0.07916666666666666
1 0.79296875 0.42916666666666664 0.021875 0.035416666666666666
1 0.78671875 0.47604166666666664 0.0375 0.04583333333333333
1 0.725 0.33125 0.0125 0.020833333333333332
1 0.746875 0.5291666666666667 0.0140625 0.01875
1 0.72265625 0.5604166666666667 0.0234375 0.0375
1 0.7109375 0.6135416666666667 0.025 0.016666666666666666
1 0.809375 0.5427083333333333 0.0546875 0.06875
1 0.8734375 0.5864583333333333 0.0671875 0.058333333333333334
1 0.84453125 0.6614583333333334 0.0125 0.025
1 0.99609375 0.6802083333333333 0.0078125 0.025
1 0.89453125 0.7625 0.0203125 0.029166666666666667
1 0.86640625 0.690625 0.0140625 0.01875
1 0.93671875 0.8010416666666667 0.0125 0.020833333333333332
1 0.9921875 0.940625 0.015625 0.03333333333333333
1 0.94921875 0.9885416666666667 0.021875 0.022916666666666665
1 0.86015625 0.9072916666666667 0.0390625 0.058333333333333334
1 0.7859375 0.95 0.059375 0.052083333333333336
1 0.67421875 0.85 0.01875 0.029166666666666667
1 0.74609375 0.840625 0.015625 0.020833333333333332
1 0.75859375 0.753125 0.0125 0.020833333333333332
1 0.88828125 0.91875 0.009375 0.020833333333333332
1 0.61875 0.9760416666666667 0.0625 0.04791666666666667
1 0.48359375 0.8104166666666667 0.0453125 0.04791666666666667
1 0.4125 0.7614583333333333 0.0515625 0.08125
1 0.31875 0.7833333333333333 0.046875 0.07083333333333333
1 0.328125 0.8520833333333333 0.034375 0.03958333333333333
1 0.378125 0.86875 0.078125 0.11875
1 0.5 0.6927083333333334 0.0765625 0.07708333333333334
1 0.5546875 0.7822916666666667 0.06875 0.10625
1 0.63359375 0.7625 0.0265625 0.05625
1 0.5453125 0.9083333333333333 0.084375 0.13125
1 0.5765625 0.8572916666666667 0.0171875 0.03125
1 0.55 0.5645833333333333 0.084375 0.09166666666666666
1 0.609375 0.621875 0.021875 0.025
1 0.615625 0.5760416666666667 0.015625 0.016666666666666666
1 0.62578125 0.659375 0.046875 0.041666666666666664
1 0.3265625 0.9729166666666667 0.0453125 0.0375
1 0.21796875 0.8635416666666667 0.028125 0.0375
1 0.175 0.903125 0.0375 0.058333333333333334
1 0.134375 0.9395833333333333 0.040625 0.06458333333333334
1 0.078125 0.8229166666666666 0.040625 0.06041666666666667
1 0.12890625 0.821875 0.025 0.04583333333333333
1 0.19140625 0.74375 0.0765625 0.10416666666666667
1 0.38671875 0.6229166666666667 0.028125 0.041666666666666664
1 0.3203125 0.41354166666666664 0.0265625 0.01875