1 0.64453125 0.6604166666666667 0.025 0.020833333333333332
1 0.87890625 0.340625 0.0140625 0.014583333333333334
1 0.8390625 0.2604166666666667 0.05 0.04375
1 0.91796875 0.23958333333333334 0.0296875 0.03958333333333333
1 0.60546875 0.13645833333333332 0.0296875 0.03125
1 0.5171875 0.14791666666666667 0.0421875 0.04583333333333333
1 0.4796875 0.11354166666666667 0.025 0.025
1 0.42109375 0.04791666666666667 0.040625 0.05625
0 0.69921875 0.14166666666666666 0.0890625 0.26666666666666666
0 0.6421875 0.440625 0.1453125 0.1
0 0.7015625 0.6302083333333334 0.159375 0.175
0 0.74296875 0.9114583333333334 0.2328125 0.17708333333333334
1 0.51953125 0.36041666666666666 0.021875 0.041666666666666664
1 0.3828125 0.28541666666666665 0.01875 0.01875
1 0.39296875 0.328125 0.021875 0.03333333333333333
1 0.4703125 0.278125 0.040625 0.05416666666666667
1 0.5296875 0.24791666666666667 0.0453125 0.0375
1 0.5265625 0.28229166666666666 0.0296875 0.035416666666666666
1 0.575 0.31666666666666665 0.03125 0.029166666666666667
1 0.63359375 0.21875 0.0171875 0.029166666666666667
1 0.6890625 0.3541666666666667 0.0453125 0.0375
1 0.79375 0.33541666666666664 0.021875 0.027083333333333334
1 0.82578125 0.353125 0.0359375 0.03333333333333333
1 0.36015625 0.022916666666666665 0.034375 0.035416666666666666
1 0.3671875 0.057291666666666664 0.015625 0.020833333333333332
1 0.76796875 0.04583333333333333 0.01875 0.022916666666666665
1 0.86875 0.011458333333333333 0.021875 0.01875
1 0.7640625 0.6020833333333333 0.0359375 0.05625
1 0.83046875 0.525 0.03125 0.029166666666666667
1 0.86328125 0.5854166666666667 0.03125 0.0375
1 0.8953125 0.540625 0.0265625 0.03333333333333333
1 0.7421875 0.490625 0.025 0.04583333333333333
1 0.5171875 0.7322916666666667 0.03125 0.05
1 0.55625 0.83125 0.0609375 0.06666666666666667
1 0.5609375 0.95 0.0546875 0.06041666666666667
1 0.753125 0.23854166666666668 0.0265625 0.0375
1 0.6046875 0.0125 0.021875 0.020833333333333332
1 0.65703125 0.028125 0.01875 0.025
1 0.14375 0.23229166666666667 0.040625 0.06041666666666667
1 0.15703125 0.46145833333333336 0.0328125 0.0375
1 0.3765625 0.5885416666666666 0.025 0.03333333333333333
1 0.4078125 0.48020833333333335 0.0296875 0.0375
1 0.41875 0.5572916666666666 0.0265625 0.04375
1 0.56640625 0.50625 0.0296875 0.035416666666666666
1 0.725 0.725 0.01875 0.035416666666666666
1 0.75625 0.6552083333333333 0.0328125 0.03958333333333333
1 0.85 0.8854166666666666 0.0390625 0.0625
1 0.98046875 0.7875 0.0390625 0.041666666666666664
1 0.37734375 0.8260416666666667 0.03125 0.05
1 0.23515625 0.7072916666666667 0.034375 0.03958333333333333
1 0.31953125 0.8135416666666667 0.021875 0.041666666666666664
1 0.34140625 0.90625 0.0265625 0.035416666666666666
1 0.39609375 0.7770833333333333 0.0140625 0.01875
1 0.41640625 0.8270833333333333 0.0203125 0.03333333333333333
1 0.24765625 0.9552083333333333 0.021875 0.029166666666666667
1 0.2625 0.90625 0.0171875 0.029166666666666667
1 0.315625 0.9322916666666666 0.0328125 0.05416666666666667
1 0.503125 0.9072916666666667 0.028125 0.035416666666666666
1 0.49609375 0.834375 0.015625 0.022916666666666665
1 0.78671875 0.9375 0.0203125 0.025
1 0.796875 0.5583333333333333 0.0234375 0.029166666666666667
1 0.96640625 0.49166666666666664 0.021875 0.01875
1 0.71953125 0.5458333333333333 0.0234375 0.020833333333333332
1 0.175 0.340625 0.03125 0.041666666666666664
1 0.3171875 0.7208333333333333 0.028125 0.03333333333333333
1 0.62265625 0.09270833333333334 0.01875 0.029166666666666667
1 0.6921875 0.05520833333333333 0.0265625 0.035416666666666666
1 0.18671875 0.8666666666666667 0.015625 0.029166666666666667
1 0.60703125 0.8541666666666666 0.021875 0.029166666666666667
1 0.934375 0.3229166666666667 0.034375 0.025
1 0.878125 0.08125 0.0234375 0.022916666666666665