1 0.409765625 0.3645833333333333 0.02265625 0.03888888888888889
1 0.501171875 0.3951388888888889 0.0171875 0.0375
1 0.43359375 0.5270833333333333 0.015625 0.03888888888888889
1 0.447265625 0.5444444444444444 0.0140625 0.016666666666666666
1 0.4671875 0.5270833333333333 0.015625 0.03194444444444444
1 0.544140625 0.49722222222222223 0.02734375 0.022222222222222223
1 0.584765625 0.4965277777777778 0.059375 0.08194444444444444
1 0.5625 0.36041666666666666 0.0375 0.06666666666666667
1 0.594140625 0.35347222222222224 0.02578125 0.0763888888888889
1 0.63046875 0.2638888888888889 0.0109375 0.02638888888888889
1 0.64296875 0.3875 0.03828125 0.06527777777777778
1 0.703515625 0.4131944444444444 0.01484375 0.03333333333333333
1 0.772265625 0.5229166666666667 0.03203125 0.05555555555555555
1 0.635546875 0.6395833333333333 0.028125 0.05138888888888889
1 0.701171875 0.7784722222222222 0.00859375 0.029166666666666667
1 0.71953125 0.8173611111111111 0.03046875 0.08194444444444444
1 0.638671875 0.8590277777777777 0.0125 0.029166666666666667
1 0.6609375 0.9291666666666667 0.02578125 0.034722222222222224
1 0.619921875 0.9708333333333333 0.0265625 0.04027777777777778
1 0.44921875 0.7909722222222222 0.0203125 0.034722222222222224
1 0.408984375 0.8361111111111111 0.02421875 0.044444444444444446
1 0.390234375 0.85625 0.0125 0.020833333333333332
1 0.465625 0.9222222222222223 0.01640625 0.030555555555555555
1 0.48046875 0.7375 0.02890625 0.0763888888888889
1 0.5125 0.6986111111111111 0.0265625 0.04861111111111111
1 0.965234375 0.58125 0.0171875 0.03333333333333333
1 0.946484375 0.4888888888888889 0.021875 0.041666666666666664
1 0.968359375 0.2875 0.01171875 0.018055555555555554
1 0.997265625 0.37222222222222223 0.00546875 0.013888888888888888
1 0.957421875 0.19166666666666668 0.02109375 0.034722222222222224
1 0.648828125 0.07083333333333333 0.0140625 0.018055555555555554
1 0.10546875 0.15694444444444444 0.01484375 0.027777777777777776
1 0.232421875 0.5618055555555556 0.009375 0.018055555555555554
1 0.45546875 0.6472222222222223 0.01171875 0.015277777777777777
1 0.023828125 0.2375 0.03046875 0.06805555555555555
1 0.17890625 0.8708333333333333 0.02734375 0.04861111111111111
1 0.2109375 0.9020833333333333 0.034375 0.075
1 0.166796875 0.9895833333333334 0.028125 0.020833333333333332
1 0.09453125 0.6680555555555555 0.0171875 0.027777777777777776
1 0.04375 0.6729166666666667 0.0171875 0.025
1 0.126171875 0.24722222222222223 0.02265625 0.05694444444444444
1 0.06796875 0.1326388888888889 0.04140625 0.09861111111111111
1 0.021875 0.4888888888888889 0.01328125 0.027777777777777776
1 0.051171875 0.575 0.01484375 0.018055555555555554
1 0.10390625 0.45555555555555555 0.0234375 0.044444444444444446
1 0.191796875 0.41875 0.034375 0.04583333333333333
0 0.712109375 0.09930555555555555 0.13359375 0.1986111111111111
0 0.748828125 0.3388888888888889 0.20703125 0.4597222222222222
0 0.765625 0.5111111111111111 0.296875 0.2388888888888889
0 0.7296875 0.825 0.1515625 0.22083333333333333
0 0.7671875 0.9055555555555556 0.14921875 0.18888888888888888
0 0.08828125 0.8715277777777778 0.1765625 0.2569444444444444
0 0.144921875 0.43819444444444444 0.2140625 0.3333333333333333
1 0.198828125 0.2048611111111111 0.01875 0.03333333333333333
1 0.175 0.004166666666666667 0.01015625 0.008333333333333333
1 0.433984375 0.05277777777777778 0.01953125 0.03333333333333333