1 0.5359375 0.38680555555555557 0.03984375 0.08888888888888889
1 0.497265625 0.28402777777777777 0.04296875 0.08333333333333333
1 0.984375 0.40208333333333335 0.03125 0.03194444444444444
1 0.791015625 0.30833333333333335 0.06484375 0.09722222222222222
1 0.82890625 0.3423611111111111 0.05 0.09305555555555556
1 0.828515625 0.075 0.0421875 0.04722222222222222
1 0.80703125 0.019444444444444445 0.0328125 0.03888888888888889
1 0.746484375 0.019444444444444445 0.05 0.03888888888888889
1 0.7171875 0.11666666666666667 0.0625 0.13333333333333333
1 0.691796875 0.19166666666666668 0.02890625 0.041666666666666664
1 0.715625 0.24930555555555556 0.0625 0.10694444444444444
1 0.66328125 0.27361111111111114 0.0328125 0.05416666666666667
1 0.709375 0.42777777777777776 0.0265625 0.041666666666666664
1 0.65703125 0.3798611111111111 0.05859375 0.11944444444444445
1 0.608984375 0.3548611111111111 0.028125 0.06111111111111111
1 0.6125 0.2875 0.04375 0.07361111111111111
1 0.578125 0.2826388888888889 0.040625 0.0763888888888889
1 0.581640625 0.3368055555555556 0.0171875 0.034722222222222224
1 0.7109375 0.5395833333333333 0.02578125 0.044444444444444446
1 0.70859375 0.6097222222222223 0.04453125 0.09166666666666666
1 0.8734375 0.5868055555555556 0.0203125 0.027777777777777776
1 0.878515625 0.6888888888888889 0.0890625 0.1361111111111111
1 0.35625 0.09027777777777778 0.0203125 0.05555555555555555
1 0.04453125 0.8916666666666667 0.03125 0.05
1 0.075390625 0.8583333333333333 0.02109375 0.030555555555555555
1 0.045703125 0.8444444444444444 0.01796875 0.03333333333333333
1 0.127734375 0.9166666666666666 0.01328125 0.018055555555555554
1 0.155859375 0.975 0.034375 0.05
1 0.148828125 0.8722222222222222 0.02578125 0.03194444444444444
1 0.297265625 0.9854166666666667 0.021875 0.029166666666666667
1 0.26875 0.9645833333333333 0.02734375 0.07083333333333333
1 0.411328125 0.8041666666666667 0.0390625 0.04722222222222222
1 0.23515625 0.85625 0.0390625 0.07083333333333333
1 0.355859375 0.7590277777777777 0.009375 0.027777777777777776
1 0.2734375 0.8027777777777778 0.01640625 0.03333333333333333
1 0.219921875 0.79375 0.02421875 0.05277777777777778
1 0.197265625 0.7895833333333333 0.015625 0.03333333333333333
1 0.16171875 0.7506944444444444 0.0546875 0.07777777777777778
1 0.21875 0.7180555555555556 0.01640625 0.02361111111111111
1 0.17890625 0.6923611111111111 0.028125 0.0375
1 0.1625 0.6708333333333333 0.0109375 0.016666666666666666
1 0.21875 0.6416666666666667 0.04453125 0.07222222222222222
1 0.2609375 0.6520833333333333 0.0375 0.07083333333333333
1 0.05390625 0.36319444444444443 0.01953125 0.019444444444444445
1 0.059375 0.3020833333333333 0.0171875 0.059722222222222225
1 0.08828125 0.39791666666666664 0.021875 0.03611111111111111
1 0.93125 0.7604166666666666 0.04296875 0.09583333333333334
1 0.1 0.4423611111111111 0.034375 0.06527777777777778
1 0.140625 0.5451388888888888 0.01015625 0.020833333333333332
1 0.18046875 0.5131944444444444 0.0203125 0.025
1 0.227734375 0.55 0.04375 0.0625
1 0.19765625 0.4888888888888889 0.021875 0.03888888888888889
1 0.22265625 0.46944444444444444 0.025 0.06527777777777778
1 0.306640625 0.4951388888888889 0.04765625 0.1125
1 0.26328125 0.4423611111111111 0.05703125 0.07777777777777778
1 0.261328125 0.37777777777777777 0.03828125 0.05416666666666667
1 0.096484375 0.31666666666666665 0.0328125 0.05
1 0.216015625 0.26875 0.02734375 0.04861111111111111
1 0.160546875 0.1840277777777778 0.0328125 0.059722222222222225
1 0.23359375 0.19375 0.0328125 0.058333333333333334
1 0.26875 0.18263888888888888 0.03046875 0.04722222222222222
1 0.2640625 0.10208333333333333 0.04296875 0.05
1 0.168359375 0.02361111111111111 0.04609375 0.04722222222222222
1 0.074609375 0.022916666666666665 0.04375 0.04583333333333333
1 0.66953125 0.027777777777777776 0.03046875 0.05555555555555555
1 0.518359375 0.08541666666666667 0.01015625 0.020833333333333332
1 0.53984375 0.11388888888888889 0.01171875 0.027777777777777776
1 0.49921875 0.03611111111111111 0.06328125 0.07222222222222222
1 0.573828125 0.18472222222222223 0.05 0.10555555555555556
1 0.5359375 0.17083333333333334 0.021875 0.04027777777777778
0 0.08671875 0.18472222222222223 0.17109375 0.36944444444444446
0 0.10234375 0.4013888888888889 0.16171875 0.1527777777777778
0 0.153125 0.6520833333333333 0.184375 0.16805555555555557
0 0.103125 0.8229166666666666 0.13984375 0.35
0 0.7078125 0.8430555555555556 0.24296875 0.3111111111111111
0 0.658984375 0.7055555555555556 0.1390625 0.5833333333333334
0 0.654296875 0.13819444444444445 0.14921875 0.2763888888888889
0 0.631640625 0.0798611111111111 0.0625 0.1597222222222222
1 0.933984375 0.12361111111111112 0.0203125 0.03888888888888889
1 0.87421875 0.1284722222222222 0.02421875 0.058333333333333334
1 0.946875 0.19444444444444445 0.05703125 0.08611111111111111
1 0.909375 0.30486111111111114 0.03046875 0.07222222222222222
1 0.96328125 0.3625 0.0375 0.0625
1 0.99375 0.3145833333333333 0.0125 0.0625
1 0.980078125 0.8277777777777777 0.03984375 0.0625
1 0.882421875 0.8868055555555555 0.03828125 0.07083333333333333
1 0.91796875 0.9215277777777777 0.01640625 0.034722222222222224
1 0.901953125 0.9506944444444444 0.0125 0.04722222222222222
1 0.928515625 0.975 0.01953125 0.0375
1 0.817578125 0.8777777777777778 0.0234375 0.034722222222222224
1 0.783203125 0.9159722222222222 0.0484375 0.08194444444444444
1 0.737109375 0.8194444444444444 0.0265625 0.05138888888888889
1 0.709375 0.88125 0.0234375 0.05694444444444444
1 0.705859375 0.8180555555555555 0.015625 0.019444444444444445
1 0.716015625 0.7090277777777778 0.0328125 0.05416666666666667
1 0.7328125 0.9472222222222222 0.028125 0.034722222222222224
1 0.704296875 0.96875 0.025 0.04861111111111111
1 0.562890625 0.8305555555555556 0.0390625 0.09305555555555556
1 0.611328125 0.8854166666666666 0.04375 0.1125
1 0.575390625 0.9159722222222222 0.0203125 0.03888888888888889
1 0.546484375 0.9729166666666667 0.01171875 0.030555555555555555
1 0.615625 0.9895833333333334 0.01484375 0.020833333333333332
1 0.471484375 0.7583333333333333 0.03984375 0.07777777777777778
1 0.5703125 0.6979166666666666 0.06328125 0.1
1 0.629296875 0.7104166666666667 0.01875 0.06111111111111111
1 0.57734375 0.5888888888888889 0.021875 0.044444444444444446
1 0.603125 0.6243055555555556 0.02890625 0.04583333333333333
1 0.66796875 0.5708333333333333 0.01640625 0.0375
1 0.54921875 0.5402777777777777 0.025 0.04861111111111111
1 0.508203125 0.6194444444444445 0.0125 0.027777777777777776
1 0.467578125 0.46041666666666664 0.0234375 0.05416666666666667