1 0.19296875 0.184375 0.025 0.035416666666666666
1 0.93046875 0.03333333333333333 0.01875 0.04583333333333333
1 0.8625 0.057291666666666664 0.0109375 0.025
1 0.0484375 0.93125 0.01875 0.022916666666666665
1 0.2234375 0.146875 0.028125 0.04375
1 0.3046875 0.43645833333333334 0.0140625 0.016666666666666666
1 0.28671875 0.37083333333333335 0.021875 0.03958333333333333
1 0.48046875 0.171875 0.0328125 0.03125
1 0.61328125 0.014583333333333334 0.0234375 0.029166666666666667
1 0.7109375 0.03854166666666667 0.0203125 0.03333333333333333
1 0.16640625 0.34479166666666666 0.0171875 0.01875
1 0.1109375 0.29583333333333334 0.0296875 0.01875
1 0.0078125 0.20833333333333334 0.015625 0.08333333333333333
1 0.01015625 0.096875 0.01875 0.04791666666666667
1 0.175 0.7072916666666667 0.0296875 0.03125
1 0.01171875 0.5989583333333334 0.0140625 0.03958333333333333
1 0.00859375 0.5197916666666667 0.0171875 0.0375
1 0.38671875 0.7364583333333333 0.034375 0.041666666666666664
1 0.18828125 0.9 0.034375 0.041666666666666664
1 0.09609375 0.9072916666666667 0.0359375 0.0375
1 0.87890625 0.8875 0.0171875 0.0375
1 0.59296875 0.95625 0.0234375 0.03333333333333333
1 0.63203125 0.9458333333333333 0.0265625 0.041666666666666664
1 0.52421875 0.44375 0.01875 0.025
1 0.57265625 0.3770833333333333 0.03125 0.04791666666666667
1 0.25703125 0.434375 0.0328125 0.0625
1 0.221875 0.45729166666666665 0.015625 0.01875
1 0.14296875 0.5052083333333334 0.0265625 0.04375
1 0.0953125 0.45 0.0671875 0.04375
1 0.29765625 0.07291666666666667 0.0234375 0.041666666666666664
1 0.16015625 0.10208333333333333 0.053125 0.052083333333333336
1 0.70078125 0.23229166666666667 0.021875 0.027083333333333334
1 0.61953125 0.16041666666666668 0.0328125 0.08125
1 0.990625 0.6895833333333333 0.0171875 0.05
1 0.70625 0.8583333333333333 0.01875 0.03125
1 0.7234375 0.6729166666666667 0.021875 0.04583333333333333
1 0.65 0.71875 0.0734375 0.13333333333333333
1 0.46796875 0.9729166666666667 0.053125 0.05416666666666667
0 0.34609375 0.9427083333333334 0.04375 0.11458333333333333
0 0.32734375 0.8114583333333333 0.3125 0.14166666666666666
0 0.40390625 0.4270833333333333 0.196875 0.25416666666666665
0 0.3953125 0.15 0.29375 0.17916666666666667