1 0.45625 0.25416666666666665 0.028125 0.08194444444444444
1 0.237109375 0.044444444444444446 0.021875 0.04027777777777778
1 0.23671875 0.20416666666666666 0.021875 0.04583333333333333
1 0.1390625 0.18680555555555556 0.0375 0.05555555555555555
1 0.035546875 0.3451388888888889 0.02109375 0.034722222222222224
1 0.11796875 0.4027777777777778 0.01484375 0.022222222222222223
1 0.815625 0.9951388888888889 0.025 0.009722222222222222
1 0.87734375 0.41180555555555554 0.0203125 0.02638888888888889
1 0.916796875 0.47708333333333336 0.0140625 0.013888888888888888
1 0.9 0.33819444444444446 0.01171875 0.022222222222222223
1 0.88203125 0.3145833333333333 0.009375 0.02638888888888889
1 0.8984375 0.2923611111111111 0.01015625 0.018055555555555554
1 0.957421875 0.24513888888888888 0.02265625 0.044444444444444446
1 0.759765625 0.13055555555555556 0.05390625 0.08888888888888889
1 0.698828125 0.2326388888888889 0.04453125 0.10416666666666667
1 0.594921875 0.1125 0.0234375 0.04027777777777778
1 0.666015625 0.11736111111111111 0.01796875 0.027777777777777776
1 0.942578125 0.029166666666666667 0.053125 0.058333333333333334
1 0.966796875 0.04027777777777778 0.01796875 0.044444444444444446
1 0.964453125 0.10416666666666667 0.02265625 0.04722222222222222
1 0.921484375 0.13194444444444445 0.03359375 0.04722222222222222
1 0.83828125 0.16041666666666668 0.01328125 0.029166666666666667
1 0.867578125 0.15902777777777777 0.015625 0.025
1 0.766015625 0.22083333333333333 0.01171875 0.02361111111111111
1 0.358984375 0.6638888888888889 0.0140625 0.03194444444444444
1 0.441796875 0.04236111111111111 0.01015625 0.022222222222222223
1 0.569921875 0.8951388888888889 0.021875 0.04722222222222222
1 0.53359375 0.8263888888888888 0.03125 0.043055555555555555
1 0.503125 0.8631944444444445 0.03125 0.07916666666666666
1 0.4859375 0.7444444444444445 0.021875 0.044444444444444446
1 0.519140625 0.7090277777777778 0.03359375 0.07777777777777778
1 0.53125 0.7638888888888888 0.02109375 0.0375
1 0.491015625 0.6854166666666667 0.01640625 0.03333333333333333
1 0.489453125 0.6208333333333333 0.0234375 0.05694444444444444
1 0.444921875 0.6430555555555556 0.015625 0.020833333333333332
1 0.066796875 0.4618055555555556 0.034375 0.029166666666666667
1 0.556640625 0.5409722222222222 0.01484375 0.03333333333333333
1 0.128125 0.4673611111111111 0.03359375 0.05555555555555555
1 0.180859375 0.44513888888888886 0.04375 0.05416666666666667
1 0.10625 0.8756944444444444 0.0203125 0.027777777777777776
1 0.13203125 0.9875 0.02109375 0.025
1 0.150390625 0.9430555555555555 0.04765625 0.07916666666666666
1 0.28046875 0.88125 0.01796875 0.034722222222222224
1 0.303125 0.9944444444444445 0.0171875 0.011111111111111112
1 0.270703125 0.9479166666666666 0.06796875 0.09583333333333334
1 0.22734375 0.7840277777777778 0.01953125 0.0375
1 0.25703125 0.6708333333333333 0.03203125 0.034722222222222224
1 0.5609375 0.7069444444444445 0.01875 0.03611111111111111
0 0.107421875 0.075 0.21484375 0.15
0 0.1109375 0.3284722222222222 0.21796875 0.12916666666666668
0 0.11328125 0.6715277777777777 0.15390625 0.3541666666666667
0 0.116015625 0.8319444444444445 0.23203125 0.15
0 0.150390625 0.9590277777777778 0.09921875 0.08194444444444444
0 0.62578125 0.9229166666666667 0.06796875 0.15416666666666667
0 0.66953125 0.7777777777777778 0.16875 0.4444444444444444
0 0.608984375 0.5881944444444445 0.16015625 0.4666666666666667
0 0.62265625 0.35555555555555557 0.2453125 0.23333333333333334
0 0.640234375 0.18472222222222223 0.12890625 0.36944444444444446
1 0.600390625 0.5701388888888889 0.0296875 0.05416666666666667
1 0.575390625 0.6083333333333333 0.0265625 0.0375
1 0.5953125 0.7215277777777778 0.0375 0.06805555555555555
1 0.21796875 0.6583333333333333 0.01953125 0.03888888888888889
1 0.14296875 0.5611111111111111 0.01640625 0.029166666666666667
1 0.158203125 0.5472222222222223 0.01484375 0.027777777777777776
1 0.18515625 0.5777777777777777 0.0203125 0.03194444444444444
1 0.2546875 0.5076388888888889 0.01875 0.029166666666666667
1 0.240625 0.5354166666666667 0.0171875 0.0125
1 0.306640625 0.4909722222222222 0.03203125 0.03888888888888889
1 0.440625 0.54375 0.01328125 0.018055555555555554
1 0.423828125 0.45208333333333334 0.01875 0.03333333333333333
1 0.476171875 0.4527777777777778 0.00703125 0.0125
1 0.467578125 0.42083333333333334 0.01171875 0.0125
1 0.42421875 0.39166666666666666 0.07578125 0.11805555555555555
1 0.51171875 0.425 0.0375 0.07916666666666666
1 0.5203125 0.5243055555555556 0.02890625 0.041666666666666664
1 0.546875 0.5680555555555555 0.015625 0.03333333333333333
1 0.490234375 0.9569444444444445 0.09140625 0.08611111111111111
1 0.551171875 0.9645833333333333 0.025 0.043055555555555555
1 0.6 0.9861111111111112 0.01640625 0.027777777777777776
1 0.84140625 0.075 0.0125 0.027777777777777776
1 0.884375 0.013888888888888888 0.03828125 0.027777777777777776
1 0.73203125 0.9236111111111112 0.0296875 0.04027777777777778
1 0.73515625 0.7375 0.01015625 0.013888888888888888
1 0.962109375 0.9458333333333333 0.009375 0.016666666666666666
1 0.984375 0.8277777777777777 0.01171875 0.022222222222222223
1 0.996875 0.7180555555555556 0.00625 0.02361111111111111
1 0.969140625 0.5479166666666667 0.009375 0.016666666666666666
1 0.981640625 0.5770833333333333 0.01328125 0.022222222222222223
1 0.981640625 0.5104166666666666 0.0125 0.025
1 0.478515625 0.22916666666666666 0.0203125 0.03333333333333333
1 0.629296875 0.35833333333333334 0.0328125 0.05694444444444444
1 0.673828125 0.4 0.02890625 0.0375
1 0.65859375 0.5534722222222223 0.01796875 0.034722222222222224
1 0.670703125 0.6041666666666666 0.0125 0.027777777777777776
1 0.676171875 0.48541666666666666 0.02734375 0.07361111111111111
1 0.76328125 0.5118055555555555 0.0703125 0.07361111111111111
1 0.7765625 0.44375 0.03828125 0.06527777777777778
1 0.815234375 0.4909722222222222 0.0109375 0.019444444444444445
1 0.7140625 0.4111111111111111 0.0109375 0.0125
1 0.707421875 0.36041666666666666 0.0203125 0.030555555555555555
1 0.830859375 0.5722222222222222 0.03828125 0.044444444444444446
1 0.84609375 0.6236111111111111 0.03671875 0.06527777777777778
1 0.887890625 0.6548611111111111 0.0234375 0.03333333333333333
1 0.7828125 0.7986111111111112 0.028125 0.0375
1 0.894140625 0.7486111111111111 0.01484375 0.027777777777777776
1 0.914453125 0.7298611111111111 0.02734375 0.043055555555555555
1 0.868359375 0.8444444444444444 0.01640625 0.027777777777777776
1 0.82734375 0.9104166666666667 0.02421875 0.04027777777777778
1 0.73515625 0.03263888888888889 0.01015625 0.020833333333333332
1 0.703515625 0.07152777777777777 0.0203125 0.029166666666666667
1 0.66015625 0.009027777777777777 0.0140625 0.018055555555555554
1 0.66875 0.0625 0.01484375 0.030555555555555555
1 0.62265625 0.027083333333333334 0.0125 0.030555555555555555
1 0.503125 0.1597222222222222 0.021875 0.04027777777777778
1 0.582421875 0.18263888888888888 0.02421875 0.04027777777777778
1 0.553515625 0.16111111111111112 0.028125 0.0375
1 0.527734375 0.2791666666666667 0.021875 0.034722222222222224
1 0.510546875 0.31875 0.03125 0.07083333333333333
1 0.467578125 0.3090277777777778 0.015625 0.030555555555555555
1 0.27265625 0.07569444444444444 0.02578125 0.04027777777777778