1 0.73359375 0.590625 0.021875 0.022916666666666665
1 0.7828125 0.359375 0.021875 0.022916666666666665
1 0.26171875 0.6989583333333333 0.0265625 0.04375
1 0.584375 0.20833333333333334 0.0265625 0.0625
0 0.65546875 0.9052083333333333 0.1453125 0.18958333333333333
0 0.6390625 0.6229166666666667 0.0859375 0.29583333333333334
0 0.6203125 0.41354166666666664 0.2171875 0.15416666666666667
0 0.6453125 0.1625 0.1109375 0.325
1 0.71875 0.175 0.015625 0.01875
1 0.33203125 0.41770833333333335 0.021875 0.01875
1 0.659375 0.7739583333333333 0.0234375 0.01875
1 0.4953125 0.042708333333333334 0.015625 0.025
1 0.61796875 0.4875 0.0640625 0.10416666666666667
1 0.4515625 0.5072916666666667 0.078125 0.052083333333333336
1 0.40546875 0.4270833333333333 0.034375 0.035416666666666666
1 0.45546875 0.415625 0.0453125 0.0375
1 0.49140625 0.5625 0.071875 0.06041666666666667
1 0.309375 0.9416666666666667 0.03125 0.035416666666666666
1 0.8828125 0.7885416666666667 0.0140625 0.020833333333333332
1 0.559375 0.7302083333333333 0.03125 0.035416666666666666
1 0.36328125 0.6364583333333333 0.0296875 0.029166666666666667
1 0.45078125 0.7739583333333333 0.0546875 0.052083333333333336
1 0.81796875 0.50625 0.0171875 0.01875
1 0.39375 0.027083333333333334 0.0234375 0.029166666666666667
1 0.55625 0.6489583333333333 0.0328125 0.035416666666666666
1 0.371875 0.45416666666666666 0.021875 0.035416666666666666
1 0.4765625 0.3770833333333333 0.028125 0.03125
1 0.56875 0.3614583333333333 0.0375 0.03125
1 0.56640625 0.55 0.015625 0.016666666666666666
1 0.53828125 0.76875 0.028125 0.03333333333333333
1 0.3046875 0.884375 0.0359375 0.035416666666666666
1 0.39765625 0.8291666666666667 0.0234375 0.025
1 0.1484375 0.016666666666666666 0.0359375 0.03333333333333333
1 0.8375 0.278125 0.025 0.03958333333333333
1 0.45859375 0.928125 0.03125 0.0375
1 0.8375 0.225 0.0328125 0.0375
1 0.83671875 0.33125 0.025 0.020833333333333332
1 0.7609375 0.7020833333333333 0.0234375 0.035416666666666666
1 0.8 0.7833333333333333 0.01875 0.03125
1 0.81796875 0.7020833333333333 0.0203125 0.025
1 0.85859375 0.6364583333333333 0.021875 0.027083333333333334
1 0.784375 0.53125 0.0171875 0.01875
1 0.8015625 0.621875 0.015625 0.025
1 0.8859375 0.26979166666666665 0.025 0.029166666666666667
1 0.88984375 0.09166666666666666 0.0234375 0.05
1 0.73046875 0.04895833333333333 0.059375 0.05416666666666667
1 0.69453125 0.11875 0.028125 0.0375
1 0.38984375 0.15625 0.015625 0.020833333333333332
1 0.4359375 0.014583333333333334 0.0296875 0.027083333333333334
1 0.55390625 0.16770833333333332 0.021875 0.01875
1 0.57734375 0.94375 0.01875 0.022916666666666665
1 0.82265625 0.8947916666666667 0.0171875 0.025
1 0.8421875 0.91875 0.01875 0.027083333333333334
1 0.746875 0.884375 0.028125 0.03333333333333333