1 0.33046875 0.13958333333333334 0.0125 0.020833333333333332
1 0.27421875 0.0875 0.0265625 0.027083333333333334
1 0.284375 0.009375 0.0203125 0.01875
1 0.51640625 0.13020833333333334 0.0203125 0.03958333333333333
1 0.51484375 0.05520833333333333 0.028125 0.04375
1 0.5921875 0.025 0.0203125 0.022916666666666665
1 0.5796875 0.20833333333333334 0.0296875 0.029166666666666667
1 0.51640625 0.3072916666666667 0.028125 0.03333333333333333
1 0.534375 0.3645833333333333 0.0328125 0.022916666666666665
1 0.60390625 0.38958333333333334 0.0109375 0.022916666666666665
1 0.6875 0.36666666666666664 0.0203125 0.025
1 0.753125 0.3125 0.01875 0.03125
1 0.85546875 0.7552083333333334 0.015625 0.022916666666666665
1 0.68671875 0.9864583333333333 0.025 0.027083333333333334
1 0.51875 0.95 0.0171875 0.03333333333333333
1 0.45625 0.8666666666666667 0.034375 0.03125
1 0.7921875 0.12291666666666666 0.0203125 0.020833333333333332
1 0.65859375 0.19166666666666668 0.01875 0.01875
1 0.55 0.2125 0.021875 0.03125
1 0.35703125 0.17604166666666668 0.0125 0.020833333333333332
1 0.53671875 0.8708333333333333 0.0296875 0.03333333333333333
1 0.63046875 0.9177083333333333 0.015625 0.022916666666666665
1 0.4015625 0.75 0.025 0.022916666666666665
1 0.3046875 0.7489583333333333 0.040625 0.035416666666666666
1 0.25390625 0.8229166666666666 0.0328125 0.04791666666666667
1 0.24140625 0.8604166666666667 0.015625 0.016666666666666666
1 0.190625 0.8229166666666666 0.0171875 0.022916666666666665
1 0.1421875 0.9479166666666666 0.0359375 0.03333333333333333
1 0.08671875 0.9583333333333334 0.025 0.016666666666666666
1 0.14453125 0.684375 0.0421875 0.041666666666666664
1 0.30625 0.6791666666666667 0.0390625 0.075
1 0.2671875 0.5427083333333333 0.034375 0.05
1 0.1375 0.5385416666666667 0.0515625 0.04583333333333333
1 0.1625 0.4979166666666667 0.028125 0.03958333333333333
1 0.21171875 0.028125 0.0234375 0.014583333333333334
1 0.83125 0.6489583333333333 0.0328125 0.03958333333333333
1 0.6640625 0.703125 0.025 0.025
1 0.56875 0.709375 0.015625 0.027083333333333334
1 0.49296875 0.7395833333333334 0.0140625 0.020833333333333332
1 0.58203125 0.615625 0.0375 0.035416666666666666
1 0.6125 0.6489583333333333 0.028125 0.035416666666666666
1 0.6484375 0.5239583333333333 0.0734375 0.052083333333333336
1 0.69375 0.45729166666666665 0.0359375 0.052083333333333336
1 0.53046875 0.4635416666666667 0.015625 0.0375
1 0.4640625 0.4635416666666667 0.0234375 0.06458333333333334
1 0.3921875 0.40729166666666666 0.0171875 0.020833333333333332
1 0.4125 0.415625 0.025 0.0375
1 0.26328125 0.35520833333333335 0.0265625 0.03333333333333333
1 0.453125 0.59375 0.021875 0.025
1 0.0875 0.759375 0.025 0.014583333333333334
1 0.29453125 0.3572916666666667 0.0140625 0.022916666666666665
1 0.090625 0.309375 0.0171875 0.022916666666666665
0 0.3546875 0.8385416666666666 0.1 0.3229166666666667
0 0.359375 0.5947916666666667 0.209375 0.24375
0 0.396875 0.22083333333333333 0.3421875 0.14166666666666666
0 0.45078125 0.03333333333333333 0.190625 0.06666666666666667