1 0.50390625 0.03958333333333333 0.0390625 0.05625
1 0.54453125 0.30104166666666665 0.0296875 0.0125
1 0.34453125 0.20729166666666668 0.0359375 0.03125
1 0.4609375 0.07604166666666666 0.0078125 0.010416666666666666
1 0.44765625 0.065625 0.025 0.03333333333333333
1 0.3828125 0.03125 0.0078125 0.014583333333333334
1 0.37109375 0.023958333333333335 0.0171875 0.029166666666666667
1 0.40390625 0.07604166666666666 0.01875 0.03333333333333333
1 0.390625 0.11458333333333333 0.01875 0.01875
1 0.42109375 0.21458333333333332 0.009375 0.022916666666666665
1 0.42890625 0.39479166666666665 0.0203125 0.029166666666666667
1 0.890625 0.9708333333333333 0.0109375 0.016666666666666666
1 0.96171875 0.98125 0.0265625 0.03333333333333333
1 0.825 0.3958333333333333 0.0171875 0.025
1 0.74296875 0.465625 0.0359375 0.10416666666666667
1 0.7890625 0.459375 0.0265625 0.058333333333333334
1 0.7546875 0.5875 0.0234375 0.01875
1 0.70390625 0.625 0.0359375 0.04791666666666667
1 0.64140625 0.659375 0.01875 0.022916666666666665
1 0.61171875 0.6885416666666667 0.0328125 0.03125
1 0.50625 0.734375 0.0109375 0.010416666666666666
1 0.5625 0.709375 0.0234375 0.03333333333333333
1 0.52578125 0.7479166666666667 0.025 0.029166666666666667
1 0.4890625 0.7604166666666666 0.03125 0.035416666666666666
1 0.60625 0.9760416666666667 0.0359375 0.03333333333333333
1 0.6828125 0.909375 0.025 0.03125
1 0.671875 0.8895833333333333 0.00625 0.016666666666666666
1 0.753125 0.9895833333333334 0.0125 0.01875
1 0.7375 0.9854166666666667 0.0171875 0.020833333333333332
1 0.74375 0.9302083333333333 0.0421875 0.05
1 0.73046875 0.8770833333333333 0.0125 0.020833333333333332
1 0.7796875 0.8416666666666667 0.0125 0.010416666666666666
1 0.7234375 0.7927083333333333 0.090625 0.07083333333333333
1 0.90625 0.7708333333333334 0.0109375 0.010416666666666666
1 0.79296875 0.775 0.0265625 0.027083333333333334
1 0.8109375 0.7375 0.0375 0.04791666666666667
1 0.95390625 0.8322916666666667 0.015625 0.016666666666666666
1 0.9140625 0.846875 0.021875 0.027083333333333334
1 0.91015625 0.8145833333333333 0.0328125 0.035416666666666666
1 0.99375 0.7270833333333333 0.0125 0.014583333333333334
1 0.92890625 0.71875 0.021875 0.022916666666666665
1 0.88515625 0.7166666666666667 0.0328125 0.03333333333333333
1 0.8515625 0.6614583333333334 0.0171875 0.025
1 0.91015625 0.671875 0.028125 0.020833333333333332
1 0.98515625 0.575 0.028125 0.0375
1 0.953125 0.5833333333333334 0.028125 0.03125
1 0.928125 0.55 0.0296875 0.03958333333333333
1 0.834375 0.19895833333333332 0.015625 0.01875
1 0.8375 0.29583333333333334 0.021875 0.0375
1 0.96328125 0.33125 0.00625 0.0125
1 0.946875 0.37083333333333335 0.0109375 0.0125
1 0.85625 0.36770833333333336 0.0125 0.01875
1 0.975 0.48854166666666665 0.0203125 0.014583333333333334
1 0.946875 0.44479166666666664 0.01875 0.020833333333333332
1 0.9875 0.43125 0.025 0.03333333333333333
1 0.96796875 0.296875 0.0125 0.025
1 0.9828125 0.25625 0.0265625 0.03333333333333333
1 0.96640625 0.20416666666666666 0.034375 0.0375
1 0.93203125 0.17604166666666668 0.0484375 0.04583333333333333
1 0.98515625 0.13333333333333333 0.0296875 0.05
1 0.89140625 0.32916666666666666 0.0140625 0.035416666666666666
1 0.89765625 0.27395833333333336 0.0359375 0.04583333333333333
1 0.8734375 0.21666666666666667 0.0125 0.0125
1 0.803125 0.22604166666666667 0.0921875 0.17916666666666667
1 0.71171875 0.28125 0.090625 0.12708333333333333
1 0.74765625 0.16770833333333332 0.0875 0.08958333333333333
1 0.81328125 0.10104166666666667 0.0265625 0.041666666666666664
1 0.98359375 0.04583333333333333 0.0140625 0.0125
1 0.92734375 0.008333333333333333 0.0203125 0.016666666666666666
1 0.8625 0.0625 0.05625 0.05416666666666667
1 0.84921875 0.01875 0.0125 0.014583333333333334
1 0.6515625 0.11875 0.028125 0.04791666666666667
1 0.71953125 0.041666666666666664 0.0234375 0.03333333333333333
1 0.525 0.64375 0.0078125 0.010416666666666666
1 0.50234375 0.675 0.0484375 0.0375
1 0.4890625 0.653125 0.0203125 0.01875
1 0.55625 0.6145833333333334 0.015625 0.03125
1 0.55234375 0.5802083333333333 0.040625 0.03333333333333333
1 0.63046875 0.5364583333333334 0.028125 0.041666666666666664
1 0.64296875 0.3729166666666667 0.03125 0.06458333333333334
1 0.609375 0.38125 0.0328125 0.029166666666666667
1 0.6578125 0.45208333333333334 0.0234375 0.025
1 0.603125 0.53125 0.021875 0.0375
1 0.5859375 0.5020833333333333 0.0265625 0.029166666666666667
1 0.53828125 0.5677083333333334 0.0203125 0.03333333333333333
1 0.515625 0.528125 0.025 0.0375
1 0.5125 0.49583333333333335 0.021875 0.01875
1 0.30703125 0.6645833333333333 0.0078125 0.022916666666666665
1 0.3140625 0.6239583333333333 0.015625 0.016666666666666666
1 0.1953125 0.8364583333333333 0.0125 0.020833333333333332
1 0.03828125 0.81875 0.0453125 0.03125
1 0.08046875 0.853125 0.0140625 0.014583333333333334
1 0.22890625 0.9864583333333333 0.015625 0.022916666666666665
1 0.41328125 0.9645833333333333 0.01875 0.020833333333333332
1 0.50703125 0.9520833333333333 0.0203125 0.014583333333333334
1 0.5234375 0.9041666666666667 0.0203125 0.035416666666666666
1 0.5015625 0.8989583333333333 0.0171875 0.025
1 0.5171875 0.8541666666666666 0.0234375 0.029166666666666667
1 0.4609375 0.875 0.0109375 0.014583333333333334
1 0.48828125 0.8677083333333333 0.03125 0.03958333333333333
1 0.37109375 0.9385416666666667 0.034375 0.04791666666666667
1 0.328125 0.8927083333333333 0.0328125 0.0375
1 0.2953125 0.840625 0.0375 0.03125
1 0.38125 0.8520833333333333 0.0296875 0.03958333333333333
1 0.43515625 0.7625 0.0546875 0.06458333333333334
1 0.3328125 0.11979166666666667 0.009375 0.014583333333333334
1 0.3078125 0.14375 0.0234375 0.041666666666666664
1 0.29140625 0.103125 0.040625 0.07291666666666667
1 0.32578125 0.005208333333333333 0.01875 0.010416666666666666
1 0.3046875 0.021875 0.015625 0.03125
1 0.24609375 0.008333333333333333 0.034375 0.016666666666666666
1 0.1671875 0.1 0.0171875 0.025
1 0.09296875 0.057291666666666664 0.028125 0.041666666666666664
0 0.628125 0.8979166666666667 0.2984375 0.20416666666666666
0 0.6875 0.59375 0.515625 0.29583333333333334
0 0.65625 0.396875 0.403125 0.20833333333333334
0 0.61875 0.13541666666666666 0.1796875 0.2708333333333333
1 0.26640625 0.7145833333333333 0.0234375 0.020833333333333332
1 0.1703125 0.5260416666666666 0.025 0.025
1 0.278125 0.5770833333333333 0.0125 0.014583333333333334
1 0.234375 0.5979166666666667 0.009375 0.025
1 0.240625 0.5447916666666667 0.015625 0.03333333333333333
1 0.46953125 0.515625 0.0359375 0.058333333333333334
1 0.4578125 0.528125 0.0125 0.016666666666666666
1 0.4375 0.5385416666666667 0.0171875 0.03125
1 0.40546875 0.54375 0.0359375 0.0375
1 0.453125 0.4864583333333333 0.0265625 0.03958333333333333
1 0.421875 0.5041666666666667 0.0203125 0.025
1 0.40625 0.47708333333333336 0.046875 0.03333333333333333
1 0.60546875 0.4552083333333333 0.025 0.016666666666666666
1 0.59375 0.43125 0.0421875 0.03333333333333333
1 0.49921875 0.4583333333333333 0.025 0.03333333333333333
1 0.5078125 0.4197916666666667 0.04375 0.04791666666666667
1 0.44609375 0.43125 0.0234375 0.025
1 0.36015625 0.4041666666666667 0.1140625 0.1125
1 0.30390625 0.496875 0.028125 0.04791666666666667
1 0.65078125 0.2864583333333333 0.034375 0.03125
1 0.5828125 0.2708333333333333 0.0359375 0.035416666666666666
1 0.5921875 0.234375 0.0125 0.03333333333333333
1 0.4703125 0.2791666666666667 0.03125 0.027083333333333334
1 0.52421875 0.20208333333333334 0.0265625 0.041666666666666664
1 0.49765625 0.18645833333333334 0.028125 0.052083333333333336
1 0.55390625 0.11041666666666666 0.0203125 0.035416666666666666
1 0.49375 0.09479166666666666 0.0390625 0.06041666666666667
1 0.5265625 0.075 0.0234375 0.04375