1 0.3140625 0.340625 0.028125 0.05416666666666667
1 0.35859375 0.37083333333333335 0.0328125 0.03125
1 0.39921875 0.2833333333333333 0.015625 0.025
1 0.28984375 0.17916666666666667 0.046875 0.04791666666666667
1 0.309375 0.1125 0.0359375 0.029166666666666667
1 0.28671875 0.03958333333333333 0.05 0.05416666666666667
1 0.35 0.016666666666666666 0.03125 0.03333333333333333
1 0.09609375 0.01875 0.034375 0.0375
1 0.07421875 0.05 0.0296875 0.035416666666666666
1 0.01328125 0.25729166666666664 0.0265625 0.03125
1 0.4125 0.16458333333333333 0.0296875 0.041666666666666664
1 0.428125 0.228125 0.0109375 0.020833333333333332
1 0.5859375 0.23333333333333334 0.059375 0.035416666666666666
1 0.69296875 0.16666666666666666 0.0515625 0.10416666666666667
1 0.73828125 0.6875 0.05 0.0625
1 0.75546875 0.7427083333333333 0.01875 0.022916666666666665
1 0.9 0.753125 0.0296875 0.041666666666666664
1 0.85625 0.759375 0.0171875 0.01875
1 0.12265625 0.7458333333333333 0.053125 0.07083333333333333
1 0.1375 0.8291666666666667 0.0375 0.05
1 0.159375 0.7927083333333333 0.0296875 0.03333333333333333
1 0.221875 0.8083333333333333 0.04375 0.05
1 0.11171875 0.9052083333333333 0.028125 0.041666666666666664
1 0.15625 0.9895833333333334 0.0203125 0.020833333333333332
1 0.2515625 0.9083333333333333 0.0296875 0.029166666666666667
1 0.19453125 0.91875 0.0421875 0.058333333333333334
1 0.04453125 0.9885416666666667 0.0171875 0.022916666666666665
1 0.03671875 0.746875 0.0296875 0.035416666666666666
1 0.0046875 0.6645833333333333 0.009375 0.0375
1 0.02265625 0.553125 0.0234375 0.041666666666666664
1 0.22109375 0.6791666666666667 0.01875 0.03125
1 0.234375 0.5927083333333333 0.0203125 0.01875
1 0.2640625 0.5677083333333334 0.0265625 0.03333333333333333
1 0.36171875 0.5447916666666667 0.0625 0.06041666666666667
1 0.38046875 0.721875 0.021875 0.029166666666666667
1 0.71171875 0.009375 0.03125 0.01875
1 0.04609375 0.24895833333333334 0.040625 0.10416666666666667
1 0.2421875 0.2 0.0234375 0.0625
1 0.20546875 0.4666666666666667 0.01875 0.0375
1 0.28125 0.859375 0.0421875 0.05416666666666667
1 0.0859375 0.25104166666666666 0.028125 0.03125
1 0.10703125 0.275 0.0125 0.020833333333333332
1 0.16796875 0.6583333333333333 0.0171875 0.01875
1 0.67578125 0.48125 0.0703125 0.10208333333333333
1 0.625 0.50625 0.0234375 0.029166666666666667
1 0.5984375 0.5583333333333333 0.028125 0.03333333333333333
1 0.5578125 0.6020833333333333 0.03125 0.05416666666666667
1 0.63203125 0.65 0.01875 0.022916666666666665
1 0.5578125 0.7145833333333333 0.0328125 0.035416666666666666
1 0.56640625 0.825 0.03125 0.05625
1 0.5296875 0.859375 0.0140625 0.01875
1 0.64453125 0.859375 0.0265625 0.06458333333333334
1 0.68046875 0.9572916666666667 0.053125 0.05
1 0.49296875 0.9270833333333334 0.0125 0.016666666666666666
1 0.05625 0.4510416666666667 0.0140625 0.029166666666666667
1 0.1984375 0.07395833333333333 0.103125 0.14791666666666667
1 0.11171875 0.38333333333333336 0.021875 0.03333333333333333
1 0.16796875 0.24479166666666666 0.015625 0.025
1 0.39609375 0.3625 0.021875 0.027083333333333334
1 0.3546875 0.14166666666666666 0.0125 0.016666666666666666
1 0.078125 0.17395833333333333 0.009375 0.016666666666666666
1 0.48359375 0.6520833333333333 0.034375 0.0375
1 0.7 0.6177083333333333 0.0171875 0.01875
1 0.84296875 0.46979166666666666 0.0140625 0.014583333333333334
1 0.95234375 0.25104166666666666 0.0359375 0.03958333333333333
1 0.76015625 0.9854166666666667 0.025 0.029166666666666667
1 0.415625 0.9239583333333333 0.0171875 0.020833333333333332
1 0.0515625 0.61875 0.0203125 0.0375
1 0.90234375 0.025 0.046875 0.05
1 0.8375 0.22291666666666668 0.0125 0.025
1 0.7875 0.25 0.0265625 0.035416666666666666
1 0.88671875 0.12604166666666666 0.015625 0.020833333333333332
1 0.83203125 0.06458333333333334 0.0171875 0.03125
1 0.7859375 0.0375 0.0234375 0.014583333333333334
1 0.79375 0.08125 0.0390625 0.04583333333333333
1 0.63828125 0.059375 0.01875 0.020833333333333332
1 0.5546875 0.022916666666666665 0.0390625 0.04583333333333333
1 0.62734375 0.19166666666666668 0.025 0.03333333333333333
1 0.62421875 0.146875 0.028125 0.03125
1 0.58671875 0.11979166666666667 0.0265625 0.03125
1 0.13828125 0.11770833333333333 0.0296875 0.06666666666666667
1 0.11796875 0.215625 0.0359375 0.035416666666666666
1 0.56171875 0.38229166666666664 0.0203125 0.029166666666666667
1 0.5859375 0.42291666666666666 0.028125 0.022916666666666665
1 0.56328125 0.4375 0.0234375 0.03125
1 0.634375 0.3770833333333333 0.0453125 0.04583333333333333
1 0.79296875 0.42604166666666665 0.015625 0.016666666666666666
1 0.728125 0.46979166666666666 0.01875 0.03125
1 0.75234375 0.38333333333333336 0.0265625 0.03958333333333333
1 0.99375 0.46770833333333334 0.0125 0.035416666666666666
1 0.98359375 0.54375 0.0203125 0.025
1 0.80859375 0.578125 0.0359375 0.05
1 0.71796875 0.5614583333333333 0.0375 0.022916666666666665
1 0.7296875 0.59375 0.01875 0.01875
1 0.73046875 0.6375 0.015625 0.0125
0 0.46796875 0.6729166666666667 0.140625 0.2875
0 0.453125 0.965625 0.0984375 0.06875
0 0.44921875 0.140625 0.04375 0.23541666666666666
0 0.45703125 0.42604166666666665 0.15625 0.12708333333333333
1 0.36171875 0.934375 0.0328125 0.03958333333333333
1 0.3421875 0.84375 0.0640625 0.07708333333333334
1 0.225 0.9572916666666667 0.0515625 0.05
1 0.20234375 0.8479166666666667 0.0765625 0.06458333333333334
1 0.77421875 0.621875 0.028125 0.03125
1 0.8796875 0.578125 0.0171875 0.029166666666666667
1 0.93984375 0.6395833333333333 0.0265625 0.022916666666666665
1 0.97578125 0.66875 0.0265625 0.0375
1 0.265625 0.6760416666666667 0.025 0.025
1 0.38984375 0.790625 0.0328125 0.022916666666666665
1 0.4515625 0.7697916666666667 0.0265625 0.0375
1 0.36328125 0.634375 0.028125 0.09166666666666666
1 0.0125 0.45416666666666666 0.021875 0.0375
1 0.1484375 0.3333333333333333 0.046875 0.07083333333333333
1 0.19296875 0.30520833333333336 0.015625 0.01875
1 0.29140625 0.40520833333333334 0.0328125 0.04791666666666667
1 0.2390625 0.440625 0.0234375 0.03333333333333333