1 0.959375 0.6208333333333333 0.0296875 0.04375
1 0.92265625 0.55 0.0453125 0.03333333333333333
1 0.29453125 0.051041666666666666 0.0453125 0.052083333333333336
1 0.34765625 0.31666666666666665 0.0234375 0.03333333333333333
1 0.434375 0.4947916666666667 0.021875 0.020833333333333332
1 0.36171875 0.5552083333333333 0.0234375 0.022916666666666665
1 0.63828125 0.5270833333333333 0.025 0.04583333333333333
1 0.30703125 0.8822916666666667 0.015625 0.01875
0 0.43359375 0.04791666666666667 0.1765625 0.09583333333333334
0 0.440625 0.22708333333333333 0.2015625 0.40625
1 0.89375 0.5729166666666666 0.015625 0.016666666666666666
1 0.26328125 0.675 0.015625 0.01875
1 0.93515625 0.16354166666666667 0.025 0.027083333333333334
1 0.24921875 0.44375 0.0109375 0.022916666666666665
1 0.4625 0.8479166666666667 0.01875 0.014583333333333334
1 0.20546875 0.9604166666666667 0.0125 0.016666666666666666
1 0.5171875 0.6520833333333333 0.01875 0.029166666666666667
0 0.47421875 0.5895833333333333 0.0609375 0.28541666666666665
0 0.48671875 0.8489583333333334 0.053125 0.3020833333333333
1 0.984375 0.7104166666666667 0.0265625 0.029166666666666667