1 0.530078125 0.6277777777777778 0.0515625 0.11805555555555555
1 0.48671875 0.58125 0.00625 0.022222222222222223
1 0.461328125 0.6340277777777777 0.00859375 0.011111111111111112
1 0.365234375 0.5208333333333334 0.0171875 0.029166666666666667
1 0.341015625 0.4486111111111111 0.0234375 0.04583333333333333
1 0.294921875 0.45555555555555555 0.0140625 0.03194444444444444
1 0.3953125 0.42777777777777776 0.02109375 0.027777777777777776
1 0.448046875 0.3840277777777778 0.03515625 0.06111111111111111
1 0.44609375 0.4791666666666667 0.02578125 0.05277777777777778
1 0.369921875 0.36666666666666664 0.00859375 0.019444444444444445
1 0.362109375 0.3138888888888889 0.0375 0.06527777777777778
1 0.307421875 0.34791666666666665 0.00859375 0.027777777777777776
1 0.2625 0.4263888888888889 0.02734375 0.043055555555555555
1 0.346484375 0.7194444444444444 0.01484375 0.03333333333333333
1 0.378125 0.7819444444444444 0.0125 0.022222222222222223
1 0.575 0.7 0.01171875 0.02361111111111111
1 0.6109375 0.6277777777777778 0.01953125 0.03888888888888889
1 0.586328125 0.5972222222222222 0.02265625 0.058333333333333334
1 0.608984375 0.5354166666666667 0.01484375 0.03194444444444444
1 0.634765625 0.4736111111111111 0.0265625 0.041666666666666664
1 0.5171875 0.44305555555555554 0.02421875 0.041666666666666664
1 0.545703125 0.33541666666666664 0.0421875 0.06666666666666667
1 0.446875 0.2965277777777778 0.03359375 0.06944444444444445
1 0.473046875 0.19236111111111112 0.01484375 0.034722222222222224
1 0.497265625 0.22430555555555556 0.0125 0.027777777777777776
1 0.49765625 0.1673611111111111 0.01171875 0.0125
1 0.53203125 0.18333333333333332 0.034375 0.044444444444444446
1 0.516796875 0.10972222222222222 0.0375 0.07222222222222222
1 0.511328125 0.041666666666666664 0.03203125 0.044444444444444446
1 0.45703125 0.09027777777777778 0.00625 0.015277777777777777
1 0.6234375 0.03263888888888889 0.00859375 0.02361111111111111
1 0.6234375 0.25625 0.025 0.05277777777777778
1 0.724609375 0.15486111111111112 0.0171875 0.029166666666666667
1 0.7546875 0.09930555555555555 0.015625 0.015277777777777777
1 0.87265625 0.23541666666666666 0.03515625 0.10277777777777777
1 0.91328125 0.21458333333333332 0.0171875 0.03194444444444444
1 0.968359375 0.24791666666666667 0.03125 0.06805555555555555
1 0.9515625 0.3229166666666667 0.02578125 0.06388888888888888
1 0.91328125 0.5708333333333333 0.0140625 0.03194444444444444
1 0.703125 0.43333333333333335 0.015625 0.04583333333333333
1 0.73984375 0.40555555555555556 0.01953125 0.025
1 0.68515625 0.4284722222222222 0.015625 0.030555555555555555
1 0.77265625 0.46597222222222223 0.0140625 0.027777777777777776
1 0.80390625 0.42916666666666664 0.02421875 0.03888888888888889
1 0.21171875 0.2423611111111111 0.0203125 0.0375
1 0.098828125 0.8236111111111111 0.0171875 0.027777777777777776
1 0.928125 0.08611111111111111 0.01484375 0.020833333333333332
1 0.989453125 0.08611111111111111 0.01875 0.029166666666666667
1 0.99375 0.9763888888888889 0.0125 0.027777777777777776
1 0.976171875 0.9576388888888889 0.0140625 0.019444444444444445
1 0.854296875 0.4513888888888889 0.0125 0.016666666666666666
1 0.069921875 0.12013888888888889 0.0140625 0.015277777777777777
1 0.136328125 0.28055555555555556 0.03125 0.05
1 0.16328125 0.4222222222222222 0.01953125 0.04583333333333333
1 0.179296875 0.5569444444444445 0.0203125 0.03888888888888889
1 0.264453125 0.6472222222222223 0.03125 0.04861111111111111
1 0.27265625 0.6965277777777777 0.0265625 0.044444444444444446
1 0.256640625 0.7513888888888889 0.01796875 0.03888888888888889
1 0.17734375 0.8555555555555555 0.0171875 0.022222222222222223
1 0.262109375 0.9722222222222222 0.01796875 0.027777777777777776
1 0.673828125 0.8159722222222222 0.01875 0.03611111111111111
1 0.7546875 0.775 0.0234375 0.05
1 0.83671875 0.8 0.01953125 0.034722222222222224
1 0.898046875 0.78125 0.015625 0.016666666666666666
1 0.9953125 0.7548611111111111 0.009375 0.02638888888888889
1 0.35078125 0.8729166666666667 0.01484375 0.041666666666666664
0 0.70859375 0.09027777777777778 0.19921875 0.18055555555555555
0 0.7234375 0.42291666666666666 0.26328125 0.5083333333333333
0 0.696875 0.6597222222222222 0.32734375 0.24583333333333332
0 0.645703125 0.8666666666666667 0.1234375 0.26666666666666666
1 0.401953125 0.9638888888888889 0.02109375 0.05
0 0.130859375 0.8590277777777777 0.11328125 0.28194444444444444
0 0.115234375 0.7291666666666666 0.23046875 0.2972222222222222
0 0.0921875 0.44722222222222224 0.175 0.18888888888888888
0 0.088671875 0.24791666666666667 0.16640625 0.49583333333333335
0 0.0796875 0.09722222222222222 0.159375 0.19444444444444445
1 0.30234375 0.83125 0.0234375 0.041666666666666664
1 0.434375 0.9715277777777778 0.021875 0.044444444444444446
1 0.505078125 0.9590277777777778 0.0125 0.02361111111111111
1 0.572265625 0.94375 0.0125 0.020833333333333332
1 0.5171875 0.9236111111111112 0.00859375 0.009722222222222222
1 0.47421875 0.9576388888888889 0.0078125 0.016666666666666666
1 0.176953125 0.49444444444444446 0.0078125 0.027777777777777776
1 0.955859375 0.19722222222222222 0.0140625 0.02638888888888889
1 0.580078125 0.8215277777777777 0.02734375 0.06805555555555555
1 0.61328125 0.8576388888888888 0.02109375 0.041666666666666664
1 0.4328125 0.6861111111111111 0.03203125 0.05
1 0.4609375 0.7236111111111111 0.0390625 0.059722222222222225
1 0.490625 0.7590277777777777 0.01875 0.029166666666666667
1 0.497265625 0.5881944444444445 0.0109375 0.030555555555555555
1 0.49609375 0.6326388888888889 0.01796875 0.030555555555555555