1 0.32109375 0.2763888888888889 0.021875 0.029166666666666667
1 0.3296875 0.1638888888888889 0.0109375 0.020833333333333332
1 0.429296875 0.18333333333333332 0.01796875 0.03611111111111111
1 0.3890625 0.16458333333333333 0.01015625 0.022222222222222223
1 0.40859375 0.07430555555555556 0.02109375 0.03333333333333333
1 0.4453125 0.12083333333333333 0.01953125 0.02638888888888889
1 0.408203125 0.12569444444444444 0.0265625 0.0625
1 0.37734375 0.11666666666666667 0.03515625 0.075
0 0.199609375 0.9361111111111111 0.09375 0.12777777777777777
0 0.14609375 0.8513888888888889 0.1234375 0.2972222222222222
0 0.139453125 0.6513888888888889 0.13125 0.5236111111111111
1 0.787109375 0.6388888888888888 0.01484375 0.034722222222222224
1 0.746875 0.6673611111111111 0.0078125 0.018055555555555554
1 0.820703125 0.8423611111111111 0.0171875 0.03888888888888889
1 0.841796875 0.8333333333333334 0.0109375 0.022222222222222223
1 0.843359375 0.6548611111111111 0.01015625 0.02361111111111111
1 0.8734375 0.6 0.015625 0.03333333333333333
1 0.84921875 0.525 0.0234375 0.04027777777777778
1 0.890625 0.5201388888888889 0.01640625 0.029166666666666667
1 0.828125 0.4444444444444444 0.0296875 0.04722222222222222
1 0.746875 0.4 0.021875 0.04722222222222222
1 0.671875 0.3729166666666667 0.0203125 0.03611111111111111
1 0.66953125 0.44583333333333336 0.025 0.044444444444444446
1 0.669921875 0.30694444444444446 0.015625 0.0375
1 0.626953125 0.2777777777777778 0.0109375 0.022222222222222223
1 0.673828125 0.24305555555555555 0.02109375 0.04861111111111111
1 0.68828125 0.23958333333333334 0.009375 0.02361111111111111
1 0.80546875 0.24375 0.01171875 0.022222222222222223
1 0.811328125 0.31527777777777777 0.015625 0.030555555555555555
1 0.78828125 0.14722222222222223 0.01171875 0.022222222222222223
1 0.727734375 0.09861111111111111 0.01875 0.03888888888888889
1 0.819140625 0.07152777777777777 0.02578125 0.05277777777777778
1 0.863671875 0.0625 0.0234375 0.043055555555555555
1 0.85546875 0.09444444444444444 0.01328125 0.03194444444444444
1 0.739453125 0.005555555555555556 0.0078125 0.011111111111111112
1 0.489453125 0.24722222222222223 0.021875 0.03888888888888889
1 0.51015625 0.3458333333333333 0.0109375 0.02638888888888889
1 0.482421875 0.3625 0.01640625 0.03194444444444444
1 0.4484375 0.3326388888888889 0.01171875 0.019444444444444445
1 0.560546875 0.4444444444444444 0.0296875 0.04027777777777778
1 0.20234375 0.5451388888888888 0.01953125 0.025
1 0.2734375 0.5902777777777778 0.015625 0.03611111111111111
1 0.319921875 0.5958333333333333 0.01328125 0.03194444444444444
1 0.409765625 0.9534722222222223 0.01875 0.041666666666666664
1 0.433203125 0.9090277777777778 0.01875 0.043055555555555555
1 0.46484375 0.8826388888888889 0.01875 0.0375
1 0.496484375 0.9784722222222222 0.0203125 0.043055555555555555
1 0.503515625 0.9270833333333334 0.00859375 0.013888888888888888
1 0.534375 0.8895833333333333 0.0203125 0.044444444444444446
1 0.6 0.8326388888888889 0.01328125 0.02638888888888889
1 0.694921875 0.9555555555555556 0.0109375 0.019444444444444445
1 0.987109375 0.46944444444444444 0.02109375 0.03333333333333333
1 0.951171875 0.6 0.01015625 0.02361111111111111
1 0.38515625 0.24444444444444444 0.01015625 0.022222222222222223
1 0.19296875 0.8881944444444444 0.01484375 0.029166666666666667
1 0.093359375 0.7631944444444444 0.0109375 0.015277777777777777
1 0.087890625 0.3659722222222222 0.0125 0.025
1 0.468359375 0.7791666666666667 0.01328125 0.02638888888888889
0 0.111328125 0.11180555555555556 0.22265625 0.15694444444444444
1 0.118359375 0.07083333333333333 0.0125 0.018055555555555554
1 0.386328125 0.017361111111111112 0.0140625 0.034722222222222224
1 0.361328125 0.011805555555555555 0.01796875 0.02361111111111111
1 0.30625 0.030555555555555555 0.01796875 0.03888888888888889
1 0.18125 0.3923611111111111 0.02265625 0.03611111111111111
1 0.357421875 0.09027777777777778 0.02109375 0.034722222222222224
0 0.709375 0.9131944444444444 0.04296875 0.1736111111111111
0 0.719921875 0.825 0.29765625 0.35
0 0.73046875 0.27847222222222223 0.14296875 0.4652777777777778
0 0.673046875 0.07152777777777777 0.08671875 0.14305555555555555
1 0.64296875 0.6847222222222222 0.02578125 0.06111111111111111
1 0.6359375 0.5618055555555556 0.0234375 0.05555555555555555
1 0.620703125 0.5409722222222222 0.01171875 0.029166666666666667
1 0.590625 0.59375 0.01015625 0.016666666666666666
1 0.533203125 0.5736111111111111 0.01640625 0.0375
1 0.525 0.5458333333333333 0.02578125 0.043055555555555555
1 0.507421875 0.5666666666666667 0.01171875 0.027777777777777776
1 0.5125 0.6777777777777778 0.01171875 0.02638888888888889
1 0.489453125 0.6368055555555555 0.01640625 0.03194444444444444
1 0.448828125 0.5861111111111111 0.01640625 0.03194444444444444
1 0.427734375 0.6993055555555555 0.01875 0.03888888888888889
1 0.400390625 0.70625 0.03125 0.05416666666666667
1 0.369140625 0.675 0.0125 0.02638888888888889
1 0.34296875 0.7055555555555556 0.01328125 0.020833333333333332
1 0.255859375 0.7659722222222223 0.015625 0.0375
1 0.213671875 0.7326388888888888 0.0125 0.02361111111111111
1 0.109375 0.725 0.02109375 0.043055555555555555
1 0.098828125 0.6729166666666667 0.02265625 0.043055555555555555
1 0.094921875 0.020833333333333332 0.01796875 0.041666666666666664
1 0.2078125 0.07152777777777777 0.01015625 0.015277777777777777
1 0.1703125 0.03263888888888889 0.0171875 0.022222222222222223
1 0.208203125 0.03819444444444445 0.02109375 0.03888888888888889
1 0.2859375 0.13055555555555556 0.01484375 0.03333333333333333
1 0.19453125 0.1527777777777778 0.01640625 0.015277777777777777
1 0.098828125 0.24097222222222223 0.0375 0.043055555555555555
1 0.072265625 0.2520833333333333 0.01484375 0.027777777777777776
1 0.098828125 0.3090277777777778 0.01796875 0.02361111111111111
1 0.104296875 0.42569444444444443 0.0375 0.05416666666666667
1 0.221875 0.3854166666666667 0.0234375 0.03611111111111111
1 0.2234375 0.34652777777777777 0.02421875 0.043055555555555555
1 0.193359375 0.30069444444444443 0.01328125 0.022222222222222223
1 0.221875 0.2833333333333333 0.01875 0.03611111111111111
1 0.240625 0.2569444444444444 0.009375 0.016666666666666666