1 0.890625 0.13958333333333334 0.01015625 0.019444444444444445
1 0.706640625 0.21805555555555556 0.0453125 0.07222222222222222
1 0.7359375 0.2465277777777778 0.0109375 0.025
1 0.7296875 0.3416666666666667 0.03046875 0.06666666666666667
1 0.7046875 0.35138888888888886 0.0171875 0.03333333333333333
1 0.6546875 0.42430555555555555 0.0328125 0.05416666666666667
1 0.5890625 0.4076388888888889 0.034375 0.05138888888888889
1 0.519921875 0.42569444444444443 0.00859375 0.025
1 0.591015625 0.5729166666666666 0.04140625 0.07916666666666666
1 0.619921875 0.6055555555555555 0.0203125 0.044444444444444446
1 0.77109375 0.5458333333333333 0.01171875 0.030555555555555555
1 0.70234375 0.4527777777777778 0.02890625 0.05694444444444444
1 0.796875 0.3854166666666667 0.021875 0.0375
1 0.85234375 0.3013888888888889 0.0359375 0.0875
1 0.796484375 0.2076388888888889 0.01953125 0.04583333333333333
1 0.747265625 0.16041666666666668 0.01875 0.034722222222222224
1 0.671875 0.11041666666666666 0.04296875 0.08055555555555556
1 0.70078125 0.007638888888888889 0.0140625 0.015277777777777777
1 0.73046875 0.0020833333333333333 0.01328125 0.004166666666666667
1 0.74453125 0.009722222222222222 0.01796875 0.019444444444444445
1 0.86953125 0.07083333333333333 0.0234375 0.03333333333333333
1 0.8625 0.1625 0.04765625 0.09722222222222222
1 0.89375 0.19722222222222222 0.01015625 0.019444444444444445
1 0.92265625 0.12916666666666668 0.05 0.06805555555555555
1 0.96015625 0.22291666666666668 0.03046875 0.03888888888888889
1 0.987890625 0.24027777777777778 0.02421875 0.03611111111111111
1 0.99296875 0.2708333333333333 0.0140625 0.025
1 0.99609375 0.35347222222222224 0.0078125 0.02638888888888889
1 0.83515625 0.4354166666666667 0.009375 0.02361111111111111
1 0.841015625 0.5527777777777778 0.01171875 0.02638888888888889
1 0.840625 0.6645833333333333 0.02265625 0.0375
1 0.6984375 0.7416666666666667 0.01796875 0.02361111111111111
1 0.691796875 0.8159722222222222 0.021875 0.034722222222222224
1 0.63984375 0.8347222222222223 0.0078125 0.022222222222222223
1 0.729296875 0.7993055555555556 0.01953125 0.0375
1 0.785546875 0.8680555555555556 0.02109375 0.05555555555555555
1 0.80078125 0.9763888888888889 0.028125 0.04722222222222222
1 0.8375 0.7909722222222222 0.0296875 0.05694444444444444
1 0.880078125 0.61875 0.03828125 0.0763888888888889
1 0.910546875 0.6895833333333333 0.0109375 0.0125
1 0.937890625 0.7395833333333334 0.021875 0.022222222222222223
1 0.96328125 0.6798611111111111 0.015625 0.019444444444444445
1 0.9546875 0.5833333333333334 0.0390625 0.05555555555555555
1 0.959375 0.5368055555555555 0.0296875 0.044444444444444446
1 0.908984375 0.5541666666666667 0.0109375 0.029166666666666667
1 0.863671875 0.49930555555555556 0.02734375 0.044444444444444446
1 0.991796875 0.8548611111111111 0.01640625 0.022222222222222223
1 0.579296875 0.7729166666666667 0.0234375 0.034722222222222224
1 0.585546875 0.7125 0.028125 0.0763888888888889
1 0.564453125 0.6590277777777778 0.01953125 0.041666666666666664
1 0.423046875 0.6708333333333333 0.025 0.041666666666666664
1 0.47734375 0.5819444444444445 0.009375 0.022222222222222223
1 0.1734375 0.9513888888888888 0.01171875 0.030555555555555555
1 0.20234375 0.9340277777777778 0.01640625 0.03333333333333333
1 0.183203125 0.8645833333333334 0.01171875 0.03611111111111111
1 0.18359375 0.7618055555555555 0.021875 0.04027777777777778
1 0.076953125 0.6729166666666667 0.028125 0.04027777777777778
1 0.082421875 0.7055555555555556 0.02265625 0.027777777777777776
1 0.068359375 0.7340277777777777 0.0390625 0.03333333333333333
1 0.1171875 0.6270833333333333 0.02109375 0.03611111111111111
1 0.121484375 0.6645833333333333 0.01640625 0.025
1 0.220703125 0.6680555555555555 0.08203125 0.1125
1 0.1578125 0.5604166666666667 0.0203125 0.020833333333333332
1 0.13984375 0.5354166666666667 0.015625 0.0375
1 0.158203125 0.4965277777777778 0.015625 0.04722222222222222
1 0.1921875 0.3506944444444444 0.01875 0.0375
1 0.21015625 0.35625 0.01953125 0.030555555555555555
1 0.2078125 0.3840277777777778 0.0109375 0.018055555555555554
1 0.125390625 0.33125 0.0125 0.027777777777777776
1 0.092578125 0.33194444444444443 0.015625 0.043055555555555555
1 0.0515625 0.29930555555555555 0.028125 0.03333333333333333
1 0.150390625 0.2986111111111111 0.02578125 0.029166666666666667
1 0.161328125 0.26875 0.02265625 0.044444444444444446
1 0.16171875 0.22291666666666668 0.01484375 0.022222222222222223
1 0.1109375 0.16319444444444445 0.0234375 0.02361111111111111
1 0.1109375 0.13819444444444445 0.01875 0.018055555555555554
1 0.081640625 0.1361111111111111 0.01171875 0.022222222222222223
1 0.180078125 0.02638888888888889 0.0140625 0.022222222222222223
1 0.20625 0.0798611111111111 0.01171875 0.02638888888888889
1 0.214453125 0.09027777777777778 0.015625 0.029166666666666667
1 0.22734375 0.12083333333333333 0.021875 0.041666666666666664
1 0.251953125 0.13402777777777777 0.01328125 0.027777777777777776
1 0.2796875 0.1673611111111111 0.02109375 0.03194444444444444
1 0.298046875 0.16111111111111112 0.0046875 0.016666666666666666
1 0.245703125 0.5923611111111111 0.0140625 0.05277777777777778
1 0.26640625 0.5743055555555555 0.0203125 0.027777777777777776
1 0.249609375 0.7833333333333333 0.0109375 0.02638888888888889
1 0.278515625 0.5083333333333333 0.01015625 0.015277777777777777
1 0.262890625 0.88125 0.01640625 0.019444444444444445
1 0.288671875 0.9451388888888889 0.015625 0.016666666666666666
1 0.559375 0.02847222222222222 0.03203125 0.034722222222222224
1 0.57734375 0.10138888888888889 0.0375 0.05
1 0.603515625 0.17708333333333334 0.0234375 0.043055555555555555
1 0.386328125 0.030555555555555555 0.021875 0.02361111111111111
1 0.07109375 0.8951388888888889 0.03046875 0.059722222222222225
1 0.0453125 0.9222222222222223 0.01015625 0.022222222222222223
1 0.07890625 0.9944444444444445 0.01484375 0.011111111111111112
1 0.099609375 0.9715277777777778 0.015625 0.02361111111111111
1 0.7265625 0.5902777777777778 0.00703125 0.02638888888888889
1 0.606640625 0.5215277777777778 0.00859375 0.0125
1 0.65390625 0.7604166666666666 0.00703125 0.016666666666666666
1 0.320703125 0.25277777777777777 0.01328125 0.022222222222222223
1 0.298828125 0.7715277777777778 0.0078125 0.0125
1 0.86875 0.024305555555555556 0.0296875 0.04861111111111111
1 0.74453125 0.09513888888888888 0.00703125 0.009722222222222222
1 0.69296875 0.04513888888888889 0.00859375 0.015277777777777777
1 0.7890625 0.014583333333333334 0.00703125 0.013888888888888888
1 0.533203125 0.06458333333333334 0.00859375 0.013888888888888888
1 0.571484375 0.003472222222222222 0.0109375 0.006944444444444444
1 0.758203125 0.5034722222222222 0.01171875 0.020833333333333332
0 0.0921875 0.3368055555555556 0.17890625 0.19583333333333333
0 0.097265625 0.10902777777777778 0.19453125 0.21805555555555556
1 0.22578125 0.3298611111111111 0.00859375 0.013888888888888888
0 0.102734375 0.5756944444444444 0.20546875 0.13055555555555556
0 0.101171875 0.8673611111111111 0.16015625 0.2652777777777778
0 0.093359375 0.9375 0.14140625 0.125
1 0.18515625 0.9965277777777778 0.0078125 0.006944444444444444
1 0.071875 0.7902777777777777 0.01796875 0.029166666666666667
0 0.67421875 0.8972222222222223 0.0796875 0.20555555555555555
0 0.65703125 0.7715277777777778 0.1015625 0.45694444444444443
0 0.612890625 0.6138888888888889 0.25390625 0.35555555555555557
0 0.697265625 0.20416666666666666 0.20703125 0.4083333333333333
0 0.6640625 0.07013888888888889 0.0796875 0.14027777777777778