1 0.875 0.6104166666666667 0.0203125 0.029166666666666667
1 0.0953125 0.020833333333333332 0.0296875 0.041666666666666664
1 0.1421875 0.046875 0.071875 0.09375
1 0.20390625 0.06145833333333333 0.0828125 0.08125
1 0.26171875 0.03125 0.03125 0.0625
1 0.29609375 0.020833333333333332 0.0265625 0.041666666666666664
1 0.340625 0.06770833333333333 0.0328125 0.04583333333333333
1 0.26484375 0.1375 0.0515625 0.0625
1 0.4015625 0.18541666666666667 0.03125 0.035416666666666666
1 0.4546875 0.25416666666666665 0.04375 0.04375
1 0.2625 0.32083333333333336 0.0578125 0.05625
1 0.19140625 0.36354166666666665 0.0375 0.07708333333333334
1 0.20078125 0.24375 0.034375 0.03333333333333333
1 0.078125 0.421875 0.015625 0.029166666666666667
1 0.0828125 0.4979166666666667 0.015625 0.014583333333333334
1 0.16171875 0.4822916666666667 0.025 0.029166666666666667
1 0.00703125 0.3614583333333333 0.0140625 0.03125
1 0.01484375 0.6739583333333333 0.0296875 0.05416666666666667
1 0.09453125 0.6791666666666667 0.025 0.04375
1 0.1796875 0.6385416666666667 0.0359375 0.03958333333333333
1 0.23828125 0.6458333333333334 0.053125 0.058333333333333334
1 0.19453125 0.5666666666666667 0.03125 0.035416666666666666
1 0.35703125 0.5177083333333333 0.034375 0.03958333333333333
1 0.28671875 0.4552083333333333 0.0328125 0.027083333333333334
1 0.36171875 0.4354166666666667 0.0171875 0.016666666666666666
1 0.38671875 0.6375 0.03125 0.029166666666666667
1 0.5234375 0.6895833333333333 0.046875 0.06666666666666667
1 0.24609375 0.8833333333333333 0.025 0.035416666666666666
1 0.31328125 0.9177083333333333 0.03125 0.04583333333333333
1 0.35703125 0.9875 0.03125 0.025
1 0.36953125 0.8614583333333333 0.01875 0.027083333333333334
1 0.40390625 0.8739583333333333 0.0328125 0.029166666666666667
1 0.48671875 0.9614583333333333 0.028125 0.035416666666666666
1 0.5296875 0.896875 0.0234375 0.027083333333333334
1 0.77109375 0.9885416666666667 0.03125 0.022916666666666665
1 0.84296875 0.98125 0.0484375 0.0375
1 0.965625 0.8447916666666667 0.06875 0.07083333333333333
1 0.78515625 0.7104166666666667 0.0109375 0.020833333333333332
1 0.64453125 0.6739583333333333 0.0359375 0.03958333333333333
1 0.6984375 0.53125 0.0296875 0.0625
1 0.83203125 0.5760416666666667 0.040625 0.05416666666666667
1 0.94609375 0.7104166666666667 0.01875 0.022916666666666665
1 0.94921875 0.5125 0.0421875 0.04791666666666667
1 0.90625 0.43333333333333335 0.0953125 0.06041666666666667
1 0.940625 0.375 0.0296875 0.029166666666666667
1 0.82578125 0.3458333333333333 0.0375 0.06666666666666667
1 0.76015625 0.40520833333333334 0.028125 0.029166666666666667
1 0.6953125 0.33958333333333335 0.084375 0.0875
1 0.76328125 0.3260416666666667 0.04375 0.06458333333333334
1 0.615625 0.37916666666666665 0.0421875 0.05625
1 0.55859375 0.30520833333333336 0.0359375 0.04583333333333333
1 0.62734375 0.26875 0.0734375 0.075
1 0.509375 0.2 0.0375 0.03333333333333333
1 0.490625 0.13541666666666666 0.0265625 0.035416666666666666
1 0.52578125 0.10520833333333333 0.01875 0.03125
1 0.571875 0.07291666666666667 0.0375 0.04791666666666667
1 0.575 0.035416666666666666 0.0171875 0.020833333333333332
1 0.62890625 0.026041666666666668 0.078125 0.052083333333333336
1 0.7484375 0.046875 0.021875 0.025
1 0.8109375 0.26666666666666666 0.0640625 0.06458333333333334
1 0.95 0.23541666666666666 0.03125 0.03333333333333333
1 0.98671875 0.25 0.0265625 0.03125
1 0.39765625 0.021875 0.028125 0.0375
1 0.60625 0.56875 0.015625 0.022916666666666665
0 0.76875 0.7614583333333333 0.4625 0.47708333333333336
0 0.69375 0.5270833333333333 0.3296875 0.36875
0 0.70859375 0.14166666666666666 0.4234375 0.2833333333333333
1 0.3578125 0.284375 0.0171875 0.014583333333333334
1 0.246875 0.9229166666666667 0.0140625 0.014583333333333334