1 0.616796875 0.007638888888888889 0.01796875 0.015277777777777777
1 0.15703125 0.2569444444444444 0.01328125 0.016666666666666666
0 0.072265625 0.03958333333333333 0.14453125 0.07916666666666666
1 0.09296875 0.027083333333333334 0.01875 0.03611111111111111
1 0.107421875 0.05347222222222222 0.015625 0.022222222222222223
1 0.072265625 0.11875 0.015625 0.029166666666666667
1 0.094140625 0.12291666666666666 0.01875 0.02638888888888889
1 0.184765625 0.07569444444444444 0.015625 0.025
1 0.254296875 0.034722222222222224 0.03359375 0.05277777777777778
1 0.203125 0.22916666666666666 0.02265625 0.05277777777777778
0 0.675390625 0.1625 0.27734375 0.125
0 0.68828125 0.8090277777777778 0.203125 0.1597222222222222
0 0.615625 0.9305555555555556 0.07109375 0.1388888888888889
0 0.09765625 0.9409722222222222 0.1953125 0.11805555555555555
0 0.0921875 0.8361111111111111 0.184375 0.1986111111111111
0 0.1375 0.6701388888888888 0.1265625 0.6597222222222222
0 0.13125 0.5020833333333333 0.24765625 0.18194444444444444
0 0.1125 0.2263888888888889 0.225 0.2708333333333333
1 0.4984375 0.2513888888888889 0.02265625 0.03888888888888889
1 0.569140625 0.22569444444444445 0.0234375 0.04583333333333333
1 0.54453125 0.1625 0.0203125 0.04027777777777778
1 0.510546875 0.14583333333333334 0.0140625 0.027777777777777776
1 0.4640625 0.29791666666666666 0.015625 0.03194444444444444
1 0.43515625 0.09236111111111112 0.01171875 0.034722222222222224
1 0.4296875 0.06736111111111111 0.01015625 0.020833333333333332
1 0.438671875 0.14375 0.01875 0.03333333333333333
1 0.471484375 0.08125 0.03203125 0.05
1 0.513671875 0.11041666666666666 0.028125 0.04583333333333333
1 0.503515625 0.04861111111111111 0.02421875 0.041666666666666664
1 0.461328125 0.0375 0.0140625 0.030555555555555555
1 0.688671875 0.02013888888888889 0.01015625 0.02638888888888889
1 0.693359375 0.05694444444444444 0.01640625 0.03611111111111111
1 0.710546875 0.09791666666666667 0.0328125 0.06805555555555555
1 0.711328125 0.04722222222222222 0.0078125 0.013888888888888888
1 0.753515625 0.07777777777777778 0.025 0.02361111111111111
1 0.760546875 0.0375 0.01640625 0.03333333333333333
0 0.70703125 0.04513888888888889 0.1609375 0.09027777777777778
1 0.813671875 0.02847222222222222 0.01328125 0.02638888888888889
1 0.830078125 0.07291666666666667 0.0171875 0.02638888888888889
1 0.820703125 0.09097222222222222 0.01875 0.019444444444444445
1 0.85 0.23958333333333334 0.01328125 0.027777777777777776
1 0.932421875 0.22569444444444445 0.02578125 0.05416666666666667
1 0.95859375 0.1798611111111111 0.01484375 0.02638888888888889
1 0.919140625 0.10277777777777777 0.02109375 0.034722222222222224
1 0.1046875 0.55625 0.0203125 0.03194444444444444
1 0.120703125 0.5368055555555555 0.00703125 0.0125
1 0.264453125 0.5354166666666667 0.01328125 0.020833333333333332
1 0.08828125 0.38472222222222224 0.01015625 0.02638888888888889
1 0.065625 0.6131944444444445 0.00859375 0.019444444444444445
1 0.241015625 0.8548611111111111 0.01328125 0.015277777777777777
0 0.734375 0.7090277777777778 0.2296875 0.37916666666666665
1 0.47734375 0.19305555555555556 0.01875 0.02638888888888889
1 0.28515625 0.22291666666666668 0.01640625 0.02361111111111111
1 0.751171875 0.5215277777777778 0.01015625 0.0125
1 0.940234375 0.4041666666666667 0.0125 0.020833333333333332
1 0.93125 0.37222222222222223 0.015625 0.025
1 0.9359375 0.48194444444444445 0.01484375 0.030555555555555555
1 0.866796875 0.41875 0.0078125 0.022222222222222223
1 0.93203125 0.6527777777777778 0.01953125 0.025
1 0.9078125 0.7416666666666667 0.02734375 0.06111111111111111
1 0.8390625 0.6138888888888889 0.0171875 0.02361111111111111
1 0.843359375 0.7076388888888889 0.0140625 0.02638888888888889
1 0.85234375 0.6715277777777777 0.015625 0.019444444444444445
1 0.794140625 0.4548611111111111 0.0203125 0.03611111111111111
1 0.759765625 0.4701388888888889 0.03203125 0.05694444444444444
1 0.734765625 0.2652777777777778 0.0203125 0.03194444444444444
1 0.68203125 0.2902777777777778 0.0140625 0.029166666666666667
1 0.6875 0.3770833333333333 0.02265625 0.044444444444444446
1 0.6390625 0.5097222222222222 0.01015625 0.020833333333333332
1 0.728515625 0.5069444444444444 0.02578125 0.0375
1 0.503515625 0.36527777777777776 0.0296875 0.05555555555555555
1 0.5765625 0.4756944444444444 0.0203125 0.044444444444444446
1 0.784765625 0.6013888888888889 0.0171875 0.044444444444444446
1 0.77890625 0.7097222222222223 0.03046875 0.044444444444444446
1 0.721875 0.70625 0.01953125 0.03888888888888889
1 0.65078125 0.5854166666666667 0.0140625 0.025
1 0.5953125 0.6986111111111111 0.0109375 0.018055555555555554
1 0.7609375 0.8145833333333333 0.01171875 0.018055555555555554
1 0.690625 0.8145833333333333 0.01171875 0.02638888888888889
1 0.75625 0.9006944444444445 0.015625 0.02361111111111111
1 0.73046875 0.9916666666666667 0.015625 0.016666666666666666
1 0.6859375 0.8951388888888889 0.07109375 0.10555555555555556
1 0.62109375 0.8076388888888889 0.01171875 0.018055555555555554
1 0.548828125 0.8513888888888889 0.03125 0.043055555555555555
1 0.6078125 0.9430555555555555 0.00859375 0.018055555555555554
1 0.580078125 0.9493055555555555 0.0203125 0.043055555555555555
1 0.4890625 0.95625 0.02109375 0.034722222222222224
1 0.5234375 0.9541666666666667 0.01328125 0.03194444444444444
1 0.536328125 0.9284722222222223 0.02265625 0.034722222222222224
1 0.50390625 0.8798611111111111 0.0546875 0.11527777777777778
1 0.419140625 0.8451388888888889 0.02890625 0.059722222222222225
1 0.326171875 0.8340277777777778 0.015625 0.027777777777777776
1 0.252734375 0.8909722222222223 0.02734375 0.041666666666666664
1 0.22265625 0.9736111111111111 0.01796875 0.030555555555555555
1 0.078515625 0.8055555555555556 0.01953125 0.03333333333333333
1 0.223046875 0.75625 0.0125 0.02361111111111111
1 0.211328125 0.7944444444444444 0.03515625 0.041666666666666664
1 0.279296875 0.7777777777777778 0.02421875 0.06666666666666667
1 0.31015625 0.74375 0.01640625 0.022222222222222223
1 0.355859375 0.65625 0.0171875 0.03611111111111111
1 0.405078125 0.6895833333333333 0.0171875 0.03333333333333333
1 0.515625 0.6583333333333333 0.02109375 0.04027777777777778
1 0.499609375 0.6361111111111111 0.0171875 0.034722222222222224
1 0.499609375 0.7236111111111111 0.01875 0.03888888888888889
1 0.487109375 0.6895833333333333 0.01875 0.043055555555555555
1 0.453515625 0.6756944444444445 0.02890625 0.07777777777777778
1 0.42421875 0.5701388888888889 0.00859375 0.013888888888888888
1 0.385546875 0.5666666666666667 0.01875 0.029166666666666667
1 0.4625 0.5631944444444444 0.0203125 0.06527777777777778
1 0.446484375 0.5229166666666667 0.01796875 0.02638888888888889
1 0.468359375 0.43680555555555556 0.01484375 0.02638888888888889
1 0.458984375 0.40347222222222223 0.01875 0.03611111111111111
1 0.372265625 0.4847222222222222 0.02265625 0.05694444444444444
1 0.42421875 0.4861111111111111 0.01328125 0.019444444444444445
1 0.4265625 0.4361111111111111 0.0328125 0.06527777777777778
1 0.400390625 0.46597222222222223 0.01640625 0.029166666666666667
1 0.41875 0.33055555555555555 0.0265625 0.041666666666666664
1 0.411328125 0.3729166666666667 0.03671875 0.0625
1 0.37734375 0.27291666666666664 0.01640625 0.034722222222222224
1 0.396875 0.30069444444444443 0.01875 0.041666666666666664
1 0.369921875 0.3104166666666667 0.0171875 0.03611111111111111
1 0.35625 0.4 0.02890625 0.06527777777777778
1 0.335546875 0.43333333333333335 0.02265625 0.03333333333333333
1 0.31328125 0.4513888888888889 0.01640625 0.0375
1 0.26875 0.4583333333333333 0.02421875 0.0375
1 0.27734375 0.4 0.02421875 0.0375
1 0.001953125 0.1763888888888889 0.00390625 0.03194444444444444
1 0.048828125 0.2125 0.01328125 0.022222222222222223
1 0.02734375 0.23819444444444443 0.02421875 0.02638888888888889
1 0.060546875 0.2638888888888889 0.0140625 0.02638888888888889
1 0.15859375 0.28958333333333336 0.01875 0.029166666666666667