1 0.562109375 0.5979166666666667 0.01484375 0.03888888888888889
1 0.696484375 0.51875 0.03125 0.04861111111111111
1 0.740234375 0.5541666666666667 0.015625 0.03333333333333333
1 0.576171875 0.5819444444444445 0.0171875 0.0375
1 0.618359375 0.6569444444444444 0.0140625 0.027777777777777776
1 0.523046875 0.7506944444444444 0.021875 0.03888888888888889
1 0.4484375 0.79375 0.03515625 0.059722222222222225
1 0.571484375 0.8375 0.0296875 0.0625
1 0.476953125 0.8951388888888889 0.01875 0.03333333333333333
1 0.4203125 0.9847222222222223 0.0109375 0.030555555555555555
1 0.828515625 0.96875 0.009375 0.02361111111111111
1 0.862109375 0.8465277777777778 0.0125 0.027777777777777776
1 0.86953125 0.91875 0.0109375 0.016666666666666666
1 0.9203125 0.8680555555555556 0.02109375 0.04861111111111111
1 0.730078125 0.6958333333333333 0.0140625 0.02638888888888889
1 0.891015625 0.6430555555555556 0.01796875 0.030555555555555555
1 0.91875 0.6805555555555556 0.0296875 0.05416666666666667
1 0.658203125 0.5215277777777778 0.0109375 0.022222222222222223
1 0.56953125 0.4840277777777778 0.034375 0.05277777777777778
1 0.985546875 0.08888888888888889 0.02421875 0.03888888888888889
1 0.07734375 0.32708333333333334 0.04296875 0.08333333333333333
1 0.173828125 0.3590277777777778 0.025 0.03194444444444444
1 0.184765625 0.40208333333333335 0.03046875 0.0625
1 0.066796875 0.7180555555555556 0.05234375 0.17083333333333334
1 0.204296875 0.7930555555555555 0.02265625 0.0375
1 0.327734375 0.7277777777777777 0.02109375 0.05
1 0.995703125 0.28402777777777777 0.00859375 0.04722222222222222
1 0.78203125 0.05694444444444444 0.0109375 0.020833333333333332
0 0.097265625 0.12777777777777777 0.19453125 0.25555555555555554
0 0.098046875 0.03888888888888889 0.11875 0.07777777777777778
0 0.09375 0.5486111111111112 0.153125 0.5416666666666666
0 0.1046875 0.8979166666666667 0.209375 0.20416666666666666
0 0.17265625 0.9673611111111111 0.0796875 0.06527777777777778
0 0.659375 0.9631944444444445 0.03125 0.07361111111111111
0 0.73984375 0.8347222222222223 0.29609375 0.33055555555555555
0 0.64453125 0.30277777777777776 0.0921875 0.5791666666666667
0 0.6609375 0.1125 0.12421875 0.225
1 0.459765625 0.2152777777777778 0.021875 0.06388888888888888
1 0.494140625 0.26180555555555557 0.0515625 0.08611111111111111
1 0.530859375 0.25625 0.01953125 0.027777777777777776
1 0.585546875 0.27708333333333335 0.02265625 0.044444444444444446
1 0.444140625 0.3527777777777778 0.0125 0.025
1 0.4703125 0.38819444444444445 0.0171875 0.02638888888888889
1 0.218359375 0.21180555555555555 0.01328125 0.02361111111111111
1 0.247265625 0.2361111111111111 0.02265625 0.04722222222222222
1 0.24140625 0.2673611111111111 0.01171875 0.025
1 0.1671875 0.23194444444444445 0.0203125 0.02361111111111111
1 0.170703125 0.2604166666666667 0.015625 0.015277777777777777
1 0.06484375 0.1840277777777778 0.0328125 0.058333333333333334
1 0.143359375 0.17569444444444443 0.015625 0.025
1 0.234765625 0.04513888888888889 0.02265625 0.029166666666666667
1 0.315234375 0.008333333333333333 0.0125 0.016666666666666666
1 0.326953125 0.03125 0.01796875 0.043055555555555555
1 0.340234375 0.02847222222222222 0.00859375 0.013888888888888888
1 0.23046875 0.016666666666666666 0.0078125 0.0125
1 0.2640625 0.07430555555555556 0.00546875 0.013888888888888888
1 0.434765625 0.034027777777777775 0.01640625 0.029166666666666667
1 0.51640625 0.02013888888888889 0.0546875 0.04027777777777778
1 0.628515625 0.06597222222222222 0.04921875 0.09166666666666666
1 0.733984375 0.07916666666666666 0.02109375 0.0375
1 0.720703125 0.1125 0.009375 0.020833333333333332
1 0.738671875 0.11944444444444445 0.01015625 0.027777777777777776
1 0.7875 0.15416666666666667 0.025 0.04861111111111111
1 0.738671875 0.24513888888888888 0.03046875 0.04722222222222222
1 0.78203125 0.23125 0.0265625 0.041666666666666664
1 0.721484375 0.35 0.01953125 0.05
1 0.725390625 0.40069444444444446 0.025 0.04583333333333333
1 0.765234375 0.3625 0.015625 0.03333333333333333