1 0.525 0.10347222222222222 0.02109375 0.030555555555555555
1 0.527734375 0.13541666666666666 0.0109375 0.018055555555555554
1 0.5484375 0.12986111111111112 0.01953125 0.04027777777777778
1 0.466015625 0.052083333333333336 0.02734375 0.06805555555555555
1 0.418359375 0.05277777777777778 0.01640625 0.029166666666666667
1 0.3734375 0.11388888888888889 0.0125 0.030555555555555555
1 0.7015625 0.8013888888888889 0.01640625 0.041666666666666664
1 0.723828125 0.8472222222222222 0.0203125 0.05277777777777778
1 0.74609375 0.8993055555555556 0.0234375 0.043055555555555555
1 0.772265625 0.8277777777777777 0.01484375 0.022222222222222223
1 0.678515625 0.7 0.01640625 0.03333333333333333
1 0.716015625 0.7041666666666667 0.028125 0.05
1 0.762109375 0.7034722222222223 0.01328125 0.022222222222222223
1 0.812109375 0.6840277777777778 0.01796875 0.02361111111111111
1 0.8203125 0.7104166666666667 0.0109375 0.02638888888888889
1 0.8984375 0.7618055555555555 0.0328125 0.07083333333333333
1 0.797265625 0.6013888888888889 0.021875 0.043055555555555555
1 0.831640625 0.6541666666666667 0.01328125 0.018055555555555554
1 0.773828125 0.5229166666666667 0.0203125 0.041666666666666664
1 0.05 0.1076388888888889 0.01328125 0.029166666666666667
1 0.004296875 0.10277777777777777 0.00859375 0.019444444444444445
1 0.058203125 0.02361111111111111 0.025 0.025
1 0.071875 0.17708333333333334 0.0203125 0.02638888888888889
1 0.60546875 0.3993055555555556 0.02109375 0.03611111111111111
1 0.149609375 0.9340277777777778 0.01328125 0.025
1 0.92734375 0.010416666666666666 0.01640625 0.020833333333333332
1 0.883984375 0.027777777777777776 0.0125 0.027777777777777776
1 0.933984375 0.11805555555555555 0.02890625 0.044444444444444446
1 0.9171875 0.24583333333333332 0.025 0.05138888888888889
1 0.8859375 0.2569444444444444 0.01875 0.03333333333333333
1 0.87421875 0.20277777777777778 0.01484375 0.034722222222222224
1 0.770703125 0.004166666666666667 0.01015625 0.008333333333333333
1 0.673046875 0.013888888888888888 0.0265625 0.027777777777777776
1 0.769140625 0.28888888888888886 0.01328125 0.02361111111111111
1 0.733984375 0.26666666666666666 0.015625 0.03194444444444444
1 0.9953125 0.32708333333333334 0.009375 0.019444444444444445
1 0.760546875 0.4354166666666667 0.02421875 0.03888888888888889
1 0.81015625 0.4652777777777778 0.03203125 0.04861111111111111
1 0.83671875 0.43472222222222223 0.021875 0.041666666666666664
1 0.833984375 0.5361111111111111 0.015625 0.03333333333333333
0 0.65625 0.27847222222222223 0.14375 0.4888888888888889
0 0.6171875 0.07569444444444444 0.0359375 0.15138888888888888
0 0.646484375 0.0798611111111111 0.26328125 0.1597222222222222
0 0.67109375 0.5638888888888889 0.321875 0.12638888888888888
0 0.684765625 0.9069444444444444 0.1265625 0.18611111111111112
1 0.958203125 0.4736111111111111 0.01328125 0.020833333333333332
0 0.595703125 0.7868055555555555 0.25078125 0.4263888888888889
0 0.101171875 0.9222222222222223 0.20234375 0.15555555555555556
0 0.081640625 0.6909722222222222 0.1296875 0.2861111111111111
0 0.081640625 0.39791666666666664 0.16328125 0.36666666666666664
0 0.073828125 0.18194444444444444 0.14765625 0.3638888888888889
0 0.073828125 0.03888888888888889 0.11640625 0.07777777777777778
1 0.176171875 0.175 0.03359375 0.05138888888888889
1 0.227734375 0.19722222222222222 0.02421875 0.06666666666666667
1 0.182421875 0.37916666666666665 0.015625 0.02638888888888889
1 0.166796875 0.5083333333333333 0.00859375 0.016666666666666666
1 0.172265625 0.5416666666666666 0.0203125 0.03333333333333333
1 0.18203125 0.6465277777777778 0.02109375 0.05277777777777778
1 0.206640625 0.6611111111111111 0.0265625 0.08472222222222223
1 0.07109375 0.7833333333333333 0.03359375 0.04722222222222222
1 0.10546875 0.7708333333333334 0.01796875 0.034722222222222224
1 0.235546875 0.9777777777777777 0.01875 0.03333333333333333
1 0.470703125 0.8326388888888889 0.03359375 0.08055555555555556
1 0.5203125 0.8972222222222223 0.0203125 0.03888888888888889
1 0.540234375 0.95 0.00859375 0.019444444444444445
1 0.545703125 0.9902777777777778 0.0203125 0.019444444444444445
1 0.5921875 0.99375 0.0171875 0.0125
1 0.620703125 0.9 0.01171875 0.03333333333333333
1 0.521875 0.7958333333333333 0.01484375 0.030555555555555555
1 0.622265625 0.65 0.02265625 0.03611111111111111
1 0.552734375 0.5819444444444445 0.01953125 0.03194444444444444
1 0.462109375 0.5576388888888889 0.02109375 0.04027777777777778
1 0.428515625 0.5395833333333333 0.028125 0.08333333333333333
1 0.446875 0.48333333333333334 0.01796875 0.029166666666666667
1 0.5453125 0.4027777777777778 0.028125 0.04027777777777778
1 0.615625 0.35347222222222224 0.0234375 0.03611111111111111
1 0.437890625 0.34652777777777777 0.01171875 0.030555555555555555
1 0.46171875 0.34444444444444444 0.0359375 0.06944444444444445
1 0.42109375 0.2534722222222222 0.0171875 0.029166666666666667
1 0.40234375 0.20555555555555555 0.02109375 0.04027777777777778
1 0.42421875 0.21597222222222223 0.02109375 0.022222222222222223
1 0.433984375 0.2951388888888889 0.0171875 0.02361111111111111
1 0.54375 0.2326388888888889 0.021875 0.05
1 0.564453125 0.21180555555555555 0.0125 0.022222222222222223
1 0.511328125 0.15138888888888888 0.0203125 0.05