0 0.53359375 0.057291666666666664 0.3859375 0.11458333333333333
1 0.9796875 0.7166666666666667 0.021875 0.020833333333333332
1 0.98828125 0.28854166666666664 0.0171875 0.01875
1 0.7859375 0.03854166666666667 0.01875 0.01875
1 0.7625 0.009375 0.03125 0.01875
1 0.8796875 0.022916666666666665 0.0265625 0.03958333333333333
1 0.25546875 0.3125 0.0296875 0.025
1 0.20546875 0.28854166666666664 0.01875 0.029166666666666667
1 0.60859375 0.059375 0.0234375 0.0375
1 0.62734375 0.06145833333333333 0.0203125 0.03333333333333333
1 0.7140625 0.3 0.015625 0.014583333333333334
1 0.68984375 0.3385416666666667 0.0296875 0.03125
1 0.8 0.296875 0.01875 0.025
1 0.628125 0.34270833333333334 0.0390625 0.05416666666666667
1 0.65390625 0.31875 0.015625 0.020833333333333332
1 0.6140625 0.6916666666666667 0.0234375 0.03125
1 0.73359375 0.7645833333333333 0.01875 0.041666666666666664
1 0.7109375 0.7645833333333333 0.028125 0.05416666666666667
1 0.428125 0.5020833333333333 0.0328125 0.04375
1 0.43828125 0.5395833333333333 0.03125 0.03958333333333333
1 0.2421875 0.71875 0.021875 0.022916666666666665
1 0.19921875 0.9552083333333333 0.0203125 0.03958333333333333
1 0.11328125 0.8666666666666667 0.0265625 0.025
1 0.25546875 0.5979166666666667 0.0140625 0.014583333333333334
1 0.16953125 0.6677083333333333 0.0171875 0.022916666666666665
0 0.49375 0.884375 0.3390625 0.23125
0 0.59296875 0.665625 0.2390625 0.40208333333333335
0 0.58046875 0.296875 0.3265625 0.2833333333333333