1 0.51875 0.509375 0.059375 0.05416666666666667
1 0.5453125 0.4708333333333333 0.015625 0.020833333333333332
1 0.56640625 0.4197916666666667 0.0109375 0.016666666666666666
1 0.6484375 0.4583333333333333 0.0140625 0.025
1 0.7109375 0.4010416666666667 0.025 0.020833333333333332
1 0.63828125 0.3104166666666667 0.0265625 0.035416666666666666
1 0.62421875 0.6770833333333334 0.03125 0.041666666666666664
1 0.73125 0.6979166666666666 0.03125 0.029166666666666667
1 0.67265625 0.859375 0.0203125 0.0375
1 0.6859375 0.93125 0.028125 0.035416666666666666
1 0.8578125 0.9791666666666666 0.0390625 0.03958333333333333
1 0.15546875 0.8760416666666667 0.0203125 0.01875
1 0.2421875 0.828125 0.0203125 0.025
1 0.09609375 0.290625 0.0171875 0.027083333333333334
1 0.315625 0.22604166666666667 0.0125 0.01875
1 0.45625 0.13333333333333333 0.034375 0.03125
1 0.5203125 0.19375 0.0296875 0.029166666666666667
1 0.540625 0.6572916666666667 0.03125 0.035416666666666666
1 0.55703125 0.690625 0.01875 0.029166666666666667
1 0.434375 0.6697916666666667 0.01875 0.029166666666666667
1 0.44453125 0.5239583333333333 0.0359375 0.05416666666666667
0 0.34453125 0.1375 0.128125 0.2708333333333333
1 0.475 0.8354166666666667 0.0421875 0.0375
0 0.390625 0.33958333333333335 0.309375 0.1375
0 0.35078125 0.5989583333333334 0.1203125 0.3416666666666667
0 0.41640625 0.9302083333333333 0.1671875 0.13958333333333334
1 0.67265625 0.234375 0.021875 0.03958333333333333
1 0.65546875 0.075 0.040625 0.035416666666666666
1 0.00390625 0.421875 0.0078125 0.0125
1 0.12109375 0.023958333333333335 0.0171875 0.029166666666666667