1 0.975390625 0.6791666666666667 0.01640625 0.03333333333333333
1 0.901171875 0.7472222222222222 0.03046875 0.041666666666666664
1 0.923828125 0.8479166666666667 0.01328125 0.016666666666666666
1 0.815625 0.9902777777777778 0.01328125 0.019444444444444445
1 0.774609375 0.9729166666666667 0.0265625 0.05416666666666667
1 0.735546875 0.9027777777777778 0.03203125 0.0625
1 0.79921875 0.8625 0.04921875 0.07777777777777778
1 0.7859375 0.7902777777777777 0.02109375 0.04722222222222222
1 0.78125 0.6840277777777778 0.03984375 0.059722222222222225
1 0.744140625 0.7236111111111111 0.0515625 0.05277777777777778
1 0.83125 0.6229166666666667 0.02421875 0.041666666666666664
1 0.960546875 0.5152777777777777 0.021875 0.03611111111111111
1 0.704296875 0.021527777777777778 0.03984375 0.043055555555555555
1 0.7765625 0.03125 0.01640625 0.025
1 0.77578125 0.06666666666666667 0.0234375 0.02638888888888889
1 0.75859375 0.11458333333333333 0.034375 0.05138888888888889
1 0.721875 0.14097222222222222 0.0140625 0.0375
1 0.71484375 0.17569444444444443 0.02265625 0.030555555555555555
1 0.7125 0.2708333333333333 0.06015625 0.09444444444444444
1 0.68828125 0.3111111111111111 0.03046875 0.04583333333333333
1 0.723046875 0.3284722222222222 0.01875 0.030555555555555555
1 0.6796875 0.3541666666666667 0.01171875 0.044444444444444446
1 0.662890625 0.34444444444444444 0.0109375 0.022222222222222223
1 0.744921875 0.3076388888888889 0.01640625 0.020833333333333332
1 0.77109375 0.3194444444444444 0.02265625 0.027777777777777776
1 0.789453125 0.30972222222222223 0.02265625 0.05
1 0.8203125 0.3993055555555556 0.034375 0.07361111111111111
1 0.874609375 0.3923611111111111 0.0203125 0.03194444444444444
1 0.10703125 0.25763888888888886 0.01171875 0.022222222222222223
1 0.080078125 0.22847222222222222 0.015625 0.04861111111111111
1 0.078125 0.1361111111111111 0.015625 0.020833333333333332
1 0.0484375 0.11597222222222223 0.03046875 0.058333333333333334
1 0.19765625 0.022916666666666665 0.0234375 0.04027777777777778
1 0.215234375 0.06666666666666667 0.04296875 0.08472222222222223
1 0.215234375 0.005555555555555556 0.015625 0.011111111111111112
1 0.2359375 0.009722222222222222 0.015625 0.019444444444444445
1 0.576171875 0.05763888888888889 0.034375 0.04583333333333333
1 0.140625 0.28402777777777777 0.02421875 0.03611111111111111
1 0.221484375 0.3506944444444444 0.02734375 0.05138888888888889
1 0.19453125 0.15416666666666667 0.07578125 0.09583333333333334
1 0.170703125 0.24027777777777778 0.01640625 0.034722222222222224
1 0.208203125 0.24166666666666667 0.034375 0.07777777777777778
1 0.238671875 0.21180555555555555 0.0234375 0.06666666666666667
1 0.262890625 0.29930555555555555 0.0484375 0.06944444444444445
1 0.30546875 0.3229166666666667 0.0140625 0.022222222222222223
1 0.2921875 0.24305555555555555 0.03046875 0.06388888888888888
1 0.28125 0.1736111111111111 0.0109375 0.019444444444444445
0 0.6359375 0.9263888888888889 0.16015625 0.14722222222222223
0 0.657421875 0.6930555555555555 0.1828125 0.3263888888888889
1 0.07890625 0.2763888888888889 0.0171875 0.02361111111111111
1 0.65078125 0.8055555555555556 0.0234375 0.05277777777777778
1 0.93046875 0.21875 0.03046875 0.041666666666666664
1 0.983203125 0.2548611111111111 0.02734375 0.05694444444444444
0 0.665625 0.5347222222222222 0.16328125 0.2722222222222222
0 0.673828125 0.23541666666666666 0.11015625 0.4708333333333333
0 0.66171875 0.06319444444444444 0.215625 0.12638888888888888
0 0.09140625 0.06388888888888888 0.1828125 0.12777777777777777
0 0.120703125 0.24513888888888888 0.1171875 0.3458333333333333
0 0.08203125 0.4479166666666667 0.1640625 0.26666666666666666
0 0.16796875 0.7 0.1625 0.23472222222222222
0 0.1296875 0.8222222222222222 0.1140625 0.35555555555555557
1 0.22578125 0.8222222222222222 0.015625 0.015277777777777777
1 0.24921875 0.7986111111111112 0.00859375 0.019444444444444445
1 0.143359375 0.41180555555555554 0.00859375 0.025
1 0.985546875 0.12638888888888888 0.021875 0.034722222222222224
1 0.8828125 0.021527777777777778 0.02890625 0.043055555555555555
1 0.851953125 0.018055555555555554 0.02890625 0.03611111111111111
1 0.83359375 0.044444444444444446 0.03046875 0.04722222222222222
1 0.04296875 0.3784722222222222 0.0140625 0.020833333333333332
1 0.0515625 0.4909722222222222 0.01953125 0.020833333333333332
1 0.0609375 0.6993055555555555 0.03046875 0.02638888888888889
1 0.331640625 0.65 0.0140625 0.030555555555555555
1 0.425 0.8180555555555555 0.0140625 0.04027777777777778
1 0.95078125 0.3993055555555556 0.01171875 0.025
1 0.279296875 0.9298611111111111 0.01015625 0.020833333333333332
1 0.271484375 0.9152777777777777 0.00859375 0.0125
1 0.130078125 0.9402777777777778 0.01484375 0.02638888888888889
1 0.2140625 0.9875 0.05 0.025
1 0.189453125 0.95 0.0203125 0.030555555555555555
1 0.20625 0.8625 0.0390625 0.06111111111111111
1 0.111328125 0.8215277777777777 0.0140625 0.04861111111111111
1 0.14609375 0.7645833333333333 0.0171875 0.027777777777777776
1 0.169921875 0.6972222222222222 0.034375 0.05
1 0.206640625 0.7368055555555556 0.03125 0.05694444444444444
1 0.273046875 0.7152777777777778 0.01328125 0.02638888888888889
1 0.24296875 0.6708333333333333 0.04765625 0.10416666666666667
1 0.162109375 0.5791666666666667 0.01640625 0.03194444444444444
1 0.1296875 0.41597222222222224 0.01015625 0.0375
1 0.205859375 0.4361111111111111 0.0171875 0.034722222222222224
1 0.14375 0.5027777777777778 0.03671875 0.06388888888888888
1 0.23203125 0.47638888888888886 0.01171875 0.025
1 0.192578125 0.4777777777777778 0.0390625 0.08888888888888889
1 0.218359375 0.5402777777777777 0.01484375 0.034722222222222224
1 0.33046875 0.5486111111111112 0.015625 0.034722222222222224
1 0.251953125 0.5486111111111112 0.01953125 0.034722222222222224
1 0.295703125 0.5243055555555556 0.03125 0.05555555555555555
1 0.56953125 0.34097222222222223 0.01015625 0.018055555555555554
1 0.59296875 0.23125 0.015625 0.02638888888888889
1 0.544140625 0.22777777777777777 0.0140625 0.016666666666666666
1 0.340234375 0.7840277777777778 0.0078125 0.030555555555555555
1 0.533203125 0.28402777777777777 0.01171875 0.018055555555555554
1 0.570703125 0.4152777777777778 0.01484375 0.02638888888888889
1 0.573828125 0.46319444444444446 0.01875 0.05138888888888889
1 0.61171875 0.5381944444444444 0.0125 0.016666666666666666
1 0.68984375 0.6520833333333333 0.03515625 0.044444444444444446
1 0.755078125 0.6381944444444444 0.01484375 0.034722222222222224
1 0.708203125 0.5986111111111111 0.021875 0.041666666666666664
1 0.721875 0.5291666666666667 0.0125 0.02361111111111111
1 0.7640625 0.49583333333333335 0.02578125 0.05555555555555555