0 0.68828125 0.16458333333333333 0.1484375 0.32916666666666666
0 0.7140625 0.465625 0.278125 0.2125
0 0.68828125 0.740625 0.0890625 0.24791666666666667
0 0.6359375 0.9552083333333333 0.128125 0.08958333333333333
1 0.3703125 0.296875 0.0390625 0.05
1 0.40390625 0.346875 0.0234375 0.022916666666666665
1 0.2859375 0.3302083333333333 0.0265625 0.025
1 0.35390625 0.5270833333333333 0.0359375 0.0375
1 0.4203125 0.55 0.0484375 0.058333333333333334
1 0.47109375 0.6177083333333333 0.0265625 0.03125
1 0.50859375 0.6520833333333333 0.0390625 0.04583333333333333
1 0.6 0.6427083333333333 0.0265625 0.0375
1 0.55234375 0.21875 0.046875 0.05
1 0.146875 0.9666666666666667 0.034375 0.03958333333333333
1 0.03515625 0.38333333333333336 0.021875 0.020833333333333332
1 0.11953125 0.30416666666666664 0.0359375 0.03958333333333333
1 0.72578125 0.13125 0.0578125 0.03125
1 0.5609375 0.31979166666666664 0.03125 0.04583333333333333
1 0.4109375 0.31145833333333334 0.0265625 0.022916666666666665
1 0.75078125 0.9885416666666667 0.053125 0.022916666666666665
1 0.86328125 0.5260416666666666 0.021875 0.03125
1 0.03515625 0.33125 0.0109375 0.016666666666666666
1 0.12265625 0.4552083333333333 0.01875 0.035416666666666666
1 0.62890625 0.7260416666666667 0.015625 0.022916666666666665
1 0.68125 0.8572916666666667 0.0453125 0.03333333333333333
1 0.371875 0.7989583333333333 0.015625 0.020833333333333332
1 0.36796875 0.5895833333333333 0.01875 0.025
1 0.67890625 0.328125 0.034375 0.027083333333333334
1 0.434375 0.38645833333333335 0.0359375 0.03333333333333333
1 0.571875 0.8260416666666667 0.0296875 0.03125
1 0.5234375 0.7666666666666667 0.0390625 0.06875
1 0.87109375 0.8572916666666667 0.0203125 0.03333333333333333
1 0.82265625 0.8604166666666667 0.040625 0.041666666666666664
1 0.784375 0.840625 0.025 0.03958333333333333
1 0.83125 0.7697916666666667 0.0515625 0.041666666666666664
1 0.40078125 0.984375 0.03125 0.03125
1 0.1375 0.7395833333333334 0.040625 0.052083333333333336
1 0.5109375 0.8677083333333333 0.015625 0.0375
1 0.465625 0.7989583333333333 0.0375 0.052083333333333336
1 0.38984375 0.85 0.0171875 0.041666666666666664
1 0.75 0.7510416666666667 0.028125 0.04375
1 0.25 0.27291666666666664 0.025 0.03333333333333333
1 0.5234375 0.071875 0.0203125 0.022916666666666665
1 0.57109375 0.165625 0.046875 0.05416666666666667
1 0.8390625 0.20729166666666668 0.025 0.027083333333333334
1 0.875 0.33958333333333335 0.046875 0.04583333333333333
1 0.83359375 0.2947916666666667 0.021875 0.025
1 0.85390625 0.009375 0.025 0.016666666666666666
1 0.90078125 0.028125 0.021875 0.020833333333333332
1 0.4796875 0.16041666666666668 0.0265625 0.03125
1 0.415625 0.16770833333333332 0.03125 0.029166666666666667
1 0.54921875 0.47291666666666665 0.0234375 0.025
1 0.6 0.5166666666666667 0.0265625 0.029166666666666667
1 0.6515625 0.5354166666666667 0.021875 0.029166666666666667
1 0.6828125 0.5614583333333333 0.021875 0.035416666666666666
1 0.78046875 0.4947916666666667 0.028125 0.041666666666666664
1 0.83515625 0.48333333333333334 0.0390625 0.035416666666666666
1 0.91484375 0.734375 0.0359375 0.041666666666666664
1 0.7328125 0.46458333333333335 0.0234375 0.03333333333333333