1 0.09375 0.7989583333333333 0.01875 0.0375
0 0.3890625 0.109375 0.0390625 0.21041666666666667
0 0.36015625 0.3260416666666667 0.075 0.375
0 0.340625 0.7375 0.134375 0.4270833333333333
0 0.38515625 0.953125 0.303125 0.09375
1 0.58515625 0.2760416666666667 0.0296875 0.04791666666666667
1 0.65625 0.25625 0.0234375 0.03125
1 0.52890625 0.2760416666666667 0.0390625 0.04791666666666667
1 0.56640625 0.06041666666666667 0.0265625 0.035416666666666666
1 0.478125 0.05625 0.028125 0.029166666666666667
1 0.653125 0.609375 0.034375 0.03958333333333333
1 0.68828125 0.5114583333333333 0.0171875 0.029166666666666667
1 0.66640625 0.75 0.021875 0.035416666666666666
1 0.634375 0.828125 0.0265625 0.041666666666666664
1 0.70546875 0.921875 0.03125 0.025
1 0.6421875 0.9697916666666667 0.0203125 0.01875
1 0.5609375 0.9447916666666667 0.0140625 0.020833333333333332
1 0.31640625 0.7364583333333333 0.0140625 0.022916666666666665
1 0.453125 0.6510416666666666 0.034375 0.041666666666666664
1 0.5125 0.7145833333333333 0.0203125 0.025
1 0.265625 0.29270833333333335 0.034375 0.04583333333333333
1 0.06328125 0.3020833333333333 0.01875 0.025
1 0.22265625 0.3645833333333333 0.0140625 0.027083333333333334
1 0.84609375 0.328125 0.0265625 0.027083333333333334
1 0.1390625 0.16979166666666667 0.021875 0.027083333333333334
1 0.28359375 0.06041666666666667 0.0171875 0.01875
1 0.12265625 0.51875 0.0140625 0.03125
1 0.15078125 0.4510416666666667 0.01875 0.01875
1 0.184375 0.078125 0.01875 0.03958333333333333
1 0.0890625 0.49166666666666664 0.0171875 0.016666666666666666
1 0.203125 0.8822916666666667 0.01875 0.016666666666666666
1 0.30625 0.178125 0.0125 0.016666666666666666