1 0.558203125 0.3909722222222222 0.02890625 0.0875
1 0.566796875 0.16944444444444445 0.0203125 0.034722222222222224
1 0.651953125 0.2520833333333333 0.01328125 0.022222222222222223
1 0.7765625 0.16527777777777777 0.0171875 0.04027777777777778
1 0.86484375 0.16319444444444445 0.0234375 0.04861111111111111
1 0.88984375 0.1423611111111111 0.0265625 0.05138888888888889
1 0.1140625 0.8222222222222222 0.02265625 0.041666666666666664
1 0.980078125 0.020833333333333332 0.028125 0.041666666666666664
1 0.903515625 0.28402777777777777 0.0125 0.02361111111111111
1 0.919140625 0.2861111111111111 0.01171875 0.02361111111111111
1 0.81171875 0.43333333333333335 0.0125 0.020833333333333332
1 0.89609375 0.5069444444444444 0.02734375 0.04583333333333333
1 0.812109375 0.6513888888888889 0.01484375 0.018055555555555554
1 0.873828125 0.7347222222222223 0.01796875 0.029166666666666667
1 0.80078125 0.7819444444444444 0.021875 0.022222222222222223
1 0.99609375 0.8152777777777778 0.0078125 0.03333333333333333
1 0.1703125 0.8340277777777778 0.01953125 0.044444444444444446
1 0.2203125 0.8381944444444445 0.01328125 0.0375
1 0.4046875 0.6090277777777777 0.02421875 0.041666666666666664
1 0.03671875 0.8368055555555556 0.028125 0.03888888888888889
1 0.1359375 0.7138888888888889 0.0171875 0.034722222222222224
0 0.754296875 0.04097222222222222 0.12109375 0.08194444444444444
1 0.150390625 0.5652777777777778 0.01015625 0.013888888888888888
0 0.713671875 0.075 0.25 0.15
0 0.7796875 0.29444444444444445 0.33046875 0.2375
0 0.74453125 0.6215277777777778 0.21640625 0.4236111111111111
0 0.7375 0.8416666666666667 0.26484375 0.2513888888888889
0 0.75390625 0.9631944444444445 0.1265625 0.07361111111111111
0 0.12109375 0.8645833333333334 0.1125 0.26666666666666666
0 0.098046875 0.6361111111111111 0.19609375 0.125
0 0.0734375 0.4375 0.146875 0.44166666666666665
0 0.0953125 0.125 0.190625 0.23194444444444445
1 0.083203125 0.20347222222222222 0.0171875 0.02361111111111111
1 0.146484375 0.19166666666666668 0.009375 0.015277777777777777
0 0.12421875 0.027777777777777776 0.05546875 0.05555555555555555
1 0.137109375 0.61875 0.015625 0.02638888888888889
1 0.015625 0.35347222222222224 0.02890625 0.059722222222222225
1 0.13515625 0.36666666666666664 0.02890625 0.05138888888888889
1 0.07890625 0.25625 0.0265625 0.04722222222222222
1 0.40625 0.4263888888888889 0.01328125 0.04027777777777778
1 0.38125 0.14722222222222223 0.01015625 0.029166666666666667
1 0.4453125 0.1361111111111111 0.04921875 0.09305555555555556
1 0.48125 0.025694444444444443 0.0203125 0.05138888888888889
1 0.387109375 0.01875 0.00859375 0.011111111111111112
1 0.165234375 0.03958333333333333 0.01328125 0.030555555555555555
1 0.14375 0.03333333333333333 0.0203125 0.043055555555555555
1 0.58125 0.9833333333333333 0.01875 0.03333333333333333
1 0.754296875 0.9277777777777778 0.02265625 0.04861111111111111
1 0.6546875 0.48680555555555555 0.01875 0.0375