1 0.20859375 0.728125 0.0265625 0.03333333333333333
1 0.665625 0.23958333333333334 0.0609375 0.058333333333333334
1 0.51796875 0.26875 0.009375 0.0125
0 0.6578125 0.04479166666666667 0.165625 0.08958333333333333
1 0.7578125 0.9385416666666667 0.078125 0.08125
1 0.88984375 0.884375 0.0265625 0.03125
1 0.96953125 0.93125 0.0203125 0.022916666666666665
1 0.425 0.365625 0.03125 0.03333333333333333
1 0.94921875 0.7989583333333333 0.1015625 0.17916666666666667
1 0.8671875 0.8395833333333333 0.0109375 0.01875
1 0.81796875 0.7083333333333334 0.040625 0.05
1 0.984375 0.675 0.03125 0.0375
1 0.70546875 0.8239583333333333 0.078125 0.1125
1 0.54453125 0.6614583333333334 0.0390625 0.05625
1 0.58359375 0.675 0.028125 0.0375
1 0.55546875 0.7166666666666667 0.0265625 0.025
1 0.5703125 0.6135416666666667 0.0328125 0.03333333333333333
1 0.525 0.5708333333333333 0.021875 0.029166666666666667
1 0.596875 0.5677083333333334 0.0234375 0.03333333333333333
1 0.65703125 0.6427083333333333 0.015625 0.03958333333333333
1 0.68515625 0.6395833333333333 0.0171875 0.020833333333333332
1 0.7265625 0.578125 0.0828125 0.06875
1 0.7375 0.5302083333333333 0.01875 0.022916666666666665
1 0.7671875 0.5291666666666667 0.015625 0.016666666666666666
1 0.8796875 0.4864583333333333 0.0171875 0.022916666666666665
1 0.8234375 0.42604166666666665 0.01875 0.03125
1 0.8671875 0.37395833333333334 0.0546875 0.058333333333333334
1 0.65859375 0.010416666666666666 0.0140625 0.020833333333333332
1 0.4234375 0.06354166666666666 0.028125 0.025
1 0.353125 0.07291666666666667 0.0203125 0.03125
1 0.8609375 0.2708333333333333 0.0515625 0.07291666666666667
1 0.33828125 0.175 0.0453125 0.041666666666666664
1 0.4140625 0.18958333333333333 0.021875 0.027083333333333334
1 0.4375 0.20729166666666668 0.009375 0.027083333333333334
1 0.27890625 0.21875 0.028125 0.025
1 0.06796875 0.23333333333333334 0.0203125 0.025
1 0.01640625 0.04895833333333333 0.0328125 0.04583333333333333
1 0.02890625 0.12708333333333333 0.0265625 0.020833333333333332
1 0.00546875 0.140625 0.0109375 0.025
1 0.0296875 0.7677083333333333 0.009375 0.022916666666666665
1 0.2171875 0.8322916666666667 0.0125 0.025
0 0.73515625 0.21875 0.2890625 0.36666666666666664
0 0.66328125 0.4583333333333333 0.35625 0.21041666666666667
0 0.68984375 0.6822916666666666 0.2203125 0.10416666666666667
0 0.81171875 0.9666666666666667 0.3359375 0.06666666666666667
1 0.91875 0.2604166666666667 0.0515625 0.0625
1 0.98125 0.25416666666666665 0.0375 0.052083333333333336
1 0.95234375 0.20729166666666668 0.0203125 0.01875
1 0.42109375 0.3260416666666667 0.021875 0.027083333333333334
1 0.86875 0.13541666666666666 0.0140625 0.01875
1 0.0125 0.5697916666666667 0.025 0.04375
1 0.27109375 0.8875 0.0390625 0.03125
1 0.35390625 0.8114583333333333 0.0421875 0.03125
1 0.38671875 0.9802083333333333 0.0328125 0.0375
1 0.43046875 0.946875 0.025 0.027083333333333334
1 0.5859375 0.42291666666666666 0.053125 0.0875
1 0.98515625 0.49583333333333335 0.0296875 0.03125
1 0.94765625 0.49270833333333336 0.01875 0.016666666666666666
1 0.94921875 0.025 0.028125 0.035416666666666666
1 0.87890625 0.005208333333333333 0.03125 0.010416666666666666
1 0.7390625 0.027083333333333334 0.025 0.05416666666666667
1 0.315625 0.4322916666666667 0.05625 0.07916666666666666
1 0.24140625 0.5354166666666667 0.0421875 0.07708333333333334