1 0.6828125 0.9947916666666666 0.015625 0.010416666666666666
1 0.69609375 0.59375 0.0265625 0.03125
1 0.7375 0.6041666666666666 0.025 0.016666666666666666
1 0.63125 0.6552083333333333 0.0234375 0.029166666666666667
1 0.653125 0.696875 0.025 0.022916666666666665
1 0.6015625 0.7208333333333333 0.028125 0.035416666666666666
1 0.6234375 0.759375 0.0265625 0.029166666666666667
1 0.6890625 0.7260416666666667 0.021875 0.027083333333333334
1 0.7140625 0.73125 0.0234375 0.035416666666666666
1 0.54296875 0.6895833333333333 0.0234375 0.025
1 0.55546875 0.7270833333333333 0.01875 0.03333333333333333
1 0.50546875 0.7197916666666667 0.025 0.027083333333333334
1 0.50625 0.7760416666666666 0.028125 0.025
1 0.5453125 0.790625 0.034375 0.03958333333333333
1 0.5046875 0.8427083333333333 0.0359375 0.03125
1 0.4765625 0.9083333333333333 0.0140625 0.022916666666666665
1 0.37890625 0.030208333333333334 0.04375 0.05
1 0.4140625 0.07708333333333334 0.04375 0.07083333333333333
1 0.30078125 0.009375 0.0359375 0.01875
1 0.20390625 0.010416666666666666 0.0375 0.020833333333333332
1 0.19921875 0.04375 0.0265625 0.041666666666666664
1 0.1453125 0.08333333333333333 0.01875 0.027083333333333334
1 0.2109375 0.184375 0.01875 0.022916666666666665
1 0.28359375 0.11770833333333333 0.0515625 0.052083333333333336
1 0.34765625 0.209375 0.0296875 0.041666666666666664
1 0.35859375 0.24479166666666666 0.028125 0.0375
1 0.340625 0.2791666666666667 0.0203125 0.022916666666666665
1 0.3421875 0.31354166666666666 0.0234375 0.027083333333333334
1 0.3671875 0.325 0.025 0.027083333333333334
1 0.37421875 0.2708333333333333 0.009375 0.020833333333333332
1 0.41015625 0.2760416666666667 0.0140625 0.016666666666666666
1 0.41796875 0.21145833333333333 0.0453125 0.06041666666666667
1 0.45625 0.28541666666666665 0.0171875 0.022916666666666665
1 0.421875 0.3572916666666667 0.0328125 0.035416666666666666
1 0.4765625 0.42916666666666664 0.0171875 0.041666666666666664
1 0.51875 0.48125 0.01875 0.027083333333333334
1 0.496875 0.509375 0.025 0.04583333333333333
1 0.55703125 0.584375 0.021875 0.0375
1 0.615625 0.49895833333333334 0.025 0.025
1 0.65234375 0.5458333333333333 0.03125 0.0375
1 0.50234375 0.94375 0.046875 0.07291666666666667
1 0.5359375 0.9010416666666666 0.03125 0.05
1 0.5578125 0.9947916666666666 0.0171875 0.010416666666666666
1 0.6015625 0.9635416666666666 0.01875 0.022916666666666665
1 0.63984375 0.9895833333333334 0.028125 0.020833333333333332
1 0.6484375 0.9333333333333333 0.0203125 0.029166666666666667
1 0.81015625 0.9739583333333334 0.0125 0.025
1 0.8421875 0.9364583333333333 0.021875 0.022916666666666665
1 0.7875 0.8479166666666667 0.04375 0.035416666666666666
1 0.68046875 0.8364583333333333 0.0234375 0.03125
1 0.37734375 0.9114583333333334 0.021875 0.029166666666666667
1 0.4234375 0.9333333333333333 0.03125 0.03333333333333333
1 0.41328125 0.9645833333333333 0.0203125 0.035416666666666666
1 0.4578125 0.940625 0.01875 0.016666666666666666
1 0.29140625 0.94375 0.0140625 0.01875
1 0.24609375 0.9291666666666667 0.01875 0.022916666666666665
1 0.2234375 0.984375 0.01875 0.03125
1 0.2453125 0.9895833333333334 0.0234375 0.020833333333333332
1 0.26015625 0.9791666666666666 0.0328125 0.03125
1 0.2015625 0.9375 0.01875 0.027083333333333334
1 0.02890625 0.9510416666666667 0.028125 0.03125
1 0.003125 0.9239583333333333 0.00625 0.0125
1 0.01875 0.878125 0.0265625 0.025
1 0.1171875 0.9177083333333333 0.015625 0.020833333333333332
1 0.2765625 0.8270833333333333 0.0234375 0.041666666666666664
1 0.29609375 0.86875 0.025 0.029166666666666667
1 0.2625 0.8447916666666667 0.034375 0.029166666666666667
1 0.3296875 0.7770833333333333 0.0359375 0.06666666666666667
1 0.2296875 0.7135416666666666 0.028125 0.020833333333333332
1 0.26484375 0.7020833333333333 0.0265625 0.041666666666666664
1 0.26328125 0.7416666666666667 0.0359375 0.0375
1 0.303125 0.7208333333333333 0.0171875 0.020833333333333332
1 0.1953125 0.6770833333333334 0.0140625 0.03333333333333333
1 0.28828125 0.6760416666666667 0.021875 0.025
1 0.36484375 0.6958333333333333 0.046875 0.05
1 0.41328125 0.6833333333333333 0.025 0.03125
1 0.4390625 0.7229166666666667 0.0171875 0.01875
1 0.4484375 0.6208333333333333 0.0234375 0.03333333333333333
1 0.3625 0.6135416666666667 0.0140625 0.027083333333333334
1 0.284375 0.5447916666666667 0.0265625 0.05416666666666667
1 0.33828125 0.4479166666666667 0.01875 0.029166666666666667
1 0.371875 0.48333333333333334 0.0203125 0.04583333333333333
1 0.3796875 0.55625 0.0203125 0.03125
1 0.49765625 0.6666666666666666 0.0171875 0.025
1 0.5375 0.634375 0.028125 0.04375
1 0.5640625 0.625 0.01875 0.027083333333333334
1 0.58359375 0.640625 0.0171875 0.0125
1 0.1875 0.76875 0.0234375 0.022916666666666665
1 0.01484375 0.7041666666666667 0.0296875 0.016666666666666666
1 0.05078125 0.42083333333333334 0.015625 0.025
1 0.0875 0.390625 0.025 0.025
1 0.01640625 0.25 0.0328125 0.041666666666666664
1 0.00546875 0.2916666666666667 0.0109375 0.022916666666666665
1 0.04296875 0.3 0.0328125 0.03333333333333333
1 0.28984375 0.36041666666666666 0.025 0.03333333333333333
1 0.33828125 0.37083333333333335 0.034375 0.03958333333333333
1 0.25546875 0.36666666666666664 0.015625 0.025
1 0.1453125 0.35625 0.015625 0.016666666666666666
1 0.2265625 0.278125 0.053125 0.0625
1 0.20625 0.33958333333333335 0.015625 0.022916666666666665
1 0.040625 0.009375 0.0203125 0.01875
1 0.57265625 0.14166666666666666 0.0265625 0.03125
1 0.55390625 0.15729166666666666 0.03125 0.016666666666666666
1 0.6125 0.11770833333333333 0.0328125 0.07083333333333333
1 0.6625 0.12708333333333333 0.0171875 0.022916666666666665
1 0.6515625 0.04895833333333333 0.0265625 0.03958333333333333
1 0.63046875 0.06354166666666666 0.0265625 0.03125
1 0.71328125 0.052083333333333336 0.0171875 0.020833333333333332
1 0.77734375 0.1125 0.0390625 0.04583333333333333
1 0.809375 0.15520833333333334 0.0328125 0.03958333333333333
1 0.77421875 0.175 0.021875 0.03333333333333333
1 0.74296875 0.196875 0.025 0.025
1 0.728125 0.3385416666666667 0.034375 0.052083333333333336
1 0.76015625 0.3489583333333333 0.0328125 0.04375
1 0.7375 0.41770833333333335 0.015625 0.025
1 0.765625 0.43333333333333335 0.025 0.03125
1 0.7140625 0.5270833333333333 0.0265625 0.041666666666666664
1 0.77734375 0.5802083333333333 0.021875 0.022916666666666665
1 0.903125 0.6895833333333333 0.021875 0.029166666666666667
1 0.93828125 0.8010416666666667 0.01875 0.022916666666666665
1 0.69296875 0.9614583333333333 0.0140625 0.008333333333333333
1 0.41875 0.8729166666666667 0.015625 0.016666666666666666
1 0.73046875 0.035416666666666666 0.0171875 0.016666666666666666
1 0.76640625 0.0125 0.015625 0.025
1 0.796875 0.029166666666666667 0.021875 0.025
1 0.81640625 0.18645833333333334 0.0140625 0.027083333333333334
1 0.86015625 0.19375 0.015625 0.020833333333333332
1 0.9828125 0.23020833333333332 0.034375 0.03958333333333333
1 0.83125 0.4114583333333333 0.0390625 0.041666666666666664
1 0.903125 0.3875 0.0171875 0.025
1 0.8625 0.5239583333333333 0.0109375 0.014583333333333334
1 0.7421875 0.46041666666666664 0.01875 0.03958333333333333
1 0.559375 0.325 0.015625 0.016666666666666666
1 0.11796875 0.45 0.0125 0.027083333333333334
1 0.25546875 0.5114583333333333 0.0109375 0.010416666666666666
1 0.23828125 0.5875 0.015625 0.020833333333333332
1 0.00234375 0.6197916666666666 0.0046875 0.016666666666666666
1 0.1234375 0.20625 0.01875 0.01875
1 0.10234375 0.24791666666666667 0.01875 0.016666666666666666
1 0.39921875 0.759375 0.015625 0.020833333333333332
1 0.0609375 0.9927083333333333 0.009375 0.014583333333333334
1 0.16015625 0.959375 0.0140625 0.01875
1 0.08515625 0.5958333333333333 0.0171875 0.020833333333333332
1 0.08671875 0.5135416666666667 0.0125 0.0125
1 0.46875 0.8770833333333333 0.021875 0.035416666666666666
1 0.60234375 0.9895833333333334 0.0171875 0.016666666666666666
1 0.78046875 0.978125 0.015625 0.016666666666666666
0 0.459375 0.9645833333333333 0.0671875 0.07083333333333333
0 0.48984375 0.7427083333333333 0.0953125 0.16041666666666668
1 0.4421875 0.753125 0.015625 0.022916666666666665
0 0.48203125 0.5104166666666666 0.11875 0.16666666666666666
1 0.48125 0.37916666666666665 0.0109375 0.0125
0 0.49375 0.21770833333333334 0.221875 0.11666666666666667