1 0.08671875 0.21979166666666666 0.0203125 0.01875
1 0.25390625 0.9885416666666667 0.0125 0.022916666666666665
0 0.446875 0.9395833333333333 0.13125 0.12083333333333333
0 0.42578125 0.6895833333333333 0.0875 0.28125
0 0.4078125 0.43854166666666666 0.1453125 0.21041666666666667
1 0.33984375 0.8427083333333333 0.01875 0.020833333333333332
1 0.5953125 0.8875 0.0125 0.014583333333333334
1 0.85546875 0.94375 0.025 0.027083333333333334
1 0.578125 0.6645833333333333 0.0140625 0.016666666666666666
1 0.0609375 0.3729166666666667 0.028125 0.03125
1 0.8984375 0.38645833333333335 0.0125 0.01875
1 0.9203125 0.659375 0.0125 0.010416666666666666
1 0.8890625 0.6916666666666667 0.0171875 0.016666666666666666
1 0.33203125 0.13541666666666666 0.0125 0.01875
1 0.2890625 0.042708333333333334 0.0203125 0.025
1 0.21796875 0.035416666666666666 0.025 0.0375
1 0.15625 0.013541666666666667 0.0109375 0.0125
1 0.10078125 0.0125 0.0109375 0.025
1 0.01484375 0.2833333333333333 0.0203125 0.027083333333333334
1 0.80234375 0.29791666666666666 0.015625 0.020833333333333332
1 0.88125 0.06354166666666666 0.025 0.027083333333333334
1 0.9859375 0.05 0.0140625 0.022916666666666665
1 0.78671875 0.01875 0.0203125 0.029166666666666667
1 0.6359375 0.01875 0.021875 0.020833333333333332
1 0.53125 0.17604166666666668 0.01875 0.022916666666666665
1 0.4515625 0.17604166666666668 0.0125 0.014583333333333334
1 0.425 0.6552083333333333 0.0203125 0.027083333333333334
1 0.35546875 0.6375 0.021875 0.027083333333333334
1 0.31171875 0.653125 0.0515625 0.052083333333333336
1 0.27421875 0.7052083333333333 0.021875 0.03125
1 0.365625 0.6854166666666667 0.040625 0.04583333333333333
1 0.37421875 0.765625 0.0265625 0.041666666666666664
1 0.46328125 0.753125 0.06875 0.06875
1 0.46953125 0.8395833333333333 0.03125 0.052083333333333336
1 0.37421875 0.884375 0.0421875 0.06666666666666667
1 0.31953125 0.8822916666666667 0.025 0.029166666666666667
1 0.2421875 0.7416666666666667 0.040625 0.04791666666666667
1 0.25234375 0.8072916666666666 0.0640625 0.0375
1 0.18671875 0.7989583333333333 0.0671875 0.09375
1 0.14765625 0.75 0.028125 0.03958333333333333
1 0.15625 0.6302083333333334 0.0328125 0.04375
1 0.11796875 0.671875 0.03125 0.029166666666666667
1 0.06171875 0.546875 0.01875 0.022916666666666665
1 0.04296875 0.553125 0.0171875 0.027083333333333334
1 0.07109375 0.45625 0.015625 0.022916666666666665
1 0.1796875 0.359375 0.071875 0.075
1 0.07890625 0.303125 0.0265625 0.029166666666666667
1 0.15 0.21979166666666666 0.0140625 0.020833333333333332
1 0.0125 0.09583333333333334 0.025 0.029166666666666667
1 0.0125 0.059375 0.025 0.03958333333333333
1 0.9796875 0.534375 0.0296875 0.027083333333333334
1 0.9046875 0.571875 0.0125 0.03125
1 0.9265625 0.8385416666666666 0.01875 0.016666666666666666
1 0.81875 0.8604166666666667 0.0109375 0.010416666666666666
1 0.9078125 0.91875 0.0171875 0.020833333333333332
1 0.42734375 0.834375 0.0109375 0.022916666666666665
1 0.2921875 0.7520833333333333 0.0140625 0.016666666666666666
1 0.28828125 0.9895833333333334 0.0203125 0.020833333333333332
1 0.0109375 0.9479166666666666 0.021875 0.020833333333333332
1 0.01171875 0.8989583333333333 0.0234375 0.041666666666666664
1 0.06640625 0.9302083333333333 0.05625 0.07083333333333333
1 0.0296875 0.7083333333333334 0.0421875 0.035416666666666666
1 0.79609375 0.22708333333333333 0.025 0.03333333333333333
1 0.71796875 0.16458333333333333 0.0265625 0.0375
1 0.70078125 0.2 0.025 0.022916666666666665
1 0.5984375 0.11875 0.0171875 0.020833333333333332
1 0.4484375 0.315625 0.0203125 0.027083333333333334
1 0.46328125 0.49166666666666664 0.0265625 0.03125
1 0.325 0.515625 0.025 0.03125
1 0.3234375 0.390625 0.03125 0.05
1 0.25078125 0.315625 0.0234375 0.027083333333333334
1 0.290625 0.29270833333333335 0.0296875 0.05
1 0.24609375 0.25729166666666664 0.03125 0.03958333333333333
1 0.26328125 0.15625 0.021875 0.01875
1 0.24375 0.16875 0.0171875 0.029166666666666667
1 0.246875 0.10729166666666666 0.0140625 0.029166666666666667
1 0.3046875 0.090625 0.0296875 0.0375
1 0.40703125 0.12083333333333333 0.0265625 0.03958333333333333
1 0.540625 0.10625 0.015625 0.022916666666666665
1 0.49296875 0.090625 0.021875 0.0375
1 0.59375 0.20729166666666668 0.0265625 0.03333333333333333
1 0.71015625 0.25833333333333336 0.0640625 0.05
1 0.5921875 0.315625 0.025 0.03125
1 0.575 0.4354166666666667 0.0328125 0.06666666666666667
1 0.590625 0.37604166666666666 0.0453125 0.05416666666666667
1 0.66953125 0.48541666666666666 0.0296875 0.041666666666666664
1 0.63828125 0.453125 0.025 0.041666666666666664
1 0.5453125 0.5322916666666667 0.0203125 0.027083333333333334
1 0.59609375 0.5 0.0265625 0.03125
1 0.5921875 0.5520833333333334 0.01875 0.025
1 0.7125 0.6052083333333333 0.0171875 0.022916666666666665
1 0.71328125 0.5645833333333333 0.059375 0.0625
1 0.64765625 0.5677083333333334 0.0234375 0.035416666666666666
1 0.61875 0.5354166666666667 0.040625 0.05625
1 0.73671875 0.65625 0.0234375 0.0375
1 0.6984375 0.6229166666666667 0.021875 0.025
1 0.6625 0.5989583333333334 0.0265625 0.041666666666666664
1 0.67109375 0.728125 0.0171875 0.020833333333333332
1 0.675 0.6739583333333333 0.03125 0.041666666666666664
1 0.63203125 0.759375 0.0328125 0.052083333333333336
1 0.6171875 0.7052083333333333 0.0296875 0.0375
1 0.60390625 0.8520833333333333 0.015625 0.01875
1 0.56640625 0.8322916666666667 0.0265625 0.03125
1 0.5484375 0.90625 0.0203125 0.03125
1 0.58515625 0.9947916666666666 0.009375 0.010416666666666666
1 0.59765625 0.9739583333333334 0.015625 0.01875
1 0.63046875 0.9260416666666667 0.025 0.022916666666666665
1 0.675 0.9395833333333333 0.0421875 0.0625
1 0.6703125 0.8875 0.0125 0.016666666666666666
1 0.6359375 0.878125 0.040625 0.04791666666666667
1 0.72578125 0.884375 0.0421875 0.04791666666666667
1 0.66796875 0.8510416666666667 0.0359375 0.03958333333333333
1 0.63046875 0.8145833333333333 0.0390625 0.052083333333333336
1 0.60078125 0.7864583333333334 0.021875 0.03958333333333333
1 0.5109375 0.603125 0.021875 0.020833333333333332
1 0.48671875 0.6625 0.01875 0.022916666666666665
1 0.50703125 0.640625 0.025 0.027083333333333334
1 0.45078125 0.6791666666666667 0.0171875 0.022916666666666665