1 0.82578125 0.675 0.0328125 0.03958333333333333
1 0.2578125 0.08125 0.015625 0.029166666666666667
1 0.7484375 0.13125 0.034375 0.022916666666666665
1 0.39609375 0.48854166666666665 0.0234375 0.022916666666666665
1 0.3703125 0.41770833333333335 0.0125 0.022916666666666665
1 0.4578125 0.575 0.0171875 0.020833333333333332
1 0.9375 0.7104166666666667 0.0796875 0.052083333333333336
0 0.65546875 0.14375 0.1828125 0.11666666666666667
1 0.84453125 0.9197916666666667 0.015625 0.022916666666666665
1 0.69140625 0.8864583333333333 0.021875 0.022916666666666665
0 0.66953125 0.6270833333333333 0.1234375 0.15
0 0.61796875 0.8416666666666667 0.121875 0.27291666666666664
1 0.834375 0.7604166666666666 0.0203125 0.04583333333333333
1 0.73828125 0.8760416666666667 0.015625 0.027083333333333334
1 0.853125 0.825 0.05625 0.06458333333333334
1 0.34375 0.011458333333333333 0.0625 0.022916666666666665
1 0.62734375 0.6135416666666667 0.059375 0.03333333333333333
1 0.2203125 0.340625 0.0125 0.022916666666666665
1 0.3859375 0.06041666666666667 0.0234375 0.020833333333333332
1 0.59609375 0.1375 0.01875 0.027083333333333334
1 0.63203125 0.10104166666666667 0.0203125 0.03333333333333333
1 0.7703125 0.7770833333333333 0.0234375 0.04583333333333333
1 0.44296875 0.07291666666666667 0.0265625 0.041666666666666664
1 0.53359375 0.021875 0.028125 0.04375
1 0.70078125 0.046875 0.0453125 0.0875
1 0.88828125 0.11770833333333333 0.0234375 0.03333333333333333
1 0.9 0.04479166666666667 0.1125 0.08958333333333333
1 0.76953125 0.240625 0.0140625 0.016666666666666666
1 0.6078125 0.415625 0.0203125 0.035416666666666666
1 0.90859375 0.4322916666666667 0.0703125 0.06875
1 0.640625 0.5520833333333334 0.034375 0.029166666666666667
1 0.7125 0.5333333333333333 0.0265625 0.025
1 0.85625 0.628125 0.0140625 0.025
1 0.6890625 0.6864583333333333 0.028125 0.0375
1 0.45234375 0.93125 0.034375 0.05
1 0.6109375 0.9458333333333333 0.075 0.09375
1 0.9 0.85625 0.021875 0.027083333333333334
0 0.675 0.35104166666666664 0.04375 0.25625
1 0.90390625 0.7583333333333333 0.0328125 0.041666666666666664