1 0.4328125 0.13958333333333334 0.015625 0.01875
1 0.4890625 0.59375 0.04375 0.041666666666666664
1 0.5171875 0.646875 0.0203125 0.022916666666666665
1 0.5625 0.6885416666666667 0.0265625 0.041666666666666664
1 0.61796875 0.7010416666666667 0.0296875 0.035416666666666666
1 0.59609375 0.628125 0.0171875 0.016666666666666666
1 0.68046875 0.540625 0.0375 0.041666666666666664
1 0.628125 0.5104166666666666 0.021875 0.016666666666666666
1 0.8015625 0.628125 0.0234375 0.03125
1 0.77421875 0.6208333333333333 0.0203125 0.022916666666666665
1 0.77578125 0.5541666666666667 0.0234375 0.01875
1 0.66640625 0.4708333333333333 0.0328125 0.027083333333333334
1 0.65703125 0.44375 0.0109375 0.014583333333333334
1 0.52890625 0.36041666666666666 0.03125 0.041666666666666664
1 0.5609375 0.39375 0.0234375 0.029166666666666667
1 0.51015625 0.4510416666666667 0.040625 0.05416666666666667
1 0.49296875 0.41041666666666665 0.0203125 0.03125
1 0.346875 0.371875 0.0234375 0.03125
1 0.3734375 0.3854166666666667 0.0484375 0.05
1 0.30859375 0.38333333333333336 0.0171875 0.016666666666666666
1 0.25859375 0.37604166666666666 0.04375 0.04375
1 0.23046875 0.3229166666666667 0.03125 0.05
1 0.35078125 0.26666666666666666 0.0265625 0.035416666666666666
1 0.3625 0.309375 0.021875 0.03958333333333333
1 0.17109375 0.25729166666666664 0.0890625 0.08541666666666667
1 0.11640625 0.24583333333333332 0.0140625 0.022916666666666665
1 0.1578125 0.365625 0.0359375 0.058333333333333334
1 0.00625 0.40729166666666666 0.0125 0.03333333333333333
1 0.1625 0.421875 0.0359375 0.04375
1 0.13046875 0.5489583333333333 0.040625 0.029166666666666667
1 0.065625 0.571875 0.0265625 0.027083333333333334
1 0.1421875 0.6229166666666667 0.015625 0.022916666666666665
1 0.24375 0.6958333333333333 0.0203125 0.03333333333333333
1 0.2171875 0.721875 0.0359375 0.04375
1 0.33125 0.7572916666666667 0.021875 0.035416666666666666
1 0.2890625 0.8083333333333333 0.0171875 0.014583333333333334
1 0.2703125 0.896875 0.0265625 0.029166666666666667
1 0.28515625 0.9885416666666667 0.053125 0.022916666666666665
1 0.34296875 0.9875 0.015625 0.025
1 0.36640625 0.990625 0.015625 0.01875
1 0.17109375 0.95 0.0296875 0.01875
1 0.1875 0.9822916666666667 0.028125 0.035416666666666666
1 0.140625 0.896875 0.046875 0.03333333333333333
1 0.07578125 0.9375 0.034375 0.041666666666666664
1 0.01171875 0.8510416666666667 0.0234375 0.03333333333333333
1 0.18359375 0.8479166666666667 0.0359375 0.020833333333333332
1 0.38203125 0.8791666666666667 0.021875 0.041666666666666664
1 0.440625 0.8385416666666666 0.0140625 0.03125
1 0.5140625 0.8875 0.0140625 0.025
1 0.59140625 0.9833333333333333 0.0296875 0.03333333333333333
1 0.50703125 0.8239583333333333 0.025 0.029166666666666667
1 0.225 0.6458333333333334 0.01875 0.027083333333333334
1 0.2484375 0.634375 0.025 0.029166666666666667
1 0.184375 0.5125 0.015625 0.01875
1 0.240625 0.5010416666666667 0.0234375 0.022916666666666665
1 0.26484375 0.4625 0.028125 0.029166666666666667
1 0.03828125 0.24166666666666667 0.0171875 0.020833333333333332
1 0.003125 0.128125 0.00625 0.020833333333333332
1 0.0265625 0.13125 0.021875 0.029166666666666667
1 0.0921875 0.12291666666666666 0.0171875 0.01875
1 0.10859375 0.14479166666666668 0.0171875 0.027083333333333334
1 0.0484375 0.15520833333333334 0.015625 0.014583333333333334
1 0.13046875 0.20520833333333333 0.025 0.01875
1 0.20234375 0.20208333333333334 0.015625 0.014583333333333334
1 0.1921875 0.13229166666666667 0.040625 0.052083333333333336
1 0.3109375 0.19479166666666667 0.03125 0.03333333333333333
1 0.22109375 0.03125 0.04375 0.0375
1 0.2265625 0.090625 0.0234375 0.0375
1 0.1109375 0.0125 0.0125 0.022916666666666665
1 0.325 0.023958333333333335 0.0421875 0.04791666666666667
1 0.26953125 0.078125 0.015625 0.010416666666666666
1 0.3734375 0.203125 0.0109375 0.016666666666666666
1 0.465625 0.19166666666666668 0.01875 0.01875
1 0.4953125 0.19791666666666666 0.025 0.020833333333333332
1 0.41640625 0.253125 0.0171875 0.010416666666666666
1 0.51484375 0.2760416666666667 0.0359375 0.04791666666666667
1 0.54453125 0.22604166666666667 0.0265625 0.029166666666666667
1 0.61171875 0.246875 0.021875 0.0375
1 0.66640625 0.246875 0.0140625 0.03125
1 0.61640625 0.16354166666666667 0.03125 0.03958333333333333
1 0.7046875 0.3260416666666667 0.03125 0.027083333333333334
1 0.82109375 0.3875 0.015625 0.01875
1 0.73359375 0.1375 0.0234375 0.035416666666666666
1 0.73515625 0.17916666666666667 0.03125 0.0375
1 0.76640625 0.21145833333333333 0.040625 0.027083333333333334
1 0.6671875 0.09479166666666666 0.021875 0.029166666666666667
1 0.6375 0.11458333333333333 0.0140625 0.029166666666666667
1 0.60703125 0.06458333333333334 0.03125 0.041666666666666664
1 0.71953125 0.04791666666666667 0.0375 0.0375
1 0.4953125 0.036458333333333336 0.0328125 0.041666666666666664
1 0.490625 0.08645833333333333 0.0484375 0.03333333333333333
1 0.7515625 0.809375 0.0453125 0.04791666666666667
1 0.72890625 0.8510416666666667 0.0234375 0.03958333333333333
1 0.6234375 0.8989583333333333 0.0171875 0.020833333333333332
1 0.6078125 0.8458333333333333 0.021875 0.027083333333333334
1 0.653125 0.81875 0.0234375 0.027083333333333334
1 0.77578125 0.89375 0.0171875 0.027083333333333334
1 0.7703125 0.928125 0.01875 0.020833333333333332
1 0.84375 0.9864583333333333 0.0203125 0.025
1 0.96875 0.9875 0.0203125 0.025
1 0.88125 0.8010416666666667 0.03125 0.041666666666666664
1 0.90625 0.8447916666666667 0.028125 0.04791666666666667
1 0.8 0.84375 0.015625 0.014583333333333334
1 0.959375 0.21145833333333333 0.01875 0.027083333333333334
1 0.03359375 0.2989583333333333 0.0078125 0.014583333333333334
1 0.00625 0.6604166666666667 0.0125 0.01875
1 0.16875 0.6354166666666666 0.0140625 0.016666666666666666
1 0.27890625 0.6885416666666667 0.05625 0.04791666666666667
1 0.89765625 0.04583333333333333 0.0265625 0.025
1 0.865625 0.5177083333333333 0.01875 0.03958333333333333
1 0.82734375 0.909375 0.01875 0.016666666666666666
1 0.7515625 0.6375 0.0109375 0.020833333333333332
1 0.0078125 0.6041666666666666 0.015625 0.014583333333333334
1 0.56171875 0.8864583333333333 0.0125 0.0125
1 0.078125 0.634375 0.009375 0.03125
1 0.1953125 0.6635416666666667 0.028125 0.04583333333333333
1 0.3703125 0.6770833333333334 0.03125 0.03333333333333333
1 0.39765625 0.5989583333333334 0.01875 0.016666666666666666
1 0.4328125 0.6 0.0359375 0.0625
1 0.44921875 0.553125 0.0484375 0.07708333333333334
1 0.39296875 0.53125 0.053125 0.06875
1 0.2765625 0.5760416666666667 0.04375 0.0625
0 0.4234375 0.12291666666666666 0.178125 0.24583333333333332
0 0.40859375 0.45625 0.1640625 0.10208333333333333
0 0.396875 0.7635416666666667 0.2015625 0.20625
0 0.4640625 0.9166666666666666 0.0953125 0.16666666666666666
1 0.1546875 0.06770833333333333 0.0390625 0.027083333333333334