0 0.108984375 0.9388888888888889 0.16640625 0.12222222222222222
0 0.152734375 0.8305555555555556 0.134375 0.2791666666666667
1 0.76953125 0.7381944444444445 0.02578125 0.044444444444444446
1 0.887109375 0.9583333333333334 0.01875 0.03333333333333333
1 0.717578125 0.9694444444444444 0.0234375 0.05694444444444444
1 0.815234375 0.9361111111111111 0.021875 0.02638888888888889
1 0.806640625 0.8770833333333333 0.0265625 0.04861111111111111
1 0.785546875 0.8729166666666667 0.01484375 0.034722222222222224
1 0.65546875 0.6673611111111111 0.0140625 0.025
1 0.64453125 0.7048611111111112 0.0171875 0.03194444444444444
1 0.60859375 0.7 0.01328125 0.029166666666666667
1 0.767578125 0.24930555555555556 0.0140625 0.022222222222222223
1 0.658984375 0.20972222222222223 0.0171875 0.04722222222222222
1 0.798828125 0.36041666666666666 0.01953125 0.03611111111111111
1 0.7609375 0.3194444444444444 0.025 0.03194444444444444
1 0.724609375 0.3645833333333333 0.0171875 0.03611111111111111
1 0.728515625 0.3145833333333333 0.021875 0.03333333333333333
1 0.975 0.07777777777777778 0.01328125 0.030555555555555555
1 0.93671875 0.06458333333333334 0.0203125 0.0375
1 0.880859375 0.7541666666666667 0.01953125 0.03611111111111111
1 0.880859375 0.7979166666666667 0.015625 0.02638888888888889
1 0.936328125 0.13402777777777777 0.01875 0.03333333333333333
1 0.912890625 0.16944444444444445 0.02734375 0.034722222222222224
1 0.8734375 0.10208333333333333 0.02890625 0.05138888888888889
1 0.79453125 0.04652777777777778 0.0265625 0.04861111111111111
1 0.79375 0.005555555555555556 0.01875 0.011111111111111112
1 0.63671875 0.03958333333333333 0.02421875 0.06666666666666667
1 0.562890625 0.015277777777777777 0.015625 0.030555555555555555
1 0.45703125 0.011111111111111112 0.028125 0.022222222222222223
1 0.505078125 0.1375 0.01328125 0.03194444444444444
1 0.909375 0.7527777777777778 0.00859375 0.019444444444444445
1 0.967578125 0.7618055555555555 0.01015625 0.019444444444444445
1 0.88203125 0.6715277777777777 0.015625 0.03333333333333333
1 0.908984375 0.6229166666666667 0.01015625 0.02638888888888889
1 0.852734375 0.4708333333333333 0.01953125 0.030555555555555555
1 0.881640625 0.5298611111111111 0.0390625 0.08055555555555556
1 0.79921875 0.5618055555555556 0.03828125 0.041666666666666664
1 0.802734375 0.46875 0.01796875 0.030555555555555555
1 0.8984375 0.4083333333333333 0.0421875 0.07361111111111111
1 0.93203125 0.42986111111111114 0.01484375 0.034722222222222224
1 0.922265625 0.4777777777777778 0.015625 0.020833333333333332
1 0.87265625 0.16805555555555557 0.01171875 0.02361111111111111
1 0.308984375 0.02638888888888889 0.01015625 0.041666666666666664
1 0.191796875 0.2652777777777778 0.0203125 0.029166666666666667
1 0.4546875 0.12430555555555556 0.03671875 0.075
1 0.43828125 0.0763888888888889 0.01171875 0.03333333333333333
1 0.311328125 0.1986111111111111 0.0171875 0.027777777777777776
1 0.209765625 0.12361111111111112 0.015625 0.025
1 0.18828125 0.10833333333333334 0.0265625 0.043055555555555555
1 0.1953125 0.059722222222222225 0.0296875 0.05
1 0.05 0.14305555555555555 0.07265625 0.10833333333333334
1 0.060546875 0.28194444444444444 0.0234375 0.06111111111111111
1 0.080859375 0.4722222222222222 0.0171875 0.025
1 0.105078125 0.6104166666666667 0.0265625 0.03333333333333333
1 0.101171875 0.5673611111111111 0.0296875 0.03888888888888889
1 0.096484375 0.5173611111111112 0.01875 0.05
1 0.064453125 0.5104166666666666 0.0234375 0.04861111111111111
1 0.05390625 0.6888888888888889 0.03046875 0.05
1 0.059375 0.9527777777777777 0.009375 0.019444444444444445
1 0.07734375 0.9326388888888889 0.021875 0.06111111111111111
1 0.059765625 0.7965277777777777 0.01328125 0.04583333333333333
1 0.245703125 0.9145833333333333 0.01953125 0.041666666666666664
1 0.2234375 0.8923611111111112 0.0140625 0.019444444444444445
1 0.25625 0.7833333333333333 0.01015625 0.018055555555555554
1 0.23125 0.6965277777777777 0.05390625 0.14027777777777778
1 0.190625 0.6458333333333334 0.04375 0.07222222222222222
1 0.161328125 0.64375 0.015625 0.04861111111111111
1 0.184375 0.5041666666666667 0.02109375 0.03888888888888889
1 0.183984375 0.43125 0.01015625 0.025
1 0.157421875 0.4152777777777778 0.0125 0.022222222222222223
1 0.19296875 0.3701388888888889 0.0390625 0.058333333333333334
1 0.2359375 0.4326388888888889 0.02734375 0.07777777777777778
1 0.421875 0.5479166666666667 0.0171875 0.030555555555555555
1 0.52734375 0.6402777777777777 0.01640625 0.03194444444444444
1 0.433984375 0.7125 0.00859375 0.008333333333333333
1 0.491796875 0.7645833333333333 0.01640625 0.03194444444444444
1 0.425390625 0.6715277777777777 0.0296875 0.043055555555555555
1 0.43828125 0.8243055555555555 0.04453125 0.10138888888888889
1 0.580859375 0.8166666666666667 0.0125 0.018055555555555554
1 0.547265625 0.7993055555555556 0.0234375 0.04583333333333333
1 0.558203125 0.7708333333333334 0.03203125 0.06388888888888888
1 0.547265625 0.7069444444444445 0.028125 0.04722222222222222
1 0.7234375 0.6736111111111112 0.0296875 0.07083333333333333
1 0.669921875 0.5826388888888889 0.06640625 0.09166666666666666
1 0.5671875 0.5604166666666667 0.0328125 0.04722222222222222
1 0.750390625 0.47291666666666665 0.05 0.0763888888888889
1 0.983203125 0.9784722222222222 0.0109375 0.016666666666666666
1 0.69296875 0.15 0.009375 0.018055555555555554
1 0.265625 0.7722222222222223 0.00703125 0.013888888888888888
1 0.301953125 0.7270833333333333 0.00625 0.015277777777777777
1 0.33125 0.3763888888888889 0.01328125 0.020833333333333332
1 0.64921875 0.9034722222222222 0.02578125 0.05694444444444444
1 0.5484375 0.8930555555555556 0.01015625 0.016666666666666666
1 0.334375 0.8597222222222223 0.009375 0.019444444444444445
1 0.42578125 0.9597222222222223 0.0328125 0.041666666666666664
1 0.31875 0.9541666666666667 0.01640625 0.030555555555555555
1 0.133203125 0.5506944444444445 0.0109375 0.016666666666666666
1 0.121484375 0.32430555555555557 0.00859375 0.019444444444444445
1 0.16953125 0.3215277777777778 0.01328125 0.022222222222222223
1 0.68671875 0.4708333333333333 0.06171875 0.09861111111111111
1 0.605859375 0.4861111111111111 0.0234375 0.04861111111111111
0 0.109375 0.6298611111111111 0.11953125 0.4013888888888889
1 0.6859375 0.37777777777777777 0.02890625 0.06666666666666667
1 0.512109375 0.3090277777777778 0.01171875 0.019444444444444445
1 0.522265625 0.4326388888888889 0.0328125 0.04861111111111111
1 0.543359375 0.4777777777777778 0.0265625 0.043055555555555555
1 0.49296875 0.47291666666666665 0.02890625 0.05555555555555555
1 0.391015625 0.44375 0.021875 0.029166666666666667
1 0.447265625 0.41041666666666665 0.01015625 0.02361111111111111
1 0.415234375 0.36180555555555555 0.03046875 0.10416666666666667
1 0.4328125 0.2569444444444444 0.01953125 0.03888888888888889
1 0.401953125 0.2590277777777778 0.02421875 0.04027777777777778
1 0.47421875 0.3138888888888889 0.02890625 0.05416666666666667
1 0.476953125 0.2590277777777778 0.03203125 0.04722222222222222
1 0.458984375 0.21944444444444444 0.02734375 0.03888888888888889
1 0.573046875 0.3763888888888889 0.02421875 0.04861111111111111
1 0.56328125 0.32430555555555557 0.0375 0.05694444444444444
1 0.5015625 0.23958333333333334 0.0578125 0.13194444444444445
0 0.133203125 0.3729166666666667 0.12265625 0.1625
0 0.086328125 0.09097222222222222 0.17265625 0.18194444444444444
0 0.6890625 0.17222222222222222 0.27421875 0.2875
0 0.641015625 0.08611111111111111 0.09921875 0.17222222222222222
0 0.7234375 0.5013888888888889 0.24765625 0.24305555555555555
0 0.721484375 0.8020833333333334 0.14453125 0.3958333333333333
0 0.65 0.9340277777777778 0.11953125 0.13194444444444445