1 0.069140625 0.9638888888888889 0.00703125 0.020833333333333332
1 0.225390625 0.95625 0.01640625 0.02361111111111111
1 0.26015625 0.9354166666666667 0.05078125 0.08194444444444444
1 0.27890625 0.9805555555555555 0.05703125 0.03888888888888889
1 0.1671875 0.7729166666666667 0.0375 0.059722222222222225
1 0.242578125 0.7569444444444444 0.01484375 0.03194444444444444
1 0.290234375 0.7881944444444444 0.0421875 0.058333333333333334
1 0.14453125 0.7048611111111112 0.0125 0.018055555555555554
1 0.3140625 0.14652777777777778 0.0359375 0.08472222222222223
1 0.38828125 0.30625 0.01015625 0.019444444444444445
1 0.38125 0.3902777777777778 0.0109375 0.03194444444444444
1 0.385546875 0.33402777777777776 0.00625 0.009722222222222222
1 0.53984375 0.2763888888888889 0.0359375 0.07777777777777778
1 0.60234375 0.3138888888888889 0.0484375 0.11805555555555555
1 0.6796875 0.33611111111111114 0.0296875 0.043055555555555555
1 0.6953125 0.23472222222222222 0.0546875 0.12222222222222222
1 0.732421875 0.25972222222222224 0.01796875 0.043055555555555555
1 0.697265625 0.15555555555555556 0.06484375 0.10416666666666667
1 0.7421875 0.1423611111111111 0.07109375 0.10972222222222222
1 0.6953125 0.07361111111111111 0.028125 0.058333333333333334
1 0.642578125 0.029166666666666667 0.0171875 0.027777777777777776
1 0.66015625 0.19791666666666666 0.01875 0.043055555555555555
1 0.586328125 0.125 0.0109375 0.020833333333333332
1 0.49296875 0.050694444444444445 0.02109375 0.06111111111111111
1 0.466796875 0.13472222222222222 0.00703125 0.019444444444444445
1 0.48671875 0.20208333333333334 0.01015625 0.02638888888888889
1 0.90546875 0.014583333333333334 0.01875 0.029166666666666667
1 0.878125 0.15138888888888888 0.02734375 0.03888888888888889
1 0.95703125 0.14097222222222222 0.04296875 0.09722222222222222
1 0.98515625 0.10625 0.02421875 0.05555555555555555
1 0.845703125 0.23125 0.0140625 0.020833333333333332
1 0.79609375 0.4 0.05546875 0.1111111111111111
1 0.8546875 0.3506944444444444 0.02734375 0.0625
1 0.886328125 0.36319444444444443 0.0234375 0.04583333333333333
1 0.856640625 0.49027777777777776 0.0234375 0.04722222222222222
1 0.824609375 0.6097222222222223 0.0203125 0.0375
1 0.630078125 0.6659722222222222 0.03359375 0.08611111111111111
1 0.39375 0.013194444444444444 0.01328125 0.02638888888888889
0 0.6265625 0.08055555555555556 0.1375 0.16111111111111112
0 0.666015625 0.225 0.15625 0.1986111111111111
1 0.58046875 0.3729166666666667 0.0140625 0.019444444444444445
0 0.65390625 0.5125 0.19140625 0.2861111111111111
0 0.6609375 0.7763888888888889 0.1609375 0.19027777777777777
1 0.544921875 0.8270833333333333 0.0078125 0.016666666666666666
1 0.66328125 0.9541666666666667 0.01484375 0.0375
0 0.666015625 0.8798611111111111 0.08671875 0.24027777777777778
0 0.092578125 0.8666666666666667 0.18515625 0.24861111111111112
0 0.11640625 0.6958333333333333 0.2328125 0.18611111111111112
0 0.0953125 0.44930555555555557 0.15703125 0.3597222222222222
0 0.09921875 0.20972222222222223 0.1984375 0.41944444444444445
0 0.093359375 0.03888888888888889 0.18671875 0.07777777777777778
1 0.441796875 0.5263888888888889 0.01015625 0.03194444444444444
1 0.9984375 0.32430555555555557 0.003125 0.030555555555555555
1 0.951171875 0.41597222222222224 0.015625 0.025
1 0.95546875 0.37569444444444444 0.02890625 0.04583333333333333
1 0.9796875 0.5 0.040625 0.03611111111111111
1 0.95546875 0.4708333333333333 0.02578125 0.03333333333333333
1 0.991796875 0.6194444444444445 0.01640625 0.03611111111111111
1 0.9515625 0.6888888888888889 0.01953125 0.03888888888888889
1 0.9078125 0.7145833333333333 0.0125 0.020833333333333332
1 0.86875 0.7229166666666667 0.03671875 0.044444444444444446
1 0.816796875 0.7902777777777777 0.015625 0.027777777777777776
1 0.98515625 0.8076388888888889 0.01796875 0.034722222222222224
1 0.99453125 0.9229166666666667 0.0109375 0.02638888888888889
1 0.68203125 0.7201388888888889 0.021875 0.022222222222222223
1 0.46484375 0.5569444444444445 0.0078125 0.018055555555555554
1 0.98984375 0.8701388888888889 0.0203125 0.04861111111111111
1 0.546875 0.40208333333333335 0.01171875 0.030555555555555555
1 0.53515625 0.4048611111111111 0.00859375 0.03888888888888889
1 0.72421875 0.7506944444444444 0.0140625 0.025
1 0.809765625 0.2881944444444444 0.00703125 0.013888888888888888
1 0.926953125 0.8826388888888889 0.03203125 0.06944444444444445
1 0.723828125 0.6701388888888888 0.021875 0.03194444444444444
1 0.6625 0.59375 0.01953125 0.03194444444444444
1 0.593359375 0.42986111111111114 0.028125 0.04027777777777778
1 0.214453125 0.6986111111111111 0.0078125 0.0125
1 0.87109375 0.9180555555555555 0.01328125 0.02638888888888889
1 0.8359375 0.9152777777777777 0.01796875 0.04861111111111111
1 0.809375 0.9416666666666667 0.00859375 0.020833333333333332
1 0.741796875 0.9180555555555555 0.01953125 0.041666666666666664
1 0.778515625 0.9513888888888888 0.009375 0.018055555555555554
1 0.764453125 0.9854166666666667 0.0234375 0.029166666666666667
1 0.618359375 0.9944444444444445 0.0078125 0.011111111111111112
1 0.602734375 0.9881944444444445 0.0203125 0.02361111111111111
1 0.591015625 0.9625 0.0234375 0.041666666666666664
1 0.5546875 0.9541666666666667 0.0265625 0.06111111111111111
1 0.537109375 0.9208333333333333 0.021875 0.03194444444444444
1 0.526171875 0.5645833333333333 0.009375 0.013888888888888888
1 0.231640625 0.025694444444444443 0.0625 0.05138888888888889
1 0.090625 0.0763888888888889 0.03046875 0.043055555555555555
1 0.247265625 0.15763888888888888 0.03359375 0.09861111111111111
1 0.19765625 0.15763888888888888 0.01640625 0.034722222222222224
1 0.712890625 0.47638888888888886 0.0296875 0.07222222222222222
1 0.133984375 0.11805555555555555 0.015625 0.03611111111111111
1 0.203125 0.2388888888888889 0.0203125 0.0375
1 0.16328125 0.33194444444444443 0.04453125 0.07916666666666666
1 0.21640625 0.40694444444444444 0.0625 0.10416666666666667
1 0.18125 0.4152777777777778 0.03359375 0.07916666666666666
1 0.205078125 0.3347222222222222 0.03203125 0.05138888888888889
1 0.2734375 0.3972222222222222 0.03828125 0.06111111111111111
1 0.24375 0.5395833333333333 0.03125 0.05416666666666667
1 0.1953125 0.5958333333333333 0.01640625 0.027777777777777776
1 0.09375 0.5395833333333333 0.021875 0.04027777777777778
1 0.13984375 0.4951388888888889 0.02578125 0.043055555555555555
1 0.084375 0.41944444444444445 0.0171875 0.03611111111111111
1 0.041796875 0.8118055555555556 0.01328125 0.03611111111111111
1 0.11796875 0.8777777777777778 0.0328125 0.05277777777777778
1 0.15078125 0.9375 0.01875 0.022222222222222223
1 0.15078125 0.9791666666666666 0.02890625 0.041666666666666664
1 0.190625 0.8951388888888889 0.02578125 0.05694444444444444