1 0.84921875 0.7572916666666667 0.0390625 0.03958333333333333
1 0.79140625 0.8645833333333334 0.0390625 0.06666666666666667
1 0.83046875 0.8 0.025 0.041666666666666664
1 0.83828125 0.84375 0.0171875 0.025
1 0.890625 0.7770833333333333 0.0421875 0.07916666666666666
1 0.99140625 0.621875 0.0171875 0.07083333333333333
1 0.82265625 0.48333333333333334 0.0265625 0.05625
1 0.5890625 0.5854166666666667 0.01875 0.027083333333333334
1 0.596875 0.6572916666666667 0.021875 0.03125
1 0.90703125 0.428125 0.0203125 0.020833333333333332
1 0.590625 0.17604166666666668 0.046875 0.03958333333333333
1 0.6171875 0.253125 0.065625 0.11875
1 0.671875 0.26145833333333335 0.0234375 0.022916666666666665
1 0.67578125 0.23229166666666667 0.015625 0.01875
1 0.52109375 0.3260416666666667 0.096875 0.11458333333333333
1 0.34140625 0.2947916666666667 0.0578125 0.10625
1 0.27578125 0.11458333333333333 0.034375 0.029166666666666667
1 0.2734375 0.16354166666666667 0.0484375 0.0625
1 0.325 0.18333333333333332 0.028125 0.07083333333333333
1 0.35625 0.17708333333333334 0.015625 0.016666666666666666
1 0.26796875 0.23958333333333334 0.028125 0.03333333333333333
1 0.18515625 0.31666666666666665 0.034375 0.041666666666666664
1 0.18984375 0.2677083333333333 0.0375 0.03125
1 0.12890625 0.35520833333333335 0.0375 0.06666666666666667
1 0.16171875 0.3802083333333333 0.0328125 0.0625
1 0.2421875 0.403125 0.0609375 0.041666666666666664
1 0.14140625 0.58125 0.0140625 0.025
1 0.01484375 0.15416666666666667 0.025 0.04583333333333333
1 0.028125 0.21458333333333332 0.0296875 0.03333333333333333
1 0.05390625 0.26458333333333334 0.028125 0.03125
1 0.0609375 0.10416666666666667 0.025 0.01875
1 0.08671875 0.020833333333333332 0.015625 0.020833333333333332
1 0.22578125 0.3260416666666667 0.021875 0.020833333333333332
1 0.15234375 0.284375 0.015625 0.01875
1 0.06953125 0.3541666666666667 0.015625 0.020833333333333332
1 0.17421875 0.5041666666666667 0.01875 0.027083333333333334
1 0.38515625 0.575 0.015625 0.025
1 0.57421875 0.49895833333333334 0.0515625 0.0875
1 0.5 0.027083333333333334 0.0328125 0.052083333333333336
1 0.4796875 0.09895833333333333 0.0265625 0.041666666666666664
1 0.5640625 0.007291666666666667 0.0296875 0.014583333333333334
1 0.39765625 0.36041666666666666 0.01875 0.016666666666666666
1 0.06953125 0.828125 0.0203125 0.035416666666666666
1 0.75625 0.6729166666666667 0.015625 0.014583333333333334
1 0.9453125 0.6875 0.021875 0.020833333333333332
1 0.7203125 0.45416666666666666 0.0109375 0.010416666666666666
1 0.5390625 0.3958333333333333 0.0421875 0.027083333333333334
1 0.9859375 0.005208333333333333 0.0140625 0.010416666666666666
1 0.73359375 0.059375 0.046875 0.05625
1 0.759375 0.007291666666666667 0.0484375 0.014583333333333334
1 0.96875 0.15416666666666667 0.0625 0.08541666666666667
1 0.9140625 0.19375 0.04375 0.058333333333333334
1 0.871875 0.17395833333333333 0.0203125 0.025
1 0.72890625 0.28229166666666666 0.0921875 0.1
1 0.7453125 0.35104166666666664 0.05 0.05416666666666667
1 0.79375 0.30833333333333335 0.0703125 0.08125
1 0.82734375 0.346875 0.0328125 0.07291666666666667
1 0.85546875 0.40729166666666666 0.0546875 0.09375
1 0.83515625 0.2604166666666667 0.0359375 0.05416666666666667
1 0.86328125 0.31875 0.0625 0.08125
1 0.7109375 0.18541666666666667 0.06875 0.08958333333333333
1 0.76328125 0.19479166666666667 0.0515625 0.07291666666666667
1 0.87265625 0.021875 0.0671875 0.04375
1 0.83125 0.090625 0.140625 0.14166666666666666
1 0.6046875 0.12395833333333334 0.0640625 0.06041666666666667
1 0.49609375 0.14375 0.0609375 0.052083333333333336
1 0.3359375 0.052083333333333336 0.0359375 0.03958333333333333
1 0.31171875 0.07708333333333334 0.0734375 0.05
1 0.20078125 0.178125 0.065625 0.07291666666666667
1 0.2046875 0.10416666666666667 0.04375 0.07916666666666666
1 0.10625 0.09791666666666667 0.0734375 0.0625
1 0.1109375 0.22708333333333333 0.078125 0.09166666666666666
1 0.0234375 0.32395833333333335 0.046875 0.09583333333333334
1 0.01875 0.44166666666666665 0.0328125 0.0375
1 0.00703125 0.5375 0.0140625 0.03333333333333333
1 0.0125 0.5802083333333333 0.025 0.04791666666666667
1 0.05546875 0.6125 0.0265625 0.0375
1 0.1234375 0.6479166666666667 0.01875 0.022916666666666665
1 0.06484375 0.7802083333333333 0.0296875 0.03333333333333333
1 0.025 0.8385416666666666 0.0234375 0.029166666666666667
1 0.05 0.84375 0.025 0.035416666666666666
1 0.203125 0.921875 0.0734375 0.06875
1 0.28671875 0.9635416666666666 0.071875 0.07291666666666667
1 0.12421875 0.9708333333333333 0.0484375 0.05416666666666667
1 0.1515625 0.9375 0.028125 0.025
1 0.02109375 0.9958333333333333 0.0296875 0.008333333333333333
1 0.00546875 0.9625 0.0109375 0.029166666666666667
1 0.01875 0.9270833333333334 0.015625 0.016666666666666666
1 0.11875 0.821875 0.021875 0.027083333333333334
1 0.08046875 0.9291666666666667 0.0140625 0.029166666666666667
1 0.2015625 0.8770833333333333 0.021875 0.016666666666666666
1 0.2859375 0.815625 0.0421875 0.07291666666666667
1 0.35859375 0.79375 0.03125 0.03333333333333333
1 0.3921875 0.9052083333333333 0.05625 0.06666666666666667
1 0.37890625 0.425 0.0796875 0.06875
1 0.4796875 0.46145833333333336 0.0265625 0.027083333333333334
1 0.24765625 0.48541666666666666 0.028125 0.04583333333333333
1 0.30078125 0.49375 0.075 0.06875
1 0.32265625 0.5479166666666667 0.0296875 0.03333333333333333
1 0.384375 0.6395833333333333 0.0234375 0.052083333333333336
1 0.4015625 0.6625 0.0328125 0.03333333333333333
1 0.54453125 0.6875 0.0546875 0.05
1 0.5828125 0.7822916666666667 0.0625 0.06458333333333334
1 0.5078125 0.8520833333333333 0.025 0.029166666666666667
1 0.59921875 0.9072916666666667 0.0609375 0.07916666666666666
1 0.70390625 0.6375 0.0625 0.10833333333333334
1 0.7484375 0.628125 0.04375 0.03125
1 0.75859375 0.5635416666666667 0.0375 0.04583333333333333
1 0.7546875 0.7395833333333334 0.071875 0.08958333333333333
1 0.715625 0.790625 0.0234375 0.041666666666666664
1 0.65234375 0.8166666666666667 0.028125 0.025
1 0.678125 0.803125 0.0234375 0.025
1 0.6484375 0.759375 0.025 0.027083333333333334
1 0.76171875 0.8322916666666667 0.0390625 0.04375
1 0.71171875 0.909375 0.03125 0.029166666666666667
1 0.740625 0.903125 0.0328125 0.035416666666666666
1 0.728125 0.9322916666666666 0.015625 0.014583333333333334
1 0.6328125 0.971875 0.028125 0.029166666666666667
1 0.8265625 0.975 0.0375 0.05
1 0.85703125 0.9875 0.021875 0.014583333333333334
1 0.89296875 0.9625 0.03125 0.03333333333333333
1 0.909375 0.9802083333333333 0.021875 0.03958333333333333
1 0.9421875 0.9770833333333333 0.028125 0.03958333333333333
1 0.9671875 0.934375 0.065625 0.0625
1 0.66796875 0.09479166666666666 0.0171875 0.0375
1 0.9046875 0.571875 0.01875 0.03125
1 0.8796875 0.6604166666666667 0.01875 0.022916666666666665
0 0.55234375 0.9010416666666666 0.3375 0.19791666666666666
0 0.440625 0.734375 0.184375 0.53125
0 0.53125 0.32916666666666666 0.240625 0.375
0 0.41953125 0.09583333333333334 0.146875 0.19166666666666668