1 0.6796875 0.09375 0.0265625 0.05
1 0.66171875 0.015625 0.028125 0.022916666666666665
1 0.65625 0.121875 0.0328125 0.03333333333333333
1 0.54765625 0.2677083333333333 0.0203125 0.04791666666666667
1 0.51171875 0.28020833333333334 0.021875 0.041666666666666664
1 0.87265625 0.746875 0.00625 0.01875
1 0.82734375 0.796875 0.01875 0.022916666666666665
1 0.81875 0.765625 0.034375 0.029166666666666667
1 0.86875 0.590625 0.03125 0.04375
1 0.69140625 0.8135416666666667 0.025 0.035416666666666666
1 0.54296875 0.7041666666666667 0.03125 0.04375
1 0.490625 0.73125 0.0265625 0.03333333333333333
1 0.56953125 0.6416666666666667 0.0296875 0.041666666666666664
0 0.584375 0.25104166666666666 0.15625 0.23541666666666666
0 0.609375 0.4625 0.1046875 0.21041666666666667
0 0.55234375 0.946875 0.1171875 0.10625
1 0.33984375 0.396875 0.015625 0.029166666666666667
1 0.77890625 0.109375 0.0203125 0.022916666666666665
1 0.68125 0.22083333333333333 0.03125 0.022916666666666665
1 0.83046875 0.275 0.015625 0.020833333333333332
1 0.3296875 0.975 0.034375 0.029166666666666667
1 0.16796875 0.7458333333333333 0.0234375 0.03125
1 0.16328125 0.684375 0.021875 0.022916666666666665
1 0.23984375 0.084375 0.021875 0.03333333333333333
1 0.19765625 0.13958333333333334 0.0265625 0.027083333333333334
1 0.97265625 0.5364583333333334 0.01875 0.029166666666666667
1 0.3828125 0.30520833333333336 0.021875 0.016666666666666666
1 0.37578125 0.353125 0.0140625 0.01875
1 0.53984375 0.6385416666666667 0.01875 0.022916666666666665
1 0.72265625 0.9572916666666667 0.0265625 0.035416666666666666
1 0.15 0.28020833333333334 0.0203125 0.03125
1 0.43828125 0.509375 0.0390625 0.0625
1 0.84609375 0.45625 0.0953125 0.11458333333333333
1 0.29921875 0.15729166666666666 0.0265625 0.01875
1 0.39296875 0.41354166666666664 0.03125 0.03958333333333333
1 0.33515625 0.5697916666666667 0.021875 0.025
1 0.28984375 0.5979166666666667 0.0296875 0.0375
1 0.9765625 0.190625 0.021875 0.03125
1 0.92734375 0.057291666666666664 0.025 0.03125
1 0.8328125 0.19895833333333332 0.034375 0.03125