1 0.240234375 0.8743055555555556 0.05078125 0.058333333333333334
0 0.097265625 0.5069444444444444 0.19453125 0.24722222222222223
1 0.237109375 0.6069444444444444 0.0234375 0.07083333333333333
0 0.11328125 0.7618055555555555 0.2265625 0.2125
1 0.4453125 0.8347222222222223 0.03984375 0.058333333333333334
1 0.12265625 0.6534722222222222 0.0109375 0.020833333333333332
1 0.353515625 0.46041666666666664 0.01484375 0.03333333333333333
1 0.74921875 0.5090277777777777 0.01796875 0.04722222222222222
1 0.65703125 0.6381944444444444 0.01953125 0.030555555555555555
1 0.210546875 0.3527777777777778 0.03125 0.0625
1 0.569140625 0.9847222222222223 0.0375 0.027777777777777776
1 0.94140625 0.49027777777777776 0.0140625 0.025
1 0.2171875 0.7583333333333333 0.02578125 0.06388888888888888
1 0.89609375 0.08680555555555555 0.02890625 0.05555555555555555
1 0.604296875 0.2513888888888889 0.021875 0.04722222222222222
1 0.933203125 0.3638888888888889 0.02109375 0.03333333333333333
1 0.148046875 0.6722222222222223 0.021875 0.034722222222222224
1 0.2796875 0.12777777777777777 0.046875 0.06805555555555555
1 0.354296875 0.06180555555555556 0.03203125 0.04583333333333333
0 0.682421875 0.8479166666666667 0.2328125 0.30416666666666664
0 0.697265625 0.13333333333333333 0.1265625 0.2625
1 0.2609375 0.8194444444444444 0.02578125 0.04027777777777778
0 0.693359375 0.46111111111111114 0.13125 0.4986111111111111
1 0.291015625 0.35 0.01328125 0.029166666666666667
1 0.8578125 0.9694444444444444 0.02734375 0.06111111111111111
1 0.365625 0.09652777777777778 0.015625 0.029166666666666667
1 0.05625 0.22152777777777777 0.02265625 0.05
1 0.25078125 0.5222222222222223 0.01953125 0.03333333333333333
1 0.783984375 0.1840277777777778 0.03203125 0.04861111111111111
1 0.680859375 0.48333333333333334 0.0140625 0.02638888888888889
1 0.167578125 0.08055555555555556 0.03203125 0.06944444444444445
1 0.277734375 0.44930555555555557 0.03125 0.07916666666666666
1 0.225390625 0.9819444444444444 0.02109375 0.027777777777777776
1 0.26171875 0.6326388888888889 0.0265625 0.043055555555555555
0 0.08671875 0.3819444444444444 0.1734375 0.5111111111111111
1 0.858203125 0.6645833333333333 0.0375 0.06805555555555555
1 0.887109375 0.030555555555555555 0.02890625 0.06111111111111111
0 0.5984375 0.24791666666666667 0.32890625 0.49166666666666664
0 0.10078125 0.15555555555555556 0.12890625 0.3111111111111111
1 0.71796875 0.26319444444444445 0.01875 0.041666666666666664
1 0.748046875 0.3590277777777778 0.02890625 0.08194444444444444
1 0.37421875 0.3298611111111111 0.0140625 0.029166666666666667
0 0.1328125 0.9625 0.1046875 0.075
1 0.0828125 0.20972222222222223 0.03515625 0.08888888888888889
1 0.048046875 0.6506944444444445 0.02265625 0.030555555555555555
1 0.159765625 0.1736111111111111 0.03515625 0.06111111111111111
1 0.20625 0.44930555555555557 0.025 0.05694444444444444
1 0.370703125 0.9493055555555555 0.021875 0.030555555555555555
1 0.21171875 0.15138888888888888 0.02578125 0.05
1 0.991015625 0.4548611111111111 0.0125 0.06388888888888888
1 0.45703125 0.8770833333333333 0.01484375 0.022222222222222223
1 0.766796875 0.8993055555555556 0.01875 0.03611111111111111
1 0.175390625 0.44930555555555557 0.0390625 0.06805555555555555
1 0.90859375 0.5125 0.01640625 0.02638888888888889
1 0.31171875 0.2152777777777778 0.0265625 0.04722222222222222
1 0.959765625 0.022916666666666665 0.01484375 0.02361111111111111
1 0.193359375 0.7694444444444445 0.02109375 0.041666666666666664
1 0.547265625 0.29791666666666666 0.0359375 0.06527777777777778
1 0.806640625 0.36527777777777776 0.02421875 0.05138888888888889
1 0.934765625 0.024305555555555556 0.02890625 0.04861111111111111
1 0.172265625 0.12638888888888888 0.0296875 0.05277777777777778
1 0.384765625 0.11666666666666667 0.01796875 0.022222222222222223