0 0.66953125 0.3861111111111111 0.29140625 0.2722222222222222
0 0.686328125 0.6111111111111112 0.19296875 0.2847222222222222
0 0.686328125 0.7152777777777778 0.1703125 0.11805555555555555
0 0.640625 0.9777777777777777 0.0265625 0.044444444444444446
0 0.129296875 0.8506944444444444 0.1078125 0.2986111111111111
0 0.1234375 0.68125 0.19140625 0.4638888888888889
0 0.12890625 0.4041666666666667 0.11640625 0.4388888888888889
0 0.17109375 0.04583333333333333 0.0640625 0.09166666666666666
1 0.13046875 0.4548611111111111 0.02109375 0.027777777777777776
1 0.23203125 0.46319444444444446 0.02265625 0.029166666666666667
1 0.528125 0.15 0.02421875 0.05416666666666667
1 0.147265625 0.5770833333333333 0.04296875 0.07361111111111111
1 0.66015625 0.4340277777777778 0.03828125 0.08333333333333333
1 0.643359375 0.39861111111111114 0.01953125 0.034722222222222224
1 0.609375 0.4701388888888889 0.0171875 0.034722222222222224
1 0.56328125 0.46875 0.02890625 0.0625
1 0.512109375 0.25555555555555554 0.0265625 0.05277777777777778
1 0.505078125 0.46597222222222223 0.02734375 0.05
1 0.4421875 0.3923611111111111 0.0265625 0.04722222222222222
1 0.510546875 0.33958333333333335 0.01796875 0.03333333333333333
1 0.48828125 0.3013888888888889 0.021875 0.044444444444444446
1 0.359375 0.18819444444444444 0.0203125 0.03888888888888889
1 0.37578125 0.14097222222222222 0.01796875 0.0375
1 0.3390625 0.08888888888888889 0.01953125 0.030555555555555555
1 0.3171875 0.12777777777777777 0.01796875 0.034722222222222224
1 0.271875 0.14444444444444443 0.0171875 0.034722222222222224
1 0.3328125 0.3076388888888889 0.01484375 0.027777777777777776
1 0.405078125 0.49722222222222223 0.0265625 0.059722222222222225
1 0.38828125 0.5423611111111111 0.009375 0.022222222222222223
1 0.36015625 0.5159722222222223 0.01484375 0.05138888888888889
1 0.188671875 0.21875 0.03828125 0.05555555555555555
1 0.082421875 0.36875 0.01640625 0.02638888888888889
1 0.39296875 0.5944444444444444 0.01796875 0.03194444444444444
1 0.34375 0.6506944444444445 0.009375 0.025
1 0.2953125 0.65625 0.03515625 0.09722222222222222
1 0.21640625 0.6715277777777777 0.0234375 0.044444444444444446
1 0.256640625 0.9152777777777777 0.0296875 0.04583333333333333
1 0.10625 0.39652777777777776 0.03046875 0.04027777777777778
1 0.233203125 0.9805555555555555 0.021875 0.03333333333333333
1 0.972265625 0.017361111111111112 0.01640625 0.02638888888888889
1 0.98828125 0.050694444444444445 0.01796875 0.03194444444444444
1 0.8296875 0.19166666666666668 0.02109375 0.04722222222222222
1 0.818359375 0.25833333333333336 0.009375 0.016666666666666666
1 0.81796875 0.3076388888888889 0.0140625 0.025
1 0.865234375 0.3104166666666667 0.0296875 0.041666666666666664
1 0.877734375 0.34375 0.0171875 0.029166666666666667
1 0.851953125 0.43819444444444444 0.02890625 0.05138888888888889
1 0.84609375 0.48680555555555555 0.0078125 0.016666666666666666
1 0.7484375 0.5041666666666667 0.01640625 0.025
1 0.50625 0.5618055555555556 0.028125 0.05555555555555555
1 0.544140625 0.6506944444444445 0.02734375 0.05555555555555555
1 0.525 0.7034722222222223 0.01953125 0.04027777777777778
1 0.6140625 0.7659722222222223 0.02265625 0.0375
1 0.605078125 0.5333333333333333 0.01015625 0.020833333333333332
1 0.61796875 0.5590277777777778 0.01484375 0.018055555555555554
1 0.644921875 0.5631944444444444 0.009375 0.019444444444444445
1 0.70078125 0.7944444444444444 0.01484375 0.041666666666666664
1 0.72421875 0.7902777777777777 0.025 0.05
1 0.688671875 0.8354166666666667 0.01875 0.034722222222222224
1 0.17421875 0.9798611111111111 0.0359375 0.04027777777777778
1 0.190625 0.8319444444444445 0.01640625 0.018055555555555554
1 0.1859375 0.7909722222222222 0.0140625 0.02638888888888889
1 0.14296875 0.7416666666666667 0.0203125 0.03194444444444444
1 0.17265625 0.7125 0.01953125 0.0375
1 0.15234375 0.6493055555555556 0.0125 0.018055555555555554
1 0.731640625 0.9298611111111111 0.03828125 0.059722222222222225
1 0.481640625 0.9118055555555555 0.03046875 0.05694444444444444
1 0.432421875 0.86875 0.0203125 0.03888888888888889
1 0.425390625 0.9423611111111111 0.02734375 0.043055555555555555
1 0.50390625 0.9798611111111111 0.0265625 0.04027777777777778
1 0.547265625 0.9923611111111111 0.01796875 0.015277777777777777
1 0.55546875 0.93125 0.0203125 0.04027777777777778
1 0.828125 0.8041666666666667 0.015625 0.020833333333333332
1 0.833984375 0.8791666666666667 0.01484375 0.019444444444444445
1 0.983203125 0.9909722222222223 0.01484375 0.018055555555555554
1 0.9484375 0.7138888888888889 0.0140625 0.02361111111111111
1 0.97109375 0.7041666666666667 0.01875 0.04583333333333333
1 0.533203125 0.05277777777777778 0.01875 0.04027777777777778
1 0.9828125 0.7465277777777778 0.01953125 0.029166666666666667
1 0.866796875 0.5979166666666667 0.01015625 0.02361111111111111
1 0.897265625 0.45416666666666666 0.025 0.04861111111111111
1 0.98984375 0.48125 0.0171875 0.018055555555555554
1 0.944921875 0.36319444444444443 0.021875 0.030555555555555555
1 0.95390625 0.2847222222222222 0.0265625 0.05
1 0.991796875 0.28402777777777777 0.01640625 0.03194444444444444
1 0.7296875 0.6736111111111112 0.0140625 0.020833333333333332
1 0.771875 0.81875 0.00703125 0.0125
1 0.55390625 0.75625 0.0078125 0.0125
1 0.476953125 0.74375 0.00859375 0.018055555555555554
1 0.651953125 0.3659722222222222 0.01640625 0.02638888888888889
1 0.16015625 0.25972222222222224 0.02890625 0.044444444444444446
1 0.112109375 0.31319444444444444 0.02578125 0.03611111111111111
1 0.06953125 0.22569444444444445 0.02890625 0.04583333333333333
0 0.6484375 0.06944444444444445 0.12578125 0.1388888888888889
1 0.953125 0.007638888888888889 0.01640625 0.015277777777777777
1 0.807421875 0.021527777777777778 0.0125 0.025
1 0.7859375 0.024305555555555556 0.03125 0.04861111111111111
1 0.738671875 0.07430555555555556 0.0125 0.019444444444444445
1 0.75078125 0.02361111111111111 0.02421875 0.03888888888888889
1 0.742578125 0.18125 0.0171875 0.025
1 0.700390625 0.14444444444444443 0.0234375 0.05555555555555555
1 0.69453125 0.2152777777777778 0.02265625 0.07916666666666666
1 0.63203125 0.18819444444444444 0.01484375 0.022222222222222223
1 0.60390625 0.17777777777777778 0.01796875 0.0375
1 0.582421875 0.021527777777777778 0.01875 0.034722222222222224