1 0.50078125 0.58125 0.01953125 0.04027777777777778
1 0.6078125 0.5152777777777777 0.04453125 0.041666666666666664
1 0.668359375 0.5861111111111111 0.01328125 0.027777777777777776
1 0.665234375 0.6923611111111111 0.01875 0.041666666666666664
1 0.8609375 0.7270833333333333 0.021875 0.027777777777777776
1 0.80625 0.8 0.0140625 0.02361111111111111
1 0.300390625 0.6590277777777778 0.01953125 0.034722222222222224
1 0.309765625 0.6902777777777778 0.01015625 0.020833333333333332
1 0.33984375 0.7104166666666667 0.01953125 0.044444444444444446
1 0.420703125 0.7048611111111112 0.04453125 0.044444444444444446
1 0.50546875 0.6659722222222222 0.03515625 0.08333333333333333
1 0.5609375 0.6569444444444444 0.01875 0.044444444444444446
1 0.606640625 0.6923611111111111 0.02890625 0.04861111111111111
1 0.687109375 0.7236111111111111 0.01171875 0.02361111111111111
1 0.782421875 0.8972222222222223 0.01328125 0.02361111111111111
1 0.928125 0.5291666666666667 0.0171875 0.025
1 0.947265625 0.5597222222222222 0.01953125 0.0625
1 0.991015625 0.5965277777777778 0.01796875 0.04722222222222222
1 0.894921875 0.6006944444444444 0.01171875 0.02361111111111111
1 0.8796875 0.53125 0.015625 0.029166666666666667
1 0.681640625 0.4041666666666667 0.0140625 0.030555555555555555
1 0.59765625 0.9097222222222222 0.01015625 0.019444444444444445
1 0.5765625 0.9138888888888889 0.0109375 0.022222222222222223
1 0.557421875 0.825 0.04921875 0.08055555555555556
1 0.58046875 0.78125 0.0375 0.075
1 0.811328125 0.2916666666666667 0.01484375 0.034722222222222224
1 0.83203125 0.28125 0.0109375 0.030555555555555555
1 0.734765625 0.10972222222222222 0.01015625 0.019444444444444445
1 0.778125 0.075 0.01640625 0.03333333333333333
1 0.83125 0.08333333333333333 0.009375 0.015277777777777777
1 0.864453125 0.027777777777777776 0.0171875 0.03333333333333333
1 0.633203125 0.10555555555555556 0.01484375 0.022222222222222223
1 0.634375 0.14652777777777778 0.01328125 0.016666666666666666
1 0.04296875 0.90625 0.02421875 0.03888888888888889
1 0.984765625 0.9638888888888889 0.01484375 0.020833333333333332
1 0.73828125 0.6708333333333333 0.01328125 0.03888888888888889
1 0.792578125 0.9354166666666667 0.01875 0.020833333333333332
1 0.765625 0.9118055555555555 0.01484375 0.020833333333333332
1 0.487890625 0.3527777777777778 0.00859375 0.015277777777777777
0 0.701171875 0.17083333333333334 0.32890625 0.16666666666666666
0 0.70078125 0.33402777777777776 0.046875 0.3111111111111111
0 0.748828125 0.6298611111111111 0.296875 0.19027777777777777
0 0.744140625 0.8111111111111111 0.11953125 0.37777777777777777
0 0.6609375 0.9555555555555556 0.07734375 0.08888888888888889
0 0.137109375 0.8208333333333333 0.1578125 0.35833333333333334
0 0.105859375 0.6395833333333333 0.17265625 0.4125
0 0.130859375 0.3173611111111111 0.17578125 0.30972222222222223
0 0.126953125 0.16180555555555556 0.134375 0.24444444444444444
0 0.14453125 0.06111111111111111 0.08515625 0.12222222222222222
1 0.443359375 0.9340277777777778 0.01328125 0.02638888888888889
1 0.45 0.9819444444444444 0.01328125 0.02638888888888889
1 0.497265625 0.9701388888888889 0.021875 0.04583333333333333
1 0.59375 0.9951388888888889 0.01171875 0.009722222222222222
1 0.943359375 0.04027777777777778 0.01328125 0.03194444444444444
1 0.64765625 0.8388888888888889 0.01953125 0.03611111111111111
1 0.5421875 0.7479166666666667 0.034375 0.06666666666666667
1 0.512109375 0.8111111111111111 0.015625 0.02638888888888889
1 0.605078125 0.8409722222222222 0.01640625 0.03611111111111111
1 0.396484375 0.38263888888888886 0.01875 0.03611111111111111
1 0.4546875 0.21319444444444444 0.015625 0.027777777777777776
1 0.07578125 0.19652777777777777 0.01015625 0.015277777777777777
1 0.169140625 0.9555555555555556 0.0171875 0.019444444444444445
1 0.15 0.84375 0.01328125 0.020833333333333332
1 0.259765625 0.9166666666666666 0.0203125 0.0375
1 0.088671875 0.5833333333333334 0.01484375 0.03194444444444444
1 0.14453125 0.5625 0.01796875 0.05277777777777778
1 0.119140625 0.5215277777777778 0.01328125 0.0125
1 0.105078125 0.4951388888888889 0.01796875 0.034722222222222224
1 0.078125 0.10486111111111111 0.0171875 0.03611111111111111
1 0.162109375 0.26666666666666666 0.025 0.034722222222222224
1 0.239453125 0.20416666666666666 0.01640625 0.034722222222222224
1 0.198828125 0.16527777777777777 0.01484375 0.04027777777777778
1 0.258984375 0.027083333333333334 0.01796875 0.03611111111111111
1 0.305078125 0.027777777777777776 0.0140625 0.030555555555555555
1 0.32578125 0.14444444444444443 0.01953125 0.02638888888888889
1 0.35703125 0.11388888888888889 0.01640625 0.030555555555555555
1 0.4109375 0.13333333333333333 0.015625 0.03333333333333333
1 0.38515625 0.14375 0.03125 0.05138888888888889
1 0.435546875 0.016666666666666666 0.01875 0.03333333333333333
1 0.4984375 0.10555555555555556 0.01015625 0.020833333333333332
1 0.475 0.05486111111111111 0.0171875 0.027777777777777776
1 0.52109375 0.011805555555555555 0.01796875 0.02361111111111111
1 0.5796875 0.027777777777777776 0.01015625 0.019444444444444445
1 0.6265625 0.01597222222222222 0.0234375 0.03194444444444444
1 0.587109375 0.26666666666666666 0.015625 0.029166666666666667
1 0.52265625 0.31527777777777777 0.01796875 0.041666666666666664
1 0.415625 0.33055555555555555 0.0203125 0.043055555555555555
1 0.451171875 0.3076388888888889 0.02109375 0.041666666666666664
1 0.483984375 0.44027777777777777 0.01796875 0.043055555555555555
1 0.480078125 0.40902777777777777 0.01015625 0.027777777777777776
1 0.56328125 0.48541666666666666 0.02578125 0.041666666666666664
1 0.567578125 0.5763888888888888 0.025 0.04583333333333333