1 0.75625 0.18020833333333333 0.021875 0.025
1 0.84609375 0.13229166666666667 0.025 0.022916666666666665
1 0.684375 0.09479166666666666 0.0234375 0.0375
1 0.6578125 0.08333333333333333 0.0234375 0.029166666666666667
1 0.63671875 0.1 0.028125 0.029166666666666667
1 0.6140625 0.11875 0.0234375 0.027083333333333334
1 0.65078125 0.14166666666666666 0.0375 0.05
1 0.6171875 0.14895833333333333 0.0234375 0.029166666666666667
1 0.5421875 0.07395833333333333 0.040625 0.0625
1 0.5 0.029166666666666667 0.0359375 0.03958333333333333
1 0.475 0.07083333333333333 0.03125 0.041666666666666664
1 0.3921875 0.13854166666666667 0.025 0.058333333333333334
1 0.3296875 0.023958333333333335 0.03125 0.03958333333333333
1 0.38125 0.05416666666666667 0.0953125 0.10208333333333333
1 0.58203125 0.011458333333333333 0.03125 0.020833333333333332
1 0.62578125 0.036458333333333336 0.0671875 0.06458333333333334
1 0.58046875 0.8041666666666667 0.0453125 0.05416666666666667
1 0.63359375 0.8802083333333334 0.0609375 0.08958333333333333
1 0.5765625 0.8645833333333334 0.0625 0.07291666666666667
1 0.69765625 0.9489583333333333 0.0296875 0.03333333333333333
1 0.8484375 0.975 0.078125 0.04375
1 0.746875 0.9791666666666666 0.025 0.0375
1 0.76875 0.8177083333333334 0.0203125 0.025
1 0.446875 0.7177083333333333 0.034375 0.035416666666666666
1 0.3921875 0.7104166666666667 0.015625 0.029166666666666667
1 0.32421875 0.7802083333333333 0.03125 0.025
1 0.29453125 0.7333333333333333 0.03125 0.03125
1 0.3375 0.6875 0.03125 0.04583333333333333
1 0.49375 0.54375 0.0109375 0.03958333333333333
1 0.2640625 0.7677083333333333 0.0140625 0.03125
1 0.73046875 0.4395833333333333 0.01875 0.03333333333333333
1 0.73515625 0.38229166666666664 0.01875 0.025
1 0.715625 0.27395833333333336 0.0234375 0.022916666666666665
1 0.8921875 0.3458333333333333 0.015625 0.022916666666666665
1 0.921875 0.35833333333333334 0.015625 0.01875
1 0.9921875 0.334375 0.015625 0.025
1 0.8828125 0.5364583333333334 0.01875 0.025
1 0.7125 0.6052083333333333 0.0171875 0.020833333333333332
1 0.42265625 0.6708333333333333 0.015625 0.022916666666666665
1 0.47890625 0.8697916666666666 0.0265625 0.041666666666666664
1 0.30703125 0.9364583333333333 0.0375 0.0375
1 0.18671875 0.5770833333333333 0.0171875 0.01875
1 0.00859375 0.5354166666666667 0.0171875 0.025
1 0.1796875 0.22916666666666666 0.0109375 0.014583333333333334
1 0.2078125 0.13125 0.015625 0.01875
1 0.346875 0.17916666666666667 0.021875 0.022916666666666665
1 0.53828125 0.15208333333333332 0.040625 0.025
1 0.8421875 0.35625 0.0234375 0.027083333333333334
1 0.68125 0.8229166666666666 0.0171875 0.014583333333333334
1 0.5671875 0.9833333333333333 0.028125 0.03333333333333333
1 0.3609375 0.7510416666666667 0.0203125 0.020833333333333332
1 0.35859375 0.8208333333333333 0.015625 0.010416666666666666
1 0.62890625 0.5614583333333333 0.015625 0.020833333333333332
1 0.66328125 0.17395833333333333 0.0234375 0.01875
1 0.98984375 0.21354166666666666 0.015625 0.01875
0 0.465625 0.278125 0.44375 0.225
0 0.44765625 0.5854166666666667 0.3859375 0.3875
0 0.58046875 0.8197916666666667 0.471875 0.36041666666666666
0 0.4890625 0.8895833333333333 0.1265625 0.22083333333333333
1 0.07421875 0.2552083333333333 0.028125 0.022916666666666665
1 0.059375 0.2125 0.0296875 0.05416666666666667
1 0.1109375 0.10416666666666667 0.0171875 0.0375
1 0.1703125 0.014583333333333334 0.0328125 0.022916666666666665
1 0.196875 0.20520833333333333 0.0234375 0.0375
1 0.196875 0.4041666666666667 0.0296875 0.03333333333333333
1 0.26640625 0.3958333333333333 0.025 0.029166666666666667
1 0.33984375 0.378125 0.034375 0.05
1 0.37109375 0.35208333333333336 0.03125 0.04791666666666667
1 0.37578125 0.28854166666666664 0.0453125 0.07083333333333333
1 0.4484375 0.3333333333333333 0.05 0.07291666666666667
1 0.48046875 0.34375 0.01875 0.029166666666666667
1 0.425 0.43645833333333334 0.0265625 0.03125
1 0.55078125 0.2875 0.0234375 0.0375
1 0.578125 0.3104166666666667 0.0421875 0.05625
1 0.62265625 0.31354166666666666 0.040625 0.05625
1 0.609375 0.371875 0.021875 0.027083333333333334
1 0.3609375 0.48020833333333335 0.025 0.029166666666666667
1 0.31953125 0.471875 0.0359375 0.03125
1 0.32265625 0.5229166666666667 0.034375 0.027083333333333334
1 0.34609375 0.590625 0.04375 0.06875
1 0.12890625 0.45416666666666666 0.0265625 0.03958333333333333
1 0.28828125 0.5479166666666667 0.021875 0.022916666666666665
1 0.5484375 0.5229166666666667 0.025 0.027083333333333334
1 0.44453125 0.4041666666666667 0.0296875 0.03333333333333333
1 0.39765625 0.453125 0.025 0.04791666666666667
1 0.5765625 0.44583333333333336 0.028125 0.0375
1 0.603125 0.484375 0.0375 0.05416666666666667
1 0.68515625 0.5177083333333333 0.0265625 0.020833333333333332
1 0.5734375 0.5947916666666667 0.0421875 0.0375
1 0.53203125 0.6364583333333333 0.0265625 0.03333333333333333
1 0.5265625 0.6822916666666666 0.0265625 0.0375
1 0.57890625 0.6697916666666667 0.0890625 0.05
1 0.67109375 0.64375 0.0125 0.020833333333333332
1 0.68828125 0.6604166666666667 0.021875 0.029166666666666667
1 0.95234375 0.559375 0.034375 0.04791666666666667
1 0.9578125 0.671875 0.034375 0.04791666666666667
1 0.91484375 0.703125 0.0140625 0.014583333333333334
1 0.6703125 0.4427083333333333 0.0234375 0.03125
1 0.71796875 0.3927083333333333 0.01875 0.04583333333333333