1 0.95 0.2923611111111111 0.05078125 0.11805555555555555
1 0.995703125 0.2763888888888889 0.00859375 0.03333333333333333
1 0.962109375 0.05 0.015625 0.025
1 0.1234375 0.15694444444444444 0.009375 0.015277777777777777
1 0.6203125 0.6604166666666667 0.01875 0.03194444444444444
1 0.690625 0.6604166666666667 0.03828125 0.06666666666666667
1 0.657421875 0.6395833333333333 0.02890625 0.06944444444444445
1 0.678125 0.5861111111111111 0.0375 0.0763888888888889
1 0.152734375 0.125 0.01328125 0.018055555555555554
1 0.18828125 0.0625 0.04453125 0.10833333333333334
1 0.611328125 0.4895833333333333 0.02890625 0.058333333333333334
1 0.59921875 0.5368055555555555 0.0203125 0.034722222222222224
1 0.555859375 0.5270833333333333 0.01953125 0.041666666666666664
1 0.341796875 0.5631944444444444 0.0203125 0.034722222222222224
1 0.20078125 0.6284722222222222 0.015625 0.029166666666666667
1 0.18828125 0.7020833333333333 0.02578125 0.058333333333333334
1 0.272265625 0.7173611111111111 0.01796875 0.03888888888888889
1 0.243359375 0.7173611111111111 0.0328125 0.043055555555555555
1 0.34296875 0.8784722222222222 0.009375 0.0125
1 0.28671875 0.9798611111111111 0.021875 0.04027777777777778
1 0.24453125 0.90625 0.00859375 0.0125
1 0.197265625 0.8527777777777777 0.01796875 0.02638888888888889
1 0.129296875 0.9375 0.009375 0.05
1 0.19765625 0.9305555555555556 0.0171875 0.043055555555555555
1 0.179296875 0.9430555555555555 0.0234375 0.05277777777777778
1 0.15546875 0.8229166666666666 0.01875 0.03333333333333333
1 0.126171875 0.8409722222222222 0.0125 0.041666666666666664
1 0.06484375 0.8618055555555556 0.02109375 0.03333333333333333
1 0.146484375 0.21319444444444444 0.02578125 0.0375
1 0.084765625 0.05625 0.03203125 0.04722222222222222
1 0.099609375 0.14027777777777778 0.01875 0.03888888888888889
1 0.06328125 0.17708333333333334 0.009375 0.016666666666666666
1 0.031640625 0.80625 0.01484375 0.025
1 0.09453125 0.675 0.0109375 0.022222222222222223
1 0.583203125 0.7645833333333333 0.01953125 0.05
1 0.300390625 0.014583333333333334 0.01015625 0.013888888888888888
0 0.688671875 0.27569444444444446 0.1265625 0.5513888888888889
0 0.575390625 0.10416666666666667 0.25546875 0.20833333333333334
0 0.676171875 0.37083333333333335 0.19921875 0.4013888888888889
0 0.692578125 0.7770833333333333 0.30078125 0.25
1 0.987109375 0.6555555555555556 0.00625 0.015277777777777777
1 0.591015625 0.06666666666666667 0.0078125 0.016666666666666666
1 0.878125 0.3388888888888889 0.00625 0.013888888888888888
1 0.840234375 0.2465277777777778 0.00703125 0.015277777777777777
0 0.648046875 0.9666666666666667 0.18828125 0.06666666666666667
0 0.133984375 0.925 0.10625 0.14166666666666666
0 0.130859375 0.7638888888888888 0.14296875 0.4375
0 0.087890625 0.42569444444444443 0.17578125 0.1597222222222222
0 0.088671875 0.2590277777777778 0.17734375 0.29583333333333334
1 0.60390625 0.9402777777777778 0.01328125 0.025
1 0.615625 0.8923611111111112 0.0171875 0.044444444444444446
1 0.643359375 0.9298611111111111 0.0171875 0.03194444444444444
1 0.178515625 0.2326388888888889 0.02578125 0.059722222222222225
1 0.21640625 0.26944444444444443 0.0296875 0.05
1 0.23359375 0.3506944444444444 0.01328125 0.041666666666666664
1 0.230078125 0.4048611111111111 0.025 0.04722222222222222
1 0.171484375 0.4361111111111111 0.02421875 0.05138888888888889
1 0.111328125 0.4875 0.01171875 0.016666666666666666
1 0.119140625 0.3486111111111111 0.02109375 0.03333333333333333
1 0.22890625 0.5027777777777778 0.021875 0.0375
1 0.244140625 0.4583333333333333 0.02734375 0.05138888888888889
1 0.13515625 0.5930555555555556 0.01484375 0.027777777777777776
1 0.16171875 0.5590277777777778 0.009375 0.015277777777777777
1 0.188671875 0.5708333333333333 0.0203125 0.03333333333333333
1 0.130078125 0.6583333333333333 0.02421875 0.030555555555555555
1 0.122265625 0.6805555555555556 0.009375 0.016666666666666666
1 0.325390625 0.10902777777777778 0.025 0.041666666666666664
1 0.115234375 0.6993055555555555 0.0109375 0.030555555555555555
1 0.67265625 0.8951388888888889 0.0359375 0.05694444444444444
1 0.795703125 0.8666666666666667 0.05078125 0.05416666666666667
1 0.835546875 0.9861111111111112 0.0125 0.022222222222222223
1 0.856640625 0.9930555555555556 0.01953125 0.013888888888888888
1 0.893359375 0.9416666666666667 0.01796875 0.03888888888888889
1 0.9515625 0.9069444444444444 0.01953125 0.05277777777777778
1 0.983203125 0.9430555555555555 0.03359375 0.0625
1 0.930859375 0.7013888888888888 0.01015625 0.016666666666666666
1 0.983984375 0.7701388888888889 0.015625 0.03194444444444444
1 0.992578125 0.7256944444444444 0.01484375 0.0375
1 0.990234375 0.6777777777777778 0.01953125 0.025
1 0.87265625 0.6756944444444445 0.01484375 0.027777777777777776
1 0.739453125 0.7201388888888889 0.015625 0.030555555555555555
1 0.80234375 0.5958333333333333 0.03984375 0.08194444444444444
1 0.837109375 0.5486111111111112 0.01328125 0.0125
1 0.873046875 0.5833333333333334 0.03515625 0.10416666666666667
1 0.85859375 0.4708333333333333 0.0296875 0.05555555555555555
1 0.954296875 0.5375 0.0171875 0.029166666666666667
1 0.895703125 0.38125 0.02578125 0.04027777777777778
1 0.8265625 0.31180555555555556 0.01171875 0.020833333333333332
1 0.820703125 0.3347222222222222 0.01171875 0.015277777777777777
1 0.763671875 0.31180555555555556 0.01796875 0.030555555555555555
1 0.710546875 0.35694444444444445 0.02265625 0.05555555555555555
1 0.658203125 0.35555555555555557 0.0234375 0.04722222222222222
1 0.651171875 0.2965277777777778 0.0140625 0.02361111111111111
1 0.71015625 0.24305555555555555 0.01875 0.0625
1 0.76796875 0.1486111111111111 0.00859375 0.022222222222222223
1 0.7015625 0.035416666666666666 0.01640625 0.030555555555555555
1 0.67109375 0.05763888888888889 0.01953125 0.03611111111111111
1 0.505859375 0.24097222222222223 0.025 0.04722222222222222
1 0.512109375 0.0875 0.0109375 0.020833333333333332
1 0.583984375 0.6458333333333334 0.025 0.043055555555555555
1 0.489453125 0.04652777777777778 0.0078125 0.015277777777777777
1 0.57578125 0.3576388888888889 0.01171875 0.020833333333333332
1 0.594140625 0.35 0.01171875 0.030555555555555555
1 0.595703125 0.43333333333333335 0.00703125 0.016666666666666666
1 0.612890625 0.41041666666666665 0.00703125 0.015277777777777777
1 0.851171875 0.030555555555555555 0.0296875 0.06111111111111111
1 0.901171875 0.005555555555555556 0.02421875 0.011111111111111112
1 0.876171875 0.15625 0.04765625 0.059722222222222225
1 0.93125 0.2048611111111111 0.03828125 0.06805555555555555