0 0.6203125 0.38333333333333336 0.09296875 0.06388888888888888
0 0.62421875 0.14652777777777778 0.17421875 0.29305555555555557
1 0.6703125 0.22152777777777777 0.03359375 0.044444444444444446
1 0.690234375 0.25555555555555554 0.01640625 0.029166666666666667
1 0.625390625 0.3013888888888889 0.0125 0.022222222222222223
1 0.68671875 0.3611111111111111 0.01484375 0.03611111111111111
1 0.837109375 0.3541666666666667 0.0140625 0.027777777777777776
1 0.8921875 0.37777777777777777 0.02890625 0.059722222222222225
1 0.84140625 0.19791666666666666 0.01875 0.025
1 0.883984375 0.25763888888888886 0.0078125 0.016666666666666666
1 0.740625 0.22708333333333333 0.03203125 0.0375
1 0.72890625 0.09236111111111112 0.01484375 0.03611111111111111
1 0.766796875 0.09513888888888888 0.01953125 0.04027777777777778
1 0.7859375 0.01597222222222222 0.01171875 0.025
1 0.98828125 0.5152777777777777 0.01640625 0.034722222222222224
1 0.894921875 0.5451388888888888 0.01015625 0.020833333333333332
1 0.905859375 0.5673611111111111 0.0125 0.025
1 0.8109375 0.5055555555555555 0.01015625 0.013888888888888888
1 0.75859375 0.5125 0.01875 0.03611111111111111
0 0.09375 0.32569444444444445 0.1421875 0.40555555555555556
1 0.76953125 0.6340277777777777 0.0125 0.019444444444444445
1 0.796875 0.6854166666666667 0.0171875 0.041666666666666664
1 0.7703125 0.7381944444444445 0.0296875 0.03611111111111111
1 0.677734375 0.7013888888888888 0.03046875 0.03333333333333333
1 0.611328125 0.7131944444444445 0.02734375 0.05277777777777778
1 0.466015625 0.7215277777777778 0.01796875 0.025
1 0.406640625 0.5666666666666667 0.02578125 0.04583333333333333
1 0.555859375 0.89375 0.0140625 0.013888888888888888
1 0.5875 0.94375 0.00859375 0.025
1 0.79921875 0.9430555555555555 0.02578125 0.05138888888888889
1 0.828515625 0.96875 0.01015625 0.020833333333333332
1 0.787109375 0.99375 0.0125 0.0125
1 0.87890625 0.9652777777777778 0.01015625 0.019444444444444445
1 0.922265625 0.8631944444444445 0.0203125 0.030555555555555555
1 0.9515625 0.8861111111111111 0.02265625 0.02361111111111111
1 0.94765625 0.8180555555555555 0.015625 0.03194444444444444
1 0.885546875 0.7340277777777777 0.0203125 0.027777777777777776
1 0.953125 0.6951388888888889 0.009375 0.018055555555555554
1 0.990234375 0.5923611111111111 0.00859375 0.016666666666666666
1 0.6609375 0.5152777777777777 0.02109375 0.034722222222222224
1 0.56328125 0.006944444444444444 0.015625 0.013888888888888888
1 0.579296875 0.034027777777777775 0.01171875 0.025
1 0.603125 0.03611111111111111 0.02734375 0.04722222222222222
1 0.5875 0.6013888888888889 0.028125 0.05416666666666667
1 0.8 0.8701388888888889 0.0265625 0.03611111111111111
1 0.056640625 0.15416666666666667 0.009375 0.02638888888888889
1 0.1015625 0.18888888888888888 0.009375 0.025
1 0.08046875 0.14097222222222222 0.00859375 0.016666666666666666
1 0.141796875 0.06597222222222222 0.025 0.0375
1 0.158203125 0.125 0.01796875 0.03194444444444444
1 0.171875 0.2972222222222222 0.0078125 0.0125
1 0.55703125 0.09861111111111111 0.03984375 0.08611111111111111
0 0.103125 0.10486111111111111 0.11875 0.20972222222222223
0 0.087109375 0.7673611111111112 0.17421875 0.2375
0 0.1390625 0.8715277777777778 0.121875 0.2569444444444444
1 0.22265625 0.38263888888888886 0.01875 0.03888888888888889
1 0.247265625 0.49930555555555556 0.02109375 0.06944444444444445
1 0.043359375 0.13402777777777777 0.01328125 0.04861111111111111
1 0.11796875 0.6 0.028125 0.05138888888888889
1 0.588671875 0.22430555555555556 0.034375 0.04027777777777778
1 0.269140625 0.84375 0.02421875 0.025
1 0.2125 0.7708333333333334 0.01640625 0.019444444444444445
1 0.211328125 0.8159722222222222 0.02734375 0.04027777777777778
1 0.822265625 0.07083333333333333 0.009375 0.025
1 0.861328125 0.015277777777777777 0.02890625 0.030555555555555555
1 0.8921875 0.03819444444444445 0.01640625 0.03888888888888889
0 0.711328125 0.9597222222222223 0.17265625 0.08055555555555556
0 0.61484375 0.8131944444444444 0.328125 0.11944444444444445
0 0.6296875 0.49166666666666664 0.11171875 0.2152777777777778
1 0.152734375 0.8472222222222222 0.01796875 0.041666666666666664
1 0.148828125 0.8055555555555556 0.01796875 0.034722222222222224
1 0.114453125 0.7388888888888889 0.015625 0.0375
1 0.28203125 0.9770833333333333 0.021875 0.04583333333333333
1 0.1890625 0.9208333333333333 0.02265625 0.04861111111111111
1 0.0671875 0.9881944444444445 0.01171875 0.02361111111111111
1 0.064453125 0.9083333333333333 0.01875 0.04027777777777778
1 0.033203125 0.8173611111111111 0.0109375 0.013888888888888888
1 0.048046875 0.4826388888888889 0.01953125 0.0375
1 0.06640625 0.5006944444444444 0.00625 0.019444444444444445