0 0.101953125 0.9215277777777777 0.10390625 0.15694444444444444
1 0.8328125 0.3548611111111111 0.02578125 0.05555555555555555
0 0.606640625 0.25069444444444444 0.13671875 0.5013888888888889
0 0.59375 0.9027777777777778 0.19453125 0.19444444444444445
0 0.10546875 0.5263888888888889 0.2109375 0.13055555555555556
1 0.9734375 0.73125 0.02890625 0.04722222222222222
1 0.91640625 0.9715277777777778 0.0265625 0.05694444444444444
1 0.478515625 0.15555555555555556 0.02734375 0.04583333333333333
1 0.808984375 0.9770833333333333 0.0171875 0.04027777777777778
1 0.1875 0.01597222222222222 0.025 0.03194444444444444
1 0.7515625 0.4097222222222222 0.01796875 0.04583333333333333
1 0.951953125 0.8479166666666667 0.02421875 0.027777777777777776
1 0.21015625 0.27708333333333335 0.02265625 0.043055555555555555
1 0.96796875 0.7743055555555556 0.02421875 0.043055555555555555
1 0.7453125 0.08611111111111111 0.01953125 0.030555555555555555
0 0.051171875 0.3020833333333333 0.09609375 0.5097222222222222
1 0.937890625 0.35694444444444445 0.028125 0.059722222222222225
1 0.6984375 0.6993055555555555 0.021875 0.043055555555555555
1 0.97265625 0.4215277777777778 0.02265625 0.04027777777777778
1 0.99296875 0.9791666666666666 0.0140625 0.041666666666666664
1 0.818359375 0.8201388888888889 0.025 0.041666666666666664
1 0.26640625 0.9430555555555555 0.01796875 0.027777777777777776
1 0.775 0.5854166666666667 0.02734375 0.03888888888888889
1 0.559765625 0.6798611111111111 0.0140625 0.034722222222222224
1 0.226953125 0.6194444444444445 0.0140625 0.029166666666666667
1 0.097265625 0.044444444444444446 0.01953125 0.03611111111111111
1 0.06171875 0.8791666666666667 0.0265625 0.043055555555555555
1 0.513671875 0.9 0.0203125 0.05138888888888889
1 0.5640625 0.16944444444444445 0.01328125 0.04583333333333333
1 0.92421875 0.7743055555555556 0.0203125 0.03194444444444444
1 0.1171875 0.14791666666666667 0.02265625 0.04722222222222222
1 0.18046875 0.9756944444444444 0.01953125 0.04861111111111111
1 0.096484375 0.2708333333333333 0.0109375 0.022222222222222223
1 0.967578125 0.16875 0.0171875 0.034722222222222224
1 0.609375 0.9041666666666667 0.0109375 0.022222222222222223
1 0.99296875 0.8840277777777777 0.0140625 0.044444444444444446
1 0.21640625 0.6895833333333333 0.0171875 0.034722222222222224
1 0.942578125 0.49583333333333335 0.01328125 0.025
1 0.949609375 0.6451388888888889 0.0265625 0.05
1 0.834765625 0.22430555555555556 0.0140625 0.02638888888888889
1 0.86484375 0.9756944444444444 0.0140625 0.019444444444444445
1 0.0953125 0.5791666666666667 0.01796875 0.03611111111111111
1 0.993359375 0.4701388888888889 0.01328125 0.05138888888888889
1 0.18203125 0.8131944444444444 0.01953125 0.030555555555555555
1 0.705859375 0.9236111111111112 0.01796875 0.034722222222222224
1 0.203515625 0.5743055555555555 0.01875 0.05416666666666667
1 0.535546875 0.31666666666666665 0.02734375 0.058333333333333334
1 0.920703125 0.20416666666666666 0.03203125 0.058333333333333334
1 0.147265625 0.5854166666666667 0.0234375 0.05416666666666667
1 0.153125 0.23541666666666666 0.0359375 0.08333333333333333
1 0.42734375 0.6909722222222222 0.03984375 0.08194444444444444
1 0.92109375 0.8604166666666667 0.02421875 0.04027777777777778
0 0.068359375 0.7993055555555556 0.13671875 0.38055555555555554
1 0.996875 0.7298611111111111 0.00625 0.043055555555555555
1 0.211328125 0.7763888888888889 0.01171875 0.03194444444444444
1 0.04296875 0.20416666666666666 0.015625 0.034722222222222224
1 0.06796875 0.16527777777777777 0.01328125 0.030555555555555555
1 0.982421875 0.26805555555555555 0.03515625 0.043055555555555555
1 0.74375 0.4375 0.0171875 0.03611111111111111
1 0.979296875 0.8173611111111111 0.0203125 0.03194444444444444
1 0.390625 0.5958333333333333 0.02578125 0.027777777777777776
1 0.48671875 0.08958333333333333 0.01171875 0.019444444444444445
1 0.711328125 0.9826388888888888 0.01171875 0.022222222222222223
1 0.5109375 0.5451388888888888 0.01328125 0.018055555555555554
1 0.159765625 0.7104166666666667 0.0140625 0.019444444444444445
1 0.23125 0.33541666666666664 0.0125 0.020833333333333332
1 0.634375 0.30069444444444443 0.0125 0.025
1 0.6765625 0.8243055555555555 0.0234375 0.027777777777777776
1 0.0796875 0.5673611111111111 0.0140625 0.03194444444444444
1 0.69609375 0.8881944444444444 0.0140625 0.02361111111111111
1 0.38046875 0.26875 0.0125 0.027777777777777776
1 0.156640625 0.34930555555555554 0.0171875 0.025
1 0.77109375 0.8868055555555555 0.02890625 0.06805555555555555
1 0.226953125 0.5916666666666667 0.01328125 0.022222222222222223
1 0.005078125 0.22847222222222222 0.01015625 0.029166666666666667
1 0.151953125 0.04097222222222222 0.03046875 0.058333333333333334
1 0.10625 0.7909722222222222 0.015625 0.03194444444444444
1 0.64140625 0.1 0.0375 0.08194444444444444
1 0.157421875 0.6520833333333333 0.01328125 0.02361111111111111
1 0.690234375 0.5340277777777778 0.01953125 0.04722222222222222
1 0.61875 0.4444444444444444 0.01953125 0.04722222222222222
1 0.627734375 0.6083333333333333 0.0671875 0.0625
1 0.695703125 0.13472222222222222 0.03125 0.05694444444444444
1 0.626953125 0.20902777777777778 0.0265625 0.05555555555555555
1 0.072265625 0.36875 0.0234375 0.04583333333333333
1 0.415234375 0.7597222222222222 0.01796875 0.030555555555555555
0 0.6140625 0.4076388888888889 0.22890625 0.4513888888888889
1 0.87109375 0.7916666666666666 0.03125 0.06666666666666667
1 0.139453125 0.9180555555555555 0.02109375 0.03611111111111111
1 0.991015625 0.6368055555555555 0.01796875 0.03888888888888889
1 0.183203125 0.37083333333333335 0.01796875 0.030555555555555555
1 0.153125 0.8368055555555556 0.015625 0.034722222222222224
1 0.264453125 0.7493055555555556 0.0140625 0.030555555555555555
1 0.9203125 0.25972222222222224 0.0203125 0.04027777777777778
1 0.690234375 0.47708333333333336 0.0359375 0.06111111111111111
1 0.70546875 0.8131944444444444 0.034375 0.05555555555555555
0 0.626171875 0.7090277777777778 0.26796875 0.2569444444444444
1 0.529296875 0.21597222222222223 0.01484375 0.029166666666666667
1 0.190625 0.6881944444444444 0.0234375 0.04583333333333333
1 0.541015625 0.5104166666666666 0.0375 0.06111111111111111