1 0.57734375 0.32395833333333335 0.0140625 0.020833333333333332
0 0.4515625 0.17083333333333334 0.1 0.05625
0 0.42109375 0.35520833333333335 0.2140625 0.13958333333333334
0 0.428125 0.6145833333333334 0.1609375 0.0625
1 0.68671875 0.022916666666666665 0.01875 0.020833333333333332
1 0.85390625 0.14895833333333333 0.0328125 0.035416666666666666
1 0.2765625 0.18958333333333333 0.0265625 0.029166666666666667
1 0.74140625 0.584375 0.0171875 0.027083333333333334
1 0.475 0.7833333333333333 0.0109375 0.0375
1 0.265625 0.8927083333333333 0.03125 0.03333333333333333
1 0.5828125 0.7583333333333333 0.0109375 0.020833333333333332
1 0.30234375 0.40625 0.0359375 0.025
1 0.525 0.44895833333333335 0.0265625 0.03333333333333333
1 0.74921875 0.03125 0.0265625 0.03333333333333333
1 0.540625 0.95 0.025 0.03125
1 0.6078125 0.7104166666666667 0.025 0.03958333333333333
1 0.46328125 0.24791666666666667 0.01875 0.022916666666666665
0 0.44921875 0.8458333333333333 0.0625 0.12083333333333333
1 0.3859375 0.09166666666666666 0.021875 0.027083333333333334
1 0.234375 0.08854166666666667 0.0421875 0.04375