1 0.85 0.8833333333333333 0.028125 0.05138888888888889
1 0.84296875 0.3701388888888889 0.0453125 0.05416666666666667
1 0.087109375 0.9659722222222222 0.00625 0.011111111111111112
1 0.03046875 0.08055555555555556 0.03515625 0.09166666666666666
1 0.102734375 0.03125 0.021875 0.041666666666666664
1 0.103515625 0.08055555555555556 0.021875 0.03333333333333333
1 0.158203125 0.05138888888888889 0.0125 0.020833333333333332
1 0.22734375 0.0875 0.07109375 0.175
1 0.266796875 0.04513888888888889 0.01796875 0.025
1 0.26796875 0.16458333333333333 0.0359375 0.08055555555555556
1 0.253125 0.2388888888888889 0.03359375 0.08194444444444444
1 0.228515625 0.27569444444444446 0.01015625 0.03611111111111111
1 0.241796875 0.29375 0.02109375 0.05138888888888889
1 0.221484375 0.33194444444444443 0.04375 0.10416666666666667
1 0.239453125 0.3819444444444444 0.015625 0.02638888888888889
1 0.1921875 0.29375 0.0140625 0.029166666666666667
1 0.16328125 0.30972222222222223 0.00859375 0.018055555555555554
1 0.1046875 0.33819444444444446 0.01875 0.02638888888888889
1 0.174609375 0.45069444444444445 0.03359375 0.05694444444444444
1 0.201171875 0.42291666666666666 0.01796875 0.04722222222222222
1 0.242578125 0.45555555555555555 0.02421875 0.05138888888888889
1 0.224609375 0.5083333333333333 0.01328125 0.02638888888888889
1 0.2578125 0.5451388888888888 0.04609375 0.09861111111111111
1 0.1953125 0.5111111111111111 0.015625 0.027777777777777776
1 0.2640625 0.6104166666666667 0.015625 0.03333333333333333
1 0.201171875 0.7743055555555556 0.01484375 0.03333333333333333
1 0.233203125 0.7291666666666666 0.0234375 0.041666666666666664
1 0.2625 0.7326388888888888 0.01796875 0.041666666666666664
1 0.228125 0.8291666666666667 0.02734375 0.05138888888888889
1 0.216015625 0.8819444444444444 0.03671875 0.06805555555555555
1 0.190625 0.8958333333333334 0.00859375 0.02361111111111111
1 0.2125 0.9402777777777778 0.00859375 0.022222222222222223
1 0.234375 0.9444444444444444 0.028125 0.04861111111111111
1 0.266796875 0.9638888888888889 0.0140625 0.025
1 0.264453125 0.9055555555555556 0.0140625 0.041666666666666664
1 0.29375 0.89375 0.03984375 0.07083333333333333
0 0.65234375 0.07222222222222222 0.03984375 0.14444444444444443
0 0.676953125 0.14166666666666666 0.11328125 0.2833333333333333
0 0.669921875 0.4305555555555556 0.140625 0.1375
0 0.66796875 0.6736111111111112 0.1125 0.09861111111111111
0 0.744140625 0.9097222222222222 0.27265625 0.18055555555555555
0 0.18359375 0.9402777777777778 0.040625 0.11944444444444445
0 0.128125 0.8270833333333333 0.08984375 0.3458333333333333
0 0.08984375 0.6722222222222223 0.1796875 0.37222222222222223
0 0.121484375 0.3548611111111111 0.18046875 0.32916666666666666
0 0.12265625 0.23958333333333334 0.18125 0.2388888888888889
0 0.16875 0.08888888888888889 0.08671875 0.17777777777777778
1 0.288671875 0.8368055555555556 0.0109375 0.022222222222222223
1 0.158984375 0.7951388888888888 0.00859375 0.02361111111111111
1 0.161328125 0.7076388888888889 0.02265625 0.03888888888888889
1 0.184765625 0.7041666666666667 0.0125 0.04027777777777778
1 0.1515625 0.64375 0.0109375 0.015277777777777777
1 0.12578125 0.5756944444444444 0.015625 0.03611111111111111
1 0.1484375 0.5041666666666667 0.01640625 0.03194444444444444
1 0.08046875 0.525 0.01640625 0.03888888888888889
1 0.405078125 0.15416666666666667 0.02109375 0.02638888888888889
1 0.613671875 0.1361111111111111 0.03046875 0.059722222222222225
1 0.679296875 0.20416666666666666 0.02421875 0.05416666666666667
1 0.624609375 0.23472222222222222 0.01640625 0.034722222222222224
1 0.6078125 0.36319444444444443 0.0359375 0.06944444444444445
1 0.591796875 0.42083333333333334 0.05234375 0.059722222222222225
1 0.673828125 0.3590277777777778 0.01171875 0.027777777777777776
1 0.730859375 0.33819444444444446 0.0265625 0.041666666666666664
1 0.801171875 0.3645833333333333 0.04140625 0.08194444444444444
1 0.9 0.9868055555555556 0.01953125 0.02638888888888889
1 0.9359375 0.9416666666666667 0.0109375 0.025
1 0.947265625 0.9215277777777777 0.0171875 0.027777777777777776
1 0.972265625 0.85625 0.01875 0.02638888888888889
1 0.9703125 0.7854166666666667 0.0203125 0.0375
1 0.9140625 0.7479166666666667 0.0125 0.022222222222222223
1 0.945703125 0.6805555555555556 0.0265625 0.04583333333333333
1 0.917578125 0.65 0.01171875 0.019444444444444445
1 0.9546875 0.5923611111111111 0.02109375 0.02638888888888889
1 0.99296875 0.2625 0.0140625 0.022222222222222223
1 0.960546875 0.1527777777777778 0.01171875 0.022222222222222223
1 0.926953125 0.10416666666666667 0.02265625 0.05
1 0.94609375 0.034027777777777775 0.0125 0.02361111111111111
1 0.971484375 0.04097222222222222 0.01640625 0.025
1 0.8015625 0.022222222222222223 0.05390625 0.044444444444444446
1 0.764453125 0.008333333333333333 0.00859375 0.016666666666666666
1 0.682421875 0.002777777777777778 0.0078125 0.005555555555555556
1 0.3859375 0.5277777777777778 0.009375 0.02361111111111111
1 0.565625 0.5486111111111112 0.01640625 0.03194444444444444
1 0.570703125 0.5902777777777778 0.0203125 0.025
1 0.54765625 0.5777777777777777 0.0109375 0.022222222222222223
1 0.643359375 0.6152777777777778 0.03359375 0.058333333333333334
1 0.834375 0.5847222222222223 0.02109375 0.03611111111111111
1 0.863671875 0.5520833333333334 0.0125 0.022222222222222223
1 0.951953125 0.4305555555555556 0.01953125 0.025
1 0.948046875 0.48333333333333334 0.015625 0.029166666666666667
1 0.898046875 0.3923611111111111 0.01640625 0.02638888888888889
1 0.955859375 0.3402777777777778 0.015625 0.04027777777777778
1 0.927734375 0.34444444444444444 0.0125 0.013888888888888888
1 0.914453125 0.26458333333333334 0.0140625 0.029166666666666667
1 0.890234375 0.2076388888888889 0.0109375 0.027777777777777776
1 0.8796875 0.29444444444444445 0.02578125 0.05138888888888889
1 0.83515625 0.21736111111111112 0.040625 0.05694444444444444
1 0.836328125 0.27152777777777776 0.01328125 0.027777777777777776
1 0.6734375 0.6111111111111112 0.0140625 0.030555555555555555
1 0.611328125 0.70625 0.03359375 0.05555555555555555
1 0.7015625 0.7291666666666666 0.02421875 0.04722222222222222
1 0.71328125 0.7881944444444444 0.01953125 0.05138888888888889
1 0.773046875 0.8243055555555555 0.0140625 0.019444444444444445
1 0.677734375 0.7743055555555556 0.04765625 0.05416666666666667
1 0.609375 0.9645833333333333 0.01953125 0.05138888888888889
1 0.62734375 0.8902777777777777 0.01328125 0.013888888888888888
1 0.801953125 0.6756944444444445 0.01171875 0.018055555555555554
1 0.29765625 0.7680555555555556 0.01015625 0.013888888888888888
1 0.1375 0.8451388888888889 0.01875 0.020833333333333332
1 0.119140625 0.1763888888888889 0.01015625 0.019444444444444445
1 0.740234375 0.2763888888888889 0.00546875 0.008333333333333333
1 0.84609375 0.6569444444444444 0.02109375 0.04722222222222222
1 0.808203125 0.8388888888888889 0.05234375 0.10555555555555556
1 0.706640625 0.8673611111111111 0.021875 0.025
1 0.725390625 0.8868055555555555 0.02421875 0.029166666666666667
1 0.151171875 0.9618055555555556 0.0125 0.018055555555555554
1 0.690234375 0.4986111111111111 0.0125 0.025
1 0.736328125 0.9777777777777777 0.02265625 0.044444444444444446
1 0.685546875 0.9847222222222223 0.01328125 0.02638888888888889
1 0.795703125 0.9888888888888889 0.01328125 0.022222222222222223
1 0.87421875 0.94375 0.01328125 0.02638888888888889