1 0.631640625 0.5694444444444444 0.02265625 0.05555555555555555
1 0.519921875 0.5597222222222222 0.0125 0.034722222222222224
1 0.533984375 0.5159722222222223 0.01953125 0.05277777777777778
1 0.578515625 0.5548611111111111 0.01171875 0.027777777777777776
1 0.588671875 0.6083333333333333 0.021875 0.06805555555555555
1 0.5953125 0.7034722222222223 0.03046875 0.0625
1 0.668359375 0.7548611111111111 0.0515625 0.075
1 0.6359375 0.8777777777777778 0.02109375 0.04861111111111111
1 0.584765625 0.8416666666666667 0.0453125 0.06805555555555555
1 0.4796875 0.9701388888888889 0.03046875 0.05555555555555555
1 0.485546875 0.8145833333333333 0.02734375 0.04583333333333333
1 0.273046875 0.6340277777777777 0.01328125 0.019444444444444445
1 0.309765625 0.6993055555555555 0.02265625 0.02638888888888889
1 0.067578125 0.9576388888888889 0.0203125 0.03333333333333333
1 0.26953125 0.9638888888888889 0.01015625 0.018055555555555554
1 0.2453125 0.9486111111111111 0.015625 0.044444444444444446
1 0.25078125 0.8861111111111111 0.0125 0.020833333333333332
1 0.41875 0.7659722222222223 0.0109375 0.027777777777777776
1 0.337890625 0.8229166666666666 0.01953125 0.07777777777777778
1 0.29765625 0.8513888888888889 0.0375 0.07361111111111111
1 0.10078125 0.8638888888888889 0.02734375 0.05277777777777778
1 0.056640625 0.8715277777777778 0.040625 0.07777777777777778
1 0.224609375 0.7555555555555555 0.0171875 0.02361111111111111
1 0.273828125 0.7347222222222223 0.01640625 0.027777777777777776
1 0.25234375 0.6604166666666667 0.02109375 0.03611111111111111
1 0.2078125 0.7222222222222222 0.03046875 0.05277777777777778
1 0.083984375 0.7819444444444444 0.03203125 0.06111111111111111
1 0.1078125 0.7 0.03046875 0.043055555555555555
1 0.009375 0.46875 0.01875 0.030555555555555555
1 0.056640625 0.4673611111111111 0.0375 0.043055555555555555
1 0.1703125 0.6152777777777778 0.01640625 0.02638888888888889
1 0.206640625 0.5736111111111111 0.02578125 0.05
1 0.225 0.4847222222222222 0.021875 0.05416666666666667
1 0.2984375 0.3923611111111111 0.0171875 0.041666666666666664
1 0.2984375 0.19791666666666666 0.01953125 0.043055555555555555
1 0.5125 0.03680555555555556 0.0171875 0.027777777777777776
1 0.38671875 0.07152777777777777 0.02265625 0.044444444444444446
1 0.2390625 0.06111111111111111 0.01484375 0.030555555555555555
1 0.206640625 0.009027777777777777 0.0109375 0.018055555555555554
1 0.20234375 0.12013888888888889 0.0265625 0.0763888888888889
1 0.22421875 0.2625 0.01484375 0.034722222222222224
1 0.133203125 0.38263888888888886 0.0640625 0.10694444444444444
1 0.086328125 0.3736111111111111 0.0640625 0.11666666666666667
1 0.122265625 0.30972222222222223 0.01796875 0.02638888888888889
1 0.090625 0.29791666666666666 0.00859375 0.018055555555555554
1 0.065625 0.30416666666666664 0.02734375 0.034722222222222224
1 0.023046875 0.28888888888888886 0.02578125 0.03888888888888889
1 0.148046875 0.20416666666666666 0.0515625 0.19444444444444445
1 0.105859375 0.16597222222222222 0.053125 0.0763888888888889
1 0.049609375 0.02847222222222222 0.0265625 0.05694444444444444
0 0.094921875 0.1388888888888889 0.18828125 0.2777777777777778
0 0.140625 0.5243055555555556 0.2296875 0.24305555555555555
0 0.126171875 0.8201388888888889 0.15546875 0.25972222222222224
0 0.145703125 0.9458333333333333 0.15390625 0.10833333333333334
0 0.65 0.9729166666666667 0.01640625 0.05277777777777778
0 0.67734375 0.8847222222222222 0.15078125 0.22083333333333333
0 0.64296875 0.5770833333333333 0.06015625 0.30833333333333335
0 0.644921875 0.38472222222222224 0.15625 0.10555555555555556
0 0.662890625 0.17222222222222222 0.16015625 0.21666666666666667
0 0.59765625 0.04375 0.103125 0.08472222222222223
1 0.640234375 0.5236111111111111 0.02109375 0.03333333333333333
1 0.735546875 0.5395833333333333 0.01484375 0.025
1 0.70703125 0.5826388888888889 0.0359375 0.06666666666666667
1 0.071484375 0.24444444444444444 0.0140625 0.03611111111111111
1 0.03359375 0.11944444444444445 0.01875 0.03194444444444444
1 0.25703125 0.3347222222222222 0.01171875 0.019444444444444445
1 0.52421875 0.8666666666666667 0.01640625 0.02361111111111111
1 0.616015625 0.47638888888888886 0.03984375 0.09722222222222222
1 0.667578125 0.4652777777777778 0.0265625 0.07083333333333333
1 0.412890625 0.07013888888888889 0.009375 0.022222222222222223
1 0.855859375 0.08125 0.01484375 0.016666666666666666
1 0.90546875 0.003472222222222222 0.00546875 0.006944444444444444
1 0.960546875 0.11875 0.01171875 0.020833333333333332
1 0.728125 0.46111111111111114 0.01015625 0.016666666666666666
1 0.619921875 0.7715277777777778 0.0109375 0.016666666666666666
1 0.604296875 0.9479166666666666 0.0125 0.029166666666666667
1 0.676953125 0.9277777777777778 0.021875 0.044444444444444446
1 0.70078125 0.9694444444444444 0.03359375 0.05277777777777778
1 0.7515625 0.9479166666666666 0.0109375 0.025
1 0.7359375 0.8319444444444445 0.0484375 0.09166666666666666
1 0.694921875 0.8541666666666666 0.01640625 0.029166666666666667
1 0.67734375 0.6131944444444445 0.01796875 0.029166666666666667
1 0.767578125 0.58125 0.01015625 0.018055555555555554
1 0.80546875 0.5729166666666666 0.02578125 0.04722222222222222
1 0.762890625 0.6229166666666667 0.0203125 0.029166666666666667
1 0.84765625 0.8354166666666667 0.0125 0.020833333333333332
1 0.798046875 0.7673611111111112 0.015625 0.020833333333333332
1 0.793359375 0.7291666666666666 0.01640625 0.025
1 0.773828125 0.9930555555555556 0.02421875 0.011111111111111112
1 0.840625 0.9756944444444444 0.03359375 0.04861111111111111
1 0.9171875 0.95625 0.01640625 0.025
1 0.972265625 0.9625 0.053125 0.075
1 0.976953125 0.8333333333333334 0.04609375 0.1597222222222222
1 0.9109375 0.8388888888888889 0.040625 0.08194444444444444
1 0.9375 0.7708333333333334 0.040625 0.09027777777777778
1 0.96171875 0.7173611111111111 0.01796875 0.02638888888888889
1 0.869140625 0.7013888888888888 0.0609375 0.1763888888888889
1 0.988671875 0.5090277777777777 0.02109375 0.05138888888888889
1 0.902734375 0.5291666666666667 0.06796875 0.12222222222222222
1 0.850390625 0.5201388888888889 0.02421875 0.03888888888888889
1 0.7515625 0.4951388888888889 0.0203125 0.044444444444444446
1 0.80625 0.46319444444444446 0.0296875 0.03888888888888889
1 0.7703125 0.4131944444444444 0.04140625 0.10972222222222222
1 0.676171875 0.34652777777777777 0.040625 0.08888888888888889
1 0.701953125 0.2763888888888889 0.02109375 0.025
1 0.736328125 0.32013888888888886 0.0265625 0.05694444444444444
1 0.753515625 0.25763888888888886 0.034375 0.07222222222222222
1 0.8875 0.3784722222222222 0.01953125 0.03333333333333333
1 0.87109375 0.39861111111111114 0.01875 0.034722222222222224
1 0.986328125 0.41597222222222224 0.02734375 0.044444444444444446
1 0.96328125 0.38125 0.01796875 0.0375
1 0.983984375 0.35138888888888886 0.02265625 0.0375
1 0.92109375 0.33055555555555555 0.0203125 0.041666666666666664
1 0.83515625 0.2875 0.0765625 0.18194444444444444
1 0.876953125 0.21388888888888888 0.01640625 0.03611111111111111
1 0.98515625 0.23958333333333334 0.01875 0.025
1 0.950390625 0.2263888888888889 0.04140625 0.04861111111111111
1 0.90078125 0.2222222222222222 0.0203125 0.04722222222222222
1 0.85625 0.19791666666666666 0.02109375 0.0375
1 0.825 0.19722222222222222 0.01640625 0.02361111111111111
1 0.9921875 0.14166666666666666 0.015625 0.04722222222222222
1 0.8203125 0.1451388888888889 0.02421875 0.034722222222222224
1 0.891796875 0.13333333333333333 0.03515625 0.058333333333333334
1 0.9203125 0.09583333333333334 0.01015625 0.019444444444444445
1 0.93515625 0.06875 0.021875 0.041666666666666664
1 0.802734375 0.09583333333333334 0.01875 0.043055555555555555
1 0.884765625 0.07013888888888889 0.0265625 0.05138888888888889
1 0.852734375 0.025694444444444443 0.01875 0.04861111111111111
1 0.811328125 0.019444444444444445 0.02265625 0.03888888888888889
1 0.759765625 0.06666666666666667 0.0390625 0.05416666666666667
1 0.66875 0.18819444444444444 0.0375 0.0625
1 0.605859375 0.11180555555555556 0.01328125 0.022222222222222223
1 0.622265625 0.07777777777777778 0.028125 0.05277777777777778
1 0.646484375 0.20902777777777778 0.0171875 0.025
1 0.594921875 0.2777777777777778 0.07734375 0.0875
1 0.569140625 0.4048611111111111 0.0109375 0.016666666666666666
1 0.514453125 0.31527777777777777 0.0140625 0.03611111111111111
1 0.548046875 0.42986111111111114 0.0265625 0.044444444444444446
1 0.44765625 0.4083333333333333 0.01640625 0.03611111111111111
1 0.490234375 0.65625 0.00703125 0.0125
1 0.49296875 0.7069444444444445 0.0078125 0.020833333333333332