1 0.5828125 0.06666666666666667 0.0375 0.03958333333333333
0 0.3828125 0.08229166666666667 0.3265625 0.1625
0 0.53671875 0.4427083333333333 0.253125 0.5291666666666667
0 0.50625 0.55 0.378125 0.28541666666666665
0 0.5234375 0.884375 0.4484375 0.23125
1 0.2140625 0.8145833333333333 0.0265625 0.03333333333333333
1 0.190625 0.66875 0.021875 0.0375
1 0.2125 0.7916666666666666 0.01875 0.0125
1 0.5984375 0.9697916666666667 0.059375 0.058333333333333334
1 0.734375 0.7541666666666667 0.0296875 0.029166666666666667
1 0.71640625 0.7864583333333334 0.0375 0.03958333333333333
1 0.728125 0.8489583333333334 0.01875 0.029166666666666667
1 0.95390625 0.5614583333333333 0.0546875 0.08333333333333333
1 0.6890625 0.33958333333333335 0.05 0.052083333333333336
1 0.98828125 0.32916666666666666 0.0234375 0.04375
1 0.7671875 0.04583333333333333 0.0375 0.05416666666666667
1 0.72890625 0.021875 0.01875 0.01875
1 0.890625 0.15104166666666666 0.046875 0.052083333333333336
1 0.8546875 0.23541666666666666 0.01875 0.0375
1 0.2796875 0.371875 0.0234375 0.0375
1 0.28671875 0.5260416666666666 0.0515625 0.08541666666666667
1 0.02890625 0.25416666666666665 0.0234375 0.027083333333333334
1 0.09453125 0.2989583333333333 0.0203125 0.025
1 0.153125 0.178125 0.0203125 0.04375
1 0.3875 0.25625 0.0609375 0.05
1 0.9296875 0.48125 0.021875 0.035416666666666666
1 0.8390625 0.42916666666666664 0.0234375 0.04375
1 0.9796875 0.284375 0.015625 0.020833333333333332