1 0.94453125 0.19166666666666668 0.034375 0.04583333333333333
1 0.89765625 0.13645833333333332 0.0484375 0.06041666666666667
1 0.89140625 0.059375 0.0203125 0.03125
1 0.49140625 0.28229166666666666 0.021875 0.020833333333333332
1 0.02421875 0.6875 0.025 0.03125
0 0.3328125 0.515625 0.2453125 0.5020833333333333
0 0.36953125 0.7979166666666667 0.19375 0.4041666666666667
0 0.415625 0.9270833333333334 0.184375 0.14583333333333334
1 0.0328125 0.05416666666666667 0.0234375 0.041666666666666664
1 0.071875 0.058333333333333334 0.0453125 0.04583333333333333
1 0.2796875 0.027083333333333334 0.0375 0.05416666666666667
1 0.35859375 0.03958333333333333 0.0640625 0.07916666666666666
1 0.215625 0.16979166666666667 0.0390625 0.04583333333333333
1 0.42109375 0.16875 0.0375 0.04791666666666667
1 0.40390625 0.21979166666666666 0.0328125 0.03125
1 0.5 0.18125 0.040625 0.058333333333333334
1 0.52734375 0.07708333333333334 0.1546875 0.13541666666666666
1 0.6328125 0.10520833333333333 0.0359375 0.0625
1 0.66953125 0.010416666666666666 0.009375 0.020833333333333332
1 0.10234375 0.24895833333333334 0.034375 0.035416666666666666
1 0.1328125 0.19479166666666667 0.0140625 0.022916666666666665
1 0.0421875 0.290625 0.0296875 0.05
1 0.18046875 0.36041666666666666 0.0703125 0.075
1 0.21171875 0.41041666666666665 0.0203125 0.025
1 0.28515625 0.34479166666666666 0.0359375 0.0375
1 0.46484375 0.315625 0.0375 0.058333333333333334
1 0.6109375 0.3072916666666667 0.0296875 0.03958333333333333
1 0.6453125 0.2604166666666667 0.0171875 0.025
1 0.7078125 0.26979166666666665 0.0265625 0.03333333333333333
1 0.71171875 0.334375 0.01875 0.035416666666666666
1 0.5109375 0.4239583333333333 0.046875 0.06458333333333334
1 0.425 0.36770833333333336 0.0421875 0.07291666666666667
1 0.14453125 0.4552083333333333 0.0578125 0.06666666666666667
1 0.08828125 0.5 0.05625 0.07291666666666667
1 0.1546875 0.5395833333333333 0.0421875 0.05
1 0.2375 0.5354166666666667 0.053125 0.08541666666666667
1 0.20390625 0.58125 0.025 0.027083333333333334
1 0.33046875 0.4395833333333333 0.01875 0.022916666666666665
1 0.45625 0.51875 0.01875 0.03333333333333333
1 0.371875 0.5114583333333333 0.01875 0.03333333333333333
1 0.30078125 0.628125 0.0140625 0.020833333333333332
1 0.35859375 0.6677083333333333 0.05 0.07291666666666667
1 0.1671875 0.759375 0.06875 0.10833333333333334
1 0.15703125 0.6635416666666667 0.021875 0.027083333333333334
1 0.22890625 0.7791666666666667 0.0296875 0.025
1 0.29296875 0.8072916666666666 0.05625 0.1125
1 0.36875 0.8229166666666666 0.0296875 0.0375
1 0.37109375 0.7791666666666667 0.0265625 0.03958333333333333
1 0.1453125 0.8645833333333334 0.0421875 0.07916666666666666
1 0.234375 0.8770833333333333 0.025 0.01875
1 0.21015625 0.9677083333333333 0.040625 0.041666666666666664
1 0.24921875 0.9864583333333333 0.0359375 0.027083333333333334
1 0.090625 0.959375 0.01875 0.025
1 0.43515625 0.934375 0.0328125 0.041666666666666664
1 0.41484375 0.9208333333333333 0.0109375 0.016666666666666666
1 0.4796875 0.9635416666666666 0.0359375 0.03958333333333333
1 0.5578125 0.9083333333333333 0.01875 0.03958333333333333
1 0.5546875 0.7875 0.0921875 0.1375
1 0.63984375 0.890625 0.153125 0.15
1 0.75 0.7354166666666667 0.015625 0.022916666666666665
1 0.7421875 0.7625 0.021875 0.025
1 0.84609375 0.7979166666666667 0.0171875 0.025
1 0.77890625 0.7770833333333333 0.009375 0.014583333333333334
1 0.77890625 0.9364583333333333 0.040625 0.041666666666666664
1 0.8375 0.9729166666666667 0.021875 0.016666666666666666
1 0.7546875 0.9791666666666666 0.0109375 0.020833333333333332
1 0.6484375 0.9927083333333333 0.0140625 0.014583333333333334
1 0.5703125 0.9927083333333333 0.025 0.014583333333333334
1 0.9421875 0.9479166666666666 0.115625 0.10416666666666667
1 0.99375 0.8958333333333334 0.0125 0.03125
1 0.990625 0.7052083333333333 0.01875 0.035416666666666666
1 0.91171875 0.63125 0.109375 0.16041666666666668
1 0.98203125 0.60625 0.028125 0.041666666666666664
1 0.9640625 0.525 0.0203125 0.022916666666666665
1 0.815625 0.6625 0.01875 0.025
1 0.7109375 0.515625 0.0203125 0.022916666666666665
1 0.7171875 0.46458333333333335 0.0140625 0.01875
1 0.76328125 0.459375 0.025 0.03958333333333333
1 0.67421875 0.46875 0.0375 0.04375
1 0.65234375 0.5354166666666667 0.01875 0.020833333333333332
1 0.61015625 0.5572916666666666 0.0234375 0.020833333333333332
1 0.534375 0.50625 0.040625 0.06458333333333334
1 0.76015625 0.37395833333333334 0.05 0.0875
1 0.8296875 0.3489583333333333 0.103125 0.08333333333333333
1 0.940625 0.340625 0.01875 0.025
1 0.92734375 0.2677083333333333 0.0125 0.022916666666666665
1 0.99296875 0.24375 0.0140625 0.025
1 0.859375 0.16354166666666667 0.0171875 0.020833333333333332