1 0.42265625 0.02361111111111111 0.01875 0.04722222222222222
1 0.41484375 0.05347222222222222 0.0203125 0.020833333333333332
1 0.396875 0.03263888888888889 0.01796875 0.025
1 0.37890625 0.01875 0.01796875 0.03194444444444444
1 0.347265625 0.03194444444444444 0.00859375 0.015277777777777777
1 0.297265625 0.027083333333333334 0.0171875 0.0375
1 0.214453125 0.01597222222222222 0.0296875 0.03194444444444444
1 0.14375 0.029861111111111113 0.01328125 0.018055555555555554
1 0.037890625 0.23194444444444445 0.01015625 0.018055555555555554
1 0.06875 0.19166666666666668 0.01640625 0.020833333333333332
1 0.053515625 0.14375 0.01796875 0.027777777777777776
1 0.03359375 0.10208333333333333 0.01328125 0.019444444444444445
1 0.99609375 0.7284722222222222 0.0078125 0.02361111111111111
1 0.926953125 0.3923611111111111 0.02421875 0.03888888888888889
1 0.980859375 0.3076388888888889 0.025 0.041666666666666664
1 0.9765625 0.01875 0.01171875 0.025
1 0.901953125 0.1638888888888889 0.01328125 0.025
1 0.878125 0.10625 0.01171875 0.02638888888888889
1 0.83125 0.13055555555555556 0.025 0.03333333333333333
1 0.928125 0.2826388888888889 0.02421875 0.0625
1 0.88203125 0.2361111111111111 0.021875 0.03333333333333333
1 0.86171875 0.27708333333333335 0.0171875 0.02638888888888889
1 0.1421875 0.05486111111111111 0.01171875 0.02361111111111111
1 0.819921875 0.44166666666666665 0.01328125 0.020833333333333332
1 0.86484375 0.39166666666666666 0.04375 0.06388888888888888
1 0.84453125 0.2513888888888889 0.01328125 0.03333333333333333
1 0.94140625 0.4979166666666667 0.01796875 0.029166666666666667
1 0.83125 0.3423611111111111 0.0125 0.025
1 0.86328125 0.34097222222222223 0.02421875 0.03611111111111111
1 0.90546875 0.7944444444444444 0.00703125 0.009722222222222222
1 0.223046875 0.2048611111111111 0.02421875 0.03611111111111111
1 0.209765625 0.28888888888888886 0.06875 0.07083333333333333
1 0.425 0.12361111111111112 0.0390625 0.09305555555555556
1 0.996484375 0.3951388888888889 0.00703125 0.03333333333333333
1 0.223046875 0.6541666666666667 0.0125 0.030555555555555555
0 0.115234375 0.8840277777777777 0.14765625 0.23194444444444445
1 0.762109375 0.10555555555555556 0.0109375 0.013888888888888888
1 0.536328125 0.5583333333333333 0.05625 0.07777777777777778
1 0.638671875 0.5145833333333333 0.021875 0.027777777777777776
1 0.716796875 0.6409722222222223 0.01796875 0.027777777777777776
1 0.508984375 0.8840277777777777 0.0453125 0.075
1 0.398046875 0.9743055555555555 0.02109375 0.05138888888888889
1 0.5546875 0.8368055555555556 0.04921875 0.10416666666666667
1 0.983984375 0.8416666666666667 0.01875 0.027777777777777776
1 0.8984375 0.6131944444444445 0.0375 0.05694444444444444
1 0.900390625 0.4895833333333333 0.0171875 0.05
1 0.50703125 0.37430555555555556 0.0265625 0.08055555555555556
1 0.46484375 0.29930555555555555 0.0546875 0.15833333333333333
1 0.5921875 0.1986111111111111 0.03515625 0.04583333333333333
1 0.53984375 0.21458333333333332 0.03984375 0.059722222222222225
1 0.59296875 0.1284722222222222 0.009375 0.03333333333333333
1 0.56640625 0.1451388888888889 0.03359375 0.075
1 0.514453125 0.11041666666666666 0.0359375 0.07222222222222222
1 0.539453125 0.06111111111111111 0.03046875 0.07916666666666666
1 0.501171875 0.03333333333333333 0.04609375 0.06666666666666667
1 0.716015625 0.06597222222222222 0.01953125 0.04583333333333333
1 0.683203125 0.12291666666666666 0.059375 0.07361111111111111
1 0.648828125 0.22569444444444445 0.01640625 0.022222222222222223
1 0.72109375 0.22430555555555556 0.05703125 0.09166666666666666
1 0.765625 0.32222222222222224 0.01953125 0.027777777777777776
1 0.75859375 0.26319444444444445 0.01875 0.027777777777777776
1 0.74375 0.37916666666666665 0.015625 0.034722222222222224
1 0.642578125 0.33541666666666664 0.02109375 0.05277777777777778
1 0.591015625 0.38819444444444445 0.0296875 0.11666666666666667
1 0.553515625 0.3909722222222222 0.0453125 0.08333333333333333
1 0.49765625 0.4909722222222222 0.0109375 0.022222222222222223
1 0.483984375 0.4479166666666667 0.04140625 0.06388888888888888
1 0.49765625 0.5319444444444444 0.01953125 0.029166666666666667
1 0.373828125 0.48055555555555557 0.04921875 0.09583333333333334
1 0.320703125 0.5006944444444444 0.01640625 0.02638888888888889
1 0.220703125 0.42083333333333334 0.02109375 0.04722222222222222
1 0.25546875 0.47291666666666665 0.04453125 0.10555555555555556
1 0.224609375 0.48333333333333334 0.02109375 0.041666666666666664
1 0.191015625 0.4798611111111111 0.0234375 0.04861111111111111
1 0.23203125 0.6020833333333333 0.040625 0.04583333333333333
1 0.1875 0.7770833333333333 0.0234375 0.04583333333333333
1 0.15859375 0.7527777777777778 0.021875 0.03333333333333333
1 0.18515625 0.9388888888888889 0.01484375 0.03333333333333333
1 0.181640625 0.8527777777777777 0.0109375 0.022222222222222223
1 0.2484375 0.8145833333333333 0.015625 0.03333333333333333
0 0.13203125 0.4618055555555556 0.2640625 0.2708333333333333
0 0.109765625 0.29791666666666666 0.11171875 0.09166666666666666
0 0.634375 0.29305555555555557 0.240625 0.1625
0 0.6296875 0.15902777777777777 0.1078125 0.31805555555555554
0 0.58671875 0.50625 0.17421875 0.12777777777777777
0 0.57421875 0.7541666666666667 0.2484375 0.36527777777777776
1 0.415234375 0.5840277777777778 0.0109375 0.03194444444444444
0 0.109765625 0.73125 0.140625 0.12777777777777777
0 0.64296875 0.9256944444444445 0.02734375 0.1486111111111111
0 0.624609375 0.8777777777777778 0.05703125 0.24444444444444444
1 0.116015625 0.8347222222222223 0.025 0.043055555555555555
1 0.233984375 0.8506944444444444 0.02421875 0.05416666666666667
1 0.112890625 0.5972222222222222 0.0140625 0.034722222222222224
1 0.467578125 0.5104166666666666 0.01796875 0.030555555555555555
1 0.522265625 0.4618055555555556 0.034375 0.10277777777777777
1 0.673828125 0.42430555555555555 0.06171875 0.09166666666666666
1 0.708203125 0.007638888888888889 0.0109375 0.015277777777777777
1 0.564453125 0.013194444444444444 0.015625 0.02638888888888889
1 0.965234375 0.5541666666666667 0.02265625 0.04027777777777778
1 0.991796875 0.6611111111111111 0.0125 0.022222222222222223
1 0.968359375 0.6479166666666667 0.01484375 0.02638888888888889
1 0.8703125 0.6409722222222223 0.03203125 0.05416666666666667
1 0.85 0.6680555555555555 0.02421875 0.041666666666666664
1 0.96484375 0.8548611111111111 0.00625 0.0125
1 0.910546875 0.9333333333333333 0.01953125 0.043055555555555555
1 0.783203125 0.8333333333333334 0.01953125 0.04583333333333333
1 0.8515625 0.8715277777777778 0.04296875 0.03888888888888889
1 0.82421875 0.8430555555555556 0.015625 0.02361111111111111
1 0.785546875 0.9729166666666667 0.009375 0.018055555555555554
1 0.723828125 0.9826388888888888 0.0265625 0.034722222222222224
1 0.730078125 0.9020833333333333 0.0328125 0.06805555555555555
1 0.44765625 0.7888888888888889 0.01328125 0.027777777777777776
1 0.415234375 0.8083333333333333 0.00859375 0.022222222222222223
1 0.361328125 0.9020833333333333 0.0078125 0.016666666666666666
1 0.483984375 0.9854166666666667 0.03046875 0.029166666666666667
1 0.536328125 0.9291666666666667 0.01640625 0.034722222222222224
1 0.48046875 0.9208333333333333 0.0546875 0.08333333333333333
1 0.476953125 0.8381944444444445 0.025 0.058333333333333334
1 0.573046875 0.9548611111111112 0.01875 0.027777777777777776
1 0.673046875 0.9506944444444444 0.0328125 0.09861111111111111
1 0.660546875 0.8305555555555556 0.015625 0.030555555555555555
1 0.686328125 0.7909722222222222 0.0265625 0.06666666666666667
1 0.692578125 0.7361111111111112 0.0203125 0.03888888888888889
1 0.739453125 0.7020833333333333 0.0203125 0.029166666666666667
1 0.78046875 0.6131944444444445 0.0234375 0.03333333333333333
1 0.746875 0.5 0.01796875 0.018055555555555554
1 0.63203125 0.5576388888888889 0.01875 0.027777777777777776
1 0.63984375 0.6173611111111111 0.02265625 0.05555555555555555
1 0.630078125 0.5819444444444445 0.01484375 0.016666666666666666
1 0.54140625 0.6833333333333333 0.04140625 0.0625
1 0.35859375 0.3034722222222222 0.01015625 0.020833333333333332
1 0.3921875 0.3111111111111111 0.009375 0.025
1 0.535546875 0.2951388888888889 0.05703125 0.07222222222222222
1 0.402734375 0.6930555555555555 0.03515625 0.06805555555555555
1 0.43671875 0.4111111111111111 0.021875 0.04583333333333333
1 0.41796875 0.34930555555555554 0.01484375 0.029166666666666667
1 0.473828125 0.6847222222222222 0.065625 0.11944444444444445