0 0.701953125 0.48125 0.315625 0.2611111111111111
1 0.369921875 0.4652777777777778 0.015625 0.03611111111111111
0 0.14609375 0.175 0.221875 0.13472222222222222
0 0.12578125 0.4027777777777778 0.24609375 0.1625
0 0.1515625 0.6416666666666667 0.08984375 0.42777777777777776
0 0.182421875 0.76875 0.12421875 0.10138888888888889
0 0.183984375 0.9486111111111111 0.0515625 0.10277777777777777
0 0.598046875 0.14097222222222222 0.1515625 0.28194444444444444
0 0.609765625 0.24097222222222223 0.2015625 0.26666666666666666
1 0.504296875 0.5354166666666667 0.034375 0.07361111111111111
1 0.390625 0.5 0.02265625 0.03888888888888889
1 0.296484375 0.5111111111111111 0.01015625 0.02638888888888889
1 0.200390625 0.39791666666666664 0.0234375 0.03333333333333333
1 0.24921875 0.4444444444444444 0.01328125 0.02638888888888889
1 0.234375 0.40694444444444444 0.01875 0.027777777777777776
1 0.2984375 0.34652777777777777 0.021875 0.04722222222222222
1 0.3515625 0.3236111111111111 0.03984375 0.0763888888888889
1 0.398046875 0.34930555555555554 0.0109375 0.018055555555555554
1 0.48125 0.23402777777777778 0.01953125 0.03194444444444444
1 0.537109375 0.03333333333333333 0.01484375 0.044444444444444446
1 0.469921875 0.04791666666666667 0.01875 0.03611111111111111
1 0.409765625 0.08611111111111111 0.015625 0.043055555555555555
1 0.387890625 0.043055555555555555 0.0234375 0.03888888888888889
1 0.28125 0.14305555555555555 0.0171875 0.029166666666666667
0 0.646875 0.9305555555555556 0.0859375 0.13194444444444445
1 0.101171875 0.9902777777777778 0.03046875 0.019444444444444445
1 0.10859375 0.8541666666666666 0.02109375 0.02638888888888889
1 0.06171875 0.8604166666666667 0.02109375 0.034722222222222224
1 0.252734375 0.7333333333333333 0.021875 0.03888888888888889
1 0.259765625 0.8847222222222222 0.02421875 0.03611111111111111
0 0.637109375 0.7527777777777778 0.2265625 0.12222222222222222
1 0.396875 0.8569444444444444 0.01484375 0.03333333333333333
1 0.551953125 0.9041666666666667 0.00703125 0.009722222222222222
1 0.54765625 0.9638888888888889 0.0109375 0.03194444444444444
1 0.46796875 0.9930555555555556 0.01640625 0.013888888888888888
1 0.48828125 0.8986111111111111 0.00625 0.015277777777777777
1 0.59296875 0.9333333333333333 0.0140625 0.041666666666666664
1 0.719921875 0.9534722222222223 0.01640625 0.05277777777777778
1 0.753125 0.7805555555555556 0.01796875 0.029166666666666667
1 0.855078125 0.7506944444444444 0.0234375 0.0375
1 0.85703125 0.4875 0.01640625 0.0375
1 0.976171875 0.2625 0.0109375 0.0125
1 0.926953125 0.38333333333333336 0.01328125 0.019444444444444445
1 0.987109375 0.15208333333333332 0.02578125 0.05277777777777778
1 0.921875 0.025694444444444443 0.01875 0.016666666666666666
1 0.815625 0.2986111111111111 0.028125 0.04861111111111111
1 0.810546875 0.11666666666666667 0.02578125 0.030555555555555555
1 0.878125 0.009722222222222222 0.025 0.019444444444444445
1 0.857421875 0.15625 0.01953125 0.04861111111111111
1 0.753125 0.1673611111111111 0.01640625 0.044444444444444446
1 0.73203125 0.0875 0.028125 0.0375
1 0.175 0.30625 0.01875 0.03611111111111111
1 0.20390625 0.16875 0.00859375 0.0125
1 0.190625 0.18125 0.009375 0.019444444444444445
1 0.574609375 0.29791666666666666 0.02109375 0.03611111111111111
1 0.409765625 0.7027777777777777 0.01484375 0.020833333333333332
1 0.330078125 0.68125 0.01171875 0.015277777777777777
1 0.672265625 0.6541666666666667 0.0265625 0.06944444444444445
1 0.593359375 0.7347222222222223 0.0234375 0.04861111111111111
1 0.4703125 0.7006944444444444 0.03046875 0.05138888888888889