1 0.58046875 0.6927083333333334 0.0171875 0.020833333333333332
1 0.621875 0.475 0.009375 0.025
1 0.48046875 0.240625 0.0140625 0.022916666666666665
1 0.59375 0.29375 0.0171875 0.020833333333333332
1 0.73125 0.33125 0.0390625 0.0375
1 0.54765625 0.4583333333333333 0.021875 0.020833333333333332
1 0.2859375 0.25416666666666665 0.028125 0.035416666666666666
1 0.24296875 0.34270833333333334 0.0203125 0.022916666666666665
1 0.35 0.4875 0.0265625 0.025
1 0.7625 0.5072916666666667 0.028125 0.022916666666666665
1 0.78359375 0.5458333333333333 0.0171875 0.029166666666666667
1 0.81953125 0.6979166666666666 0.0421875 0.025
1 0.6765625 0.9177083333333333 0.0296875 0.0375
1 0.26015625 0.9958333333333333 0.015625 0.008333333333333333
1 0.54375 0.140625 0.0171875 0.020833333333333332
1 0.571875 0.11875 0.03125 0.035416666666666666
1 0.70703125 0.7572916666666667 0.015625 0.01875
1 0.4515625 0.6885416666666667 0.025 0.020833333333333332
0 0.509375 0.8833333333333333 0.184375 0.16875
0 0.490625 0.1125 0.1375 0.225
0 0.51796875 0.31875 0.1640625 0.15208333333333332
0 0.471875 0.6125 0.2296875 0.25833333333333336