1 0.2671875 0.21041666666666667 0.0421875 0.06458333333333334
1 0.32890625 0.21354166666666666 0.028125 0.03958333333333333
1 0.42890625 0.2760416666666667 0.0078125 0.0125
1 0.46953125 0.378125 0.1046875 0.12291666666666666
1 0.5109375 0.2625 0.06875 0.06041666666666667
1 0.553125 0.34270833333333334 0.0734375 0.07916666666666666
1 0.39296875 0.45729166666666665 0.0875 0.12291666666666666
1 0.2796875 0.5666666666666667 0.0703125 0.09583333333333334
1 0.33671875 0.5072916666666667 0.0265625 0.03958333333333333
1 0.30546875 0.5 0.0359375 0.04791666666666667
1 0.23984375 0.5395833333333333 0.0171875 0.022916666666666665
1 0.2375 0.6510416666666666 0.0234375 0.029166666666666667
1 0.19375 0.696875 0.040625 0.075
0 0.4640625 0.06145833333333333 0.2734375 0.12291666666666666
0 0.48828125 0.8239583333333333 0.315625 0.125
1 0.18046875 0.18333333333333332 0.015625 0.020833333333333332
1 0.22421875 0.022916666666666665 0.015625 0.020833333333333332
1 0.27421875 0.15520833333333334 0.025 0.035416666666666666
1 0.31875 0.03229166666666667 0.021875 0.022916666666666665
1 0.3390625 0.06875 0.0109375 0.014583333333333334
1 0.36484375 0.12916666666666668 0.021875 0.03333333333333333
1 0.3859375 0.121875 0.0203125 0.016666666666666666
1 0.42890625 0.10729166666666666 0.0234375 0.041666666666666664
1 0.48359375 0.11770833333333333 0.0171875 0.020833333333333332
1 0.490625 0.09479166666666666 0.021875 0.022916666666666665
1 0.3828125 0.05520833333333333 0.0296875 0.03333333333333333
1 0.39921875 0.013541666666666667 0.03125 0.027083333333333334
1 0.49296875 0.17604166666666668 0.0609375 0.07291666666666667
1 0.5734375 0.16875 0.025 0.03125
1 0.603125 0.13333333333333333 0.0328125 0.03958333333333333
1 0.65859375 0.022916666666666665 0.0296875 0.03125
1 0.65625 0.057291666666666664 0.0265625 0.025
1 0.69375 0.03854166666666667 0.01875 0.020833333333333332
1 0.68671875 0.07916666666666666 0.0265625 0.035416666666666666
1 0.62265625 0.203125 0.0484375 0.06875
1 0.6515625 0.11666666666666667 0.065625 0.06041666666666667
1 0.62421875 0.15833333333333333 0.0203125 0.027083333333333334
1 0.815625 0.05 0.1109375 0.09166666666666666
1 0.85390625 0.005208333333333333 0.0078125 0.010416666666666666
1 0.89453125 0.03958333333333333 0.009375 0.014583333333333334
1 0.97421875 0.017708333333333333 0.03125 0.03125
1 0.925 0.036458333333333336 0.0328125 0.04375
1 0.88515625 0.11979166666666667 0.0203125 0.03333333333333333
1 0.92421875 0.13645833333333332 0.028125 0.05625
1 0.971875 0.16979166666666667 0.0203125 0.016666666666666666
1 0.9328125 0.16666666666666666 0.0125 0.016666666666666666
1 0.6984375 0.12604166666666666 0.0125 0.020833333333333332
1 0.69765625 0.15520833333333334 0.0171875 0.020833333333333332
1 0.74375 0.04791666666666667 0.0125 0.020833333333333332
1 0.9171875 0.3145833333333333 0.01875 0.01875
1 0.95390625 0.32916666666666666 0.021875 0.020833333333333332
1 0.91328125 0.35625 0.0203125 0.020833333333333332
1 0.93828125 0.46041666666666664 0.028125 0.04791666666666667
1 0.84140625 0.31145833333333334 0.075 0.07291666666666667
1 0.834375 0.3958333333333333 0.0296875 0.041666666666666664
1 0.9703125 0.5270833333333333 0.015625 0.025
1 0.875 0.521875 0.0109375 0.014583333333333334
1 0.71796875 0.3072916666666667 0.03125 0.041666666666666664
1 0.71015625 0.24166666666666667 0.04375 0.058333333333333334
1 0.6515625 0.3958333333333333 0.0671875 0.11458333333333333
1 0.82578125 0.46458333333333335 0.04375 0.03958333333333333
1 0.8046875 0.5020833333333333 0.0234375 0.027083333333333334
1 0.771875 0.43333333333333335 0.071875 0.06875
1 0.76328125 0.4875 0.034375 0.03125
1 0.7109375 0.4427083333333333 0.0484375 0.10833333333333334
1 0.80078125 0.590625 0.0234375 0.022916666666666665
1 0.8328125 0.609375 0.0109375 0.020833333333333332
1 0.86328125 0.6114583333333333 0.015625 0.0125
1 0.85546875 0.6458333333333334 0.0265625 0.0375
1 0.84609375 0.6802083333333333 0.021875 0.020833333333333332
1 0.93671875 0.5989583333333334 0.0109375 0.014583333333333334
1 0.9265625 0.6677083333333333 0.0296875 0.041666666666666664
1 0.90078125 0.6989583333333333 0.01875 0.01875
1 0.86484375 0.715625 0.03125 0.027083333333333334
1 0.9921875 0.7020833333333333 0.0140625 0.020833333333333332
1 0.990625 0.7854166666666667 0.0140625 0.014583333333333334
1 0.88203125 0.778125 0.009375 0.014583333333333334
1 0.92421875 0.803125 0.04375 0.08958333333333333
1 0.790625 0.6947916666666667 0.01875 0.022916666666666665
1 0.9546875 0.815625 0.0140625 0.025
1 0.815625 0.8072916666666666 0.021875 0.022916666666666665
1 0.8328125 0.8208333333333333 0.0171875 0.01875
1 0.79921875 0.8291666666666667 0.009375 0.008333333333333333
1 0.79609375 0.7677083333333333 0.0296875 0.022916666666666665
1 0.76328125 0.7666666666666667 0.0390625 0.04375
1 0.77109375 0.8072916666666666 0.0359375 0.04375
1 0.72890625 0.7604166666666666 0.015625 0.025
1 0.70703125 0.7395833333333334 0.0296875 0.0375
1 0.64453125 0.7052083333333333 0.0328125 0.04791666666666667
1 0.671875 0.7125 0.0171875 0.041666666666666664
1 0.66484375 0.7666666666666667 0.025 0.03958333333333333
1 0.69296875 0.771875 0.0296875 0.0375
1 0.15546875 0.7166666666666667 0.0109375 0.016666666666666666
1 0.6 0.8364583333333333 0.03125 0.035416666666666666
1 0.58359375 0.775 0.05 0.03958333333333333
1 0.596875 0.9385416666666667 0.0171875 0.016666666666666666
1 0.55703125 0.9510416666666667 0.0546875 0.08125
1 0.5109375 0.953125 0.025 0.029166666666666667
1 0.5109375 0.9072916666666667 0.0328125 0.04583333333333333
1 0.45625 0.98125 0.0453125 0.0375
1 0.3734375 0.928125 0.021875 0.027083333333333334
1 0.23125 0.9072916666666667 0.253125 0.18541666666666667
1 0.18984375 0.590625 0.059375 0.09583333333333334
1 0.1375 0.6770833333333334 0.009375 0.010416666666666666
1 0.8234375 0.9041666666666667 0.0171875 0.020833333333333332
1 0.79453125 0.8958333333333334 0.015625 0.016666666666666666
1 0.8078125 0.9447916666666667 0.009375 0.014583333333333334
1 0.8234375 0.9635416666666666 0.0296875 0.027083333333333334
1 0.8296875 0.9895833333333334 0.01875 0.016666666666666666
1 0.86640625 0.975 0.015625 0.020833333333333332
1 0.8953125 0.9739583333333334 0.0109375 0.016666666666666666
1 0.9734375 0.9052083333333333 0.009375 0.0125
1 0.953125 0.965625 0.0109375 0.010416666666666666
1 0.7296875 0.5677083333333334 0.0375 0.03958333333333333
1 0.72421875 0.534375 0.0171875 0.022916666666666665
1 0.70390625 0.553125 0.021875 0.035416666666666666
1 0.653125 0.515625 0.05625 0.10833333333333334
1 0.584375 0.528125 0.0125 0.0125
1 0.5453125 0.5114583333333333 0.0328125 0.041666666666666664
1 0.56171875 0.6052083333333333 0.0578125 0.07083333333333333
1 0.53984375 0.6791666666666667 0.0609375 0.07291666666666667
1 0.49140625 0.5489583333333333 0.0484375 0.05625
1 0.4140625 0.6447916666666667 0.0296875 0.0375
1 0.46796875 0.6239583333333333 0.065625 0.05625
1 0.45703125 0.7020833333333333 0.0203125 0.01875
1 0.36171875 0.603125 0.0234375 0.025
1 0.36953125 0.7833333333333333 0.0203125 0.022916666666666665
1 0.70703125 0.9270833333333334 0.0171875 0.027083333333333334
1 0.6609375 0.8989583333333333 0.05 0.035416666666666666
1 0.68828125 0.88125 0.0109375 0.020833333333333332
1 0.29765625 0.10208333333333333 0.015625 0.016666666666666666
1 0.10703125 0.25104166666666666 0.025 0.03333333333333333
1 0.0828125 0.24791666666666667 0.015625 0.04375
1 0.1109375 0.3145833333333333 0.021875 0.029166666666666667
1 0.10546875 0.378125 0.0109375 0.01875
1 0.14765625 0.43333333333333335 0.0265625 0.025
1 0.1859375 0.471875 0.0265625 0.035416666666666666
1 0.21875 0.25 0.0484375 0.07083333333333333
1 0.1984375 0.31145833333333334 0.015625 0.020833333333333332
1 0.2234375 0.31979166666666664 0.028125 0.0375
1 0.28359375 0.353125 0.015625 0.016666666666666666