1 0.7421875 0.053125 0.025 0.025
1 0.77109375 0.09791666666666667 0.0296875 0.035416666666666666
1 0.7203125 0.18125 0.0359375 0.03125
1 0.734375 0.22083333333333333 0.0234375 0.0375
1 0.471875 0.8125 0.03125 0.022916666666666665
1 0.39140625 0.71875 0.0171875 0.014583333333333334
1 0.4390625 0.7197916666666667 0.021875 0.035416666666666666
1 0.45625 0.6916666666666667 0.01875 0.020833333333333332
1 0.275 0.6895833333333333 0.0265625 0.01875
1 0.3609375 0.475 0.01875 0.020833333333333332
1 0.14921875 0.4739583333333333 0.05 0.058333333333333334
1 0.21171875 0.42604166666666665 0.015625 0.020833333333333332
1 0.11953125 0.4125 0.0171875 0.025
1 0.01015625 0.4041666666666667 0.0203125 0.022916666666666665
1 0.06171875 0.434375 0.0265625 0.01875
1 0.01328125 0.64375 0.0265625 0.0875
1 0.021875 0.953125 0.03125 0.041666666666666664
1 0.00546875 0.9916666666666667 0.0109375 0.016666666666666666
1 0.053125 0.9385416666666667 0.0421875 0.058333333333333334
1 0.01171875 0.8833333333333333 0.0234375 0.03125
1 0.19140625 0.925 0.0171875 0.01875
1 0.3640625 0.646875 0.015625 0.03125
1 0.41328125 0.384375 0.0234375 0.01875
1 0.41875 0.33125 0.0140625 0.008333333333333333
1 0.73125 0.10729166666666666 0.015625 0.020833333333333332
1 0.66953125 0.09166666666666666 0.0125 0.01875
1 0.0734375 0.4864583333333333 0.021875 0.022916666666666665
1 0.16171875 0.03958333333333333 0.025 0.01875
0 0.571875 0.78125 0.1140625 0.4375
0 0.60546875 0.9458333333333333 0.13125 0.10833333333333334
1 0.72890625 0.6604166666666667 0.01875 0.020833333333333332
1 0.8734375 0.46979166666666666 0.0234375 0.029166666666666667
1 0.78046875 0.759375 0.0296875 0.01875
1 0.6875 0.6395833333333333 0.028125 0.05625
1 0.6046875 0.6822916666666666 0.015625 0.01875
1 0.65390625 0.6666666666666666 0.03125 0.04375
1 0.75078125 0.7041666666666667 0.0234375 0.025
1 0.92421875 0.8322916666666667 0.025 0.0375
1 0.82578125 0.8947916666666667 0.0203125 0.03125
1 0.79921875 0.934375 0.0234375 0.027083333333333334
1 0.70078125 0.8166666666666667 0.0234375 0.035416666666666666
1 0.6609375 0.8447916666666667 0.053125 0.06875
1 0.71484375 0.95625 0.0171875 0.01875
1 0.7421875 0.990625 0.015625 0.01875
1 0.3390625 0.9770833333333333 0.0234375 0.022916666666666665
1 0.3125 0.8979166666666667 0.025 0.025
1 0.28515625 0.8895833333333333 0.028125 0.03125
0 0.60078125 0.41875 0.1515625 0.05416666666666667
0 0.71328125 0.009375 0.071875 0.01875
0 0.60546875 0.14270833333333333 0.09375 0.16458333333333333
1 0.628125 0.5677083333333334 0.01875 0.03125
1 0.59140625 0.55625 0.015625 0.022916666666666665
1 0.5375 0.51875 0.028125 0.03125
1 0.7546875 0.5197916666666667 0.0328125 0.029166666666666667
1 0.85234375 0.5489583333333333 0.034375 0.035416666666666666
1 0.99296875 0.675 0.0140625 0.025
1 0.98046875 0.5416666666666666 0.015625 0.01875
1 0.8921875 0.3260416666666667 0.0171875 0.022916666666666665
1 0.78125 0.39166666666666666 0.0125 0.020833333333333332
1 0.7046875 0.4510416666666667 0.0171875 0.020833333333333332
1 0.65078125 0.38125 0.025 0.035416666666666666
1 0.73125 0.315625 0.015625 0.035416666666666666
1 0.5984375 0.265625 0.028125 0.0375
1 0.5234375 0.21666666666666667 0.0328125 0.0375
1 0.3875 0.065625 0.028125 0.03958333333333333
1 0.38984375 0.023958333333333335 0.0203125 0.022916666666666665
1 0.46875 0.04791666666666667 0.0296875 0.03958333333333333
1 0.1515625 0.17395833333333333 0.0203125 0.01875
1 0.05078125 0.240625 0.01875 0.016666666666666666
1 0.02890625 0.2604166666666667 0.009375 0.016666666666666666
1 0.01171875 0.18645833333333334 0.021875 0.03333333333333333
1 0.1125 0.017708333333333333 0.01875 0.035416666666666666