1 0.74921875 0.821875 0.0359375 0.027083333333333334
0 0.51875 0.30104166666666665 0.14375 0.16666666666666666
0 0.50390625 0.95625 0.04375 0.0875
0 0.55390625 0.5604166666666667 0.046875 0.15625
1 0.47578125 0.5416666666666666 0.0203125 0.027083333333333334
1 0.04140625 0.46145833333333336 0.01875 0.022916666666666665
1 0.3640625 0.9197916666666667 0.0203125 0.03333333333333333
1 0.82265625 0.21770833333333334 0.0234375 0.03958333333333333
1 0.54375 0.240625 0.0296875 0.029166666666666667
0 0.54296875 0.85 0.171875 0.27291666666666664
0 0.56484375 0.08020833333333334 0.0640625 0.16041666666666668