1 0.66171875 0.9340277777777778 0.01328125 0.02361111111111111
1 0.6609375 0.09652777777777778 0.0171875 0.02638888888888889
1 0.212890625 0.8756944444444444 0.0125 0.02638888888888889
1 0.8484375 0.08402777777777778 0.0265625 0.03888888888888889
1 0.616015625 0.15833333333333333 0.02265625 0.04583333333333333
1 0.9890625 0.06666666666666667 0.01796875 0.04583333333333333
1 0.984375 0.17847222222222223 0.02578125 0.043055555555555555
1 0.9359375 0.5680555555555555 0.02265625 0.03888888888888889
1 0.66875 0.175 0.0375 0.04583333333333333
1 0.54140625 0.9652777777777778 0.01328125 0.025
1 0.703515625 0.008333333333333333 0.0109375 0.016666666666666666
1 0.0453125 0.5826388888888889 0.01796875 0.03333333333333333
1 0.173828125 0.7840277777777778 0.0203125 0.03194444444444444
1 0.448046875 0.009722222222222222 0.01328125 0.019444444444444445
1 0.555859375 0.45694444444444443 0.021875 0.0375
1 0.92109375 0.4041666666666667 0.028125 0.05416666666666667
1 0.926171875 0.9770833333333333 0.03515625 0.043055555555555555
0 0.070703125 0.4625 0.13671875 0.43194444444444446
1 0.857421875 0.13958333333333334 0.05390625 0.0763888888888889
1 0.87578125 0.8361111111111111 0.0125 0.022222222222222223
1 0.70078125 0.26944444444444443 0.02890625 0.03888888888888889
1 0.55625 0.12638888888888888 0.01953125 0.034722222222222224
1 0.098828125 0.6944444444444444 0.01484375 0.03611111111111111
0 0.065625 0.07222222222222222 0.13125 0.14444444444444443
1 0.891796875 0.3159722222222222 0.01875 0.03611111111111111
1 0.5359375 0.7888888888888889 0.01484375 0.027777777777777776
1 0.183984375 0.7472222222222222 0.0125 0.02361111111111111
1 0.8984375 0.3958333333333333 0.0140625 0.03194444444444444
1 0.554296875 0.38958333333333334 0.02578125 0.059722222222222225
1 0.794140625 0.04513888888888889 0.0171875 0.04861111111111111
1 0.848828125 0.9875 0.01484375 0.020833333333333332
0 0.623046875 0.07222222222222222 0.1953125 0.14305555555555555
1 0.7140625 0.7534722222222222 0.01796875 0.030555555555555555
1 0.919140625 0.24930555555555556 0.015625 0.029166666666666667
1 0.92421875 0.08819444444444445 0.01953125 0.04027777777777778
1 0.408984375 0.13958333333333334 0.0125 0.02638888888888889
1 0.357421875 0.7791666666666667 0.0109375 0.019444444444444445
1 0.979296875 0.2916666666666667 0.02890625 0.06388888888888888
1 0.98046875 0.8590277777777777 0.021875 0.0375
1 0.423046875 0.4 0.053125 0.10555555555555556
1 0.60703125 0.05555555555555555 0.01875 0.03888888888888889
1 0.565625 0.23819444444444443 0.02578125 0.07083333333333333
0 0.60703125 0.3506944444444444 0.16796875 0.325
1 0.99296875 0.41805555555555557 0.009375 0.027777777777777776
1 0.984375 0.2263888888888889 0.025 0.0375
1 0.6484375 0.9555555555555556 0.0203125 0.041666666666666664
1 0.673828125 0.36944444444444446 0.01171875 0.029166666666666667
1 0.391015625 0.10277777777777777 0.0171875 0.0375
1 0.187890625 0.99375 0.0109375 0.009722222222222222
1 0.82890625 0.06388888888888888 0.01875 0.041666666666666664
1 0.72578125 0.1638888888888889 0.03046875 0.05555555555555555
1 0.855859375 0.7548611111111111 0.01640625 0.03888888888888889
1 0.265625 0.9069444444444444 0.0125 0.022222222222222223
1 0.874609375 0.6583333333333333 0.01328125 0.022222222222222223
1 0.74296875 0.24791666666666667 0.0203125 0.0375
0 0.073828125 0.8465277777777778 0.14140625 0.30416666666666664
1 0.19921875 0.4131944444444444 0.01171875 0.025
1 0.969140625 0.8909722222222223 0.02265625 0.044444444444444446
1 0.658203125 0.4027777777777778 0.028125 0.03194444444444444
1 0.9 0.5263888888888889 0.021875 0.041666666666666664
1 0.6609375 0.2833333333333333 0.0125 0.025
0 0.12265625 0.9763888888888889 0.0328125 0.04722222222222222
1 0.9109375 0.7861111111111111 0.01640625 0.03333333333333333
1 0.76953125 0.3423611111111111 0.0140625 0.025
1 0.723828125 0.8173611111111111 0.015625 0.03194444444444444
1 0.864453125 0.5895833333333333 0.0296875 0.07222222222222222
1 0.9453125 0.7076388888888889 0.02265625 0.044444444444444446
1 0.491796875 0.40625 0.0125 0.02638888888888889
1 0.8015625 0.5 0.01640625 0.029166666666666667
0 0.119921875 0.15416666666666667 0.2375 0.2847222222222222
0 0.6140625 0.9152777777777777 0.15859375 0.16944444444444445
1 0.187890625 0.9486111111111111 0.015625 0.03611111111111111
1 0.538671875 0.17777777777777778 0.03515625 0.07361111111111111
1 0.722265625 0.8777777777777778 0.0140625 0.02638888888888889
1 0.985546875 0.4888888888888889 0.02109375 0.0625
1 0.772265625 0.5069444444444444 0.028125 0.0375
1 0.394140625 0.5090277777777777 0.0171875 0.03888888888888889
1 0.851171875 0.4222222222222222 0.0140625 0.029166666666666667
1 0.18125 0.8583333333333333 0.021875 0.05277777777777778
1 0.619140625 0.35625 0.034375 0.04722222222222222
1 0.9265625 0.7326388888888888 0.01953125 0.03611111111111111
1 0.423828125 0.7027777777777777 0.028125 0.05416666666666667
1 0.974609375 0.9833333333333333 0.04296875 0.030555555555555555
1 0.71015625 0.5430555555555555 0.01796875 0.03333333333333333
1 0.203515625 0.25069444444444444 0.034375 0.09583333333333334
1 0.61796875 0.48819444444444443 0.01796875 0.03611111111111111
1 0.1984375 0.32430555555555557 0.01484375 0.02638888888888889
0 0.6578125 0.7097222222222223 0.24296875 0.21388888888888888
1 0.715625 0.11041666666666666 0.01640625 0.02638888888888889
1 0.869140625 0.06319444444444444 0.0171875 0.027777777777777776
1 0.799609375 0.5486111111111112 0.0109375 0.020833333333333332