1 0.274609375 0.7416666666666667 0.01640625 0.030555555555555555
1 0.52890625 0.39444444444444443 0.01328125 0.027777777777777776
1 0.98984375 0.9263888888888889 0.01640625 0.02638888888888889
1 0.4421875 0.6048611111111111 0.01484375 0.027777777777777776
1 0.22578125 0.5458333333333333 0.03671875 0.05416666666666667
1 0.611328125 0.26319444444444445 0.02109375 0.06527777777777778
1 0.73984375 0.7493055555555556 0.02265625 0.027777777777777776
0 0.148046875 0.08680555555555555 0.09453125 0.1736111111111111
0 0.0984375 0.2875 0.11796875 0.37083333333333335
1 0.754296875 0.9326388888888889 0.02421875 0.05277777777777778
1 0.68203125 0.6298611111111111 0.0203125 0.03888888888888889
1 0.8625 0.059722222222222225 0.0265625 0.04861111111111111
1 0.926171875 0.2763888888888889 0.02578125 0.05416666666666667
1 0.73203125 0.6534722222222222 0.025 0.05694444444444444
1 0.21796875 0.29305555555555557 0.02265625 0.04722222222222222
1 0.99453125 0.4361111111111111 0.0109375 0.03611111111111111
1 0.891015625 0.1125 0.015625 0.030555555555555555
1 0.66796875 0.4284722222222222 0.0171875 0.02361111111111111
1 0.21015625 0.7784722222222222 0.025 0.03194444444444444
1 0.870703125 0.55625 0.0171875 0.04027777777777778
1 0.242578125 0.15763888888888888 0.02265625 0.03611111111111111
1 0.369140625 0.01875 0.01953125 0.03333333333333333
1 0.2734375 0.35347222222222224 0.015625 0.030555555555555555
1 0.729296875 0.23194444444444445 0.021875 0.030555555555555555
0 0.13515625 0.5298611111111111 0.18359375 0.30972222222222223
1 0.675390625 0.98125 0.02421875 0.030555555555555555
1 0.800390625 0.7472222222222222 0.021875 0.030555555555555555
1 0.540625 0.7284722222222222 0.01328125 0.02361111111111111
1 0.9390625 0.2111111111111111 0.015625 0.034722222222222224
1 0.149609375 0.3798611111111111 0.01796875 0.03333333333333333
1 0.4 0.3590277777777778 0.0171875 0.029166666666666667
1 0.877734375 0.25763888888888886 0.01015625 0.027777777777777776
1 0.15 0.20069444444444445 0.01640625 0.041666666666666664
1 0.99375 0.38055555555555554 0.01171875 0.0375
1 0.391015625 0.8604166666666667 0.0140625 0.030555555555555555
1 0.836328125 0.7875 0.01484375 0.022222222222222223
1 0.16328125 0.6263888888888889 0.01171875 0.025
1 0.30078125 0.3659722222222222 0.015625 0.02638888888888889
1 0.6703125 0.9326388888888889 0.0171875 0.02361111111111111
1 0.838671875 0.22361111111111112 0.01171875 0.025
1 0.476953125 0.8041666666666667 0.01484375 0.025
1 0.83359375 0.08472222222222223 0.0328125 0.06527777777777778
1 0.1703125 0.1451388888888889 0.02578125 0.04861111111111111
1 0.74296875 0.8020833333333334 0.03359375 0.034722222222222224
1 0.609375 0.7069444444444445 0.01875 0.03194444444444444
1 0.737109375 0.27708333333333335 0.0125 0.029166666666666667
0 0.69140625 0.8986111111111111 0.1328125 0.20277777777777778
0 0.588671875 0.09305555555555556 0.059375 0.18611111111111112
0 0.6625 0.8243055555555555 0.22890625 0.21666666666666667
1 0.983984375 0.23958333333333334 0.028125 0.10972222222222222
0 0.684375 0.3076388888888889 0.15234375 0.42777777777777776
1 0.483984375 0.04097222222222222 0.01953125 0.03611111111111111
1 0.9234375 0.8756944444444444 0.0453125 0.09722222222222222
1 0.90859375 0.4840277777777778 0.02578125 0.058333333333333334
1 0.196875 0.20416666666666666 0.0140625 0.034722222222222224
1 0.965625 0.7777777777777778 0.01953125 0.06666666666666667
0 0.66484375 0.17777777777777778 0.1015625 0.35555555555555557
1 0.21640625 0.47430555555555554 0.02578125 0.0625
1 0.739453125 0.4479166666666667 0.021875 0.04861111111111111
1 0.710546875 0.3597222222222222 0.0359375 0.04722222222222222
1 0.59140625 0.33055555555555555 0.015625 0.03333333333333333
1 0.8421875 0.9736111111111111 0.02578125 0.04027777777777778
0 0.67421875 0.61875 0.24140625 0.2791666666666667