1 0.78125 0.5881944444444445 0.03203125 0.06805555555555555
1 0.038671875 0.4354166666666667 0.0265625 0.07361111111111111
1 0.074609375 0.4076388888888889 0.03828125 0.06944444444444445
1 0.10390625 0.3958333333333333 0.009375 0.015277777777777777
1 0.13203125 0.4222222222222222 0.034375 0.05277777777777778
1 0.09296875 0.17430555555555555 0.021875 0.022222222222222223
1 0.15859375 0.25763888888888886 0.0140625 0.025
1 0.1453125 0.09305555555555556 0.0234375 0.03611111111111111
1 0.194921875 0.12916666666666668 0.02421875 0.04583333333333333
1 0.22890625 0.14722222222222223 0.0171875 0.03611111111111111
1 0.25390625 0.21597222222222223 0.046875 0.08472222222222223
1 0.2 0.049305555555555554 0.0296875 0.05416666666666667
1 0.208984375 0.003472222222222222 0.0078125 0.006944444444444444
1 0.341796875 0.059722222222222225 0.07109375 0.11944444444444445
1 0.337109375 0.13194444444444445 0.01328125 0.025
1 0.354296875 0.15138888888888888 0.02265625 0.043055555555555555
1 0.401953125 0.14375 0.0171875 0.03888888888888889
1 0.3984375 0.02361111111111111 0.025 0.04722222222222222
1 0.425390625 0.011805555555555555 0.01875 0.02361111111111111
1 0.444921875 0.07847222222222222 0.03984375 0.1111111111111111
1 0.464453125 0.02013888888888889 0.0171875 0.0375
1 0.480859375 0.07013888888888889 0.0171875 0.03888888888888889
1 0.505078125 0.008333333333333333 0.02578125 0.016666666666666666
1 0.53046875 0.013194444444444444 0.021875 0.02638888888888889
1 0.522265625 0.06527777777777778 0.04609375 0.10694444444444444
1 0.559375 0.06597222222222222 0.01953125 0.03611111111111111
1 0.423828125 0.18263888888888888 0.0359375 0.05138888888888889
1 0.458984375 0.21736111111111112 0.0234375 0.0375
1 0.490625 0.2534722222222222 0.015625 0.03888888888888889
1 0.508203125 0.18611111111111112 0.02109375 0.044444444444444446
1 0.54765625 0.1625 0.01953125 0.03888888888888889
1 0.411328125 0.2763888888888889 0.0171875 0.03333333333333333
1 0.4328125 0.28958333333333336 0.02109375 0.03194444444444444
1 0.304296875 0.32569444444444445 0.01640625 0.03194444444444444
1 0.325390625 0.3173611111111111 0.01328125 0.013888888888888888
1 0.3203125 0.3576388888888889 0.021875 0.034722222222222224
1 0.359375 0.3729166666666667 0.01796875 0.0375
1 0.36796875 0.40347222222222223 0.01640625 0.03888888888888889
1 0.394140625 0.3923611111111111 0.034375 0.04027777777777778
1 0.403515625 0.42291666666666666 0.0109375 0.018055555555555554
1 0.347265625 0.40347222222222223 0.0125 0.018055555555555554
1 0.351171875 0.44027777777777777 0.021875 0.03333333333333333
1 0.463671875 0.46111111111111114 0.05546875 0.09166666666666666
1 0.521484375 0.46319444444444446 0.06640625 0.1125
1 0.552734375 0.32569444444444445 0.0734375 0.19166666666666668
1 0.49296875 0.3729166666666667 0.0140625 0.018055555555555554
1 0.47109375 0.30069444444444443 0.01484375 0.022222222222222223
1 0.189453125 0.38958333333333334 0.01640625 0.02361111111111111
1 0.21640625 0.4486111111111111 0.05546875 0.06805555555555555
1 0.24375 0.5041666666666667 0.04765625 0.059722222222222225
1 0.17265625 0.5 0.0171875 0.027777777777777776
1 0.196875 0.5506944444444445 0.02109375 0.05138888888888889
1 0.08515625 0.6020833333333333 0.01640625 0.03333333333333333
1 0.257421875 0.6409722222222223 0.034375 0.075
1 0.198828125 0.7069444444444445 0.0453125 0.058333333333333334
1 0.230859375 0.7527777777777778 0.05390625 0.075
1 0.232421875 0.8111111111111111 0.0234375 0.041666666666666664
1 0.237890625 0.86875 0.01953125 0.05277777777777778
1 0.18828125 0.8756944444444444 0.03359375 0.06111111111111111
1 0.103515625 0.8326388888888889 0.01015625 0.019444444444444445
1 0.066015625 0.9201388888888888 0.01640625 0.03333333333333333
1 0.16015625 0.9875 0.02890625 0.025
1 0.189453125 0.9895833333333334 0.0078125 0.020833333333333332
1 0.270703125 0.9277777777777778 0.02890625 0.0375
1 0.2921875 0.8631944444444445 0.01484375 0.027777777777777776
1 0.273828125 0.7875 0.04296875 0.08194444444444444
1 0.294140625 0.6881944444444444 0.01640625 0.030555555555555555
1 0.369140625 0.71875 0.0171875 0.019444444444444445
1 0.31171875 0.6243055555555556 0.0171875 0.034722222222222224
1 0.29609375 0.5666666666666667 0.015625 0.04583333333333333
1 0.431640625 0.5243055555555556 0.01171875 0.025
1 0.43203125 0.5666666666666667 0.009375 0.0125
1 0.447265625 0.5805555555555556 0.0109375 0.016666666666666666
1 0.47109375 0.6097222222222223 0.025 0.04861111111111111
1 0.443359375 0.6611111111111111 0.0390625 0.10277777777777777
1 0.49296875 0.7180555555555556 0.0609375 0.08194444444444444
1 0.529296875 0.7284722222222222 0.0125 0.02361111111111111
1 0.5109375 0.7729166666666667 0.03984375 0.059722222222222225
1 0.54375 0.7673611111111112 0.02578125 0.04861111111111111
1 0.458203125 0.7645833333333333 0.02265625 0.04583333333333333
1 0.4296875 0.8131944444444444 0.0375 0.10277777777777777
1 0.46796875 0.8361111111111111 0.01328125 0.029166666666666667
1 0.5046875 0.8506944444444444 0.04296875 0.059722222222222225
1 0.433203125 0.9006944444444445 0.034375 0.05555555555555555
1 0.43203125 0.9694444444444444 0.0484375 0.06111111111111111
1 0.37734375 0.9923611111111111 0.01796875 0.015277777777777777
1 0.330078125 0.9743055555555555 0.0125 0.025
1 0.476171875 0.9763888888888889 0.01640625 0.02361111111111111
1 0.501953125 0.9881944444444445 0.0265625 0.02361111111111111
1 0.492578125 0.9583333333333334 0.0140625 0.022222222222222223
1 0.5515625 0.9951388888888889 0.01875 0.009722222222222222
1 0.537890625 0.9243055555555556 0.025 0.02638888888888889
1 0.5703125 0.9361111111111111 0.01640625 0.04722222222222222
1 0.599609375 0.8652777777777778 0.01640625 0.029166666666666667
1 0.594921875 0.8354166666666667 0.02109375 0.03194444444444444
1 0.61796875 0.7875 0.01328125 0.027777777777777776
1 0.5421875 0.6055555555555555 0.01875 0.041666666666666664
1 0.568359375 0.6 0.0265625 0.03888888888888889
1 0.599609375 0.6680555555555555 0.0140625 0.043055555555555555
1 0.52734375 0.5513888888888889 0.0265625 0.029166666666666667
1 0.583984375 0.5013888888888889 0.0203125 0.019444444444444445
1 0.642578125 0.5618055555555556 0.01875 0.05138888888888889
1 0.67265625 0.49375 0.034375 0.059722222222222225
1 0.624609375 0.4 0.0234375 0.05555555555555555
1 0.65390625 0.43125 0.01484375 0.02638888888888889
1 0.6296875 0.3236111111111111 0.02109375 0.04861111111111111
1 0.63203125 0.27152777777777776 0.009375 0.02638888888888889
1 0.685546875 0.28402777777777777 0.01328125 0.025
1 0.678515625 0.11597222222222223 0.03984375 0.07083333333333333
1 0.65078125 0.12361111111111112 0.0140625 0.0125
1 0.6546875 0.17708333333333334 0.0375 0.04583333333333333
1 0.691796875 0.19027777777777777 0.0296875 0.0763888888888889
1 0.731640625 0.18125 0.0296875 0.0625
1 0.75078125 0.2833333333333333 0.02734375 0.058333333333333334
1 0.7140625 0.3972222222222222 0.01875 0.02638888888888889
1 0.73515625 0.049305555555555554 0.03125 0.04722222222222222
1 0.687109375 0.06875 0.01484375 0.019444444444444445
1 0.737109375 0.10902777777777778 0.0171875 0.029166666666666667
1 0.827734375 0.09305555555555556 0.02109375 0.043055555555555555
1 0.83046875 0.14583333333333334 0.0484375 0.05416666666666667
1 0.855078125 0.1909722222222222 0.0125 0.029166666666666667
1 0.79375 0.23472222222222222 0.025 0.08333333333333333
1 0.81484375 0.23472222222222222 0.01796875 0.02638888888888889
1 0.86484375 0.2569444444444444 0.0125 0.030555555555555555
1 0.890234375 0.26180555555555557 0.028125 0.044444444444444446
1 0.925390625 0.30277777777777776 0.03671875 0.05555555555555555
1 0.9453125 0.23472222222222222 0.025 0.058333333333333334
1 0.96328125 0.30625 0.01484375 0.03333333333333333
1 0.915625 0.3993055555555556 0.0203125 0.04027777777777778
1 0.869140625 0.45555555555555555 0.01484375 0.02638888888888889
1 0.75390625 0.46597222222222223 0.01171875 0.018055555555555554
1 0.748046875 0.63125 0.03046875 0.05138888888888889
1 0.6671875 0.7430555555555556 0.01484375 0.030555555555555555
1 0.73515625 0.8979166666666667 0.04140625 0.09444444444444444
1 0.7546875 0.9555555555555556 0.03671875 0.05
1 0.771484375 0.8944444444444445 0.02265625 0.04027777777777778
1 0.79296875 0.9104166666666667 0.01953125 0.04027777777777778
1 0.765234375 0.8381944444444445 0.02265625 0.027777777777777776
1 0.645703125 0.9902777777777778 0.01953125 0.019444444444444445
1 0.70703125 0.7805555555555556 0.0140625 0.030555555555555555
1 0.7078125 0.7034722222222223 0.01484375 0.029166666666666667
0 0.636328125 0.17708333333333334 0.146875 0.3541666666666667
0 0.644921875 0.4638888888888889 0.0625 0.48333333333333334
0 0.6890625 0.7465277777777778 0.1875 0.46944444444444444
0 0.618359375 0.89375 0.109375 0.2125
0 0.590234375 0.9451388888888889 0.03984375 0.10972222222222222
0 0.109375 0.8527777777777777 0.09375 0.28194444444444444
0 0.099609375 0.7520833333333333 0.19921875 0.3125
0 0.076171875 0.14930555555555555 0.15234375 0.2986111111111111
1 0.0953125 0.20833333333333334 0.01328125 0.009722222222222222
1 0.855078125 0.5861111111111111 0.0203125 0.0375
1 0.862109375 0.5013888888888889 0.015625 0.020833333333333332
1 0.902734375 0.5548611111111111 0.0265625 0.05
1 0.9359375 0.47430555555555554 0.01484375 0.027777777777777776
1 0.991796875 0.3909722222222222 0.015625 0.020833333333333332
1 0.987890625 0.5083333333333333 0.0109375 0.018055555555555554
1 0.994140625 0.5743055555555555 0.01171875 0.03888888888888889
1 0.97265625 0.6645833333333333 0.015625 0.020833333333333332
1 0.845703125 0.6590277777777778 0.01328125 0.02361111111111111
1 0.868359375 0.7243055555555555 0.02578125 0.03333333333333333
1 0.901953125 0.7763888888888889 0.0203125 0.029166666666666667
1 0.9234375 0.8048611111111111 0.0203125 0.04861111111111111
1 0.865625 0.9888888888888889 0.02109375 0.022222222222222223
1 0.940625 0.89375 0.025 0.0375
1 0.94140625 0.9375 0.01484375 0.02361111111111111
1 0.805859375 0.04027777777777778 0.0078125 0.015277777777777777
1 0.896875 0.15833333333333333 0.03046875 0.04027777777777778
1 0.776953125 0.008333333333333333 0.00859375 0.015277777777777777
1 0.99765625 0.19027777777777777 0.0046875 0.019444444444444445
1 0.13671875 0.6513888888888889 0.0140625 0.025
1 0.165625 0.5715277777777777 0.01015625 0.018055555555555554
1 0.21015625 0.6069444444444444 0.0109375 0.025
1 0.30546875 0.7930555555555555 0.009375 0.011111111111111112