1 0.60078125 0.4305555555555556 0.0265625 0.05277777777777778
1 0.97421875 0.775 0.05078125 0.07222222222222222
1 0.96796875 0.8333333333333334 0.03203125 0.04583333333333333
1 0.977734375 0.9854166666666667 0.015625 0.029166666666666667
1 0.99453125 0.9826388888888888 0.0109375 0.034722222222222224
1 0.85625 0.9597222222222223 0.028125 0.03194444444444444
1 0.809765625 0.9215277777777777 0.0109375 0.022222222222222223
1 0.794140625 0.8631944444444445 0.0140625 0.015277777777777777
1 0.787109375 0.6416666666666667 0.01953125 0.0375
1 0.846875 0.6673611111111111 0.0125 0.020833333333333332
1 0.86953125 0.6590277777777778 0.0140625 0.02361111111111111
1 0.8171875 0.7375 0.01171875 0.022222222222222223
1 0.789453125 0.47152777777777777 0.01015625 0.02361111111111111
1 0.661328125 0.5666666666666667 0.01015625 0.015277777777777777
1 0.678125 0.5798611111111112 0.0125 0.02361111111111111
1 0.530859375 0.6548611111111111 0.01328125 0.025
1 0.64375 0.8361111111111111 0.01171875 0.018055555555555554
1 0.178125 0.3548611111111111 0.00859375 0.022222222222222223
1 0.663671875 0.7305555555555555 0.00703125 0.013888888888888888
1 0.548828125 0.7638888888888888 0.0125 0.03333333333333333
1 0.43359375 0.43333333333333335 0.0171875 0.029166666666666667
1 0.323046875 0.9354166666666667 0.02109375 0.030555555555555555
1 0.684375 0.9319444444444445 0.01484375 0.018055555555555554
1 0.57421875 0.9909722222222223 0.01953125 0.018055555555555554
1 0.57578125 0.9347222222222222 0.0203125 0.018055555555555554
1 0.58984375 0.8965277777777778 0.02890625 0.05277777777777778
1 0.601953125 0.8645833333333334 0.009375 0.013888888888888888
1 0.925390625 0.7652777777777777 0.03828125 0.06527777777777778
1 0.991796875 0.6729166666666667 0.01640625 0.03611111111111111
1 0.88671875 0.5798611111111112 0.01171875 0.018055555555555554
1 0.89453125 0.5013888888888889 0.00703125 0.0125
1 0.953515625 0.5451388888888888 0.01484375 0.03194444444444444
1 0.915234375 0.5104166666666666 0.015625 0.029166666666666667
1 0.912890625 0.4173611111111111 0.01953125 0.03333333333333333
1 0.937109375 0.43680555555555556 0.0203125 0.030555555555555555
1 0.947265625 0.4048611111111111 0.028125 0.043055555555555555
1 0.99453125 0.41458333333333336 0.01015625 0.03611111111111111
1 0.997265625 0.3034722222222222 0.00546875 0.020833333333333332
1 0.937109375 0.2986111111111111 0.0171875 0.030555555555555555
1 0.967578125 0.27708333333333335 0.01953125 0.030555555555555555
1 0.893359375 0.1875 0.0125 0.019444444444444445
1 0.84921875 0.24375 0.0140625 0.034722222222222224
1 0.830859375 0.15555555555555556 0.0125 0.02361111111111111
1 0.860546875 0.14930555555555555 0.01796875 0.03888888888888889
1 0.85625 0.1111111111111111 0.01328125 0.03888888888888889
1 0.86484375 0.08472222222222223 0.015625 0.030555555555555555
1 0.901953125 0.1076388888888889 0.05546875 0.08888888888888889
1 0.915234375 0.06805555555555555 0.01953125 0.034722222222222224
1 0.965234375 0.10486111111111111 0.02421875 0.041666666666666664
1 0.991015625 0.019444444444444445 0.0171875 0.027777777777777776
1 0.915234375 0.011111111111111112 0.040625 0.022222222222222223
1 0.8578125 0.006944444444444444 0.0234375 0.013888888888888888
1 0.7609375 0.03333333333333333 0.009375 0.015277777777777777
0 0.105078125 0.05347222222222222 0.19765625 0.10277777777777777
0 0.09140625 0.18680555555555556 0.1828125 0.29444444444444445
0 0.117578125 0.50625 0.08671875 0.20555555555555555
0 0.12578125 0.6881944444444444 0.0921875 0.2972222222222222
0 0.1390625 0.9131944444444444 0.14765625 0.1736111111111111
0 0.657421875 0.9131944444444444 0.2203125 0.1736111111111111
0 0.630078125 0.7034722222222223 0.04453125 0.07222222222222222
0 0.716015625 0.5520833333333334 0.22265625 0.23055555555555557
0 0.680078125 0.26875 0.17421875 0.44166666666666665
0 0.55078125 0.034027777777777775 0.07890625 0.06805555555555555
0 0.691796875 0.09444444444444444 0.19296875 0.18888888888888888
1 0.20546875 0.06458333333333334 0.0421875 0.044444444444444446
1 0.21796875 0.10416666666666667 0.02890625 0.06666666666666667
1 0.24921875 0.1763888888888889 0.025 0.06666666666666667
1 0.283984375 0.20277777777777778 0.02421875 0.04722222222222222
1 0.2015625 0.2465277777777778 0.02734375 0.07222222222222222
1 0.21875 0.30069444444444443 0.015625 0.030555555555555555
1 0.157421875 0.2263888888888889 0.04453125 0.11388888888888889
1 0.105078125 0.1986111111111111 0.01796875 0.044444444444444446
1 0.13125 0.10069444444444445 0.02109375 0.027777777777777776
1 0.145703125 0.12152777777777778 0.01171875 0.02638888888888889
1 0.114453125 0.3125 0.01640625 0.029166666666666667
1 0.092578125 0.33125 0.01484375 0.027777777777777776
1 0.16328125 0.4263888888888889 0.03359375 0.0875
1 0.092578125 0.4791666666666667 0.03046875 0.0375
1 0.015234375 0.4409722222222222 0.028125 0.05555555555555555
1 0.017578125 0.5881944444444445 0.0125 0.03333333333333333
1 0.01953125 0.5305555555555556 0.0078125 0.015277777777777777
1 0.170703125 0.5708333333333333 0.03125 0.0375
1 0.177734375 0.6423611111111112 0.03515625 0.07222222222222222
1 0.245703125 0.6465277777777778 0.01484375 0.034722222222222224
1 0.2265625 0.6486111111111111 0.0078125 0.022222222222222223
1 0.239453125 0.5069444444444444 0.046875 0.13472222222222222
1 0.290625 0.5666666666666667 0.03203125 0.0375
1 0.261328125 0.44375 0.01953125 0.041666666666666664
1 0.21875 0.4125 0.02265625 0.043055555555555555
1 0.191796875 0.4777777777777778 0.0125 0.029166666666666667
1 0.118359375 0.36527777777777776 0.01953125 0.030555555555555555
1 0.1375 0.3888888888888889 0.00859375 0.015277777777777777
1 0.15859375 0.5076388888888889 0.00859375 0.022222222222222223
1 0.144921875 0.54375 0.01640625 0.030555555555555555
1 0.25625 0.7868055555555555 0.02265625 0.02638888888888889
1 0.2234375 0.76875 0.01953125 0.0375
1 0.238671875 0.8222222222222222 0.02109375 0.0375
1 0.198046875 0.8854166666666666 0.0484375 0.06527777777777778
1 0.200390625 0.9666666666666667 0.04921875 0.06666666666666667
1 0.231640625 0.9895833333333334 0.0125 0.020833333333333332
1 0.2578125 0.9118055555555555 0.00859375 0.016666666666666666
1 0.117578125 0.8666666666666667 0.0234375 0.04583333333333333
1 0.1640625 0.8076388888888889 0.0125 0.029166666666666667
1 0.17578125 0.7395833333333334 0.05703125 0.10138888888888889
1 0.190625 0.7979166666666667 0.03515625 0.05138888888888889
1 0.58359375 0.0625 0.02421875 0.04861111111111111
1 0.5578125 0.03819444444444445 0.01015625 0.022222222222222223
1 0.595703125 0.18472222222222223 0.01640625 0.06527777777777778
1 0.587890625 0.28680555555555554 0.028125 0.05555555555555555
1 0.58203125 0.3416666666666667 0.0234375 0.04583333333333333
1 0.52578125 0.21319444444444444 0.01953125 0.03194444444444444
1 0.734375 0.39166666666666666 0.0234375 0.04027777777777778