1 0.320703125 0.1597222222222222 0.03203125 0.07361111111111111
1 0.20390625 0.03263888888888889 0.1328125 0.06388888888888888
1 0.601171875 0.34791666666666665 0.02578125 0.05
1 0.87421875 0.7659722222222223 0.028125 0.04027777777777778
1 0.91796875 0.58125 0.015625 0.03194444444444444
1 0.8625 0.6166666666666667 0.0203125 0.034722222222222224
1 0.894921875 0.6201388888888889 0.01328125 0.034722222222222224
1 0.9296875 0.6375 0.025 0.04861111111111111
1 0.9640625 0.7416666666666667 0.02265625 0.04027777777777778
1 0.9734375 0.6243055555555556 0.05234375 0.13472222222222222
1 0.953125 0.5243055555555556 0.05 0.04583333333333333
1 0.881640625 0.5458333333333333 0.025 0.04027777777777778
1 0.81171875 0.5201388888888889 0.02734375 0.04861111111111111
1 0.7859375 0.40069444444444446 0.0234375 0.05277777777777778
1 0.85390625 0.42986111111111114 0.0171875 0.029166666666666667
1 0.91171875 0.4534722222222222 0.03828125 0.04583333333333333
1 0.950390625 0.4125 0.0265625 0.04861111111111111
1 0.975 0.3923611111111111 0.0265625 0.05416666666666667
1 0.934375 0.2881944444444444 0.02421875 0.044444444444444446
1 0.875 0.25625 0.02890625 0.044444444444444446
1 0.950390625 0.15833333333333333 0.03828125 0.075
1 0.256640625 0.7451388888888889 0.02421875 0.03611111111111111
1 0.23203125 0.7409722222222223 0.0265625 0.06527777777777778
1 0.2203125 0.8576388888888888 0.021875 0.034722222222222224
1 0.15625 0.9375 0.01796875 0.034722222222222224
1 0.1375 0.8729166666666667 0.01953125 0.030555555555555555
1 0.1859375 0.9006944444444445 0.01640625 0.04027777777777778
1 0.25859375 0.9118055555555555 0.03125 0.09027777777777778
1 0.28203125 0.85625 0.015625 0.03888888888888889
1 0.3171875 0.8819444444444444 0.03125 0.07222222222222222
1 0.575 0.46111111111111114 0.0171875 0.03888888888888889
1 0.566015625 0.5145833333333333 0.0296875 0.06527777777777778
1 0.68515625 0.22916666666666666 0.0203125 0.04583333333333333
1 0.6640625 0.20277777777777778 0.021875 0.04722222222222222
1 0.693359375 0.1125 0.02734375 0.04722222222222222
1 0.697265625 0.03263888888888889 0.03125 0.06527777777777778
1 0.769140625 0.10902777777777778 0.01640625 0.04722222222222222
1 0.790234375 0.14791666666666667 0.025 0.043055555555555555
1 0.898046875 0.029166666666666667 0.02890625 0.058333333333333334
1 0.94296875 0.049305555555555554 0.0578125 0.09444444444444444
1 0.99296875 0.04027777777777778 0.0140625 0.0625
1 0.56875 0.38958333333333334 0.03984375 0.08333333333333333
1 0.38125 0.015277777777777777 0.01484375 0.030555555555555555
1 0.31953125 0.2791666666666667 0.01640625 0.03611111111111111
1 0.911328125 0.66875 0.0203125 0.0375
1 0.905859375 0.8555555555555555 0.0203125 0.029166666666666667
1 0.836328125 0.7069444444444445 0.0171875 0.03194444444444444
1 0.725390625 0.8458333333333333 0.0265625 0.04583333333333333
1 0.511328125 0.4263888888888889 0.028125 0.05694444444444444
0 0.6265625 0.09097222222222222 0.25234375 0.18055555555555555
0 0.653515625 0.31319444444444444 0.084375 0.3347222222222222
0 0.666015625 0.5590277777777778 0.2359375 0.3194444444444444
0 0.630078125 0.7020833333333333 0.13125 0.41388888888888886
0 0.67265625 0.9513888888888888 0.09375 0.09722222222222222
0 0.152734375 0.14166666666666666 0.17265625 0.2791666666666667
0 0.081640625 0.2875 0.1578125 0.4013888888888889
0 0.14765625 0.5423611111111111 0.17734375 0.3347222222222222
0 0.144921875 0.8715277777777778 0.10078125 0.2569444444444444
0 0.123828125 0.7611111111111111 0.078125 0.4222222222222222
1 0.581640625 0.7006944444444444 0.021875 0.04722222222222222
1 0.573046875 0.9534722222222223 0.05546875 0.09305555555555556
1 0.734375 0.6 0.0171875 0.029166666666666667
1 0.76484375 0.5631944444444444 0.021875 0.06805555555555555
1 0.6828125 0.7520833333333333 0.02734375 0.06527777777777778
1 0.7265625 0.9298611111111111 0.01875 0.029166666666666667
1 0.73046875 0.9701388888888889 0.0703125 0.059722222222222225
1 0.952734375 0.9791666666666666 0.034375 0.041666666666666664
1 0.2 0.7340277777777777 0.01953125 0.03333333333333333
1 0.269921875 0.6819444444444445 0.04921875 0.04861111111111111
1 0.2953125 0.6354166666666666 0.03203125 0.07361111111111111
1 0.24609375 0.5847222222222223 0.02890625 0.05
1 0.218359375 0.4965277777777778 0.04140625 0.05416666666666667
1 0.29609375 0.47847222222222224 0.01328125 0.02638888888888889
1 0.25625 0.4048611111111111 0.01953125 0.05277777777777778
1 0.39609375 0.5881944444444445 0.109375 0.275
1 0.20546875 0.34097222222222223 0.05859375 0.07222222222222222
1 0.25625 0.23472222222222222 0.01875 0.04583333333333333
1 0.22890625 0.22847222222222222 0.03203125 0.044444444444444446
1 0.3453125 0.23680555555555555 0.02265625 0.05416666666666667
1 0.27109375 0.13194444444444445 0.02734375 0.05138888888888889