1 0.303125 0.9885416666666667 0.03125 0.022916666666666665
1 0.36328125 0.9927083333333333 0.0140625 0.014583333333333334
1 0.2765625 0.8979166666666667 0.021875 0.022916666666666665
1 0.50390625 0.96875 0.0296875 0.04375
1 0.7578125 0.946875 0.053125 0.052083333333333336
1 0.875 0.8083333333333333 0.040625 0.058333333333333334
1 0.79765625 0.753125 0.028125 0.0375
1 0.7328125 0.778125 0.04375 0.05
1 0.6625 0.16041666666666668 0.0265625 0.03333333333333333
1 0.8359375 0.019791666666666666 0.065625 0.03958333333333333
1 0.90546875 0.18541666666666667 0.0515625 0.06458333333333334
1 0.815625 0.22395833333333334 0.021875 0.029166666666666667
0 0.72734375 0.7625 0.2453125 0.475
0 0.61015625 0.9729166666666667 0.08125 0.05416666666666667
0 0.7 0.096875 0.125 0.19375
1 0.68515625 0.6895833333333333 0.0671875 0.06458333333333334
0 0.73828125 0.23333333333333334 0.4671875 0.24791666666666667
1 0.95859375 0.15104166666666666 0.0296875 0.03958333333333333
0 0.69765625 0.4895833333333333 0.2484375 0.3625
1 0.6765625 0.6135416666666667 0.034375 0.04791666666666667
1 0.76796875 0.5989583333333334 0.04375 0.04583333333333333
1 0.93828125 0.6447916666666667 0.04375 0.04791666666666667
1 0.3359375 0.9875 0.025 0.025
1 0.9625 0.5947916666666667 0.021875 0.029166666666666667
1 0.94375 0.54375 0.0515625 0.05625
1 0.81484375 0.4375 0.015625 0.016666666666666666
1 0.86171875 0.4010416666666667 0.05 0.06041666666666667
1 0.35 0.8354166666666667 0.0203125 0.03333333333333333
1 0.56953125 0.7447916666666666 0.0375 0.04375
1 0.5765625 0.8208333333333333 0.0140625 0.016666666666666666
1 0.52890625 0.66875 0.0375 0.0375
1 0.44140625 0.5260416666666666 0.0421875 0.05
1 0.49921875 0.525 0.01875 0.03958333333333333
1 0.52421875 0.5333333333333333 0.0171875 0.029166666666666667
1 0.590625 0.15208333333333332 0.034375 0.05
1 0.6296875 0.08958333333333333 0.04375 0.04375
1 0.578125 0.059375 0.05625 0.058333333333333334
1 0.50234375 0.09375 0.05625 0.06666666666666667
1 0.1984375 0.25833333333333336 0.0109375 0.014583333333333334
1 0.33984375 0.0625 0.015625 0.025
1 0.4171875 0.06770833333333333 0.0296875 0.0375
1 0.5046875 0.16458333333333333 0.015625 0.016666666666666666
1 0.03828125 0.765625 0.01875 0.03125
1 0.0515625 0.3333333333333333 0.0140625 0.014583333333333334
1 0.5578125 0.38958333333333334 0.0515625 0.06041666666666667
1 0.709375 0.45729166666666665 0.0140625 0.016666666666666666
1 0.97421875 0.9614583333333333 0.0171875 0.014583333333333334
1 0.4125 0.5635416666666667 0.015625 0.027083333333333334
1 0.26875 0.48125 0.028125 0.03958333333333333
1 0.02265625 0.61875 0.0453125 0.06041666666666667
1 0.4734375 0.19166666666666668 0.0296875 0.027083333333333334
1 0.30390625 0.184375 0.03125 0.041666666666666664
1 0.98203125 0.328125 0.0359375 0.05416666666666667
1 0.37421875 0.265625 0.0578125 0.08333333333333333