1 0.163671875 0.01875 0.02109375 0.0375
1 0.469921875 0.4888888888888889 0.0453125 0.09027777777777778
1 0.4109375 0.35833333333333334 0.034375 0.04861111111111111
1 0.488671875 0.2763888888888889 0.021875 0.04722222222222222
1 0.5875 0.2611111111111111 0.03515625 0.058333333333333334
1 0.409375 0.24583333333333332 0.0203125 0.03333333333333333
1 0.062890625 0.24583333333333332 0.01328125 0.02361111111111111
1 0.1140625 0.3125 0.040625 0.0763888888888889
1 0.14921875 0.35138888888888886 0.025 0.05416666666666667
1 0.18359375 0.5013888888888889 0.015625 0.029166666666666667
1 0.15234375 0.5916666666666667 0.01328125 0.027777777777777776
1 0.164453125 0.95 0.04609375 0.08472222222222223
1 0.077734375 0.8965277777777778 0.01171875 0.03333333333333333
1 0.440625 0.9909722222222223 0.01953125 0.018055555555555554
1 0.48671875 0.9305555555555556 0.02265625 0.043055555555555555
1 0.591015625 0.7951388888888888 0.0234375 0.03611111111111111
1 0.63125 0.8868055555555555 0.01796875 0.020833333333333332
1 0.626953125 0.9104166666666667 0.01875 0.02361111111111111
1 0.711328125 0.95 0.01328125 0.022222222222222223
1 0.81484375 0.8763888888888889 0.0140625 0.0375
1 0.833984375 0.71875 0.025 0.03194444444444444
1 0.955078125 0.8131944444444444 0.01484375 0.02361111111111111
1 0.99765625 0.8125 0.0046875 0.019444444444444445
1 0.80234375 0.5229166666666667 0.015625 0.02361111111111111
1 0.67421875 0.5680555555555555 0.02109375 0.041666666666666664
1 0.628125 0.3451388888888889 0.01328125 0.030555555555555555
1 0.70625 0.15208333333333332 0.0265625 0.0375
1 0.960546875 0.23402777777777778 0.03203125 0.04861111111111111
1 0.975 0.011805555555555555 0.02734375 0.02361111111111111
1 0.973828125 0.08888888888888889 0.01171875 0.020833333333333332
1 0.880859375 0.30486111111111114 0.01484375 0.02638888888888889
1 0.41015625 0.6944444444444444 0.0203125 0.0375
1 0.4296875 0.64375 0.01015625 0.016666666666666666
1 0.459375 0.6888888888888889 0.01015625 0.025
1 0.62734375 0.75 0.0171875 0.03611111111111111
1 0.64375 0.6847222222222222 0.0125 0.03194444444444444
1 0.109765625 0.09652777777777778 0.01953125 0.04583333333333333
1 0.14140625 0.08611111111111111 0.0203125 0.02638888888888889
1 0.159375 0.08611111111111111 0.01640625 0.022222222222222223
1 0.08828125 0.45208333333333334 0.02421875 0.030555555555555555
1 0.04453125 0.9590277777777778 0.028125 0.03888888888888889
1 0.05625 0.9881944444444445 0.0125 0.02361111111111111
1 0.140625 0.20277777777777778 0.03671875 0.0625
0 0.60859375 0.08194444444444444 0.03828125 0.1638888888888889
0 0.730078125 0.22569444444444445 0.24765625 0.4513888888888889
0 0.641015625 0.5263888888888889 0.19453125 0.45416666666666666
0 0.712109375 0.6604166666666667 0.30546875 0.4083333333333333
0 0.6140625 0.8340277777777778 0.13515625 0.33194444444444443
0 0.077734375 0.8104166666666667 0.13984375 0.37916666666666665
0 0.06796875 0.5840277777777778 0.1359375 0.4111111111111111
0 0.0671875 0.3388888888888889 0.134375 0.40694444444444444
0 0.1 0.15833333333333333 0.1890625 0.12916666666666668
0 0.0609375 0.04791666666666667 0.121875 0.09583333333333334