1 0.91328125 0.75 0.0171875 0.01875
1 0.9734375 0.7802083333333333 0.053125 0.225
1 0.9265625 0.6208333333333333 0.0171875 0.03125
1 0.8828125 0.6197916666666666 0.0234375 0.029166666666666667
1 0.87265625 0.55 0.0171875 0.016666666666666666
1 0.83828125 0.6125 0.0171875 0.01875
1 0.9453125 0.5645833333333333 0.0125 0.014583333333333334
1 0.59453125 0.38958333333333334 0.025 0.016666666666666666
1 0.546875 0.43854166666666666 0.0296875 0.03125
1 0.55234375 0.496875 0.0265625 0.04583333333333333
1 0.63203125 0.4510416666666667 0.0375 0.04583333333333333
1 0.753125 0.5697916666666667 0.0390625 0.0375
1 0.72421875 0.5697916666666667 0.015625 0.022916666666666665
1 0.6859375 0.5145833333333333 0.0703125 0.09791666666666667
1 0.85078125 0.46041666666666664 0.0140625 0.020833333333333332
1 0.9875 0.41041666666666665 0.01875 0.025
1 0.6609375 0.315625 0.0875 0.12708333333333333
1 0.58671875 0.3375 0.0203125 0.0375
1 0.565625 0.284375 0.0265625 0.035416666666666666
1 0.11796875 0.19166666666666668 0.0125 0.014583333333333334
1 0.175 0.17708333333333334 0.0390625 0.035416666666666666
1 0.25703125 0.13229166666666667 0.0390625 0.03333333333333333
1 0.56328125 0.15729166666666666 0.025 0.052083333333333336
1 0.45078125 0.20729166666666668 0.10625 0.1125
1 0.36484375 0.19375 0.059375 0.06666666666666667
1 0.45859375 0.334375 0.0171875 0.022916666666666665
1 0.35859375 0.334375 0.0171875 0.022916666666666665
1 0.059375 0.4510416666666667 0.021875 0.03333333333333333
1 0.16171875 0.334375 0.0171875 0.027083333333333334
1 0.8515625 0.42083333333333334 0.0171875 0.01875
1 0.478125 0.041666666666666664 0.015625 0.04375
1 0.45703125 0.07916666666666666 0.0296875 0.03333333333333333
1 0.72265625 0.03958333333333333 0.0453125 0.06041666666666667
1 0.65234375 0.07604166666666666 0.0421875 0.04791666666666667
1 0.121875 0.04895833333333333 0.01875 0.03125
1 0.1265625 0.14791666666666667 0.0125 0.027083333333333334
1 0.14296875 0.178125 0.015625 0.035416666666666666
1 0.55703125 0.9885416666666667 0.01875 0.020833333333333332
1 0.52421875 0.9885416666666667 0.0390625 0.022916666666666665
1 0.4828125 0.8947916666666667 0.025 0.022916666666666665
1 0.3734375 0.9104166666666667 0.0875 0.09791666666666667
1 0.48125 0.74375 0.0234375 0.03958333333333333
1 0.446875 0.79375 0.0640625 0.06041666666666667
1 0.41484375 0.43020833333333336 0.05 0.05
1 0.37109375 0.39166666666666666 0.0390625 0.03958333333333333
1 0.31875 0.35625 0.03125 0.041666666666666664
1 0.30234375 0.43125 0.0578125 0.07083333333333333
1 0.2859375 0.490625 0.053125 0.04583333333333333
1 0.515625 0.5885416666666666 0.0359375 0.06666666666666667
1 0.3609375 0.5333333333333333 0.0921875 0.09166666666666666
1 0.15078125 0.6135416666666667 0.021875 0.029166666666666667
1 0.0765625 0.9270833333333334 0.0140625 0.025
1 0.2640625 0.9729166666666667 0.0109375 0.020833333333333332
1 0.153125 0.9552083333333333 0.0375 0.05
1 0.175 0.9239583333333333 0.01875 0.035416666666666666
1 0.2609375 0.7895833333333333 0.075 0.0625
1 0.25859375 0.6833333333333333 0.040625 0.03333333333333333
1 0.42890625 0.721875 0.015625 0.029166666666666667
1 0.34375 0.73125 0.046875 0.05625
1 0.3015625 0.85625 0.0375 0.03125
1 0.646875 0.6854166666666667 0.0203125 0.03125
1 0.67890625 0.7583333333333333 0.071875 0.09166666666666666
1 0.70703125 0.8197916666666667 0.071875 0.08333333333333333
1 0.74453125 0.4354166666666667 0.015625 0.025
1 0.85234375 0.36354166666666665 0.025 0.03333333333333333
1 0.909375 0.3229166666666667 0.0390625 0.058333333333333334
1 0.95390625 0.32916666666666666 0.025 0.029166666666666667
1 0.99140625 0.271875 0.0171875 0.05625
1 0.98125 0.2125 0.0375 0.027083333333333334
1 0.88515625 0.15833333333333333 0.0375 0.035416666666666666
1 0.91640625 0.07083333333333333 0.0234375 0.0375
1 0.97265625 0.08020833333333334 0.0546875 0.14791666666666667
0 0.44140625 0.8229166666666666 0.3140625 0.3541666666666667
0 0.45546875 0.6552083333333333 0.5046875 0.25416666666666665
0 0.4734375 0.26666666666666666 0.515625 0.375
0 0.4375 0.08854166666666667 0.4640625 0.175
0 0.27890625 0.034375 0.096875 0.06666666666666667
1 0.56015625 0.8177083333333334 0.040625 0.0375
1 0.57734375 0.884375 0.034375 0.0375
1 0.63828125 0.8958333333333334 0.0171875 0.016666666666666666
1 0.63125 0.9364583333333333 0.01875 0.03125
1 0.6734375 0.9895833333333334 0.0203125 0.016666666666666666
1 0.7109375 0.990625 0.0265625 0.01875
1 0.7234375 0.9583333333333334 0.0296875 0.0375
1 0.834375 0.903125 0.034375 0.03958333333333333
1 0.96875 0.9322916666666666 0.0296875 0.029166666666666667