1 0.27578125 0.041666666666666664 0.0171875 0.014583333333333334
1 0.21875 0.07083333333333333 0.034375 0.03958333333333333
1 0.19609375 0.0625 0.009375 0.014583333333333334
1 0.16328125 0.09270833333333334 0.0171875 0.022916666666666665
1 0.41875 0.146875 0.0296875 0.03958333333333333
1 0.44609375 0.59375 0.01875 0.01875
0 0.41640625 0.971875 0.0375 0.052083333333333336
0 0.4484375 0.8479166666666667 0.3984375 0.27708333333333335
0 0.59453125 0.5333333333333333 0.63125 0.29375
0 0.4859375 0.35208333333333336 0.446875 0.3
0 0.58515625 0.121875 0.3140625 0.24375
1 0.24453125 0.007291666666666667 0.015625 0.008333333333333333
1 0.16875 0.5458333333333333 0.01875 0.020833333333333332
1 0.3171875 0.7114583333333333 0.0296875 0.01875
1 0.29140625 0.9666666666666667 0.034375 0.03958333333333333
1 0.46328125 0.9854166666666667 0.0265625 0.020833333333333332
1 0.53671875 0.8572916666666667 0.021875 0.035416666666666666
1 0.56328125 0.81875 0.0296875 0.041666666666666664
1 0.609375 0.8520833333333333 0.01875 0.03333333333333333
1 0.2765625 0.56875 0.01875 0.025
1 0.41328125 0.6760416666666667 0.01875 0.022916666666666665
1 0.43125 0.6552083333333333 0.0203125 0.016666666666666666
1 0.41640625 0.6260416666666667 0.040625 0.05
1 0.49140625 0.4708333333333333 0.015625 0.022916666666666665
1 0.5796875 0.4010416666666667 0.0296875 0.03958333333333333
1 0.52265625 0.6697916666666667 0.01875 0.01875
1 0.596875 0.7177083333333333 0.034375 0.03333333333333333
1 0.6703125 0.3333333333333333 0.0203125 0.027083333333333334
1 0.5984375 0.3260416666666667 0.021875 0.035416666666666666
1 0.5921875 0.359375 0.015625 0.022916666666666665
1 0.57265625 0.3458333333333333 0.0171875 0.027083333333333334
1 0.58125 0.31979166666666664 0.015625 0.016666666666666666
1 0.70703125 0.3302083333333333 0.0296875 0.05
1 0.6890625 0.34791666666666665 0.0203125 0.016666666666666666
1 0.64765625 0.246875 0.0296875 0.025
1 0.76484375 0.27291666666666664 0.0203125 0.03333333333333333
1 0.78046875 0.2552083333333333 0.028125 0.03333333333333333
1 0.89453125 0.325 0.021875 0.020833333333333332
1 0.8828125 0.30416666666666664 0.0234375 0.020833333333333332
1 0.6984375 0.14166666666666666 0.0203125 0.020833333333333332
1 0.66484375 0.5354166666666667 0.0265625 0.027083333333333334
1 0.871875 0.28125 0.0203125 0.025
1 0.3859375 0.22395833333333334 0.009375 0.029166666666666667
1 0.396875 0.23541666666666666 0.021875 0.027083333333333334
1 0.38828125 0.19479166666666667 0.0296875 0.027083333333333334
1 0.68984375 0.7125 0.01875 0.025
1 0.21484375 0.03125 0.028125 0.027083333333333334
1 0.6765625 0.615625 0.0296875 0.01875