1 0.2859375 0.008333333333333333 0.0140625 0.016666666666666666
1 0.06171875 0.22083333333333333 0.0171875 0.03888888888888889
1 0.062890625 0.06736111111111111 0.0109375 0.041666666666666664
1 0.048046875 0.49236111111111114 0.01328125 0.0375
1 0.134765625 0.6569444444444444 0.02109375 0.03888888888888889
1 0.061328125 0.73125 0.0171875 0.03194444444444444
1 0.28203125 0.8618055555555556 0.01796875 0.04027777777777778
1 0.30234375 0.9756944444444444 0.02890625 0.04722222222222222
1 0.1640625 0.8736111111111111 0.0296875 0.044444444444444446
1 0.058984375 0.8625 0.01953125 0.044444444444444446
0 0.6078125 0.009027777777777777 0.0171875 0.018055555555555554
0 0.13984375 0.9180555555555555 0.12421875 0.1638888888888889
0 0.16953125 0.7930555555555555 0.128125 0.38055555555555554
0 0.177734375 0.5243055555555556 0.12734375 0.38333333333333336
0 0.155078125 0.23333333333333334 0.16640625 0.35694444444444445
0 0.1265625 0.09444444444444444 0.1546875 0.1875
0 0.70703125 0.9 0.0953125 0.2
0 0.7234375 0.7680555555555556 0.18046875 0.43194444444444446
0 0.659765625 0.5875 0.196875 0.3625
0 0.685546875 0.4097222222222222 0.1109375 0.2861111111111111
0 0.737109375 0.1701388888888889 0.1625 0.3388888888888889
1 0.818359375 0.049305555555555554 0.01796875 0.0375
1 0.67890625 0.030555555555555555 0.021875 0.0375
1 0.5765625 0.14444444444444443 0.025 0.030555555555555555
1 0.710546875 0.30069444444444443 0.02265625 0.06805555555555555
1 0.72890625 0.3861111111111111 0.0171875 0.025
1 0.888671875 0.4284722222222222 0.0359375 0.08194444444444444
1 0.8734375 0.5159722222222223 0.08046875 0.11388888888888889
1 0.915234375 0.5847222222222223 0.0203125 0.041666666666666664
1 0.930078125 0.6763888888888889 0.02890625 0.07083333333333333
1 0.969921875 0.7125 0.03984375 0.09027777777777778
1 0.955859375 0.7798611111111111 0.0234375 0.05555555555555555
1 0.871875 0.89375 0.059375 0.125
1 0.931640625 0.9625 0.04453125 0.075
1 0.637890625 0.5055555555555555 0.028125 0.08472222222222223
1 0.65625 0.8777777777777778 0.0265625 0.06666666666666667
1 0.58671875 0.9256944444444445 0.0265625 0.04027777777777778
1 0.644140625 0.9902777777777778 0.0109375 0.019444444444444445
1 0.54453125 0.8659722222222223 0.07578125 0.18333333333333332
1 0.248046875 0.5798611111111112 0.02265625 0.04861111111111111
1 0.283203125 0.7652777777777777 0.03515625 0.059722222222222225
1 0.444921875 0.47291666666666665 0.04765625 0.08194444444444444
1 0.334375 0.40208333333333335 0.0140625 0.03333333333333333
1 0.309765625 0.36041666666666666 0.01796875 0.04027777777777778
1 0.367578125 0.18263888888888888 0.02890625 0.03194444444444444
1 0.24296875 0.08055555555555556 0.01640625 0.034722222222222224