0 0.34765625 0.035416666666666666 0.0546875 0.07083333333333333
1 0.97578125 0.55 0.0296875 0.03125
0 0.3765625 0.228125 0.1546875 0.05625
0 0.37734375 0.49375 0.096875 0.21666666666666667
0 0.38203125 0.9697916666666667 0.0375 0.06041666666666667
0 0.346875 0.73125 0.1953125 0.13541666666666666
1 0.47734375 0.22291666666666668 0.01875 0.022916666666666665
1 0.878125 0.19270833333333334 0.0125 0.025
1 0.28671875 0.036458333333333336 0.0234375 0.03333333333333333
1 0.44296875 0.052083333333333336 0.015625 0.022916666666666665
1 0.51640625 0.017708333333333333 0.0375 0.03333333333333333
1 0.415625 0.0125 0.0203125 0.025
1 0.4171875 0.28541666666666665 0.01875 0.025
1 0.5453125 0.20208333333333334 0.0328125 0.027083333333333334
1 0.1828125 0.453125 0.021875 0.0375
1 0.71953125 0.8333333333333334 0.021875 0.029166666666666667
1 0.95234375 0.23125 0.021875 0.025
1 0.07265625 0.5072916666666667 0.021875 0.020833333333333332
1 0.2953125 0.65 0.028125 0.035416666666666666
1 0.4140625 0.8166666666666667 0.025 0.025
1 0.2484375 0.8083333333333333 0.0234375 0.029166666666666667
1 0.21484375 0.8583333333333333 0.03125 0.025
1 0.2328125 0.9614583333333333 0.034375 0.035416666666666666
1 0.61796875 0.48333333333333334 0.025 0.03333333333333333
1 0.609375 0.54375 0.0203125 0.027083333333333334
1 0.5234375 0.353125 0.01875 0.025
1 0.91328125 0.65 0.01875 0.025