1 0.326171875 0.8090277777777778 0.046875 0.08333333333333333
1 0.9640625 0.04791666666666667 0.071875 0.09583333333333334
1 0.88125 0.01875 0.0375 0.0375
1 0.85390625 0.30277777777777776 0.01875 0.03888888888888889
1 0.73984375 0.3680555555555556 0.025 0.05138888888888889
1 0.80546875 0.41875 0.03125 0.041666666666666664
1 0.91171875 0.47152777777777777 0.04140625 0.07222222222222222
1 0.96953125 0.6333333333333333 0.028125 0.05694444444444444
1 0.98671875 0.5916666666666667 0.0265625 0.08472222222222223
1 0.96015625 0.7715277777777778 0.021875 0.034722222222222224
1 0.967578125 0.8194444444444444 0.0359375 0.05
1 0.93515625 0.8305555555555556 0.0375 0.059722222222222225
1 0.94765625 0.9375 0.028125 0.03888888888888889
1 0.966796875 0.9194444444444444 0.01953125 0.043055555555555555
1 0.890625 0.8881944444444444 0.015625 0.03333333333333333
1 0.87421875 0.8881944444444444 0.0125 0.030555555555555555
1 0.8921875 0.7479166666666667 0.0234375 0.03888888888888889
1 0.8453125 0.7659722222222223 0.03125 0.06388888888888888
1 0.84140625 0.8486111111111111 0.03125 0.04861111111111111
1 0.850390625 0.9111111111111111 0.0328125 0.05277777777777778
1 0.81796875 0.9423611111111111 0.03515625 0.05277777777777778
1 0.811328125 0.8965277777777778 0.028125 0.03194444444444444
1 0.784375 0.98125 0.028125 0.03333333333333333
1 0.770703125 0.8756944444444444 0.01875 0.0375
1 0.74140625 0.8618055555555556 0.0265625 0.05277777777777778
1 0.801171875 0.7756944444444445 0.0140625 0.034722222222222224
1 0.821875 0.7236111111111111 0.01640625 0.029166666666666667
1 0.8375 0.6916666666666667 0.01953125 0.03194444444444444
1 0.8734375 0.5208333333333334 0.028125 0.0375
1 0.8453125 0.47708333333333336 0.02109375 0.020833333333333332
1 0.7109375 0.8625 0.02578125 0.03888888888888889
1 0.71796875 0.83125 0.0109375 0.034722222222222224
1 0.696484375 0.8125 0.02890625 0.041666666666666664
1 0.623828125 0.7298611111111111 0.02578125 0.043055555555555555
1 0.603515625 0.6541666666666667 0.0265625 0.06111111111111111
1 0.59375 0.7513888888888889 0.03046875 0.06388888888888888
1 0.597265625 0.8979166666666667 0.03046875 0.06944444444444445
1 0.555859375 0.8097222222222222 0.0296875 0.05694444444444444
1 0.5890625 0.4638888888888889 0.021875 0.0375
0 0.609375 0.8756944444444444 0.26328125 0.24861111111111112
0 0.68984375 0.6319444444444444 0.1625 0.5708333333333333
0 0.67421875 0.32708333333333334 0.221875 0.5458333333333333
0 0.735546875 0.13472222222222222 0.24921875 0.26666666666666666
0 0.147265625 0.8576388888888888 0.08828125 0.2847222222222222
0 0.133203125 0.4986111111111111 0.12734375 0.3402777777777778
0 0.107421875 0.22777777777777777 0.21484375 0.15
1 0.17578125 0.1798611111111111 0.01796875 0.029166666666666667
1 0.212109375 0.18055555555555555 0.02265625 0.030555555555555555
1 0.219921875 0.23958333333333334 0.0171875 0.02638888888888889
1 0.287109375 0.26805555555555555 0.01328125 0.0375
1 0.15625 0.5881944444444445 0.02265625 0.03333333333333333
1 0.18828125 0.5611111111111111 0.0234375 0.0375
1 0.189453125 0.5013888888888889 0.03125 0.07222222222222222
1 0.20390625 0.43333333333333335 0.046875 0.08055555555555556
1 0.2671875 0.44375 0.03515625 0.04027777777777778
1 0.257421875 0.5263888888888889 0.021875 0.05555555555555555
1 0.221875 0.5701388888888889 0.0265625 0.041666666666666664
1 0.280859375 0.6256944444444444 0.01796875 0.03333333333333333
1 0.21328125 0.6847222222222222 0.02734375 0.041666666666666664
1 0.215625 0.8048611111111111 0.02109375 0.034722222222222224
1 0.203125 0.7555555555555555 0.04296875 0.05555555555555555
1 0.137109375 0.8006944444444445 0.0390625 0.05
1 0.2375 0.8534722222222222 0.0296875 0.03888888888888889
1 0.233984375 0.9076388888888889 0.04140625 0.058333333333333334
1 0.223828125 0.9659722222222222 0.0359375 0.059722222222222225
1 0.195703125 0.9729166666666667 0.0203125 0.043055555555555555
1 0.6953125 0.9895833333333334 0.02265625 0.020833333333333332
1 0.803125 0.6576388888888889 0.0140625 0.041666666666666664
1 0.823046875 0.18888888888888888 0.01875 0.029166666666666667
1 0.975390625 0.47638888888888886 0.0171875 0.034722222222222224
1 0.41953125 0.7854166666666667 0.0203125 0.027777777777777776
1 0.537109375 0.7083333333333334 0.01484375 0.027777777777777776
1 0.51640625 0.7736111111111111 0.025 0.06944444444444445
1 0.893359375 0.07013888888888889 0.02265625 0.04583333333333333
1 0.291015625 0.14791666666666667 0.0265625 0.04583333333333333
1 0.316015625 0.11736111111111111 0.02109375 0.04027777777777778
1 0.287109375 0.1 0.0203125 0.04027777777777778
1 0.2328125 0.06527777777777778 0.02265625 0.02361111111111111
1 0.185546875 0.019444444444444445 0.0296875 0.030555555555555555
1 0.591796875 0.2326388888888889 0.03125 0.058333333333333334
1 0.5859375 0.15416666666666667 0.028125 0.043055555555555555
1 0.7078125 0.07291666666666667 0.02421875 0.05555555555555555
1 0.80234375 0.05347222222222222 0.03125 0.04722222222222222