1 0.440234375 0.5388888888888889 0.0234375 0.030555555555555555
1 0.53125 0.2652777777777778 0.02890625 0.05416666666666667
1 0.500390625 0.2881944444444444 0.01328125 0.03611111111111111
1 0.47109375 0.4041666666666667 0.01875 0.019444444444444445
1 0.49609375 0.39652777777777776 0.01796875 0.029166666666666667
1 0.480859375 0.3763888888888889 0.0265625 0.044444444444444446
1 0.465625 0.3388888888888889 0.01640625 0.03194444444444444
1 0.38828125 0.34930555555555554 0.0203125 0.04027777777777778
1 0.34609375 0.23194444444444445 0.01953125 0.030555555555555555
1 0.63046875 0.27361111111111114 0.0140625 0.04027777777777778
1 0.4328125 0.7708333333333334 0.01171875 0.029166666666666667
1 0.46171875 0.9930555555555556 0.0140625 0.013888888888888888
1 0.09296875 0.7645833333333333 0.0125 0.020833333333333332
1 0.37578125 0.49027777777777776 0.01015625 0.025
1 0.205078125 0.2965277777777778 0.025 0.041666666666666664
1 0.180859375 0.6972222222222222 0.01484375 0.03194444444444444
1 0.078125 0.5388888888888889 0.025 0.06527777777777778
0 0.0890625 0.044444444444444446 0.178125 0.08888888888888889
0 0.095703125 0.22777777777777777 0.19140625 0.18333333333333332
0 0.099609375 0.46597222222222223 0.10859375 0.42083333333333334
0 0.123828125 0.7013888888888888 0.24765625 0.25
0 0.132421875 0.9090277777777778 0.1203125 0.18194444444444444
0 0.70859375 0.8826388888888889 0.2546875 0.23472222222222222
0 0.636328125 0.8256944444444444 0.24375 0.3486111111111111
0 0.6796875 0.6145833333333334 0.13984375 0.48194444444444445
0 0.6734375 0.39375 0.19296875 0.1375
0 0.62265625 0.07916666666666666 0.23046875 0.15833333333333333
1 0.134375 0.5805555555555556 0.0328125 0.11944444444444445
1 0.057421875 0.6104166666666667 0.01484375 0.02638888888888889
1 0.215234375 0.5222222222222223 0.0125 0.02361111111111111
1 0.23515625 0.43333333333333335 0.02890625 0.043055555555555555
1 0.26328125 0.4513888888888889 0.01171875 0.020833333333333332
1 0.10234375 0.8291666666666667 0.01953125 0.03888888888888889
1 0.840625 0.9868055555555556 0.02734375 0.02638888888888889
1 0.803515625 0.8597222222222223 0.01171875 0.020833333333333332
1 0.199609375 0.8680555555555556 0.028125 0.06388888888888888
1 0.2359375 0.8729166666666667 0.028125 0.0375
1 0.141796875 0.8958333333333334 0.015625 0.020833333333333332
1 0.04765625 0.6625 0.01875 0.022222222222222223
1 0.03359375 0.175 0.021875 0.022222222222222223
1 0.053515625 0.09722222222222222 0.01953125 0.043055555555555555
1 0.204296875 0.010416666666666666 0.01015625 0.020833333333333332
1 0.367578125 0.6743055555555556 0.0265625 0.058333333333333334
1 0.587109375 0.9875 0.01640625 0.025
1 0.655078125 0.8354166666666667 0.015625 0.029166666666666667
1 0.55625 0.12638888888888888 0.01484375 0.019444444444444445
1 0.412109375 0.11527777777777778 0.0265625 0.059722222222222225
1 0.512890625 0.1597222222222222 0.02734375 0.059722222222222225
1 0.7765625 0.10347222222222222 0.02265625 0.034722222222222224
1 0.74140625 0.1125 0.028125 0.043055555555555555
1 0.715234375 0.13333333333333333 0.02890625 0.05138888888888889
1 0.978125 0.12361111111111112 0.01640625 0.03888888888888889
1 0.9140625 0.12916666666666668 0.0078125 0.0125
1 0.839453125 0.21597222222222223 0.01875 0.03194444444444444
1 0.868359375 0.5215277777777778 0.0109375 0.020833333333333332
1 0.980859375 0.5013888888888889 0.01875 0.02361111111111111
1 0.977734375 0.6486111111111111 0.021875 0.03333333333333333
1 0.933984375 0.75 0.01875 0.025
1 0.79609375 0.6986111111111111 0.01875 0.020833333333333332
1 0.761328125 0.625 0.0109375 0.029166666666666667
1 0.791015625 0.6506944444444445 0.03515625 0.03194444444444444
1 0.721484375 0.6708333333333333 0.00703125 0.011111111111111112
1 0.5765625 0.6034722222222222 0.04921875 0.06805555555555555
1 0.63671875 0.6729166666666667 0.02734375 0.0763888888888889
1 0.56640625 0.8736111111111111 0.034375 0.05555555555555555
1 0.563671875 0.8034722222222223 0.0265625 0.04583333333333333
1 0.5140625 0.6861111111111111 0.059375 0.06666666666666667
1 0.47578125 0.70625 0.01953125 0.04027777777777778
1 0.440234375 0.6465277777777778 0.01640625 0.0375
1 0.47421875 0.44513888888888886 0.0125 0.02361111111111111
1 0.453515625 0.4888888888888889 0.02265625 0.04861111111111111