1 0.479296875 0.2861111111111111 0.01875 0.03611111111111111
0 0.67578125 0.6277777777777778 0.14765625 0.5180555555555556
0 0.631640625 0.8465277777777778 0.140625 0.30694444444444446
1 0.03046875 0.1736111111111111 0.01640625 0.022222222222222223
1 0.1515625 0.08611111111111111 0.0296875 0.06805555555555555
0 0.639453125 0.3798611111111111 0.06640625 0.3
1 0.11953125 0.058333333333333334 0.02265625 0.06111111111111111
1 0.177734375 0.009722222222222222 0.01875 0.019444444444444445
1 0.2578125 0.017361111111111112 0.01875 0.030555555555555555
1 0.241796875 0.043055555555555555 0.0125 0.027777777777777776
1 0.279296875 0.12569444444444444 0.01875 0.02361111111111111
1 0.156640625 0.33402777777777776 0.02578125 0.04861111111111111
1 0.25546875 0.27847222222222223 0.02890625 0.08333333333333333
1 0.207421875 0.31527777777777777 0.0203125 0.03194444444444444
1 0.20234375 0.2847222222222222 0.021875 0.02638888888888889
1 0.2046875 0.2 0.03046875 0.059722222222222225
1 0.141015625 0.43819444444444444 0.0203125 0.05
1 0.330078125 0.40069444444444446 0.0578125 0.05416666666666667
1 0.442578125 0.3458333333333333 0.0375 0.05138888888888889
1 0.38515625 0.3548611111111111 0.01171875 0.027777777777777776
1 0.444140625 0.4861111111111111 0.028125 0.0625
1 0.189453125 0.5486111111111112 0.01875 0.034722222222222224
1 0.487890625 0.42291666666666666 0.02890625 0.07777777777777778
1 0.264453125 0.4979166666666667 0.021875 0.03888888888888889
1 0.59609375 0.029166666666666667 0.0421875 0.058333333333333334
1 0.528515625 0.018055555555555554 0.01875 0.030555555555555555
1 0.57421875 0.2673611111111111 0.028125 0.06388888888888888
1 0.470703125 0.5097222222222222 0.0171875 0.04027777777777778
1 0.45234375 0.40347222222222223 0.009375 0.020833333333333332
1 0.420703125 0.41458333333333336 0.02890625 0.07777777777777778
1 0.433203125 0.22152777777777777 0.01796875 0.03611111111111111
1 0.075390625 0.19027777777777777 0.01171875 0.022222222222222223
1 0.057421875 0.28888888888888886 0.021875 0.0375
1 0.181640625 0.2798611111111111 0.0140625 0.029166666666666667
1 0.06640625 0.23541666666666666 0.0296875 0.04583333333333333
1 0.022265625 0.2465277777777778 0.03828125 0.0875
1 0.17890625 0.07152777777777777 0.03046875 0.05
0 0.596875 0.08611111111111111 0.17578125 0.17222222222222222
0 0.079296875 0.6715277777777777 0.15546875 0.3819444444444444
0 0.080859375 0.5576388888888889 0.16015625 0.37083333333333335
0 0.01015625 0.9847222222222223 0.015625 0.029166666666666667
0 0.09140625 0.175 0.1140625 0.35
0 0.108984375 0.9444444444444444 0.11484375 0.1111111111111111
0 0.1140625 0.3659722222222222 0.11328125 0.29444444444444445
1 0.82421875 0.04097222222222222 0.01328125 0.02638888888888889
1 0.103515625 0.2923611111111111 0.01484375 0.029166666666666667
1 0.009765625 0.35625 0.01640625 0.03194444444444444
1 0.72578125 0.4041666666666667 0.0203125 0.022222222222222223
1 0.99453125 0.44583333333333336 0.0109375 0.019444444444444445
1 0.9734375 0.8069444444444445 0.01328125 0.019444444444444445
1 0.8484375 0.63125 0.01796875 0.030555555555555555
1 0.868359375 0.7652777777777777 0.01015625 0.025
1 0.886328125 0.6805555555555556 0.02421875 0.025
1 0.8921875 0.7736111111111111 0.02109375 0.04027777777777778
1 0.636328125 0.5819444444444445 0.0265625 0.04722222222222222
1 0.389453125 0.8041666666666667 0.01640625 0.05138888888888889
1 0.4953125 0.5888888888888889 0.01171875 0.019444444444444445
1 0.494140625 0.7006944444444444 0.0328125 0.08055555555555556
1 0.584765625 0.8833333333333333 0.02578125 0.044444444444444446
1 0.584765625 0.09166666666666666 0.01875 0.015277777777777777
1 0.717578125 0.9826388888888888 0.0125 0.034722222222222224
1 0.35390625 0.6215277777777778 0.00625 0.016666666666666666
1 0.326953125 0.225 0.01484375 0.0375
1 0.41015625 0.6548611111111111 0.0109375 0.02361111111111111
1 0.479296875 0.93125 0.028125 0.058333333333333334
1 0.48515625 0.88125 0.021875 0.020833333333333332
1 0.46796875 0.8416666666666667 0.028125 0.043055555555555555
1 0.550390625 0.40694444444444444 0.01171875 0.025
1 0.50234375 0.625 0.0109375 0.019444444444444445
1 0.669140625 0.3958333333333333 0.02734375 0.08611111111111111
1 0.615625 0.41875 0.01640625 0.034722222222222224
1 0.6109375 0.4722222222222222 0.01484375 0.03611111111111111
1 0.58359375 0.6138888888888889 0.01875 0.041666666666666664
1 0.672265625 0.7638888888888888 0.02421875 0.041666666666666664
1 0.58828125 0.7395833333333334 0.01875 0.027777777777777776
1 0.70859375 0.6402777777777777 0.03046875 0.05694444444444444
1 0.950390625 0.8263888888888888 0.01953125 0.0625
1 0.990625 0.5756944444444444 0.01875 0.05
1 0.861328125 0.5784722222222223 0.02421875 0.059722222222222225
1 0.810546875 0.6347222222222222 0.03046875 0.07361111111111111
1 0.787109375 0.5722222222222222 0.02578125 0.034722222222222224
1 0.75 0.5111111111111111 0.0171875 0.016666666666666666
1 0.742578125 0.46458333333333335 0.02578125 0.041666666666666664
1 0.8453125 0.45694444444444443 0.01796875 0.029166666666666667
1 0.7625 0.36319444444444443 0.01328125 0.015277777777777777
1 0.834375 0.4263888888888889 0.01640625 0.020833333333333332
1 0.93359375 0.44305555555555554 0.01953125 0.03194444444444444
1 0.8859375 0.4041666666666667 0.02421875 0.03888888888888889
1 0.8640625 0.25972222222222224 0.02578125 0.025
1 0.1609375 0.7319444444444444 0.021875 0.04027777777777778
1 0.6421875 0.20069444444444445 0.0265625 0.05277777777777778
1 0.8234375 0.15902777777777777 0.0171875 0.02638888888888889
1 0.705859375 0.2604166666666667 0.0171875 0.03333333333333333
1 0.7359375 0.175 0.0171875 0.041666666666666664
1 0.248046875 0.6381944444444444 0.01640625 0.019444444444444445
1 0.77578125 0.07152777777777777 0.0390625 0.041666666666666664
1 0.0078125 0.45 0.015625 0.0375
1 0.191796875 0.9847222222222223 0.01953125 0.030555555555555555
1 0.059375 0.9659722222222222 0.0125 0.02638888888888889
1 0.235546875 0.9888888888888889 0.0140625 0.018055555555555554
1 0.290625 0.8576388888888888 0.1109375 0.13472222222222222
1 0.197265625 0.7597222222222222 0.01640625 0.025
1 0.174609375 0.8583333333333333 0.0234375 0.041666666666666664
1 0.2109375 0.6972222222222222 0.03828125 0.06111111111111111
1 0.304296875 0.5951388888888889 0.02421875 0.058333333333333334
1 0.062109375 0.73125 0.01640625 0.027777777777777776
1 0.044140625 0.6777777777777778 0.040625 0.0625
1 0.1375 0.3784722222222222 0.01875 0.029166666666666667
1 0.105078125 0.8111111111111111 0.015625 0.029166666666666667
1 0.013671875 0.5583333333333333 0.025 0.04722222222222222
1 0.262109375 0.9826388888888888 0.02890625 0.034722222222222224
1 0.147265625 0.8416666666666667 0.009375 0.025