1 0.73203125 0.634375 0.0203125 0.022916666666666665
1 0.90703125 0.39895833333333336 0.0140625 0.022916666666666665
1 0.61171875 0.51875 0.0140625 0.020833333333333332
1 0.46875 0.042708333333333334 0.015625 0.022916666666666665
1 0.0046875 0.559375 0.009375 0.01875
1 0.39765625 0.8791666666666667 0.028125 0.03333333333333333
1 0.4796875 0.775 0.021875 0.025
1 0.48671875 0.9625 0.0234375 0.027083333333333334
1 0.6359375 0.8416666666666667 0.0203125 0.025
1 0.8328125 0.5791666666666667 0.03125 0.04583333333333333
1 0.0140625 0.37395833333333334 0.0234375 0.027083333333333334
1 0.4921875 0.6208333333333333 0.034375 0.05416666666666667
1 0.2515625 0.70625 0.028125 0.025
1 0.7828125 0.5125 0.021875 0.03125
1 0.3625 0.1625 0.0265625 0.027083333333333334
1 0.6640625 0.11875 0.025 0.03125
1 0.8265625 0.11145833333333334 0.028125 0.05
1 0.77890625 0.7927083333333333 0.028125 0.03333333333333333
1 0.46171875 0.9 0.021875 0.03125
1 0.4 0.8489583333333334 0.0234375 0.041666666666666664
1 0.56015625 0.690625 0.0328125 0.04583333333333333
1 0.96640625 0.7052083333333333 0.0234375 0.03125
1 0.85625 0.6697916666666667 0.0421875 0.05416666666666667
1 0.3609375 0.8864583333333333 0.021875 0.027083333333333334
1 0.33515625 0.590625 0.0234375 0.020833333333333332
1 0.6359375 0.38645833333333335 0.0265625 0.03125
1 0.55859375 0.11979166666666667 0.0203125 0.027083333333333334
1 0.559375 0.23854166666666668 0.0234375 0.025
1 0.11484375 0.43645833333333334 0.0203125 0.020833333333333332
1 0.3875 0.5375 0.0234375 0.029166666666666667
1 0.846875 0.42291666666666666 0.021875 0.022916666666666665
1 0.33203125 0.15104166666666666 0.015625 0.020833333333333332
1 0.8421875 0.309375 0.015625 0.025
1 0.84375 0.2708333333333333 0.021875 0.029166666666666667
1 0.92421875 0.040625 0.025 0.03333333333333333
1 0.9515625 0.34270833333333334 0.0265625 0.029166666666666667
1 0.06875 0.32083333333333336 0.0203125 0.03125
1 0.58125 0.025 0.021875 0.022916666666666665
1 0.58203125 0.13854166666666667 0.0171875 0.025
1 0.8859375 0.9864583333333333 0.021875 0.025
1 0.9578125 0.7427083333333333 0.021875 0.022916666666666665
1 0.9796875 0.9583333333333334 0.021875 0.029166666666666667
1 0.9125 0.5666666666666667 0.0203125 0.0375
1 0.95625 0.11354166666666667 0.0265625 0.03333333333333333
1 0.7453125 0.5989583333333334 0.0140625 0.025
1 0.66796875 0.5052083333333334 0.0171875 0.01875
1 0.53671875 0.45208333333333334 0.0234375 0.025
1 0.14921875 0.8677083333333333 0.034375 0.035416666666666666
1 0.5703125 0.853125 0.021875 0.020833333333333332
1 0.27109375 0.4083333333333333 0.021875 0.022916666666666665
1 0.48046875 0.3885416666666667 0.0140625 0.022916666666666665
1 0.3796875 0.271875 0.021875 0.035416666666666666
1 0.51328125 0.7177083333333333 0.04375 0.06041666666666667
1 0.025 0.9385416666666667 0.05 0.08333333333333333
1 0.90625 0.7177083333333333 0.0703125 0.08333333333333333
0 0.7 0.103125 0.128125 0.20625
0 0.68203125 0.6364583333333333 0.14375 0.20208333333333334
0 0.73515625 0.9333333333333333 0.215625 0.13333333333333333
0 0.71796875 0.3572916666666667 0.19375 0.125