1 0.66953125 0.8041666666666667 0.034375 0.0375
1 0.92421875 0.011458333333333333 0.046875 0.022916666666666665
1 0.86171875 0.08020833333333334 0.0375 0.075
1 0.82578125 0.115625 0.0359375 0.04583333333333333
1 0.40703125 0.4635416666666667 0.0125 0.016666666666666666
1 0.89296875 0.14895833333333333 0.0328125 0.04791666666666667
1 0.375 0.465625 0.034375 0.05
1 0.321875 0.5 0.0234375 0.04583333333333333
1 0.52578125 0.25104166666666666 0.021875 0.025
1 0.490625 0.28854166666666664 0.03125 0.058333333333333334
1 0.4578125 0.3 0.0359375 0.04583333333333333
1 0.41328125 0.3770833333333333 0.028125 0.0375
1 0.8171875 0.6479166666666667 0.0328125 0.05625
1 0.66796875 0.7083333333333334 0.0453125 0.09375
1 0.73203125 0.6760416666666667 0.01875 0.03125
1 0.83828125 0.49166666666666664 0.028125 0.04375
1 0.81328125 0.515625 0.0265625 0.029166666666666667
1 0.875 0.584375 0.0265625 0.025
1 0.925 0.4947916666666667 0.021875 0.03125
1 0.965625 0.55625 0.06875 0.13125
1 0.92265625 0.621875 0.01875 0.025
1 0.90625 0.734375 0.08125 0.1125
1 0.9796875 0.7510416666666667 0.040625 0.07708333333333334
1 0.8890625 0.815625 0.0328125 0.05625
1 0.90859375 0.8729166666666667 0.0484375 0.058333333333333334
1 0.98984375 0.8385416666666666 0.0203125 0.0625
1 0.98671875 0.9020833333333333 0.0265625 0.025
1 0.8828125 0.9510416666666667 0.0453125 0.07916666666666666
1 0.796875 0.975 0.0296875 0.03125
1 0.6875 0.9708333333333333 0.03125 0.041666666666666664
1 0.8515625 0.6010416666666667 0.01875 0.03333333333333333
1 0.8078125 0.5822916666666667 0.065625 0.06458333333333334
1 0.74140625 0.634375 0.0234375 0.03333333333333333
1 0.70625 0.5989583333333334 0.0609375 0.052083333333333336
1 0.7203125 0.540625 0.0640625 0.06666666666666667
1 0.7515625 0.46041666666666664 0.04375 0.05416666666666667
1 0.7 0.45625 0.06875 0.0625
1 0.62734375 0.3885416666666667 0.01875 0.020833333333333332
1 0.58828125 0.384375 0.0296875 0.06458333333333334
1 0.82890625 0.3177083333333333 0.03125 0.03958333333333333
1 0.7390625 0.3177083333333333 0.0234375 0.029166666666666667
1 0.74296875 0.3802083333333333 0.025 0.0375
1 0.76484375 0.33645833333333336 0.04375 0.04375
1 0.9953125 0.346875 0.009375 0.016666666666666666
1 0.5796875 0.084375 0.01875 0.020833333333333332
1 0.45390625 0.159375 0.0140625 0.022916666666666665
1 0.4328125 0.005208333333333333 0.0390625 0.010416666666666666
1 0.7125 0.975 0.01875 0.05
1 0.25859375 0.4583333333333333 0.015625 0.014583333333333334
1 0.540625 0.940625 0.034375 0.0375
1 0.4625 0.9854166666666667 0.0328125 0.029166666666666667
1 0.38828125 0.9708333333333333 0.028125 0.03333333333333333
1 0.34140625 0.8760416666666667 0.0328125 0.03125
1 0.48046875 0.8010416666666667 0.0390625 0.03958333333333333
1 0.36796875 0.3729166666666667 0.03125 0.03125
1 0.29921875 0.46041666666666664 0.0140625 0.01875
1 0.44765625 0.7489583333333333 0.05625 0.06875
1 0.3453125 0.390625 0.015625 0.029166666666666667
1 0.50859375 0.7427083333333333 0.0625 0.05
1 0.51796875 0.696875 0.01875 0.027083333333333334
1 0.575 0.684375 0.046875 0.03958333333333333
1 0.21796875 0.715625 0.021875 0.03125
1 0.28359375 0.39166666666666666 0.021875 0.022916666666666665
1 0.32734375 0.34375 0.0265625 0.03125
1 0.36484375 0.32708333333333334 0.0234375 0.04375
1 0.390625 0.14270833333333333 0.0265625 0.022916666666666665
1 0.36640625 0.19270833333333334 0.0328125 0.05416666666666667
1 0.31953125 0.728125 0.021875 0.027083333333333334
1 0.40390625 0.6541666666666667 0.025 0.035416666666666666
0 0.5609375 0.9927083333333333 0.0921875 0.014583333333333334
0 0.7125 0.7614583333333333 0.4671875 0.4041666666666667
0 0.6 0.6072916666666667 0.134375 0.5416666666666666
0 0.66953125 0.20625 0.5015625 0.24791666666666667
0 0.6265625 0.04375 0.4328125 0.0875
1 0.4859375 0.38333333333333336 0.04375 0.05625
1 0.0359375 0.05416666666666667 0.021875 0.03958333333333333
1 0.0078125 0.08854166666666667 0.015625 0.014583333333333334
1 0.16796875 0.017708333333333333 0.05 0.035416666666666666
1 0.13515625 0.058333333333333334 0.0234375 0.01875
1 0.121875 0.29270833333333335 0.034375 0.03958333333333333
1 0.09609375 0.2989583333333333 0.015625 0.03125
1 0.21484375 0.28125 0.01875 0.027083333333333334
1 0.47890625 0.5864583333333333 0.0609375 0.125
1 0.01640625 0.5322916666666667 0.021875 0.020833333333333332
1 0.09296875 0.9770833333333333 0.034375 0.0375
1 0.2921875 0.9291666666666667 0.0140625 0.0125
1 0.39765625 0.8864583333333333 0.0140625 0.0125
1 0.66171875 0.875 0.040625 0.06458333333333334
1 0.7265625 0.8208333333333333 0.0265625 0.035416666666666666
1 0.45625 0.43020833333333336 0.03125 0.03958333333333333