1 0.70234375 0.7541666666666667 0.03125 0.05
1 0.45 0.8020833333333334 0.025 0.03333333333333333
1 0.4953125 0.740625 0.01875 0.025
1 0.5046875 0.7802083333333333 0.0171875 0.03125
1 0.45 0.6645833333333333 0.025 0.035416666666666666
1 0.26328125 0.5583333333333333 0.028125 0.052083333333333336
1 0.26171875 0.4864583333333333 0.0171875 0.027083333333333334
1 0.34296875 0.5177083333333333 0.0171875 0.025
1 0.38828125 0.44375 0.028125 0.03125
1 0.29609375 0.37083333333333335 0.009375 0.010416666666666666
1 0.38046875 0.375 0.0140625 0.016666666666666666
1 0.88125 0.825 0.015625 0.01875
1 0.7453125 0.8333333333333334 0.0140625 0.027083333333333334
1 0.028125 0.409375 0.021875 0.025
1 0.69609375 0.3229166666666667 0.025 0.027083333333333334
1 0.71171875 0.47604166666666664 0.028125 0.020833333333333332
1 0.58671875 0.45208333333333334 0.028125 0.0375
1 0.565625 0.5625 0.0203125 0.0375
1 0.5390625 0.5427083333333333 0.01875 0.022916666666666665
1 0.51875 0.578125 0.015625 0.025
1 0.66484375 0.63125 0.0234375 0.03333333333333333
1 0.6203125 0.6145833333333334 0.040625 0.0375
1 0.10234375 0.017708333333333333 0.03125 0.035416666666666666
1 0.11328125 0.4510416666666667 0.0234375 0.03125
1 0.88359375 0.4635416666666667 0.025 0.035416666666666666
1 0.6 0.5854166666666667 0.0328125 0.0375
1 0.60234375 0.6572916666666667 0.0203125 0.025
1 0.5671875 0.65 0.0328125 0.03958333333333333
1 0.5375 0.675 0.01875 0.020833333333333332
1 0.58828125 0.721875 0.028125 0.027083333333333334
1 0.74140625 0.7083333333333334 0.0203125 0.020833333333333332
1 0.740625 0.7572916666666667 0.034375 0.04583333333333333
1 0.44140625 0.7489583333333333 0.021875 0.03333333333333333
1 0.66484375 0.7989583333333333 0.025 0.035416666666666666
1 0.6984375 0.840625 0.053125 0.0625
1 0.62109375 0.834375 0.046875 0.0375
1 0.55703125 0.771875 0.059375 0.06041666666666667
0 0.3421875 0.11145833333333334 0.1625 0.22291666666666668
0 0.3296875 0.409375 0.3359375 0.26458333333333334
0 0.31171875 0.7395833333333334 0.2578125 0.26875
0 0.3265625 0.9479166666666666 0.0484375 0.10416666666666667
1 0.11171875 0.39791666666666664 0.028125 0.03958333333333333
1 0.171875 0.365625 0.03125 0.03958333333333333
1 0.0140625 0.011458333333333333 0.028125 0.022916666666666665
1 0.08671875 0.084375 0.0296875 0.03958333333333333
1 0.2359375 0.2947916666666667 0.028125 0.014583333333333334
1 0.171875 0.225 0.0140625 0.022916666666666665
1 0.81328125 0.6177083333333333 0.025 0.027083333333333334
1 0.93046875 0.5864583333333333 0.0140625 0.03333333333333333
1 0.6359375 0.27395833333333336 0.0265625 0.03958333333333333
1 0.5421875 0.209375 0.046875 0.05416666666666667
1 0.4921875 0.2520833333333333 0.025 0.035416666666666666
1 0.4453125 0.2708333333333333 0.0390625 0.041666666666666664
1 0.3625 0.2552083333333333 0.0265625 0.04791666666666667
1 0.38828125 0.234375 0.0234375 0.020833333333333332
1 0.51484375 0.146875 0.021875 0.04375
1 0.49140625 0.1625 0.0171875 0.0125
1 0.475 0.13333333333333333 0.0140625 0.022916666666666665
1 0.61171875 0.209375 0.0234375 0.035416666666666666
1 0.6390625 0.058333333333333334 0.0203125 0.020833333333333332
1 0.6859375 0.04479166666666667 0.0171875 0.029166666666666667
1 0.82109375 0.290625 0.0234375 0.027083333333333334
1 0.840625 0.27395833333333336 0.0203125 0.022916666666666665
1 0.94375 0.35 0.040625 0.03958333333333333
1 0.9859375 0.43333333333333335 0.028125 0.03333333333333333
1 0.8859375 0.09166666666666666 0.028125 0.020833333333333332
1 0.81796875 0.15833333333333333 0.0125 0.01875
1 0.5125 0.009375 0.015625 0.01875
1 0.08984375 0.25625 0.04375 0.05416666666666667
1 0.14453125 0.33229166666666665 0.0421875 0.041666666666666664
1 0.20859375 0.3572916666666667 0.021875 0.022916666666666665
1 0.16328125 0.4197916666666667 0.0265625 0.03958333333333333
1 0.14921875 0.48125 0.0265625 0.035416666666666666
1 0.13671875 0.55625 0.028125 0.027083333333333334
1 0.08671875 0.5270833333333333 0.028125 0.01875
1 0.09375 0.640625 0.0140625 0.020833333333333332
1 0.13203125 0.7239583333333334 0.040625 0.05416666666666667
1 0.1875 0.7302083333333333 0.028125 0.03958333333333333
1 0.2390625 0.690625 0.025 0.029166666666666667
1 0.27578125 0.709375 0.025 0.027083333333333334
1 0.3046875 0.6520833333333333 0.015625 0.022916666666666665
1 0.22265625 0.8625 0.0265625 0.03958333333333333
1 0.1734375 0.9416666666666667 0.025 0.020833333333333332
1 0.21328125 0.915625 0.0296875 0.022916666666666665
1 0.0859375 0.9854166666666667 0.028125 0.01875
1 0.02890625 0.9395833333333333 0.0125 0.01875
1 0.421875 0.9447916666666667 0.0265625 0.029166666666666667
1 0.453125 0.9416666666666667 0.0171875 0.020833333333333332
1 0.5296875 0.9166666666666666 0.0421875 0.058333333333333334
1 0.58671875 0.9104166666666667 0.0171875 0.027083333333333334