1 0.772265625 0.35 0.021875 0.05
1 0.80234375 0.3111111111111111 0.0328125 0.09027777777777778
1 0.84375 0.12152777777777778 0.00859375 0.020833333333333332
1 0.872265625 0.16111111111111112 0.01640625 0.04722222222222222
1 0.93515625 0.24444444444444444 0.01640625 0.03611111111111111
1 0.962890625 0.2923611111111111 0.01328125 0.027777777777777776
1 0.9796875 0.4395833333333333 0.0265625 0.043055555555555555
1 0.9484375 0.5548611111111111 0.03359375 0.06944444444444445
1 0.933203125 0.4736111111111111 0.01484375 0.020833333333333332
1 0.87890625 0.47847222222222224 0.03515625 0.06388888888888888
1 0.8671875 0.5673611111111111 0.01875 0.030555555555555555
1 0.860546875 0.5222222222222223 0.03515625 0.059722222222222225
1 0.805078125 0.5645833333333333 0.05703125 0.08611111111111111
1 0.5875 0.4215277777777778 0.02421875 0.04861111111111111
1 0.55 0.40347222222222223 0.01875 0.027777777777777776
1 0.483984375 0.5291666666666667 0.0421875 0.04722222222222222
1 0.649609375 0.5381944444444444 0.01640625 0.02361111111111111
1 0.6046875 0.5618055555555556 0.015625 0.025
1 0.491796875 0.6625 0.01328125 0.022222222222222223
1 0.540234375 0.6534722222222222 0.0171875 0.041666666666666664
1 0.6015625 0.6993055555555555 0.0203125 0.05
1 0.615625 0.6833333333333333 0.01484375 0.034722222222222224
1 0.713671875 0.6777777777777778 0.0203125 0.027777777777777776
1 0.794921875 0.6298611111111111 0.01875 0.034722222222222224
1 0.887109375 0.6708333333333333 0.0359375 0.05277777777777778
1 0.88203125 0.9020833333333333 0.03359375 0.06944444444444445
1 0.813671875 0.8430555555555556 0.02578125 0.04722222222222222
1 0.81796875 0.7979166666666667 0.0125 0.02361111111111111
1 0.8 0.8097222222222222 0.0109375 0.025
1 0.717578125 0.8388888888888889 0.03515625 0.043055555555555555
1 0.68125 0.9819444444444444 0.01875 0.03611111111111111
1 0.656640625 0.975 0.0265625 0.05
1 0.587109375 0.8444444444444444 0.01875 0.041666666666666664
1 0.227734375 0.9833333333333333 0.0265625 0.03333333333333333
1 0.17265625 0.9715277777777778 0.00859375 0.025
1 0.064453125 0.9395833333333333 0.01875 0.04722222222222222
1 0.186328125 0.7520833333333333 0.01015625 0.013888888888888888
1 0.33671875 0.7826388888888889 0.01171875 0.019444444444444445
1 0.2328125 0.8395833333333333 0.01015625 0.02638888888888889
1 0.172265625 0.8548611111111111 0.01484375 0.027777777777777776
1 0.1859375 0.8388888888888889 0.0234375 0.03333333333333333
1 0.138671875 0.8145833333333333 0.0265625 0.04027777777777778
1 0.29453125 0.6381944444444444 0.01171875 0.015277777777777777
1 0.24453125 0.6506944444444445 0.01875 0.027777777777777776
1 0.203515625 0.5756944444444444 0.01796875 0.025
1 0.173046875 0.45555555555555555 0.01484375 0.019444444444444445
1 0.161328125 0.5298611111111111 0.0171875 0.034722222222222224
1 0.284765625 0.4875 0.02265625 0.041666666666666664
1 0.196484375 0.3298611111111111 0.0265625 0.03333333333333333
1 0.262109375 0.35 0.0265625 0.029166666666666667
1 0.26015625 0.31319444444444444 0.01953125 0.03611111111111111
1 0.223828125 0.28888888888888886 0.0125 0.02361111111111111
1 0.341796875 0.20069444444444445 0.0203125 0.03611111111111111
1 0.32890625 0.12708333333333333 0.00625 0.019444444444444445
1 0.247265625 0.17152777777777778 0.0140625 0.03611111111111111
1 0.2828125 0.09583333333333334 0.0140625 0.022222222222222223
1 0.2359375 0.07152777777777777 0.009375 0.030555555555555555
1 0.19921875 0.021527777777777778 0.01796875 0.043055555555555555
1 0.1265625 0.04791666666666667 0.015625 0.03194444444444444
1 0.062890625 0.013888888888888888 0.01953125 0.027777777777777776
0 0.6375 0.08680555555555555 0.06953125 0.1736111111111111
0 0.67421875 0.17222222222222222 0.0765625 0.34444444444444444
0 0.724609375 0.3458333333333333 0.21796875 0.45416666666666666
0 0.691796875 0.5888888888888889 0.13203125 0.5638888888888889
0 0.682421875 0.7805555555555556 0.20703125 0.3611111111111111
0 0.214453125 0.9270833333333334 0.0890625 0.14583333333333334
0 0.109375 0.6305555555555555 0.15078125 0.49027777777777776
0 0.131640625 0.46597222222222223 0.24375 0.16666666666666666
0 0.103125 0.14444444444444443 0.20390625 0.28888888888888886
1 0.720703125 0.17708333333333334 0.0171875 0.02638888888888889
1 0.7109375 0.12291666666666666 0.02109375 0.019444444444444445
1 0.560546875 0.010416666666666666 0.01953125 0.020833333333333332
1 0.546484375 0.03333333333333333 0.0125 0.019444444444444445
1 0.612890625 0.04513888888888889 0.01875 0.03888888888888889
1 0.62890625 0.07361111111111111 0.03046875 0.04722222222222222
1 0.616796875 0.21875 0.04453125 0.07916666666666666
1 0.65078125 0.3416666666666667 0.02890625 0.05416666666666667
1 0.600390625 0.36944444444444446 0.01328125 0.034722222222222224
1 0.545703125 0.34444444444444444 0.0296875 0.059722222222222225
1 0.652734375 0.47847222222222224 0.00859375 0.030555555555555555
1 0.426171875 0.2701388888888889 0.01796875 0.018055555555555554
1 0.410546875 0.28402777777777777 0.00859375 0.0125
1 0.141015625 0.5666666666666667 0.0078125 0.034722222222222224