1 0.47109375 0.8215277777777777 0.0203125 0.027777777777777776
1 0.867578125 0.24305555555555555 0.0125 0.022222222222222223
1 0.865625 0.95 0.053125 0.09305555555555556
1 0.821875 0.10486111111111111 0.0171875 0.03194444444444444
1 0.960546875 0.175 0.0421875 0.05555555555555555
0 0.0765625 0.91875 0.153125 0.15694444444444444
1 0.80859375 0.22777777777777777 0.01875 0.03888888888888889
1 0.877734375 0.8972222222222223 0.01796875 0.02638888888888889
1 0.90703125 0.60625 0.0125 0.03194444444444444
0 0.6265625 0.20555555555555555 0.2734375 0.32222222222222224
1 0.23984375 0.5263888888888889 0.015625 0.034722222222222224
1 0.5734375 0.39166666666666666 0.0390625 0.06805555555555555
1 0.740625 0.9805555555555555 0.02890625 0.03611111111111111
1 0.38046875 0.30625 0.0140625 0.022222222222222223
1 0.5359375 0.6013888888888889 0.03828125 0.06805555555555555
1 0.902734375 0.19583333333333333 0.02578125 0.041666666666666664
1 0.856640625 0.19722222222222222 0.01328125 0.025
1 0.558984375 0.15833333333333333 0.01640625 0.05416666666666667
1 0.54375 0.4965277777777778 0.015625 0.027777777777777776
1 0.789453125 0.34305555555555556 0.01328125 0.030555555555555555
1 0.927734375 0.3111111111111111 0.02578125 0.04722222222222222
1 0.85390625 0.6486111111111111 0.02109375 0.043055555555555555
1 0.04453125 0.4354166666666667 0.0296875 0.041666666666666664
1 0.7203125 0.8493055555555555 0.0140625 0.029166666666666667
1 0.07890625 0.24375 0.0203125 0.03333333333333333
1 0.933984375 0.5173611111111112 0.0125 0.022222222222222223
1 0.933984375 0.9111111111111111 0.01484375 0.03333333333333333
1 0.814453125 0.17847222222222223 0.01875 0.03888888888888889
1 0.0625 0.3125 0.0328125 0.05416666666666667
1 0.7921875 0.6319444444444444 0.0421875 0.09583333333333334
0 0.65625 0.08263888888888889 0.2375 0.16527777777777777
1 0.901953125 0.6527777777777778 0.01640625 0.02638888888888889
1 0.64296875 0.2923611111111111 0.02421875 0.05
1 0.729296875 0.9444444444444444 0.01328125 0.025
1 0.4109375 0.9208333333333333 0.01640625 0.03611111111111111
1 0.765234375 0.2520833333333333 0.02109375 0.043055555555555555
1 0.746875 0.5652777777777778 0.04140625 0.058333333333333334
0 0.070703125 0.08472222222222223 0.1203125 0.16944444444444445
1 0.578515625 0.1798611111111111 0.01796875 0.03333333333333333
1 0.680078125 0.5590277777777778 0.03046875 0.04027777777777778
0 0.073046875 0.13819444444444445 0.125 0.26666666666666666
1 0.62734375 0.8118055555555556 0.0109375 0.020833333333333332
1 0.616796875 0.4076388888888889 0.0328125 0.04583333333333333
1 0.88046875 0.7638888888888888 0.01015625 0.02361111111111111
1 0.756640625 0.09583333333333334 0.0171875 0.03333333333333333
1 0.684375 0.9895833333333334 0.03828125 0.016666666666666666
1 0.569140625 0.6305555555555555 0.0171875 0.020833333333333332
1 0.801953125 0.9201388888888888 0.01484375 0.022222222222222223
1 0.78125 0.5215277777777778 0.02578125 0.044444444444444446
1 0.462109375 0.7173611111111111 0.02421875 0.06944444444444445
1 0.521875 0.17430555555555555 0.05234375 0.10972222222222222
1 0.650390625 0.8131944444444444 0.02890625 0.04583333333333333
1 0.737109375 0.8236111111111111 0.01640625 0.02361111111111111
1 0.012890625 0.14791666666666667 0.02421875 0.044444444444444446
1 0.119140625 0.16527777777777777 0.0125 0.02638888888888889
1 0.571484375 0.95 0.01875 0.03611111111111111
0 0.61796875 0.48541666666666666 0.1609375 0.18333333333333332
0 0.0796875 0.2423611111111111 0.159375 0.18611111111111112
1 0.676953125 0.9381944444444444 0.015625 0.025
1 0.180859375 0.5631944444444444 0.02578125 0.044444444444444446
1 0.18125 0.5125 0.02421875 0.027777777777777776
0 0.112109375 0.7972222222222223 0.22109375 0.23333333333333334
1 0.991796875 0.8861111111111111 0.01015625 0.029166666666666667
1 0.762109375 0.46875 0.02265625 0.03888888888888889
1 0.57109375 0.6729166666666667 0.0203125 0.05277777777777778
0 0.099609375 0.5652777777777778 0.19609375 0.14027777777777778
1 0.95 0.7465277777777778 0.03984375 0.05138888888888889
1 0.85234375 0.26875 0.02734375 0.05138888888888889
1 0.840234375 0.9 0.0171875 0.0375
1 0.57734375 0.5979166666666667 0.01171875 0.025
0 0.604296875 0.8819444444444444 0.11953125 0.22916666666666666
1 0.082421875 0.11736111111111111 0.01484375 0.027777777777777776
1 0.6609375 0.3451388888888889 0.028125 0.0625
1 0.012890625 0.06527777777777778 0.02578125 0.06666666666666667
1 0.431640625 0.9465277777777777 0.01484375 0.025
1 0.55625 0.9826388888888888 0.021875 0.03333333333333333
1 0.804296875 0.8868055555555555 0.01640625 0.02638888888888889
1 0.17578125 0.6993055555555555 0.01796875 0.03333333333333333
1 0.83828125 0.20555555555555555 0.0203125 0.030555555555555555
1 0.397265625 0.11041666666666666 0.0171875 0.022222222222222223
1 0.909765625 0.1076388888888889 0.0203125 0.034722222222222224
1 0.631640625 0.5909722222222222 0.03515625 0.05138888888888889
1 0.20390625 0.46805555555555556 0.01640625 0.027777777777777776