1 0.69609375 0.3347222222222222 0.0234375 0.04861111111111111
1 0.74453125 0.3576388888888889 0.01171875 0.022222222222222223
1 0.7625 0.39305555555555555 0.01875 0.03333333333333333
1 0.761328125 0.35694444444444445 0.01953125 0.03194444444444444
1 0.769921875 0.30833333333333335 0.02734375 0.06944444444444445
1 0.740234375 0.29930555555555555 0.0171875 0.02638888888888889
1 0.581640625 0.2798611111111111 0.0203125 0.04722222222222222
1 0.670703125 0.2722222222222222 0.01953125 0.03611111111111111
1 0.69765625 0.23541666666666666 0.01953125 0.03194444444444444
1 0.478125 0.034722222222222224 0.053125 0.06388888888888888
1 0.60234375 0.0125 0.02265625 0.025
1 0.6609375 0.041666666666666664 0.01953125 0.041666666666666664
1 0.71953125 0.034027777777777775 0.01484375 0.02638888888888889
1 0.73203125 0.12986111111111112 0.02109375 0.0375
1 0.801171875 0.16111111111111112 0.03203125 0.08611111111111111
1 0.84453125 0.29583333333333334 0.025 0.04027777777777778
1 0.878515625 0.23125 0.0328125 0.08333333333333333
1 0.899609375 0.18888888888888888 0.01484375 0.03194444444444444
1 0.903125 0.22777777777777777 0.01796875 0.030555555555555555
1 0.880078125 0.13055555555555556 0.01640625 0.02361111111111111
1 0.77890625 0.013888888888888888 0.01796875 0.027777777777777776
1 0.83359375 0.05277777777777778 0.02265625 0.044444444444444446
1 0.866796875 0.02361111111111111 0.02265625 0.04722222222222222
1 0.784375 0.4888888888888889 0.0234375 0.041666666666666664
1 0.81796875 0.49375 0.0296875 0.06111111111111111
1 0.78984375 0.5270833333333333 0.0296875 0.03333333333333333
1 0.792578125 0.6111111111111112 0.02421875 0.030555555555555555
1 0.808203125 0.65625 0.0171875 0.04027777777777778
1 0.758984375 0.6486111111111111 0.0171875 0.02638888888888889
1 0.707421875 0.68125 0.025 0.05694444444444444
1 0.73203125 0.7152777777777778 0.0203125 0.04027777777777778
1 0.734375 0.7590277777777777 0.015625 0.029166666666666667
1 0.73125 0.7881944444444444 0.0140625 0.02638888888888889
1 0.708203125 0.74375 0.0171875 0.02638888888888889
1 0.66484375 0.75625 0.009375 0.022222222222222223
1 0.698828125 0.8923611111111112 0.02734375 0.05694444444444444
1 0.723828125 0.8666666666666667 0.01171875 0.029166666666666667
1 0.748828125 0.85625 0.01640625 0.029166666666666667
1 0.743359375 0.8958333333333334 0.015625 0.030555555555555555
1 0.683984375 0.9902777777777778 0.01796875 0.019444444444444445
1 0.61875 0.9881944444444445 0.0265625 0.02361111111111111
1 0.771875 0.9923611111111111 0.015625 0.015277777777777777
1 0.798828125 0.9604166666666667 0.025 0.0625
1 0.813671875 0.7618055555555555 0.0203125 0.03611111111111111
1 0.805078125 0.7930555555555555 0.01796875 0.034722222222222224
1 0.891015625 0.7368055555555556 0.0375 0.058333333333333334
1 0.9625 0.5375 0.021875 0.04027777777777778
1 0.880859375 0.3729166666666667 0.01328125 0.020833333333333332
1 0.46640625 0.4534722222222222 0.0359375 0.05
1 0.440234375 0.4909722222222222 0.009375 0.020833333333333332
1 0.386328125 0.3541666666666667 0.0265625 0.043055555555555555
1 0.40390625 0.3784722222222222 0.01875 0.02638888888888889
1 0.05234375 0.33125 0.01875 0.03611111111111111
1 0.06875 0.3715277777777778 0.0390625 0.03611111111111111
1 0.057421875 0.4201388888888889 0.02109375 0.0375
1 0.053125 0.4673611111111111 0.0203125 0.03888888888888889
1 0.070703125 0.47847222222222224 0.0109375 0.02638888888888889
1 0.0625 0.6652777777777777 0.02890625 0.07222222222222222
1 0.042578125 0.7347222222222223 0.025 0.044444444444444446
1 0.101953125 0.7027777777777777 0.053125 0.10833333333333334
1 0.1375 0.7111111111111111 0.02578125 0.04861111111111111
1 0.087890625 0.9451388888888889 0.02890625 0.05
1 0.07421875 0.9888888888888889 0.01640625 0.022222222222222223
1 0.14296875 0.9284722222222223 0.0234375 0.04861111111111111
1 0.1703125 0.9548611111111112 0.01015625 0.030555555555555555
1 0.187890625 0.9555555555555556 0.0140625 0.02361111111111111
1 0.18984375 0.9895833333333334 0.01796875 0.020833333333333332
1 0.0921875 0.8784722222222222 0.01953125 0.02638888888888889
1 0.15625 0.7958333333333333 0.03125 0.04722222222222222
1 0.198828125 0.8888888888888888 0.02109375 0.029166666666666667
1 0.240234375 0.8152777777777778 0.02890625 0.06527777777777778
1 0.182421875 0.6423611111111112 0.0109375 0.027777777777777776
1 0.2 0.6118055555555556 0.01015625 0.025
1 0.0375 0.5847222222222223 0.0125 0.018055555555555554
1 0.22890625 0.5208333333333334 0.01171875 0.02361111111111111
1 0.169921875 0.34305555555555556 0.03671875 0.08888888888888889
1 0.159765625 0.4041666666666667 0.021875 0.041666666666666664
1 0.197265625 0.47291666666666665 0.01640625 0.016666666666666666
1 0.075390625 0.4048611111111111 0.0109375 0.009722222222222222
1 0.04296875 0.26319444444444445 0.01640625 0.030555555555555555
1 0.06953125 0.23125 0.0328125 0.043055555555555555
1 0.06875 0.18333333333333332 0.01640625 0.034722222222222224
1 0.00703125 0.11875 0.0140625 0.020833333333333332
1 0.053515625 0.12013888888888889 0.0109375 0.022222222222222223
1 0.073828125 0.09930555555555555 0.0140625 0.027777777777777776
1 0.103515625 0.029861111111111113 0.02578125 0.059722222222222225
1 0.167578125 0.011111111111111112 0.0625 0.022222222222222223
1 0.17734375 0.05138888888888889 0.0234375 0.059722222222222225
1 0.18046875 0.10208333333333333 0.0140625 0.02638888888888889
1 0.167578125 0.2361111111111111 0.01640625 0.030555555555555555
1 0.530859375 0.9430555555555555 0.01328125 0.018055555555555554
1 0.43046875 0.9951388888888889 0.01015625 0.009722222222222222
1 0.55625 0.17430555555555555 0.01171875 0.02361111111111111
1 0.053125 0.8458333333333333 0.01484375 0.02638888888888889
1 0.2 0.7701388888888889 0.01171875 0.022222222222222223
0 0.095703125 0.7805555555555556 0.19140625 0.1597222222222222
0 0.0796875 0.07847222222222222 0.10234375 0.15694444444444444
0 0.11328125 0.22777777777777777 0.14296875 0.21944444444444444
1 0.674609375 0.5222222222222223 0.01484375 0.022222222222222223
1 0.708203125 0.5111111111111111 0.01953125 0.04722222222222222
1 0.70078125 0.5638888888888889 0.040625 0.07916666666666666
1 0.630859375 0.6125 0.015625 0.02361111111111111
1 0.63125 0.5631944444444444 0.02890625 0.06388888888888888
1 0.533203125 0.7131944444444445 0.02109375 0.034722222222222224
1 0.584765625 0.8368055555555556 0.01328125 0.025
1 0.605859375 0.8215277777777777 0.0125 0.022222222222222223
1 0.601953125 0.7979166666666667 0.015625 0.03333333333333333
1 0.57890625 0.7930555555555555 0.0359375 0.05416666666666667
1 0.462890625 0.9145833333333333 0.01171875 0.013888888888888888
1 0.477734375 0.9944444444444445 0.009375 0.011111111111111112
1 0.58203125 0.225 0.01875 0.03194444444444444
1 0.51953125 0.23819444444444443 0.05625 0.09861111111111111
1 0.48671875 0.24305555555555555 0.01328125 0.03194444444444444
1 0.4203125 0.2965277777777778 0.01328125 0.022222222222222223
1 0.528515625 0.8979166666666667 0.0171875 0.02638888888888889
1 0.508203125 0.8208333333333333 0.0578125 0.0763888888888889
0 0.138671875 0.9513888888888888 0.059375 0.09722222222222222
0 0.59765625 0.9277777777777778 0.13046875 0.14444444444444443
0 0.669921875 0.7840277777777778 0.1171875 0.43194444444444446
0 0.615234375 0.39791666666666664 0.10625 0.42777777777777776
0 0.599609375 0.2777777777777778 0.10546875 0.48194444444444445
0 0.607421875 0.12152777777777778 0.28671875 0.175
0 0.591015625 0.04791666666666667 0.03203125 0.09583333333333334
1 0.436328125 0.8777777777777778 0.025 0.05277777777777778
1 0.426171875 0.9166666666666666 0.06015625 0.06527777777777778
1 0.4171875 0.8479166666666667 0.015625 0.03194444444444444
1 0.413671875 0.7555555555555555 0.0265625 0.06527777777777778
1 0.446484375 0.7027777777777777 0.02109375 0.03333333333333333
1 0.43828125 0.6381944444444444 0.01328125 0.02638888888888889
0 0.11015625 0.5694444444444444 0.134375 0.20972222222222223
1 0.40859375 0.6618055555555555 0.028125 0.10972222222222222
1 0.48828125 0.6729166666666667 0.03984375 0.14305555555555555
1 0.549609375 0.5784722222222223 0.03984375 0.0763888888888889
1 0.509765625 0.5493055555555556 0.03359375 0.06388888888888888
1 0.554296875 0.4930555555555556 0.02890625 0.05138888888888889
1 0.564453125 0.41180555555555554 0.04609375 0.1125
1 0.575 0.3298611111111111 0.02578125 0.05277777777777778
1 0.4109375 0.14305555555555555 0.05703125 0.11666666666666667
1 0.476171875 0.13194444444444445 0.0390625 0.05416666666666667
1 0.5046875 0.1284722222222222 0.025 0.03611111111111111
1 0.490234375 0.1763888888888889 0.021875 0.044444444444444446
1 0.427734375 0.22083333333333333 0.03046875 0.04861111111111111
1 0.38828125 0.20347222222222222 0.01796875 0.030555555555555555
1 0.405078125 0.21597222222222223 0.01328125 0.018055555555555554
1 0.4546875 0.27708333333333335 0.02734375 0.044444444444444446
1 0.696875 0.47152777777777777 0.0203125 0.03333333333333333
1 0.665625 0.4340277777777778 0.04609375 0.09583333333333334
1 0.67109375 0.38958333333333334 0.015625 0.025