1 0.8359375 0.035416666666666666 0.02109375 0.058333333333333334
1 0.023046875 0.21319444444444444 0.0234375 0.04722222222222222
1 0.028125 0.2625 0.01796875 0.03888888888888889
1 0.13359375 0.01597222222222222 0.0140625 0.02361111111111111
1 0.126171875 0.08263888888888889 0.009375 0.019444444444444445
1 0.114453125 0.12569444444444444 0.00859375 0.015277777777777777
1 0.179296875 0.28402777777777777 0.01328125 0.022222222222222223
1 0.01953125 0.30972222222222223 0.00859375 0.020833333333333332
1 0.03359375 0.32708333333333334 0.01875 0.016666666666666666
1 0.016015625 0.45416666666666666 0.03203125 0.07916666666666666
1 0.013671875 0.5402777777777777 0.02734375 0.03333333333333333
1 0.109765625 0.4708333333333333 0.02265625 0.03888888888888889
1 0.10625 0.5104166666666666 0.009375 0.018055555555555554
1 0.14140625 0.5097222222222222 0.02578125 0.043055555555555555
1 0.1484375 0.5472222222222223 0.009375 0.02361111111111111
1 0.090625 0.5715277777777777 0.01171875 0.013888888888888888
1 0.09296875 0.5972222222222222 0.01484375 0.020833333333333332
1 0.079296875 0.5902777777777778 0.009375 0.013888888888888888
1 0.080859375 0.6236111111111111 0.01640625 0.03333333333333333
1 0.112890625 0.7576388888888889 0.01171875 0.025
1 0.094140625 0.7986111111111112 0.015625 0.034722222222222224
1 0.13984375 0.9493055555555555 0.01015625 0.02361111111111111
1 0.11640625 0.9229166666666667 0.01484375 0.030555555555555555
1 0.38984375 0.7847222222222222 0.01796875 0.02638888888888889
1 0.5875 0.8534722222222222 0.025 0.041666666666666664
1 0.645703125 0.9173611111111111 0.02109375 0.044444444444444446
1 0.76875 0.9902777777777778 0.0140625 0.019444444444444445
1 0.851171875 0.7666666666666667 0.02890625 0.07916666666666666
1 0.876953125 0.7409722222222223 0.01484375 0.027777777777777776
1 0.8140625 0.6972222222222222 0.02890625 0.05555555555555555
1 0.816796875 0.5583333333333333 0.00859375 0.016666666666666666
1 0.973828125 0.5284722222222222 0.05234375 0.1111111111111111
1 0.98671875 0.6277777777777778 0.0265625 0.10416666666666667
1 0.978515625 0.34930555555555554 0.02578125 0.07361111111111111
1 0.950390625 0.2972222222222222 0.015625 0.022222222222222223
1 0.98125 0.16180555555555556 0.01015625 0.016666666666666666
1 0.958203125 0.13541666666666666 0.0125 0.02361111111111111
1 0.940625 0.020833333333333332 0.01875 0.041666666666666664
1 0.905859375 0.011111111111111112 0.0171875 0.022222222222222223
1 0.68828125 0.06527777777777778 0.01875 0.025
1 0.695703125 0.1111111111111111 0.03125 0.03888888888888889
1 0.551953125 0.09861111111111111 0.0265625 0.030555555555555555
1 0.532421875 0.029861111111111113 0.0125 0.022222222222222223
1 0.53671875 0.2 0.01875 0.041666666666666664
1 0.459375 0.26180555555555557 0.0125 0.019444444444444445
1 0.477734375 0.2611111111111111 0.01484375 0.02638888888888889
1 0.585546875 0.18472222222222223 0.02265625 0.04722222222222222
1 0.455859375 0.3861111111111111 0.00625 0.013888888888888888
1 0.53046875 0.5659722222222222 0.0171875 0.029166666666666667
1 0.574609375 0.6444444444444445 0.01953125 0.03333333333333333
1 0.4203125 0.6111111111111112 0.02109375 0.027777777777777776
1 0.630078125 0.4548611111111111 0.02421875 0.05138888888888889
1 0.6765625 0.4131944444444444 0.01328125 0.025
1 0.70546875 0.4479166666666667 0.03984375 0.10416666666666667
1 0.18515625 0.6451388888888889 0.02265625 0.04861111111111111
1 0.23515625 0.7097222222222223 0.01640625 0.02638888888888889
1 0.215234375 0.5979166666666667 0.01953125 0.027777777777777776
1 0.204296875 0.013194444444444444 0.015625 0.02638888888888889
1 0.2171875 0.027777777777777776 0.01328125 0.025
1 0.15625 0.7590277777777777 0.02734375 0.030555555555555555
1 0.95859375 0.8361111111111111 0.01171875 0.025
0 0.556640625 0.09097222222222222 0.24921875 0.18194444444444444
0 0.564453125 0.31805555555555554 0.1234375 0.4444444444444444
0 0.616796875 0.6006944444444444 0.16953125 0.39861111111111114
0 0.57578125 0.7930555555555555 0.12890625 0.25277777777777777
0 0.984375 0.9611111111111111 0.03125 0.07777777777777778
0 0.65859375 0.9506944444444444 0.2609375 0.09861111111111111
0 0.089453125 0.9486111111111111 0.17890625 0.10277777777777777
0 0.050390625 0.6986111111111111 0.10078125 0.22083333333333333
0 0.044140625 0.1527777777777778 0.07890625 0.3055555555555556