0 0.094921875 0.3375 0.18984375 0.3055555555555556
1 0.235546875 0.9631944444444445 0.01640625 0.022222222222222223
1 0.2046875 0.8625 0.0234375 0.03611111111111111
1 0.224609375 0.8145833333333333 0.03828125 0.05694444444444444
1 0.272265625 0.8069444444444445 0.034375 0.03888888888888889
1 0.2890625 0.8381944444444445 0.03203125 0.04027777777777778
1 0.400390625 0.8888888888888888 0.028125 0.05138888888888889
1 0.141796875 0.6111111111111112 0.02109375 0.029166666666666667
1 0.178515625 0.48541666666666666 0.01328125 0.025
1 0.175390625 0.3798611111111111 0.01875 0.025
1 0.133984375 0.1763888888888889 0.0203125 0.04722222222222222
1 0.094921875 0.1 0.01640625 0.02361111111111111
1 0.18125 0.11458333333333333 0.0359375 0.05138888888888889
1 0.248046875 0.1736111111111111 0.02265625 0.0375
1 0.260546875 0.06597222222222222 0.02421875 0.04583333333333333
1 0.441015625 0.05625 0.05078125 0.1125
1 0.403515625 0.075 0.0109375 0.02638888888888889
1 0.387890625 0.09791666666666667 0.01015625 0.02361111111111111
1 0.362109375 0.1625 0.01484375 0.02638888888888889
1 0.374609375 0.19791666666666666 0.02109375 0.029166666666666667
1 0.584375 0.1597222222222222 0.03203125 0.10833333333333334
1 0.5734375 0.33611111111111114 0.0296875 0.058333333333333334
1 0.481640625 0.38819444444444445 0.01484375 0.03333333333333333
1 0.61796875 0.45555555555555555 0.021875 0.04722222222222222
1 0.43125 0.5388888888888889 0.0171875 0.03194444444444444
1 0.488671875 0.58125 0.0140625 0.025
1 0.609765625 0.7972222222222223 0.021875 0.044444444444444446
1 0.717578125 0.6791666666666667 0.02109375 0.030555555555555555
1 0.794140625 0.8229166666666666 0.0296875 0.06944444444444445
1 0.86015625 0.9722222222222222 0.0234375 0.043055555555555555
1 0.994140625 0.8506944444444444 0.01171875 0.03333333333333333
1 0.992578125 0.8034722222222223 0.01484375 0.030555555555555555
1 0.916015625 0.6159722222222223 0.01875 0.02361111111111111
1 0.985546875 0.3284722222222222 0.0125 0.02361111111111111
1 0.83671875 0.22083333333333333 0.02265625 0.04027777777777778
1 0.99140625 0.12291666666666666 0.01640625 0.0375
1 0.89375 0.09305555555555556 0.02265625 0.06111111111111111
1 0.821875 0.07916666666666666 0.06015625 0.09444444444444444
0 0.09609375 0.49375 0.1921875 0.4722222222222222
0 0.08046875 0.06458333333333334 0.1609375 0.12916666666666668
0 0.717578125 0.8604166666666667 0.26875 0.2791666666666667
0 0.66484375 0.5715277777777777 0.2578125 0.33194444444444443
0 0.67265625 0.4048611111111111 0.146875 0.5513888888888889
0 0.676171875 0.2791666666666667 0.16171875 0.5152777777777777
0 0.68828125 0.14722222222222223 0.1046875 0.29444444444444445
0 0.105078125 0.7895833333333333 0.1828125 0.42083333333333334