1 0.607421875 0.6263888888888889 0.01015625 0.020833333333333332
1 0.7046875 0.59375 0.0078125 0.022222222222222223
1 0.66484375 0.5645833333333333 0.01328125 0.03194444444444444
1 0.638671875 0.5652777777777778 0.015625 0.027777777777777776
1 0.598828125 0.4909722222222222 0.01875 0.04861111111111111
1 0.584375 0.4375 0.0421875 0.12222222222222222
1 0.68125 0.3645833333333333 0.0140625 0.019444444444444445
1 0.8125 0.07708333333333334 0.01015625 0.019444444444444445
1 0.71875 0.18819444444444444 0.01328125 0.025
1 0.902734375 0.20347222222222222 0.0125 0.02361111111111111
1 0.890234375 0.2965277777777778 0.053125 0.0875
1 0.96875 0.27361111111111114 0.01796875 0.04027777777777778
1 0.93359375 0.3638888888888889 0.01640625 0.04027777777777778
1 0.993359375 0.3784722222222222 0.01328125 0.03194444444444444
1 0.990625 0.5020833333333333 0.01875 0.06527777777777778
1 0.881640625 0.6736111111111112 0.01953125 0.03611111111111111
1 0.9546875 0.6569444444444444 0.01484375 0.03194444444444444
1 0.9796875 0.6652777777777777 0.040625 0.09305555555555556
1 0.953125 0.7666666666666667 0.03515625 0.058333333333333334
1 0.85703125 0.8395833333333333 0.01015625 0.019444444444444445
1 0.93984375 0.925 0.0125 0.016666666666666666
1 0.94140625 0.8180555555555555 0.02421875 0.03611111111111111
1 0.89375 0.9861111111111112 0.0265625 0.027777777777777776
1 0.712890625 0.7527777777777778 0.06484375 0.14722222222222223
1 0.820703125 0.6375 0.02890625 0.06666666666666667
1 0.5875 0.6833333333333333 0.015625 0.0375
1 0.709765625 0.9166666666666666 0.028125 0.05555555555555555
1 0.158984375 0.9006944444444445 0.0265625 0.030555555555555555
1 0.255859375 0.9548611111111112 0.0109375 0.02638888888888889
1 0.051171875 0.7229166666666667 0.015625 0.03333333333333333
1 0.138671875 0.8659722222222223 0.02109375 0.034722222222222224
1 0.1890625 0.8236111111111111 0.01875 0.041666666666666664
1 0.342578125 0.7229166666666667 0.015625 0.044444444444444446
1 0.240234375 0.7284722222222222 0.02578125 0.06944444444444445
1 0.229296875 0.6722222222222223 0.0203125 0.03333333333333333
1 0.223828125 0.61875 0.02421875 0.027777777777777776
1 0.144921875 0.41041666666666665 0.0140625 0.027777777777777776
1 0.195703125 0.43472222222222223 0.015625 0.029166666666666667
1 0.222265625 0.4888888888888889 0.04375 0.10138888888888889
1 0.302734375 0.44513888888888886 0.0140625 0.02361111111111111
1 0.229296875 0.40555555555555556 0.025 0.044444444444444446
1 0.208984375 0.31666666666666665 0.01953125 0.04583333333333333
1 0.259375 0.28402777777777777 0.03203125 0.05138888888888889
1 0.2109375 0.23819444444444443 0.02578125 0.05138888888888889
1 0.18203125 0.16319444444444445 0.034375 0.04861111111111111
1 0.2109375 0.08541666666666667 0.01875 0.02638888888888889
1 0.275 0.013888888888888888 0.01953125 0.027777777777777776
0 0.655078125 0.1763888888888889 0.09765625 0.3527777777777778
0 0.715234375 0.3034722222222222 0.23046875 0.5583333333333333
0 0.689453125 0.4666666666666667 0.23671875 0.42083333333333334
0 0.67109375 0.6972222222222222 0.19921875 0.5430555555555555
0 0.68984375 0.9555555555555556 0.13515625 0.08888888888888889
0 0.15078125 0.9402777777777778 0.0453125 0.11944444444444445
0 0.121484375 0.6888888888888889 0.14296875 0.3638888888888889
0 0.090625 0.5347222222222222 0.125 0.33194444444444443
0 0.1453125 0.20555555555555555 0.175 0.17916666666666667