1 0.8140625 0.3486111111111111 0.02265625 0.03333333333333333
1 0.991796875 0.2798611111111111 0.01640625 0.0375
1 0.94375 0.49583333333333335 0.0375 0.06111111111111111
1 0.688671875 0.21805555555555556 0.025 0.03888888888888889
1 0.798828125 0.7743055555555556 0.0203125 0.03333333333333333
1 0.141015625 0.7506944444444444 0.025 0.034722222222222224
0 0.62421875 0.4395833333333333 0.1734375 0.4652777777777778
1 0.96171875 0.8916666666666667 0.0265625 0.05138888888888889
1 0.5859375 0.6083333333333333 0.01875 0.04722222222222222
1 0.85234375 0.3715277777777778 0.01953125 0.02638888888888889
1 0.940234375 0.3013888888888889 0.0203125 0.0375
1 0.678515625 0.7618055555555555 0.0125 0.029166666666666667
1 0.07109375 0.8576388888888888 0.028125 0.05138888888888889
1 0.9828125 0.4930555555555556 0.0265625 0.05
1 0.677734375 0.7076388888888889 0.021875 0.0375
1 0.578125 0.36180555555555555 0.015625 0.03888888888888889
1 0.89765625 0.3923611111111111 0.02109375 0.03611111111111111
1 0.01953125 0.23958333333333334 0.0390625 0.05416666666666667
1 0.09765625 0.7145833333333333 0.02109375 0.04027777777777778
1 0.97109375 0.8145833333333333 0.028125 0.04861111111111111
1 0.745703125 0.7833333333333333 0.0390625 0.0625
1 0.734375 0.5861111111111111 0.02265625 0.041666666666666664
1 0.63203125 0.5659722222222222 0.01953125 0.05555555555555555
1 0.89140625 0.46041666666666664 0.0171875 0.03333333333333333
1 0.48359375 0.08819444444444445 0.03671875 0.07083333333333333
1 0.843359375 0.7916666666666666 0.03125 0.06388888888888888
1 0.698046875 0.44375 0.040625 0.10694444444444444
1 0.678125 0.9715277777777778 0.05 0.05694444444444444
1 0.483203125 0.3159722222222222 0.02265625 0.04583333333333333
1 0.616796875 0.10486111111111111 0.01953125 0.041666666666666664
0 0.5640625 0.9506944444444444 0.02734375 0.09861111111111111
1 0.9859375 0.9430555555555555 0.028125 0.07083333333333333
1 0.765625 0.3034722222222222 0.0328125 0.059722222222222225
1 0.550390625 0.1986111111111111 0.05546875 0.15
0 0.13203125 0.8958333333333334 0.13125 0.20833333333333334
0 0.072265625 0.1423611111111111 0.14453125 0.2513888888888889
0 0.687890625 0.16458333333333333 0.2578125 0.32916666666666666
1 0.9984375 0.6395833333333333 0.003125 0.016666666666666666
1 0.684765625 0.9180555555555555 0.01640625 0.018055555555555554
1 0.6265625 0.8972222222222223 0.01328125 0.02361111111111111
1 0.558984375 0.9930555555555556 0.01484375 0.013888888888888888
1 0.5625 0.9305555555555556 0.01015625 0.02361111111111111
1 0.90703125 0.88125 0.0109375 0.02361111111111111
1 0.838671875 0.6833333333333333 0.01328125 0.025
1 0.816796875 0.23819444444444443 0.01796875 0.019444444444444445
1 0.8078125 0.00625 0.02890625 0.0125
1 0.93984375 0.003472222222222222 0.01484375 0.006944444444444444
1 0.99765625 0.15763888888888888 0.0046875 0.02361111111111111
1 0.717578125 0.3 0.0109375 0.013888888888888888
1 0.58984375 0.6979166666666666 0.00859375 0.0125
1 0.54921875 0.6423611111111112 0.009375 0.020833333333333332
1 0.618359375 0.36319444444444443 0.00859375 0.02361111111111111
1 0.434765625 0.003472222222222222 0.0078125 0.006944444444444444
1 0.10859375 0.9430555555555555 0.00703125 0.020833333333333332
1 0.095703125 0.9458333333333333 0.00859375 0.015277777777777777
1 0.1140625 0.9055555555555556 0.0109375 0.018055555555555554
1 0.180859375 0.4638888888888889 0.00703125 0.016666666666666666
1 0.12109375 0.29375 0.009375 0.015277777777777777
1 0.048828125 0.13333333333333333 0.00703125 0.015277777777777777
1 0.035546875 0.10277777777777777 0.0140625 0.03888888888888889
1 0.059765625 0.9263888888888889 0.01015625 0.018055555555555554
1 0.906640625 0.075 0.0125 0.022222222222222223
0 0.02734375 0.02013888888888889 0.0546875 0.0375
1 0.14921875 0.021527777777777778 0.01484375 0.030555555555555555
1 0.41015625 0.022222222222222223 0.0109375 0.022222222222222223
1 0.48671875 0.7111111111111111 0.0140625 0.022222222222222223
1 0.991796875 0.010416666666666666 0.01640625 0.020833333333333332
1 0.61953125 0.22361111111111112 0.01640625 0.030555555555555555
1 0.041015625 0.021527777777777778 0.025 0.029166666666666667
1 0.421484375 0.1673611111111111 0.01328125 0.02361111111111111
1 0.775390625 0.9479166666666666 0.01640625 0.0375
1 0.17734375 0.03333333333333333 0.015625 0.027777777777777776
1 0.75703125 0.4083333333333333 0.0203125 0.03194444444444444
1 0.34140625 0.07708333333333334 0.0140625 0.027777777777777776
1 0.19609375 0.2625 0.0171875 0.03611111111111111
1 0.85859375 0.04861111111111111 0.01640625 0.02638888888888889
1 0.53203125 0.44722222222222224 0.0171875 0.027777777777777776
1 0.8078125 0.4548611111111111 0.01875 0.041666666666666664
1 0.778515625 0.6027777777777777 0.0140625 0.025
1 0.6921875 0.325 0.01875 0.03611111111111111
1 0.116796875 0.3659722222222222 0.01796875 0.029166666666666667
1 0.24765625 0.44513888888888886 0.0234375 0.04583333333333333
1 0.873046875 0.4 0.021875 0.04027777777777778
1 0.511328125 0.12708333333333333 0.0125 0.027777777777777776
1 0.7953125 0.84375 0.0234375 0.05
1 0.047265625 0.64375 0.0171875 0.034722222222222224
1 0.58984375 0.9784722222222222 0.02265625 0.03888888888888889
1 0.655859375 0.7277777777777777 0.02265625 0.03611111111111111
1 0.04296875 0.3729166666666667 0.01640625 0.043055555555555555
0 0.6875 0.8986111111111111 0.20078125 0.19166666666666668
1 0.8703125 0.6166666666666667 0.01328125 0.029166666666666667
1 0.7203125 0.6840277777777778 0.0203125 0.03333333333333333
1 0.786328125 0.5340277777777778 0.03125 0.044444444444444446
1 0.858203125 0.9006944444444445 0.02265625 0.04027777777777778
1 0.83671875 0.020833333333333332 0.02578125 0.041666666666666664
1 0.148828125 0.22847222222222222 0.02109375 0.05277777777777778
1 0.06171875 0.6986111111111111 0.01484375 0.027777777777777776
0 0.073046875 0.03333333333333333 0.14609375 0.06666666666666667
1 0.198046875 0.6666666666666666 0.0359375 0.03888888888888889
1 0.842578125 0.6375 0.01640625 0.0375
1 0.02109375 0.06527777777777778 0.0296875 0.044444444444444446
1 0.0984375 0.8069444444444445 0.01953125 0.03333333333333333
1 0.096875 0.3215277777777778 0.0234375 0.05
1 0.581640625 0.4513888888888889 0.0234375 0.04027777777777778
1 0.982421875 0.059722222222222225 0.03515625 0.07222222222222222
1 0.6171875 0.8645833333333334 0.01953125 0.0375
1 0.203515625 0.45 0.0328125 0.06111111111111111
1 0.88671875 0.3423611111111111 0.0265625 0.043055555555555555
0 0.11484375 0.6930555555555555 0.19765625 0.30833333333333335
1 0.699609375 0.76875 0.028125 0.0763888888888889
1 0.8234375 0.9305555555555556 0.02578125 0.05277777777777778
0 0.562890625 0.06736111111111111 0.1140625 0.13333333333333333
1 0.6375 0.33541666666666664 0.02890625 0.07222222222222222
1 0.22734375 0.40555555555555556 0.01875 0.025
1 0.1171875 0.08333333333333333 0.01875 0.027777777777777776
0 0.559375 0.6083333333333333 0.24375 0.24583333333333332
1 0.903515625 0.6722222222222223 0.01953125 0.03333333333333333
1 0.08828125 0.15625 0.028125 0.05555555555555555
1 0.756640625 0.6729166666666667 0.02578125 0.03333333333333333
1 0.15859375 0.4423611111111111 0.02578125 0.05277777777777778
1 0.665234375 0.29583333333333334 0.01875 0.04722222222222222
1 0.713671875 0.3729166666666667 0.01953125 0.03194444444444444