1 0.321875 0.171875 0.0125 0.016666666666666666
0 0.38046875 0.175 0.0546875 0.3458333333333333
0 0.40546875 0.46041666666666664 0.06875 0.29791666666666666
0 0.4234375 0.815625 0.1875 0.36875
1 0.59375 0.08020833333333334 0.021875 0.025
1 0.6796875 0.07916666666666666 0.034375 0.04375
1 0.58515625 0.15416666666666667 0.0265625 0.020833333333333332
1 0.790625 0.18958333333333333 0.01875 0.022916666666666665
1 0.625 0.37083333333333335 0.0265625 0.03958333333333333
1 0.5890625 0.41458333333333336 0.021875 0.01875
1 0.46640625 0.5572916666666666 0.0265625 0.029166666666666667
1 0.5328125 0.49270833333333336 0.0203125 0.029166666666666667
1 0.6421875 0.6041666666666666 0.0171875 0.020833333333333332
1 0.86015625 0.4791666666666667 0.03125 0.041666666666666664
1 0.546875 0.740625 0.03125 0.04583333333333333
1 0.5671875 0.8291666666666667 0.021875 0.029166666666666667
1 0.2515625 0.5375 0.03125 0.04791666666666667
1 0.13046875 0.6177083333333333 0.021875 0.025
1 0.21484375 0.9322916666666666 0.0265625 0.03125
1 0.20625 0.9875 0.021875 0.025
1 0.08125 0.9875 0.021875 0.025
1 0.09140625 0.9208333333333333 0.0140625 0.022916666666666665
1 0.0328125 0.8625 0.0171875 0.016666666666666666
1 0.1875 0.4947916666666667 0.0203125 0.04791666666666667
1 0.07265625 0.34791666666666665 0.01875 0.025
1 0.00390625 0.4166666666666667 0.0078125 0.01875
1 0.20859375 0.16979166666666667 0.0171875 0.016666666666666666
1 0.2 0.225 0.0140625 0.01875
1 0.6265625 0.4666666666666667 0.034375 0.07708333333333334
1 0.42578125 0.190625 0.0265625 0.027083333333333334
1 0.35234375 0.10729166666666666 0.0140625 0.01875