1 0.9796875 0.8020833333333334 0.01875 0.052083333333333336
1 0.475 0.18333333333333332 0.0265625 0.03958333333333333
1 0.3640625 0.24375 0.034375 0.05
1 0.11015625 0.3489583333333333 0.01875 0.022916666666666665
1 0.21171875 0.8541666666666666 0.0203125 0.027083333333333334
1 0.30625 0.8822916666666667 0.0171875 0.03958333333333333
1 0.25546875 0.9666666666666667 0.0140625 0.0375
1 0.025 0.721875 0.05 0.03958333333333333
1 0.12421875 0.6354166666666666 0.0484375 0.04583333333333333
1 0.10078125 0.565625 0.028125 0.0375
1 0.0484375 0.58125 0.0140625 0.029166666666666667
1 0.01328125 0.5541666666666667 0.0265625 0.07916666666666666
1 0.08046875 0.409375 0.0125 0.022916666666666665
1 0.06875 0.37083333333333335 0.01875 0.014583333333333334
1 0.00703125 0.246875 0.0140625 0.03333333333333333
1 0.0953125 0.16770833333333332 0.0328125 0.06875
1 0.1359375 0.18958333333333333 0.0265625 0.03958333333333333
1 0.215625 0.23541666666666666 0.01875 0.03333333333333333
1 0.16328125 0.2625 0.028125 0.04791666666666667
1 0.23515625 0.37395833333333334 0.021875 0.01875
1 0.22734375 0.3229166666666667 0.0234375 0.025
1 0.3265625 0.34791666666666665 0.0203125 0.03333333333333333
1 0.36015625 0.44375 0.0234375 0.027083333333333334
1 0.28671875 0.440625 0.0265625 0.041666666666666664
1 0.43828125 0.48020833333333335 0.025 0.03333333333333333
1 0.4109375 0.5166666666666667 0.028125 0.035416666666666666
1 0.38515625 0.5208333333333334 0.0234375 0.029166666666666667
1 0.35546875 0.5427083333333333 0.0140625 0.022916666666666665
1 0.43125 0.5802083333333333 0.0140625 0.03333333333333333
1 0.37109375 0.5916666666666667 0.0359375 0.04791666666666667
1 0.2859375 0.584375 0.03125 0.0375
1 0.47890625 0.6979166666666666 0.025 0.035416666666666666
1 0.50078125 0.6427083333333333 0.0265625 0.029166666666666667
1 0.61640625 0.5729166666666666 0.021875 0.020833333333333332
1 0.6578125 0.5927083333333333 0.0359375 0.03958333333333333
1 0.54375 0.13333333333333333 0.0140625 0.03333333333333333
1 0.56875 0.22395833333333334 0.03125 0.04375
1 0.6296875 0.20208333333333334 0.01875 0.035416666666666666
1 0.68046875 0.23229166666666667 0.0375 0.03333333333333333
1 0.6421875 0.2833333333333333 0.0375 0.03333333333333333
1 0.57109375 0.32395833333333335 0.034375 0.05416666666666667
1 0.60625 0.4 0.015625 0.03333333333333333
1 0.63671875 0.3854166666666667 0.028125 0.025
1 0.66796875 0.37395833333333334 0.040625 0.058333333333333334
1 0.7671875 0.303125 0.01875 0.052083333333333336
1 0.85625 0.32395833333333335 0.015625 0.020833333333333332
1 0.85546875 0.159375 0.015625 0.029166666666666667
1 0.85625 0.11770833333333333 0.0171875 0.020833333333333332
1 0.6703125 0.15 0.0234375 0.03125
1 0.70703125 0.06979166666666667 0.021875 0.0375
1 0.98046875 0.025 0.0375 0.05
1 0.95546875 0.2916666666666667 0.01875 0.022916666666666665
1 0.9875 0.5427083333333333 0.025 0.052083333333333336
1 0.60078125 0.7510416666666667 0.0203125 0.01875
1 0.0359375 0.6375 0.0265625 0.027083333333333334
1 0.17578125 0.615625 0.025 0.03333333333333333
1 0.00625 0.06041666666666667 0.0125 0.022916666666666665
1 0.290625 0.020833333333333332 0.0234375 0.03125
1 0.3328125 0.03229166666666667 0.034375 0.06458333333333334
1 0.41328125 0.009375 0.01875 0.01875
1 0.39375 0.016666666666666666 0.0140625 0.03333333333333333
1 0.46953125 0.08958333333333333 0.0234375 0.029166666666666667
1 0.528125 0.040625 0.015625 0.01875
1 0.3125 0.17083333333333334 0.021875 0.029166666666666667
1 0.06171875 0.4395833333333333 0.025 0.01875
1 0.70625 0.8916666666666667 0.015625 0.020833333333333332
0 0.48203125 0.88125 0.1265625 0.2375
0 0.4828125 0.5802083333333333 0.1953125 0.08958333333333333
1 0.95703125 0.984375 0.0203125 0.03125
1 0.5828125 0.8645833333333334 0.0171875 0.022916666666666665
1 0.57890625 0.7052083333333333 0.0359375 0.058333333333333334
0 0.4890625 0.38229166666666664 0.190625 0.3020833333333333
0 0.5265625 0.06354166666666666 0.1078125 0.12708333333333333
1 0.64921875 0.6739583333333333 0.0546875 0.07291666666666667
1 0.5671875 0.915625 0.0171875 0.0375
1 0.8421875 0.725 0.0578125 0.09166666666666666
1 0.8015625 0.6854166666666667 0.0203125 0.0375
1 0.66484375 0.7479166666666667 0.025 0.058333333333333334
1 0.71171875 0.7166666666666667 0.053125 0.07291666666666667
1 0.73046875 0.7833333333333333 0.015625 0.022916666666666665
1 0.86875 0.8489583333333334 0.015625 0.025