1 0.421875 0.7159722222222222 0.00859375 0.0125
1 0.54296875 0.29791666666666666 0.02578125 0.05138888888888889
1 0.492578125 0.40347222222222223 0.021875 0.03611111111111111
1 0.764453125 0.2548611111111111 0.01328125 0.02361111111111111
1 0.730859375 0.19583333333333333 0.01953125 0.04027777777777778
1 0.69921875 0.9493055555555555 0.02734375 0.06805555555555555
1 0.750390625 0.8041666666666667 0.01640625 0.06111111111111111
1 0.73828125 0.7569444444444444 0.0234375 0.0375
1 0.730859375 0.7 0.0265625 0.043055555555555555
1 0.71484375 0.6013888888888889 0.021875 0.03888888888888889
1 0.694921875 0.6361111111111111 0.0234375 0.044444444444444446
1 0.652734375 0.5881944444444445 0.03203125 0.06805555555555555
1 0.684765625 0.44305555555555554 0.01015625 0.022222222222222223
1 0.622265625 0.3055555555555556 0.01875 0.0375
1 0.16875 0.5402777777777777 0.01171875 0.015277777777777777
1 0.4421875 0.35694444444444445 0.034375 0.0625
1 0.47109375 0.38472222222222224 0.03125 0.07361111111111111
1 0.5046875 0.3486111111111111 0.0390625 0.04583333333333333
1 0.86953125 0.8770833333333333 0.0328125 0.07777777777777778
1 0.98984375 0.2222222222222222 0.0171875 0.03194444444444444
1 0.750390625 0.6631944444444444 0.04375 0.05277777777777778
1 0.51796875 0.5 0.03515625 0.04861111111111111
1 0.573828125 0.5354166666666667 0.0234375 0.04722222222222222
1 0.53984375 0.5236111111111111 0.00859375 0.015277777777777777
1 0.93828125 0.23194444444444445 0.02421875 0.043055555555555555
1 0.35859375 0.11180555555555556 0.01015625 0.025
1 0.78359375 0.12430555555555556 0.015625 0.043055555555555555
1 0.620703125 0.22777777777777777 0.0203125 0.0375
1 0.612890625 0.4270833333333333 0.02734375 0.03888888888888889
1 0.691796875 0.3659722222222222 0.04765625 0.06527777777777778
1 0.640625 0.3402777777777778 0.03046875 0.058333333333333334
1 0.73984375 0.36875 0.0453125 0.04861111111111111
1 0.743359375 0.4166666666666667 0.01953125 0.041666666666666664
1 0.665234375 0.5486111111111112 0.0265625 0.07083333333333333
1 0.360546875 0.8708333333333333 0.02421875 0.05
1 0.69453125 0.5548611111111111 0.0296875 0.044444444444444446
1 0.61953125 0.5777777777777777 0.01484375 0.018055555555555554
1 0.54609375 0.9895833333333334 0.0328125 0.020833333333333332
1 0.96015625 0.8743055555555556 0.015625 0.025
1 0.939453125 0.5013888888888889 0.0078125 0.019444444444444445
1 0.531640625 0.06736111111111111 0.034375 0.044444444444444446
1 0.6640625 0.17291666666666666 0.01796875 0.03333333333333333
1 0.423046875 0.08680555555555555 0.0171875 0.03888888888888889
1 0.892578125 0.8534722222222222 0.02265625 0.03888888888888889
1 0.903125 0.016666666666666666 0.02890625 0.03333333333333333
1 0.743359375 0.29583333333333334 0.0078125 0.016666666666666666
1 0.90078125 0.27569444444444446 0.0109375 0.018055555555555554
1 0.64609375 0.052083333333333336 0.00859375 0.018055555555555554
1 0.834375 0.6208333333333333 0.00859375 0.013888888888888888
1 0.88984375 0.4826388888888889 0.0109375 0.02361111111111111
1 0.879296875 0.009027777777777777 0.01015625 0.018055555555555554
1 0.9796875 0.1423611111111111 0.01328125 0.02361111111111111
1 0.953125 0.41458333333333336 0.0234375 0.04722222222222222
1 0.901953125 0.3236111111111111 0.01640625 0.022222222222222223
1 0.79609375 0.6375 0.0125 0.019444444444444445
1 0.93984375 0.019444444444444445 0.02109375 0.029166666666666667
1 0.93125 0.8777777777777778 0.034375 0.08472222222222223
1 0.884375 0.11527777777777778 0.01484375 0.016666666666666666
1 0.880078125 0.06666666666666667 0.0125 0.022222222222222223
1 0.38203125 0.15902777777777777 0.01640625 0.043055555555555555
1 0.909765625 0.225 0.01796875 0.025
1 0.315625 0.28402777777777777 0.021875 0.025
1 0.971875 0.8104166666666667 0.021875 0.058333333333333334
1 0.48984375 0.17222222222222222 0.0171875 0.029166666666666667
1 0.60390625 0.9069444444444444 0.01171875 0.034722222222222224
1 0.46171875 0.10972222222222222 0.0203125 0.04583333333333333
1 0.34453125 0.5201388888888889 0.01484375 0.018055555555555554
1 0.99375 0.8 0.0125 0.05
0 0.634765625 0.9875 0.01875 0.025
1 0.63046875 0.03680555555555556 0.0234375 0.04722222222222222
1 0.612890625 0.007638888888888889 0.01328125 0.015277777777777777
1 0.2765625 0.6486111111111111 0.02890625 0.06111111111111111
1 0.911328125 0.40625 0.0125 0.016666666666666666
1 0.465625 0.9930555555555556 0.01015625 0.013888888888888888
1 0.487890625 0.13333333333333333 0.0171875 0.027777777777777776
1 0.978515625 0.3888888888888889 0.021875 0.030555555555555555
1 0.348046875 0.4625 0.0359375 0.041666666666666664
1 0.428515625 0.5770833333333333 0.0140625 0.022222222222222223
1 0.435546875 0.7840277777777778 0.025 0.05555555555555555
1 0.836328125 0.26458333333333334 0.01796875 0.04027777777777778
1 0.50546875 0.9423611111111111 0.0140625 0.018055555555555554
1 0.969921875 0.05 0.009375 0.019444444444444445
1 0.5 0.029861111111111113 0.03984375 0.059722222222222225
1 0.519140625 0.9881944444444445 0.01953125 0.02361111111111111
1 0.78515625 0.3861111111111111 0.040625 0.05
1 0.046484375 0.5097222222222222 0.01328125 0.029166666666666667
1 0.556640625 0.06388888888888888 0.01328125 0.022222222222222223
1 0.86015625 0.5611111111111111 0.02265625 0.03611111111111111
1 0.34375 0.005555555555555556 0.009375 0.011111111111111112
1 0.9 0.6590277777777778 0.0375 0.06805555555555555
1 0.423828125 0.29791666666666666 0.00859375 0.020833333333333332
1 0.8453125 0.6930555555555555 0.0296875 0.05138888888888889
1 0.834375 0.58125 0.02578125 0.04861111111111111
1 0.455078125 0.029166666666666667 0.04921875 0.058333333333333334
1 0.99296875 0.4777777777777778 0.0140625 0.043055555555555555
1 0.853515625 0.47152777777777777 0.0265625 0.06527777777777778
1 0.88671875 0.775 0.02890625 0.07083333333333333
1 0.80234375 0.13333333333333333 0.01875 0.03194444444444444
1 0.523046875 0.5791666666666667 0.05546875 0.08194444444444444
1 0.80390625 0.17083333333333334 0.0140625 0.02361111111111111
1 0.955859375 0.6291666666666667 0.02890625 0.06111111111111111
1 0.8484375 0.22708333333333333 0.02578125 0.03888888888888889
1 0.780078125 0.9166666666666666 0.021875 0.04027777777777778
1 0.962109375 0.21041666666666667 0.01484375 0.02638888888888889
1 0.36328125 0.35 0.0140625 0.034722222222222224
1 0.33515625 0.11041666666666666 0.02421875 0.04027777777777778
1 0.061328125 0.34652777777777777 0.01796875 0.03611111111111111
1 0.863671875 0.9611111111111111 0.01328125 0.025
1 0.359765625 0.2604166666666667 0.0171875 0.058333333333333334
1 0.976953125 0.45208333333333334 0.021875 0.041666666666666664
1 0.65390625 0.9472222222222222 0.0453125 0.10555555555555556
1 0.376171875 0.3284722222222222 0.02109375 0.05416666666666667
1 0.913671875 0.9361111111111111 0.01484375 0.027777777777777776
1 0.843359375 0.36875 0.0203125 0.034722222222222224
1 0.86640625 0.9902777777777778 0.01796875 0.019444444444444445
1 0.784765625 0.4826388888888889 0.0390625 0.08472222222222223
1 0.19921875 0.8513888888888889 0.0265625 0.0375
1 0.878125 0.6152777777777778 0.03359375 0.08055555555555556
1 0.803125 0.8159722222222222 0.040625 0.05138888888888889
1 0.344140625 0.3236111111111111 0.02421875 0.07361111111111111
1 0.407421875 0.26875 0.0203125 0.03194444444444444
1 0.46328125 0.21388888888888888 0.0171875 0.022222222222222223
1 0.802734375 0.7555555555555555 0.034375 0.04861111111111111
1 0.841015625 0.8138888888888889 0.0203125 0.05138888888888889
1 0.0484375 0.9930555555555556 0.01171875 0.013888888888888888
1 0.180859375 0.8055555555555556 0.01640625 0.025
1 0.957421875 0.9555555555555556 0.04921875 0.08888888888888889
1 0.615625 0.9611111111111111 0.01640625 0.018055555555555554
1 0.41875 0.6895833333333333 0.03203125 0.04583333333333333
1 0.494921875 0.9881944444444445 0.02734375 0.02361111111111111
1 0.131640625 0.12083333333333333 0.0203125 0.030555555555555555
1 0.688671875 0.005555555555555556 0.021875 0.011111111111111112
1 0.697265625 0.2923611111111111 0.01171875 0.018055555555555554
1 0.890625 0.9826388888888888 0.021875 0.034722222222222224
1 0.160546875 0.8097222222222222 0.01875 0.029166666666666667
1 0.677734375 0.2923611111111111 0.01953125 0.03888888888888889
1 0.722265625 0.9694444444444444 0.0171875 0.041666666666666664
1 0.921484375 0.4527777777777778 0.01171875 0.029166666666666667
1 0.616015625 0.2673611111111111 0.0109375 0.018055555555555554
1 0.1578125 0.8868055555555555 0.0171875 0.04861111111111111
1 0.800390625 0.9861111111111112 0.02578125 0.027777777777777776
1 0.16015625 0.8333333333333334 0.00625 0.011111111111111112
1 0.4671875 0.8208333333333333 0.015625 0.025
1 0.46796875 0.2534722222222222 0.04140625 0.075
1 0.405859375 0.12777777777777777 0.0171875 0.03194444444444444
1 0.315234375 0.6125 0.015625 0.022222222222222223
1 0.612890625 0.059722222222222225 0.01640625 0.034722222222222224
1 0.21953125 0.04513888888888889 0.08515625 0.09027777777777778
1 0.17421875 0.13819444444444445 0.0375 0.07916666666666666
1 0.242578125 0.6388888888888888 0.0125 0.0125
1 0.734375 0.9270833333333334 0.01640625 0.041666666666666664
1 0.191796875 0.6152777777777778 0.028125 0.034722222222222224
0 0.0671875 0.3034722222222222 0.134375 0.3
1 0.54375 0.20416666666666666 0.03984375 0.11944444444444445
1 0.201953125 0.5076388888888889 0.01875 0.029166666666666667
1 0.233203125 0.8777777777777778 0.01328125 0.02361111111111111
1 0.121875 0.8125 0.03359375 0.05138888888888889
1 0.400390625 0.5958333333333333 0.0265625 0.05
1 0.118359375 0.56875 0.02890625 0.034722222222222224
1 0.370703125 0.4173611111111111 0.01953125 0.03888888888888889
1 0.56015625 0.6465277777777778 0.0375 0.07777777777777778
1 0.50703125 0.22291666666666668 0.03671875 0.06111111111111111
1 0.595703125 0.875 0.01640625 0.02638888888888889
1 0.369921875 0.7201388888888889 0.01640625 0.027777777777777776
1 0.39296875 0.9458333333333333 0.0640625 0.10833333333333334
1 0.455859375 0.9375 0.01875 0.058333333333333334
1 0.03515625 0.7444444444444445 0.025 0.04861111111111111
1 0.59296875 0.9236111111111112 0.0140625 0.029166666666666667
1 0.2328125 0.5555555555555556 0.034375 0.06388888888888888
1 0.194140625 0.21736111111111112 0.01796875 0.03611111111111111
0 0.076953125 0.13472222222222222 0.15390625 0.1388888888888889
1 0.23359375 0.1840277777777778 0.01328125 0.022222222222222223
1 0.6421875 0.7006944444444444 0.0359375 0.10277777777777777
1 0.339453125 0.7069444444444445 0.02578125 0.06111111111111111
1 0.3859375 0.6381944444444444 0.01171875 0.025
1 0.400390625 0.5402777777777777 0.021875 0.03194444444444444
1 0.55546875 0.9472222222222222 0.01171875 0.025
1 0.54609375 0.6972222222222222 0.0109375 0.020833333333333332
1 0.46171875 0.46875 0.0140625 0.02361111111111111
1 0.105859375 0.6388888888888888 0.01328125 0.03611111111111111
0 0.11953125 0.7451388888888889 0.07734375 0.19305555555555556
1 0.1578125 0.7138888888888889 0.02109375 0.0375
1 0.194921875 0.90625 0.021875 0.0375
1 0.579296875 0.7069444444444445 0.01953125 0.04861111111111111
1 0.2625 0.33194444444444443 0.0265625 0.059722222222222225
1 0.23828125 0.32708333333333334 0.0203125 0.034722222222222224
1 0.4609375 0.7736111111111111 0.01640625 0.04027777777777778
1 0.58828125 0.9826388888888888 0.03671875 0.034722222222222224
1 0.5734375 0.8881944444444444 0.021875 0.07222222222222222
1 0.03984375 0.8194444444444444 0.01484375 0.041666666666666664
1 0.54296875 0.9673611111111111 0.01171875 0.022222222222222223
1 0.312109375 0.5215277777777778 0.021875 0.03888888888888889
1 0.66171875 0.8708333333333333 0.02890625 0.03611111111111111
1 0.262890625 0.4361111111111111 0.0609375 0.11388888888888889
1 0.5203125 0.8125 0.015625 0.027777777777777776
1 0.07578125 0.01597222222222222 0.0296875 0.03194444444444444
1 0.477734375 0.5854166666666667 0.0484375 0.10277777777777777
1 0.134375 0.24791666666666667 0.03125 0.10833333333333334
1 0.176953125 0.25416666666666665 0.02265625 0.027777777777777776
1 0.547265625 0.7444444444444445 0.034375 0.043055555555555555
1 0.42265625 0.22361111111111112 0.04296875 0.06944444444444445
1 0.10390625 0.7875 0.015625 0.02638888888888889
1 0.6484375 0.7743055555555556 0.02109375 0.043055555555555555
1 0.05625 0.9305555555555556 0.015625 0.030555555555555555
1 0.122265625 0.4666666666666667 0.01328125 0.027777777777777776
1 0.65703125 0.8180555555555555 0.0140625 0.019444444444444445
1 0.68125 0.8152777777777778 0.0234375 0.0375
1 0.47890625 0.7138888888888889 0.04140625 0.059722222222222225
1 0.091796875 0.23541666666666666 0.01328125 0.019444444444444445
1 0.13359375 0.016666666666666666 0.01796875 0.030555555555555555
1 0.12578125 0.06180555555555556 0.0265625 0.05416666666666667
1 0.10703125 0.022916666666666665 0.0125 0.020833333333333332
1 0.30078125 0.20625 0.05234375 0.08055555555555556
1 0.057421875 0.07013888888888889 0.03984375 0.043055555555555555
0 0.6 0.45555555555555555 0.2296875 0.32222222222222224
0 0.124609375 0.89375 0.0734375 0.2125
0 0.571875 0.09027777777777778 0.203125 0.18055555555555555
0 0.07890625 0.6069444444444444 0.1578125 0.36944444444444446
1 0.0890625 0.4930555555555556 0.0453125 0.05
1 0.121484375 0.4173611111111111 0.01875 0.03194444444444444
1 0.22265625 0.5097222222222222 0.021875 0.03333333333333333
1 0.19765625 0.44513888888888886 0.040625 0.08333333333333333
1 0.51171875 0.6597222222222222 0.028125 0.07916666666666666
1 0.156640625 0.9319444444444445 0.02265625 0.043055555555555555
1 0.776953125 0.8659722222222223 0.028125 0.034722222222222224
0 0.60859375 0.6569444444444444 0.2453125 0.2777777777777778
0 0.641015625 0.9 0.20859375 0.2
1 0.538671875 0.86875 0.04453125 0.09027777777777778
1 0.133203125 0.9902777777777778 0.0140625 0.019444444444444445
1 0.41640625 0.029861111111111113 0.01171875 0.018055555555555554
1 0.576171875 0.42291666666666666 0.01328125 0.02361111111111111
1 0.682421875 0.14722222222222223 0.0421875 0.10416666666666667
1 0.962890625 0.16597222222222222 0.02890625 0.044444444444444446
1 0.769921875 0.6888888888888889 0.015625 0.02638888888888889