0 0.141015625 0.37222222222222223 0.178125 0.2375
0 0.19140625 0.5701388888888889 0.09140625 0.32222222222222224
0 0.133203125 0.8027777777777778 0.13828125 0.3638888888888889
0 0.168359375 0.95 0.071875 0.1
0 0.716796875 0.9381944444444444 0.12890625 0.12361111111111112
0 0.66015625 0.8694444444444445 0.2359375 0.20972222222222223
0 0.708203125 0.58125 0.23671875 0.275
0 0.737890625 0.28680555555555554 0.2125 0.45555555555555555
0 0.696875 0.07569444444444444 0.05546875 0.15138888888888888
0 0.63203125 0.025 0.0125 0.05
1 0.219921875 0.33055555555555555 0.0359375 0.07222222222222222
1 0.2484375 0.3451388888888889 0.0265625 0.04722222222222222
1 0.269921875 0.013194444444444444 0.0234375 0.02638888888888889
1 0.65859375 0.10694444444444444 0.03671875 0.09444444444444444
1 0.6078125 0.19027777777777777 0.03203125 0.05694444444444444
1 0.511328125 0.16944444444444445 0.0171875 0.04027777777777778
1 0.605078125 0.3263888888888889 0.0765625 0.1527777777777778
1 0.787890625 0.3013888888888889 0.02578125 0.06944444444444445
1 0.862109375 0.2611111111111111 0.0109375 0.027777777777777776
1 0.9734375 0.021527777777777778 0.01484375 0.027777777777777776
1 0.922265625 0.47708333333333336 0.03515625 0.05138888888888889
1 0.84453125 0.41944444444444445 0.0375 0.10416666666666667
1 0.9125 0.6388888888888888 0.01640625 0.027777777777777776
1 0.910546875 0.6701388888888888 0.0203125 0.025
1 0.9375 0.6111111111111112 0.02734375 0.05416666666666667
1 0.944140625 0.7222222222222222 0.03671875 0.06666666666666667
1 0.87109375 0.7805555555555556 0.03203125 0.0763888888888889
1 0.883203125 0.8506944444444444 0.0453125 0.07361111111111111
1 0.801953125 0.6263888888888889 0.03125 0.05694444444444444
1 0.775 0.5861111111111111 0.02109375 0.03333333333333333
1 0.7375 0.5534722222222223 0.01875 0.018055555555555554
1 0.9640625 0.9375 0.040625 0.059722222222222225
1 0.80859375 0.9277777777777778 0.0171875 0.034722222222222224
1 0.035546875 0.3090277777777778 0.01171875 0.020833333333333332
1 0.1296875 0.4798611111111111 0.01640625 0.03194444444444444
1 0.294921875 0.9923611111111111 0.01328125 0.015277777777777777
1 0.180859375 0.7944444444444444 0.02421875 0.05138888888888889
1 0.225390625 0.6763888888888889 0.05 0.10694444444444444
1 0.273046875 0.8833333333333333 0.03203125 0.04583333333333333
1 0.259765625 0.7909722222222222 0.0171875 0.04027777777777778
1 0.290625 0.7131944444444445 0.04375 0.10416666666666667
1 0.256640625 0.6284722222222222 0.01953125 0.034722222222222224
1 0.275 0.54375 0.05390625 0.075
1 0.60390625 0.9861111111111112 0.01953125 0.027777777777777776
1 0.641015625 0.7486111111111111 0.03828125 0.05694444444444444
1 0.617578125 0.8361111111111111 0.025 0.030555555555555555
1 0.591015625 0.8166666666666667 0.02421875 0.05555555555555555
1 0.803515625 0.9666666666666667 0.01484375 0.020833333333333332
0 0.137890625 0.18958333333333333 0.175 0.3402777777777778