0 0.679296875 0.9368055555555556 0.11796875 0.11944444444444445
1 0.60703125 0.8229166666666666 0.02421875 0.05277777777777778
1 0.760546875 0.6444444444444445 0.0265625 0.04027777777777778
1 0.697265625 0.6347222222222222 0.02890625 0.05138888888888889
1 0.687890625 0.6972222222222222 0.02109375 0.043055555555555555
1 0.716796875 0.7652777777777777 0.02578125 0.034722222222222224
1 0.759765625 0.7819444444444444 0.0296875 0.04722222222222222
1 0.819921875 0.8277777777777777 0.02421875 0.03333333333333333
1 0.86484375 0.8201388888888889 0.01953125 0.04861111111111111
1 0.937890625 0.8159722222222222 0.01875 0.05555555555555555
1 0.887109375 0.9173611111111111 0.03359375 0.08333333333333333
1 0.204296875 0.9868055555555556 0.02421875 0.02638888888888889
1 0.317578125 0.95625 0.06328125 0.0875
1 0.10078125 0.8798611111111111 0.034375 0.06527777777777778
1 0.076171875 0.6138888888888889 0.04453125 0.05694444444444444
1 0.076171875 0.5006944444444444 0.02421875 0.05416666666666667
1 0.299609375 0.25555555555555554 0.02890625 0.03333333333333333
1 0.28671875 0.28958333333333336 0.03359375 0.06111111111111111
1 0.268359375 0.3729166666666667 0.03984375 0.06388888888888888
1 0.258203125 0.4444444444444444 0.0265625 0.0375
1 0.256640625 0.47291666666666665 0.034375 0.034722222222222224
1 0.195703125 0.5291666666666667 0.01953125 0.03888888888888889
1 0.21171875 0.5777777777777777 0.02421875 0.04583333333333333
1 0.271484375 0.5583333333333333 0.01328125 0.03611111111111111
1 0.211328125 0.6729166666666667 0.03203125 0.06111111111111111
1 0.25625 0.6868055555555556 0.02890625 0.04027777777777778
1 0.305078125 0.7215277777777778 0.04140625 0.07916666666666666
1 0.449609375 0.6979166666666666 0.02109375 0.041666666666666664
1 0.583984375 0.7020833333333333 0.02578125 0.04027777777777778
1 0.589453125 0.6354166666666666 0.02109375 0.029166666666666667
1 0.511328125 0.5638888888888889 0.015625 0.04861111111111111
1 0.562890625 0.41180555555555554 0.0171875 0.03888888888888889
1 0.560546875 0.2638888888888889 0.02109375 0.043055555555555555
1 0.540234375 0.22708333333333333 0.0140625 0.041666666666666664
1 0.351171875 0.3194444444444444 0.021875 0.06527777777777778
1 0.293359375 0.22013888888888888 0.01875 0.04027777777777778
1 0.30859375 0.08819444444444445 0.0234375 0.03611111111111111
1 0.2734375 0.024305555555555556 0.02265625 0.04027777777777778
1 0.225390625 0.017361111111111112 0.0296875 0.034722222222222224
1 0.239453125 0.09583333333333334 0.0234375 0.041666666666666664
1 0.248046875 0.1597222222222222 0.028125 0.05277777777777778
1 0.22265625 0.18888888888888888 0.0109375 0.04583333333333333
1 0.205859375 0.19166666666666668 0.02421875 0.05277777777777778
1 0.046484375 0.15208333333333332 0.01640625 0.043055555555555555
1 0.832421875 0.6208333333333333 0.034375 0.07361111111111111
1 0.92265625 0.6347222222222222 0.0359375 0.0875
1 0.98515625 0.6180555555555556 0.0296875 0.05416666666666667
1 0.985546875 0.7298611111111111 0.02890625 0.1
1 0.941015625 0.7520833333333333 0.02421875 0.04583333333333333
1 0.963671875 0.7965277777777777 0.01953125 0.0375
1 0.875 0.4930555555555556 0.03515625 0.06666666666666667
1 0.975390625 0.4666666666666667 0.0171875 0.0375
1 0.98359375 0.2048611111111111 0.03046875 0.0763888888888889
1 0.963671875 0.06875 0.01640625 0.05138888888888889
1 0.713671875 0.3013888888888889 0.03046875 0.06527777777777778
1 0.76875 0.38263888888888886 0.02578125 0.058333333333333334
1 0.82578125 0.33541666666666664 0.0296875 0.04583333333333333
1 0.88203125 0.23680555555555555 0.03359375 0.043055555555555555
1 0.74140625 0.4131944444444444 0.02578125 0.04583333333333333
1 0.71328125 0.46041666666666664 0.034375 0.0875
1 0.760546875 0.5194444444444445 0.0296875 0.06527777777777778
1 0.795703125 0.45416666666666666 0.021875 0.04583333333333333
1 0.6703125 0.9756944444444444 0.01171875 0.034722222222222224
1 0.264453125 0.20555555555555555 0.02109375 0.03333333333333333
1 0.7390625 0.1326388888888889 0.0203125 0.0375
1 0.966796875 0.9583333333333334 0.0203125 0.04583333333333333
0 0.12109375 0.15138888888888888 0.1671875 0.30277777777777776
0 0.169140625 0.25763888888888886 0.16953125 0.31805555555555554
0 0.14453125 0.5375 0.20859375 0.32916666666666666
0 0.15625 0.8472222222222222 0.2578125 0.3055555555555556
0 0.180859375 0.9444444444444444 0.11328125 0.1111111111111111
0 0.71484375 0.12916666666666668 0.153125 0.24027777777777778
0 0.678515625 0.3416666666666667 0.17578125 0.40555555555555556
0 0.747265625 0.44375 0.1984375 0.5930555555555556
0 0.681640625 0.8208333333333333 0.2875 0.35138888888888886