0 0.115234375 0.5180555555555556 0.23046875 0.3625
0 0.686328125 0.43194444444444446 0.15 0.5291666666666667
0 0.663671875 0.2423611111111111 0.20703125 0.41805555555555557
1 0.602734375 0.22777777777777777 0.04375 0.11666666666666667
1 0.883984375 0.5680555555555555 0.04921875 0.08194444444444444
1 0.60234375 0.5291666666666667 0.02578125 0.05694444444444444
0 0.081640625 0.08819444444444445 0.1625 0.1763888888888889
1 0.733984375 0.7284722222222222 0.02421875 0.034722222222222224
1 0.86640625 0.8277777777777777 0.025 0.05138888888888889
1 0.89609375 0.8076388888888889 0.0203125 0.044444444444444446
1 0.672265625 0.6520833333333333 0.02265625 0.05138888888888889
1 0.70859375 0.09444444444444444 0.01875 0.03611111111111111
1 0.943359375 0.525 0.040625 0.09861111111111111
1 0.521484375 0.45069444444444445 0.01796875 0.03611111111111111
0 0.615234375 0.04722222222222222 0.06328125 0.08888888888888889
1 0.98515625 0.49027777777777776 0.0265625 0.1
1 0.960546875 0.21458333333333332 0.021875 0.04583333333333333
0 0.63125 0.74375 0.11484375 0.4125
1 0.59765625 0.025694444444444443 0.021875 0.04583333333333333
1 0.578515625 0.47638888888888886 0.021875 0.043055555555555555
1 0.675 0.12916666666666668 0.0375 0.03611111111111111
1 0.744921875 0.30486111111111114 0.02421875 0.04583333333333333
1 0.97890625 0.6916666666666667 0.01953125 0.04027777777777778
1 0.928125 0.25625 0.03515625 0.059722222222222225
1 0.89609375 0.9763888888888889 0.03671875 0.043055555555555555
1 0.82109375 0.8680555555555556 0.021875 0.04722222222222222
1 0.594140625 0.47430555555555554 0.0140625 0.02638888888888889
1 0.38125 0.6270833333333333 0.01328125 0.03333333333333333
1 0.265234375 0.15 0.01328125 0.02361111111111111
1 0.41875 0.8104166666666667 0.0140625 0.029166666666666667
1 0.911328125 0.8541666666666666 0.04375 0.03194444444444444
1 0.550390625 0.8458333333333333 0.01796875 0.03888888888888889
1 0.831640625 0.5590277777777778 0.01640625 0.02638888888888889
1 0.278125 0.24513888888888888 0.01640625 0.030555555555555555
1 0.54453125 0.24166666666666667 0.0140625 0.04027777777777778
1 0.635546875 0.5430555555555555 0.015625 0.025
1 0.715625 0.8125 0.0171875 0.022222222222222223
1 0.61796875 0.9756944444444444 0.0234375 0.029166666666666667
1 0.644921875 0.3638888888888889 0.0171875 0.034722222222222224
1 0.173828125 0.8215277777777777 0.02265625 0.0375
1 0.935546875 0.022916666666666665 0.02109375 0.03194444444444444
1 0.9734375 0.8 0.01796875 0.0375
1 0.837890625 0.9173611111111111 0.0171875 0.030555555555555555
1 0.7453125 0.8097222222222222 0.0203125 0.03194444444444444
1 0.15703125 0.013888888888888888 0.01953125 0.02638888888888889
1 0.822265625 0.36666666666666664 0.08515625 0.1111111111111111
1 0.673828125 0.08263888888888889 0.02421875 0.034722222222222224
1 0.9453125 0.8493055555555555 0.01796875 0.041666666666666664
1 0.98359375 0.6243055555555556 0.0140625 0.03333333333333333
1 0.894921875 0.18194444444444444 0.0171875 0.029166666666666667
1 0.1953125 0.24444444444444444 0.02578125 0.044444444444444446
1 0.9890625 0.9076388888888889 0.01640625 0.06111111111111111
1 0.9265625 0.20208333333333334 0.01875 0.03611111111111111
1 0.78671875 0.29097222222222224 0.021875 0.04583333333333333
1 0.89921875 0.5076388888888889 0.02109375 0.044444444444444446
1 0.23125 0.7340277777777777 0.03671875 0.058333333333333334
0 0.652734375 0.8875 0.10234375 0.20972222222222223
1 0.89765625 0.68125 0.01484375 0.030555555555555555
1 0.224609375 0.5354166666666667 0.02265625 0.06388888888888888
1 0.551171875 0.3423611111111111 0.02890625 0.05
1 0.592578125 0.13472222222222222 0.04140625 0.043055555555555555
1 0.7953125 0.6458333333333334 0.03203125 0.044444444444444446
1 0.827734375 0.7319444444444444 0.0203125 0.04027777777777778
1 0.613671875 0.7020833333333333 0.02421875 0.05555555555555555
1 0.8078125 0.5409722222222222 0.02265625 0.041666666666666664
1 0.835546875 0.4618055555555556 0.05625 0.05555555555555555