1 0.92890625 0.9097222222222222 0.021875 0.041666666666666664
1 0.71171875 0.030555555555555555 0.02421875 0.04861111111111111
0 0.64453125 0.9152777777777777 0.06875 0.1638888888888889
1 0.1796875 0.8680555555555556 0.02109375 0.043055555555555555
1 0.768359375 0.9631944444444445 0.0296875 0.05416666666666667
0 0.095703125 0.20972222222222223 0.18828125 0.25277777777777777
1 0.98515625 0.35625 0.025 0.04027777777777778
1 0.92265625 0.36666666666666664 0.06953125 0.11666666666666667
1 0.837890625 0.2902777777777778 0.0828125 0.09861111111111111
1 0.82578125 0.1638888888888889 0.0234375 0.06666666666666667
1 0.222265625 0.36180555555555555 0.01328125 0.025
1 0.989453125 0.4736111111111111 0.015625 0.05
1 0.933203125 0.14791666666666667 0.01640625 0.0375
1 0.21640625 0.7888888888888889 0.0171875 0.05555555555555555
1 0.8625 0.8868055555555555 0.0328125 0.05138888888888889
1 0.407421875 0.2875 0.02421875 0.05
1 0.971484375 0.6868055555555556 0.01796875 0.02638888888888889
1 0.751953125 0.4666666666666667 0.01875 0.03194444444444444
1 0.9890625 0.96875 0.0203125 0.05694444444444444
1 0.6140625 0.7277777777777777 0.01171875 0.029166666666666667
1 0.508984375 0.9256944444444445 0.01328125 0.027777777777777776
1 0.3578125 0.014583333333333334 0.01484375 0.027777777777777776
1 0.244921875 0.027777777777777776 0.01171875 0.027777777777777776
1 0.670703125 0.18888888888888888 0.02265625 0.03611111111111111
1 0.78046875 0.5979166666666667 0.01875 0.041666666666666664
1 0.1859375 0.83125 0.0171875 0.0375
1 0.9734375 0.8409722222222222 0.053125 0.17916666666666667
0 0.1125 0.9527777777777777 0.1 0.08888888888888889
1 0.934765625 0.9784722222222222 0.046875 0.03888888888888889
1 0.373828125 0.7534722222222222 0.01953125 0.06111111111111111
1 0.71796875 0.58125 0.02109375 0.04027777777777778
1 0.973828125 0.3194444444444444 0.01953125 0.0375
1 0.98828125 0.7138888888888889 0.01953125 0.04027777777777778
0 0.10703125 0.025694444444444443 0.02578125 0.05138888888888889
1 0.2234375 0.8548611111111111 0.02109375 0.043055555555555555
1 0.9234375 0.8354166666666667 0.01796875 0.0375
1 0.2015625 0.64375 0.03515625 0.034722222222222224
1 0.975 0.016666666666666666 0.01875 0.03333333333333333
1 0.7375 0.3875 0.03125 0.04583333333333333
1 0.779296875 0.32083333333333336 0.015625 0.03333333333333333
1 0.651171875 0.4861111111111111 0.0203125 0.027777777777777776
1 0.8984375 0.20625 0.0140625 0.027777777777777776
1 0.201171875 0.8270833333333333 0.01875 0.05
1 0.428125 0.4361111111111111 0.0171875 0.058333333333333334
1 0.98125 0.4111111111111111 0.03046875 0.05
1 0.527734375 0.9840277777777777 0.01328125 0.02361111111111111
1 0.420703125 0.7972222222222223 0.015625 0.025
1 0.378125 0.5659722222222222 0.015625 0.03611111111111111
1 0.918359375 0.6972222222222222 0.09296875 0.18611111111111112
1 0.6765625 0.5243055555555556 0.0109375 0.034722222222222224
1 0.53984375 0.64375 0.01875 0.030555555555555555
1 0.57421875 0.6388888888888888 0.02265625 0.03888888888888889
1 0.596875 0.65 0.02734375 0.04027777777777778
1 0.615625 0.625 0.01796875 0.04027777777777778
1 0.629296875 0.7166666666666667 0.0125 0.030555555555555555
1 0.425390625 0.60625 0.01484375 0.03194444444444444
1 0.408984375 0.6541666666666667 0.01875 0.04583333333333333
1 0.371484375 0.6465277777777778 0.02578125 0.05138888888888889
1 0.439453125 0.8 0.01484375 0.04027777777777778
1 0.45234375 0.8388888888888889 0.01171875 0.029166666666666667
1 0.65859375 0.4576388888888889 0.0171875 0.03194444444444444
1 0.527734375 0.46041666666666664 0.01484375 0.03611111111111111
1 0.544140625 0.36944444444444446 0.01484375 0.03611111111111111
1 0.551953125 0.30625 0.0078125 0.022222222222222223
1 0.5484375 0.21736111111111112 0.015625 0.04583333333333333
1 0.500390625 0.13125 0.0171875 0.03333333333333333
1 0.518359375 0.09027777777777778 0.0328125 0.05277777777777778
1 0.486328125 0.07430555555555556 0.0171875 0.020833333333333332
1 0.465625 0.05277777777777778 0.01796875 0.034722222222222224
1 0.412890625 0.15347222222222223 0.03203125 0.0625
1 0.27265625 0.08958333333333333 0.01953125 0.03611111111111111
1 0.227734375 0.06875 0.01875 0.02638888888888889
1 0.219921875 0.12152777777777778 0.0203125 0.030555555555555555
1 0.767578125 0.16319444444444445 0.0125 0.027777777777777776
1 0.503515625 0.19583333333333333 0.0125 0.020833333333333332
1 0.553125 0.8472222222222222 0.01640625 0.04027777777777778
1 0.549609375 0.8895833333333333 0.01640625 0.030555555555555555
1 0.564453125 0.9361111111111111 0.0125 0.034722222222222224
1 0.4609375 0.9277777777777778 0.0171875 0.03611111111111111
1 0.41796875 0.9743055555555555 0.02109375 0.04583333333333333
1 0.4546875 0.9902777777777778 0.02109375 0.019444444444444445
1 0.37265625 0.46458333333333335 0.01484375 0.044444444444444446
1 0.273046875 0.5965277777777778 0.0171875 0.03611111111111111
1 0.17890625 0.5909722222222222 0.03125 0.04861111111111111
1 0.194140625 0.41388888888888886 0.040625 0.044444444444444446
1 0.09296875 0.3333333333333333 0.021875 0.03333333333333333
1 0.12734375 0.32083333333333336 0.03125 0.03888888888888889
1 0.082421875 0.37569444444444444 0.02421875 0.05138888888888889
1 0.0609375 0.30972222222222223 0.01484375 0.041666666666666664
1 0.11171875 0.7291666666666666 0.02421875 0.043055555555555555
1 0.094140625 0.7701388888888889 0.03359375 0.05277777777777778
1 0.109375 0.8722222222222222 0.025 0.059722222222222225
1 0.1875 0.9194444444444444 0.02109375 0.0375
1 0.195703125 0.9847222222222223 0.021875 0.030555555555555555
1 0.26328125 0.9944444444444445 0.0203125 0.011111111111111112
1 0.26953125 0.775 0.01796875 0.04583333333333333
1 0.202734375 0.7104166666666667 0.01328125 0.030555555555555555
1 0.098828125 0.5263888888888889 0.02421875 0.059722222222222225
1 0.83671875 0.11875 0.0234375 0.03611111111111111
1 0.8015625 0.19166666666666668 0.015625 0.034722222222222224
1 0.7328125 0.28402777777777777 0.01484375 0.022222222222222223
1 0.751171875 0.2965277777777778 0.0125 0.022222222222222223
1 0.7921875 0.2965277777777778 0.02421875 0.04583333333333333
1 0.812890625 0.34444444444444444 0.01796875 0.02361111111111111
1 0.9234375 0.4756944444444444 0.01875 0.03611111111111111
1 0.964453125 0.5298611111111111 0.0421875 0.05416666666666667
1 0.994921875 0.49722222222222223 0.01015625 0.07222222222222222
1 0.987890625 0.6652777777777777 0.02421875 0.03888888888888889
1 0.910546875 0.9166666666666666 0.01953125 0.0375
1 0.799609375 0.9472222222222222 0.025 0.09861111111111111
1 0.825390625 0.9881944444444445 0.0140625 0.02361111111111111
1 0.84375 0.9868055555555556 0.0203125 0.02638888888888889
1 0.7109375 0.9173611111111111 0.015625 0.027777777777777776
1 0.7453125 0.6034722222222222 0.01875 0.0375
1 0.852734375 0.2388888888888889 0.0140625 0.02638888888888889
1 0.70390625 0.06597222222222222 0.01484375 0.034722222222222224
1 0.750390625 0.04375 0.01484375 0.03611111111111111
0 0.605078125 0.020833333333333332 0.04296875 0.041666666666666664
1 0.840234375 0.5430555555555555 0.1125 0.2222222222222222
1 0.593359375 0.10416666666666667 0.05390625 0.14166666666666666
1 0.853125 0.3909722222222222 0.05859375 0.10555555555555556
1 0.908984375 0.5972222222222222 0.040625 0.0763888888888889
1 0.722265625 0.7479166666666667 0.0515625 0.05555555555555555
1 0.20859375 0.22708333333333333 0.0453125 0.08194444444444444
0 0.144140625 0.10902777777777778 0.1296875 0.20277777777777778
1 0.586328125 0.2701388888888889 0.05078125 0.08472222222222223
0 0.62578125 0.8215277777777777 0.29921875 0.20833333333333334
1 0.729296875 0.9722222222222222 0.03125 0.05555555555555555
1 0.9359375 0.08472222222222223 0.04140625 0.09166666666666666
1 0.18515625 0.2923611111111111 0.04375 0.0625
1 0.714453125 0.8708333333333333 0.0359375 0.04583333333333333
1 0.553515625 0.07013888888888889 0.025 0.044444444444444446
1 0.09609375 0.09236111111111112 0.01875 0.05555555555555555
1 0.696875 0.9833333333333333 0.02109375 0.030555555555555555
1 0.659765625 0.41388888888888886 0.03203125 0.044444444444444446
1 0.985546875 0.6159722222222223 0.02890625 0.05694444444444444
1 0.598828125 0.5916666666666667 0.03359375 0.07361111111111111
1 0.93359375 0.21388888888888888 0.04453125 0.04861111111111111
0 0.162890625 0.8090277777777778 0.14296875 0.37083333333333335
1 0.765625 0.08958333333333333 0.04375 0.06527777777777778
1 0.78828125 0.7423611111111111 0.0640625 0.1
1 0.68359375 0.8611111111111112 0.0171875 0.027777777777777776
1 0.935546875 0.015277777777777777 0.025 0.029166666666666667
1 0.66015625 0.36527777777777776 0.01953125 0.05416666666666667
1 0.597265625 0.9131944444444444 0.028125 0.04861111111111111
1 0.658984375 0.24097222222222223 0.015625 0.04583333333333333
1 0.184765625 0.47708333333333336 0.04140625 0.06666666666666667
1 0.073828125 0.48194444444444445 0.0296875 0.04583333333333333
1 0.95234375 0.13055555555555556 0.01484375 0.04722222222222222
1 0.84453125 0.8243055555555555 0.05 0.05
0 0.673046875 0.6604166666666667 0.14609375 0.4361111111111111
1 0.773046875 0.4479166666666667 0.01796875 0.03611111111111111
0 0.721875 0.26944444444444443 0.26875 0.3541666666666667
1 0.214453125 0.9416666666666667 0.03125 0.03888888888888889
1 0.20703125 0.019444444444444445 0.02734375 0.03888888888888889
1 0.684375 0.45902777777777776 0.01796875 0.025
0 0.09375 0.5569444444444445 0.1875 0.2611111111111111
1 0.248046875 0.7909722222222222 0.0203125 0.05138888888888889
1 0.7546875 0.8465277777777778 0.02578125 0.04722222222222222
1 0.7046875 0.10694444444444444 0.0171875 0.030555555555555555
0 0.653515625 0.24791666666666667 0.11171875 0.4875
1 0.7453125 0.9291666666666667 0.02421875 0.041666666666666664
1 0.701953125 0.44166666666666665 0.0203125 0.02361111111111111
1 0.697265625 0.5326388888888889 0.01875 0.04861111111111111
1 0.423046875 0.3875 0.025 0.041666666666666664
1 0.975 0.11597222222222223 0.02734375 0.075
1 0.82734375 0.8881944444444444 0.0234375 0.05