0 0.45234375 0.6697916666666667 0.1203125 0.22291666666666668
1 0.196875 0.8989583333333333 0.0125 0.025
1 0.590625 0.9208333333333333 0.021875 0.0375
1 0.16015625 0.15416666666666667 0.0296875 0.020833333333333332
1 0.2546875 0.11770833333333333 0.021875 0.029166666666666667
1 0.575 0.46875 0.03125 0.03958333333333333
1 0.634375 0.3854166666666667 0.0265625 0.029166666666666667
1 0.575 0.30104166666666665 0.01875 0.029166666666666667
1 0.74453125 0.234375 0.0203125 0.020833333333333332
1 0.7078125 0.29583333333333334 0.0234375 0.029166666666666667
1 0.5671875 0.059375 0.028125 0.029166666666666667
1 0.67265625 0.029166666666666667 0.03125 0.04375
1 0.28046875 0.4125 0.0234375 0.05
1 0.2390625 0.6322916666666667 0.0234375 0.025
1 0.225 0.5520833333333334 0.021875 0.03333333333333333
1 0.2265625 0.7083333333333334 0.0203125 0.025
1 0.00546875 0.89375 0.0109375 0.03125
1 0.4859375 0.9729166666666667 0.05 0.04791666666666667
1 0.775 0.8895833333333333 0.028125 0.05416666666666667
1 0.72265625 0.7260416666666667 0.021875 0.014583333333333334
1 0.6734375 0.775 0.01875 0.035416666666666666
1 0.66640625 0.609375 0.0375 0.035416666666666666
1 0.7015625 0.3927083333333333 0.028125 0.03125
0 0.3890625 0.9270833333333334 0.159375 0.14166666666666666
0 0.421875 0.4625 0.265625 0.24375
0 0.43828125 0.09791666666666667 0.2171875 0.19166666666666668
1 0.79609375 0.07916666666666666 0.015625 0.022916666666666665
1 0.7578125 0.14270833333333333 0.0171875 0.01875
1 0.21484375 0.3333333333333333 0.0140625 0.01875
1 0.20078125 0.4552083333333333 0.009375 0.016666666666666666