1 0.2546875 0.971875 0.03125 0.04791666666666667
1 0.1859375 0.9864583333333333 0.0296875 0.027083333333333334
1 0.15390625 0.9947916666666666 0.015625 0.010416666666666666
1 0.00703125 0.8833333333333333 0.0140625 0.0375
1 0.01328125 0.8052083333333333 0.0265625 0.0625
1 0.0546875 0.684375 0.015625 0.035416666666666666
1 0.08671875 0.6520833333333333 0.028125 0.04791666666666667
1 0.16015625 0.6583333333333333 0.0171875 0.01875
1 0.2484375 0.6625 0.0296875 0.03958333333333333
1 0.30703125 0.7135416666666666 0.021875 0.027083333333333334
1 0.38671875 0.6510416666666666 0.0265625 0.022916666666666665
1 0.80625 0.771875 0.015625 0.016666666666666666
1 0.3890625 0.7979166666666667 0.021875 0.025
1 0.95234375 0.78125 0.0234375 0.035416666666666666
1 0.60859375 0.6510416666666666 0.021875 0.0375
1 0.14296875 0.8875 0.0171875 0.03333333333333333
1 0.49296875 0.9864583333333333 0.034375 0.027083333333333334
1 0.44375 0.95 0.0390625 0.035416666666666666
1 0.56796875 0.959375 0.05625 0.08125
1 0.6125 0.7395833333333334 0.021875 0.022916666666666665
1 0.51171875 0.8010416666666667 0.025 0.025
1 0.45546875 0.675 0.0171875 0.025
1 0.65390625 0.7947916666666667 0.0109375 0.014583333333333334
1 0.81796875 0.7145833333333333 0.009375 0.027083333333333334
1 0.84921875 0.39375 0.0203125 0.029166666666666667
1 0.76484375 0.7822916666666667 0.021875 0.035416666666666666
1 0.77578125 0.625 0.0234375 0.022916666666666665
1 0.70390625 0.5822916666666667 0.0140625 0.0375
1 0.7125 0.5197916666666667 0.025 0.027083333333333334
1 0.7796875 0.5645833333333333 0.0203125 0.035416666666666666
1 0.57890625 0.38333333333333336 0.0234375 0.03333333333333333
1 0.59765625 0.35 0.028125 0.035416666666666666
1 0.63828125 0.38645833333333335 0.0234375 0.03125
1 0.44375 0.34375 0.0390625 0.05
1 0.51640625 0.290625 0.065625 0.07708333333333334
1 0.59921875 0.30104166666666665 0.0484375 0.06666666666666667
1 0.61171875 0.259375 0.0265625 0.029166666666666667
1 0.678125 0.290625 0.03125 0.05
1 0.74765625 0.315625 0.0515625 0.027083333333333334
1 0.79375 0.3 0.0171875 0.035416666666666666
1 0.8265625 0.309375 0.0328125 0.04791666666666667
1 0.284375 0.8822916666666667 0.0546875 0.0375
1 0.5875 0.715625 0.028125 0.035416666666666666
1 0.9953125 0.5385416666666667 0.009375 0.010416666666666666
1 0.94609375 0.5677083333333334 0.0328125 0.03958333333333333
1 0.93125 0.017708333333333333 0.015625 0.035416666666666666
1 0.84609375 0.05625 0.025 0.020833333333333332
1 0.83046875 0.15729166666666666 0.015625 0.020833333333333332
1 0.53046875 0.515625 0.0171875 0.016666666666666666
1 0.43828125 0.42604166666666665 0.028125 0.03333333333333333
1 0.32421875 0.44583333333333336 0.046875 0.04791666666666667
1 0.3125 0.5177083333333333 0.03125 0.03333333333333333
1 0.23046875 0.4583333333333333 0.0375 0.04583333333333333
1 0.16875 0.39375 0.034375 0.04791666666666667
1 0.20078125 0.4125 0.025 0.027083333333333334
1 0.16171875 0.525 0.025 0.020833333333333332
1 0.16875 0.575 0.0140625 0.016666666666666666
1 0.165625 0.446875 0.025 0.03125
1 0.06484375 0.26979166666666665 0.0265625 0.03125
1 0.08828125 0.16875 0.028125 0.03333333333333333
1 0.0109375 0.10208333333333333 0.021875 0.058333333333333334
1 0.071875 0.09791666666666667 0.0921875 0.03958333333333333
1 0.2609375 0.12916666666666668 0.0296875 0.04375
1 0.25625 0.178125 0.015625 0.025
1 0.1609375 0.005208333333333333 0.0265625 0.010416666666666666
1 0.02734375 0.009375 0.015625 0.01875
1 0.3015625 0.19791666666666666 0.03125 0.035416666666666666
1 0.3875 0.13333333333333333 0.03125 0.03958333333333333
1 0.41796875 0.13645833333333332 0.015625 0.022916666666666665
1 0.4359375 0.08020833333333334 0.028125 0.035416666666666666
1 0.534375 0.04895833333333333 0.021875 0.035416666666666666
1 0.65078125 0.010416666666666666 0.05625 0.020833333333333332
1 0.7546875 0.057291666666666664 0.0328125 0.052083333333333336
1 0.75234375 0.15 0.03125 0.035416666666666666
1 0.9171875 0.24375 0.0203125 0.025
1 0.9671875 0.15520833333333334 0.025 0.029166666666666667
1 0.625 0.9552083333333333 0.0265625 0.025
1 0.92421875 0.7041666666666667 0.0578125 0.08333333333333333
1 0.4671875 0.8614583333333333 0.01875 0.014583333333333334
1 0.865625 0.95 0.0203125 0.025
1 0.875 0.041666666666666664 0.0265625 0.029166666666666667
1 0.7703125 0.9416666666666667 0.0140625 0.022916666666666665
1 0.78984375 0.9166666666666666 0.025 0.03333333333333333
1 0.73359375 0.6833333333333333 0.034375 0.03958333333333333
1 0.625 0.61875 0.0234375 0.027083333333333334
0 0.415625 0.8666666666666667 0.1671875 0.26666666666666666
0 0.4078125 0.4354166666666667 0.0765625 0.32083333333333336
0 0.371875 0.03854166666666667 0.1046875 0.07708333333333334
0 0.41484375 0.17291666666666666 0.240625 0.18125
1 0.18125 0.825 0.0421875 0.052083333333333336
1 0.2265625 0.8364583333333333 0.040625 0.04791666666666667
1 0.23671875 0.7583333333333333 0.078125 0.05625