1 0.7046875 0.49444444444444446 0.0109375 0.018055555555555554
1 0.59375 0.8222222222222222 0.01328125 0.029166666666666667
1 0.443359375 0.9951388888888889 0.0140625 0.009722222222222222
1 0.421484375 0.9902777777777778 0.01171875 0.019444444444444445
1 0.474609375 0.98125 0.01953125 0.0375
1 0.96953125 0.0375 0.01171875 0.016666666666666666
1 0.897265625 0.225 0.0078125 0.013888888888888888
1 0.88671875 0.2590277777777778 0.01484375 0.02361111111111111
1 0.804296875 0.3729166666666667 0.01953125 0.0375
1 0.7703125 0.29375 0.02890625 0.05555555555555555
1 0.7171875 0.02361111111111111 0.0171875 0.044444444444444446
1 0.515234375 0.04027777777777778 0.01640625 0.03888888888888889
1 0.264453125 0.33402777777777776 0.0265625 0.04027777777777778
1 0.11015625 0.4215277777777778 0.01328125 0.02361111111111111
1 0.209375 0.2798611111111111 0.01796875 0.030555555555555555
1 0.12421875 0.9006944444444445 0.02421875 0.05277777777777778
1 0.382421875 0.8215277777777777 0.015625 0.04583333333333333
1 0.04921875 0.14375 0.0140625 0.02638888888888889
0 0.123046875 0.025 0.09765625 0.05
0 0.091796875 0.1361111111111111 0.18359375 0.2722222222222222
0 0.091796875 0.45416666666666666 0.18359375 0.31527777777777777
0 0.14375 0.5375 0.21484375 0.15833333333333333
0 0.101953125 0.8590277777777777 0.20390625 0.28194444444444444
0 0.16953125 0.9791666666666666 0.04765625 0.041666666666666664
0 0.705078125 0.9138888888888889 0.159375 0.17222222222222222
0 0.73046875 0.7493055555555556 0.19921875 0.4875
0 0.63203125 0.46458333333333335 0.22421875 0.35555555555555557
0 0.683984375 0.2326388888888889 0.284375 0.1763888888888889
0 0.66015625 0.10902777777777778 0.11640625 0.21805555555555556
1 0.741796875 0.9277777777777778 0.01953125 0.020833333333333332
1 0.555859375 0.7715277777777778 0.01328125 0.015277777777777777
1 0.7765625 0.6277777777777778 0.03203125 0.04861111111111111
1 0.68359375 0.6548611111111111 0.01953125 0.016666666666666666
1 0.66796875 0.8888888888888888 0.015625 0.04583333333333333
1 0.59921875 0.9284722222222223 0.0453125 0.0763888888888889
1 0.978515625 0.9256944444444445 0.01640625 0.03333333333333333
1 0.905078125 0.8569444444444444 0.0125 0.027777777777777776
1 0.829296875 0.7444444444444445 0.009375 0.016666666666666666
1 0.90859375 0.5701388888888889 0.02265625 0.034722222222222224
1 0.87578125 0.6444444444444445 0.0359375 0.058333333333333334
1 0.5859375 0.10902777777777778 0.0234375 0.058333333333333334
1 0.590234375 0.15625 0.02890625 0.0375
1 0.597265625 0.2013888888888889 0.03125 0.05416666666666667
1 0.605859375 0.2569444444444444 0.0328125 0.06527777777777778
1 0.628515625 0.3625 0.01953125 0.04722222222222222
1 0.678515625 0.39652777777777776 0.03515625 0.05555555555555555
1 0.7140625 0.4236111111111111 0.01171875 0.025
1 0.55859375 0.33541666666666664 0.01015625 0.016666666666666666
1 0.5640625 0.36736111111111114 0.0171875 0.025
1 0.703515625 0.8923611111111112 0.01484375 0.020833333333333332
1 0.79921875 0.7881944444444444 0.015625 0.025
1 0.56328125 0.5020833333333333 0.01328125 0.019444444444444445
1 0.70625 0.5444444444444444 0.01640625 0.029166666666666667