1 0.043359375 0.2569444444444444 0.021875 0.04027777777777778
1 0.162109375 0.18263888888888888 0.028125 0.05694444444444444
1 0.12265625 0.07916666666666666 0.02734375 0.04722222222222222
1 0.20546875 0.044444444444444446 0.01796875 0.03333333333333333
1 0.937890625 0.56875 0.0421875 0.06527777777777778
1 0.966796875 0.5465277777777777 0.02109375 0.04583333333333333
1 0.981640625 0.6444444444444445 0.02265625 0.03888888888888889
1 0.86953125 0.54375 0.01875 0.0375
1 0.230859375 0.9840277777777777 0.02890625 0.03194444444444444
1 0.23671875 0.9395833333333333 0.03515625 0.0625
1 0.822265625 0.4597222222222222 0.01953125 0.03611111111111111
1 0.79453125 0.47152777777777777 0.03828125 0.0625
1 0.775390625 0.5256944444444445 0.02265625 0.04583333333333333
1 0.73046875 0.42986111111111114 0.03125 0.06111111111111111
1 0.687109375 0.48125 0.02421875 0.044444444444444446
1 0.791796875 0.6263888888888889 0.04453125 0.0625
1 0.826171875 0.7284722222222222 0.03046875 0.08472222222222223
1 0.866796875 0.7583333333333333 0.01953125 0.029166666666666667
1 0.7671875 0.7534722222222222 0.03359375 0.05416666666666667
1 0.719921875 0.7145833333333333 0.02265625 0.05
1 0.7453125 0.8701388888888889 0.01953125 0.0375
1 0.8234375 0.8534722222222222 0.0453125 0.06388888888888888
1 0.891015625 0.8465277777777778 0.0265625 0.04583333333333333
1 0.77890625 0.9798611111111111 0.01640625 0.02638888888888889
1 0.808203125 0.9881944444444445 0.01953125 0.02361111111111111
1 0.688671875 0.9840277777777777 0.01796875 0.02361111111111111
1 0.592578125 0.65625 0.02578125 0.04027777777777778
1 0.510546875 0.9819444444444444 0.0171875 0.03194444444444444
0 0.079296875 0.6861111111111111 0.1546875 0.25416666666666665
0 0.128515625 0.6138888888888889 0.25703125 0.2972222222222222
0 0.07890625 0.23194444444444445 0.1578125 0.3638888888888889
0 0.098828125 0.10625 0.19765625 0.2125
0 0.652734375 0.7930555555555555 0.09453125 0.41388888888888886
0 0.58515625 0.7354166666666667 0.17578125 0.5291666666666667
0 0.68203125 0.4548611111111111 0.2375 0.45
0 0.583984375 0.11388888888888889 0.10234375 0.22777777777777777
1 0.406640625 0.04513888888888889 0.01484375 0.03888888888888889
1 0.90859375 0.5465277777777777 0.01796875 0.041666666666666664
1 0.841796875 0.42986111111111114 0.02265625 0.043055555555555555
1 0.984375 0.4173611111111111 0.03125 0.05416666666666667
1 0.961328125 0.39166666666666666 0.02265625 0.03333333333333333
1 0.941796875 0.41041666666666665 0.01796875 0.029166666666666667
1 0.985546875 0.06736111111111111 0.02265625 0.0375
1 0.83984375 0.009722222222222222 0.01953125 0.019444444444444445
1 0.8234375 0.14375 0.0328125 0.0625
1 0.818359375 0.09652777777777778 0.034375 0.043055555555555555
1 0.791796875 0.22708333333333333 0.015625 0.030555555555555555
1 0.765625 0.26319444444444445 0.02890625 0.05416666666666667
1 0.707421875 0.3326388888888889 0.028125 0.04583333333333333
1 0.622265625 0.3590277777777778 0.02421875 0.04861111111111111
1 0.582421875 0.3020833333333333 0.0375 0.08194444444444444
1 0.408203125 0.2638888888888889 0.0234375 0.059722222222222225
1 0.485546875 0.12013888888888889 0.0140625 0.034722222222222224
1 0.438671875 0.0763888888888889 0.02109375 0.02638888888888889
1 0.842578125 0.5138888888888888 0.02109375 0.04027777777777778
1 0.148828125 0.9548611111111112 0.021875 0.03194444444444444
1 0.084765625 0.9701388888888889 0.02109375 0.04583333333333333
1 0.233984375 0.8104166666666667 0.0359375 0.043055555555555555
1 0.247265625 0.7326388888888888 0.0296875 0.043055555555555555
1 0.26953125 0.6298611111111111 0.02109375 0.029166666666666667
1 0.284765625 0.6013888888888889 0.02265625 0.0375
1 0.2140625 0.5243055555555556 0.01953125 0.03611111111111111
1 0.088671875 0.53125 0.03671875 0.07361111111111111
1 0.20859375 0.4013888888888889 0.025 0.043055555555555555
1 0.01328125 0.22708333333333333 0.0265625 0.0763888888888889