0 0.612890625 0.09930555555555555 0.19140625 0.19583333333333333
1 0.46171875 0.35694444444444445 0.01015625 0.02361111111111111
1 0.48984375 0.44583333333333336 0.0125 0.025
1 0.42734375 0.31666666666666665 0.0078125 0.016666666666666666
1 0.413671875 0.2763888888888889 0.0125 0.027777777777777776
1 0.4953125 0.13055555555555556 0.009375 0.015277777777777777
1 0.607421875 0.2222222222222222 0.01640625 0.03611111111111111
1 0.66953125 0.1375 0.01015625 0.019444444444444445
1 0.610546875 0.12291666666666666 0.00546875 0.016666666666666666
1 0.788671875 0.08541666666666667 0.01484375 0.02361111111111111
1 0.7625 0.04375 0.05234375 0.08472222222222223
1 0.7234375 0.017361111111111112 0.02578125 0.034722222222222224
1 0.8828125 0.022222222222222223 0.01875 0.027777777777777776
1 0.978125 0.09583333333333334 0.0296875 0.059722222222222225
1 0.95703125 0.1840277777777778 0.01640625 0.03194444444444444
1 0.94765625 0.25 0.01328125 0.0375
1 0.99296875 0.39166666666666666 0.01171875 0.020833333333333332
1 0.96796875 0.3819444444444444 0.02421875 0.0375
1 0.89296875 0.48541666666666666 0.0390625 0.06111111111111111
1 0.89921875 0.4361111111111111 0.021875 0.030555555555555555
1 0.871484375 0.25555555555555554 0.0328125 0.058333333333333334
1 0.734375 0.16527777777777777 0.05234375 0.09027777777777778
1 0.71484375 0.22847222222222222 0.0125 0.02361111111111111
1 0.6375 0.29930555555555555 0.0109375 0.015277777777777777
1 0.6609375 0.21666666666666667 0.00859375 0.018055555555555554
1 0.6328125 0.275 0.02109375 0.02638888888888889
1 0.606640625 0.3284722222222222 0.053125 0.07916666666666666
1 0.5921875 0.3763888888888889 0.01484375 0.041666666666666664
1 0.598828125 0.4354166666666667 0.02578125 0.0625
1 0.596484375 0.4979166666666667 0.0125 0.020833333333333332
1 0.659375 0.47847222222222224 0.0296875 0.0763888888888889
1 0.659765625 0.36180555555555555 0.01640625 0.02361111111111111
1 0.71640625 0.2972222222222222 0.01015625 0.015277777777777777
1 0.68203125 0.3159722222222222 0.01953125 0.0375
1 0.732421875 0.37916666666666665 0.00859375 0.016666666666666666
1 0.7671875 0.5152777777777777 0.0125 0.027777777777777776
1 0.744921875 0.4597222222222222 0.040625 0.10138888888888889
1 0.593359375 0.9326388888888889 0.01171875 0.019444444444444445
1 0.4859375 0.7763888888888889 0.0125 0.02638888888888889
1 0.612109375 0.7673611111111112 0.02421875 0.025
1 0.546875 0.7493055555555556 0.02421875 0.07361111111111111
1 0.523046875 0.5784722222222223 0.01171875 0.03194444444444444
1 0.583203125 0.5263888888888889 0.01171875 0.027777777777777776
1 0.551171875 0.5701388888888889 0.025 0.03194444444444444
1 0.580078125 0.6111111111111112 0.021875 0.044444444444444446
1 0.58828125 0.6673611111111111 0.02265625 0.03888888888888889
1 0.823046875 0.9659722222222222 0.009375 0.06805555555555555
1 0.801171875 0.9819444444444444 0.01171875 0.03611111111111111
1 0.983984375 0.6791666666666667 0.01796875 0.030555555555555555
1 0.908984375 0.5743055555555555 0.03515625 0.04027777777777778
1 0.87421875 0.6270833333333333 0.03046875 0.05694444444444444
1 0.8140625 0.7104166666666667 0.021875 0.020833333333333332
1 0.863671875 0.6881944444444444 0.02734375 0.06527777777777778
1 0.893359375 0.7590277777777777 0.0234375 0.027777777777777776
1 0.973046875 0.8319444444444445 0.01875 0.025
1 0.955078125 0.9041666666666667 0.0265625 0.05277777777777778
1 0.9234375 0.9118055555555555 0.02421875 0.06666666666666667
1 0.88125 0.9215277777777777 0.01953125 0.030555555555555555
1 0.8203125 0.8243055555555555 0.01640625 0.029166666666666667
1 0.81171875 0.7993055555555556 0.00859375 0.016666666666666666
1 0.803515625 0.8194444444444444 0.01484375 0.029166666666666667
1 0.772265625 0.8194444444444444 0.046875 0.04722222222222222
1 0.778515625 0.8909722222222223 0.01328125 0.025
1 0.759765625 0.8868055555555555 0.00859375 0.025
1 0.695703125 0.9909722222222223 0.0125 0.018055555555555554
1 0.65546875 0.8673611111111111 0.0859375 0.15555555555555556
1 0.599609375 0.9736111111111111 0.02578125 0.05277777777777778
1 0.5375 0.9243055555555556 0.0140625 0.020833333333333332
1 0.51953125 0.8847222222222222 0.0203125 0.03888888888888889
1 0.239453125 0.9930555555555556 0.01796875 0.013888888888888888
1 0.1953125 0.9590277777777778 0.0125 0.029166666666666667
1 0.17265625 0.8229166666666666 0.00703125 0.009722222222222222
1 0.338671875 0.7715277777777778 0.0109375 0.027777777777777776
1 0.160546875 0.7972222222222223 0.0140625 0.027777777777777776
1 0.1953125 0.81875 0.0140625 0.027777777777777776
1 0.23671875 0.6777777777777778 0.02578125 0.034722222222222224
1 0.16953125 0.7159722222222222 0.01640625 0.027777777777777776
1 0.1515625 0.6618055555555555 0.0234375 0.029166666666666667
1 0.2375 0.5555555555555556 0.0265625 0.04583333333333333
1 0.371484375 0.44583333333333336 0.01015625 0.019444444444444445
1 0.27265625 0.4152777777777778 0.0078125 0.016666666666666666
1 0.26171875 0.45555555555555555 0.0296875 0.043055555555555555
1 0.2 0.49166666666666664 0.01484375 0.04722222222222222
1 0.156640625 0.28055555555555556 0.021875 0.02361111111111111
1 0.268359375 0.27291666666666664 0.0171875 0.034722222222222224
1 0.25390625 0.15833333333333333 0.00859375 0.013888888888888888
1 0.25625 0.005555555555555556 0.00859375 0.011111111111111112
1 0.158984375 0.059722222222222225 0.01015625 0.015277777777777777
1 0.190234375 0.02847222222222222 0.03125 0.05694444444444444
0 0.716796875 0.5388888888888889 0.2375 0.3125
0 0.692578125 0.7729166666666667 0.30390625 0.14027777777777778
0 0.648046875 0.9875 0.046875 0.025
0 0.115625 0.95625 0.17265625 0.0875
0 0.110546875 0.8263888888888888 0.146875 0.3472222222222222
0 0.089453125 0.5125 0.17890625 0.34444444444444444
0 0.101953125 0.20555555555555555 0.20390625 0.4111111111111111
0 0.092578125 0.10555555555555556 0.1640625 0.2111111111111111