1 0.971875 0.7326388888888888 0.01953125 0.04027777777777778
1 0.149609375 0.8256944444444444 0.021875 0.04722222222222222
1 0.148828125 0.8770833333333333 0.01796875 0.029166666666666667
1 0.22109375 0.8138888888888889 0.015625 0.0375
1 0.24375 0.8534722222222222 0.01796875 0.03888888888888889
1 0.203515625 0.6416666666666667 0.01953125 0.041666666666666664
1 0.186328125 0.5548611111111111 0.025 0.05416666666666667
1 0.11640625 0.59375 0.02421875 0.04722222222222222
1 0.246875 0.6673611111111111 0.0421875 0.09583333333333334
1 0.34921875 0.6041666666666666 0.025 0.03888888888888889
1 0.29765625 0.5659722222222222 0.03359375 0.07777777777777778
1 0.35390625 0.5666666666666667 0.015625 0.030555555555555555
1 0.3796875 0.5381944444444444 0.0421875 0.10972222222222222
1 0.466015625 0.8715277777777778 0.01796875 0.04027777777777778
1 0.497265625 0.9256944444444445 0.01796875 0.030555555555555555
1 0.627734375 0.9347222222222222 0.0359375 0.08194444444444444
1 0.61640625 0.8618055555555556 0.02734375 0.04722222222222222
1 0.6578125 0.7895833333333333 0.01953125 0.03888888888888889
1 0.6125 0.5347222222222222 0.028125 0.05694444444444444
1 0.58125 0.5618055555555556 0.04375 0.05
1 0.2140625 0.35694444444444445 0.02421875 0.06111111111111111
1 0.2484375 0.32222222222222224 0.0359375 0.06111111111111111
1 0.3046875 0.32083333333333336 0.0296875 0.04861111111111111
1 0.208984375 0.1284722222222222 0.01875 0.044444444444444446
1 0.281640625 0.13680555555555557 0.0203125 0.03194444444444444
1 0.619140625 0.10416666666666667 0.01875 0.03611111111111111
1 0.612890625 0.14444444444444443 0.02265625 0.05277777777777778
1 0.584765625 0.1486111111111111 0.0171875 0.04027777777777778
1 0.598046875 0.2743055555555556 0.03984375 0.0875
1 0.6671875 0.2951388888888889 0.025 0.0625
1 0.720703125 0.010416666666666666 0.01484375 0.020833333333333332
1 0.77421875 0.1763888888888889 0.01953125 0.05
1 0.719921875 0.2652777777777778 0.02421875 0.05
1 0.78046875 0.2520833333333333 0.025 0.041666666666666664
1 0.95390625 0.17916666666666667 0.02109375 0.03333333333333333
1 0.969140625 0.28680555555555554 0.02109375 0.03333333333333333
1 0.987890625 0.2902777777777778 0.01328125 0.034722222222222224
1 0.9375 0.4236111111111111 0.0359375 0.09027777777777778
1 0.875390625 0.41458333333333336 0.046875 0.12361111111111112
1 0.833203125 0.4048611111111111 0.01953125 0.05138888888888889
1 0.8875 0.5104166666666666 0.0203125 0.043055555555555555
1 0.85078125 0.5173611111111112 0.021875 0.041666666666666664
1 0.890234375 0.5541666666666667 0.01796875 0.02638888888888889
1 0.736328125 0.5201388888888889 0.025 0.05
1 0.746875 0.5868055555555556 0.02578125 0.03888888888888889
1 0.8171875 0.7319444444444444 0.0171875 0.044444444444444446
1 0.88515625 0.7326388888888888 0.0453125 0.04027777777777778
1 0.946875 0.7361111111111112 0.01875 0.030555555555555555
1 0.840234375 0.9555555555555556 0.01875 0.04861111111111111
0 0.11640625 0.9756944444444444 0.13046875 0.04861111111111111
0 0.09765625 0.33819444444444446 0.19453125 0.3625
0 0.17734375 0.027083333333333334 0.11015625 0.05416666666666667
0 0.6328125 0.8659722222222223 0.1375 0.26805555555555555
0 0.627734375 0.6027777777777777 0.17265625 0.5055555555555555
0 0.676953125 0.4173611111111111 0.0828125 0.4111111111111111
0 0.685546875 0.14583333333333334 0.19765625 0.2916666666666667