1 0.5625 0.4041666666666667 0.0140625 0.01875
1 0.884375 0.4041666666666667 0.021875 0.06666666666666667
1 0.984375 0.6322916666666667 0.028125 0.03125
1 0.22109375 0.7010416666666667 0.0515625 0.041666666666666664
1 0.121875 0.8302083333333333 0.03125 0.04375
1 0.1421875 0.8645833333333334 0.0140625 0.029166666666666667
1 0.684375 0.11041666666666666 0.03125 0.025
1 0.42890625 0.6385416666666667 0.0125 0.016666666666666666
1 0.86328125 0.665625 0.0125 0.01875
0 0.3578125 0.6666666666666666 0.1359375 0.3125
0 0.3875 0.4552083333333333 0.0359375 0.10625
0 0.3578125 0.9229166666666667 0.0953125 0.15416666666666667
1 0.55078125 0.2916666666666667 0.034375 0.03958333333333333
1 0.671875 0.6947916666666667 0.034375 0.04583333333333333
1 0.6921875 0.6395833333333333 0.034375 0.035416666666666666
1 0.546875 0.7583333333333333 0.053125 0.07916666666666666
1 0.54609375 0.8864583333333333 0.04375 0.05625
1 0.28203125 0.134375 0.0671875 0.058333333333333334
1 0.44375 0.05520833333333333 0.01875 0.025
1 0.23671875 0.371875 0.021875 0.022916666666666665
1 0.64375 0.5447916666666667 0.0375 0.058333333333333334
1 0.15 0.6604166666666667 0.040625 0.04375
1 0.1 0.6364583333333333 0.03125 0.029166666666666667
1 0.5015625 0.6072916666666667 0.01875 0.03958333333333333
1 0.00703125 0.40208333333333335 0.0140625 0.0625
1 0.0859375 0.9364583333333333 0.01875 0.03125
1 0.24140625 0.928125 0.0265625 0.027083333333333334
1 0.80078125 0.8895833333333333 0.021875 0.027083333333333334
1 0.94609375 0.9135416666666667 0.0265625 0.029166666666666667
1 0.86484375 0.26458333333333334 0.01875 0.03125
1 0.8953125 0.11145833333333334 0.021875 0.01875
1 0.690625 0.9885416666666667 0.015625 0.01875
1 0.75 0.5614583333333333 0.0171875 0.025
1 0.3625 0.296875 0.01875 0.029166666666666667
1 0.27109375 0.4479166666666667 0.0234375 0.03125
1 0.22109375 0.20625 0.03125 0.041666666666666664
1 0.8203125 0.011458333333333333 0.0203125 0.01875