1 0.962890625 0.6652777777777777 0.02578125 0.03194444444444444
1 0.25546875 0.38333333333333336 0.015625 0.03333333333333333
1 0.165625 0.36666666666666664 0.01953125 0.027777777777777776
1 0.17578125 0.325 0.015625 0.030555555555555555
1 0.132421875 0.3090277777777778 0.02890625 0.03611111111111111
1 0.19375 0.28194444444444444 0.0140625 0.020833333333333332
1 0.05234375 0.08819444444444445 0.028125 0.05555555555555555
1 0.071484375 0.08680555555555555 0.00859375 0.022222222222222223
1 0.09921875 0.03819444444444445 0.03828125 0.0763888888888889
1 0.06328125 0.14722222222222223 0.02109375 0.0375
1 0.089453125 0.19722222222222222 0.01484375 0.025
1 0.132421875 0.19166666666666668 0.0171875 0.019444444444444445
1 0.192578125 0.12708333333333333 0.025 0.05416666666666667
1 0.20859375 0.1597222222222222 0.02890625 0.041666666666666664
1 0.23046875 0.11805555555555555 0.0265625 0.03888888888888889
1 0.263671875 0.11666666666666667 0.01328125 0.016666666666666666
1 0.190625 0.027777777777777776 0.00859375 0.0125
1 0.31796875 0.02638888888888889 0.0125 0.018055555555555554
1 0.4359375 0.016666666666666666 0.01875 0.03333333333333333
1 0.422265625 0.09305555555555556 0.01015625 0.020833333333333332
1 0.45625 0.12986111111111112 0.02109375 0.05555555555555555
1 0.468359375 0.07569444444444444 0.01171875 0.02361111111111111
1 0.4828125 0.09861111111111111 0.02265625 0.043055555555555555
1 0.479296875 0.15694444444444444 0.0203125 0.04583333333333333
1 0.459765625 0.2048611111111111 0.0125 0.020833333333333332
1 0.477734375 0.21597222222222223 0.03046875 0.04583333333333333
1 0.491015625 0.2763888888888889 0.03828125 0.05
1 0.525390625 0.2590277777777778 0.02578125 0.05694444444444444
1 0.424609375 0.23472222222222222 0.0171875 0.02638888888888889
1 0.5375 0.13125 0.02578125 0.06944444444444445
1 0.555078125 0.1527777777777778 0.01328125 0.04027777777777778
1 0.498828125 0.17083333333333334 0.0125 0.030555555555555555
1 0.504296875 0.018055555555555554 0.02734375 0.03611111111111111
1 0.549609375 0.017361111111111112 0.02109375 0.034722222222222224
1 0.5203125 0.06180555555555556 0.03515625 0.05555555555555555
1 0.572265625 0.07291666666666667 0.02421875 0.034722222222222224
1 0.52734375 0.20277777777777778 0.0078125 0.013888888888888888
1 0.5953125 0.18472222222222223 0.01875 0.03611111111111111
1 0.590234375 0.23958333333333334 0.03203125 0.03888888888888889
1 0.55703125 0.3013888888888889 0.025 0.06666666666666667
1 0.595703125 0.29444444444444445 0.0171875 0.0375
1 0.566015625 0.25555555555555554 0.02109375 0.04027777777777778
1 0.630078125 0.2590277777777778 0.05234375 0.11944444444444445
1 0.65625 0.19930555555555557 0.0125 0.04583333333333333
1 0.749609375 0.23055555555555557 0.05078125 0.09583333333333334
1 0.782421875 0.2125 0.03671875 0.05277777777777778
1 0.806640625 0.24722222222222223 0.0359375 0.05555555555555555
1 0.731640625 0.29305555555555557 0.028125 0.044444444444444446
1 0.709765625 0.3104166666666667 0.021875 0.029166666666666667
1 0.66796875 0.3284722222222222 0.02578125 0.02638888888888889
1 0.70703125 0.3715277777777778 0.02578125 0.03888888888888889
1 0.78515625 0.3090277777777778 0.01875 0.030555555555555555
1 0.77734375 0.3333333333333333 0.01328125 0.022222222222222223
1 0.82578125 0.3347222222222222 0.0125 0.022222222222222223
1 0.84140625 0.2534722222222222 0.01875 0.041666666666666664
1 0.705078125 0.035416666666666666 0.03984375 0.07083333333333333
1 0.742578125 0.011805555555555555 0.01640625 0.02361111111111111
1 0.808984375 0.14444444444444443 0.05234375 0.07361111111111111
1 0.80703125 0.058333333333333334 0.01328125 0.018055555555555554
1 0.843359375 0.015277777777777777 0.0265625 0.030555555555555555
1 0.894140625 0.02013888888888889 0.025 0.04027777777777778
1 0.845703125 0.12222222222222222 0.0203125 0.03888888888888889
1 0.878125 0.09305555555555556 0.05546875 0.075
1 0.89375 0.14444444444444443 0.03671875 0.04722222222222222
1 0.89296875 0.18055555555555555 0.02421875 0.03194444444444444
1 0.951171875 0.07847222222222222 0.01953125 0.029166666666666667
1 0.97421875 0.06597222222222222 0.015625 0.02638888888888889
1 0.915234375 0.004861111111111111 0.00859375 0.009722222222222222
1 0.95 0.21944444444444444 0.025 0.04583333333333333
1 0.9828125 0.21944444444444444 0.034375 0.05
1 0.9671875 0.2722222222222222 0.028125 0.06388888888888888
1 0.993359375 0.28125 0.01328125 0.05555555555555555
1 0.887890625 0.425 0.02734375 0.04722222222222222
1 0.920703125 0.39652777777777776 0.01875 0.04027777777777778
1 0.990234375 0.51875 0.01953125 0.04861111111111111
1 0.772265625 0.4673611111111111 0.009375 0.019444444444444445
1 0.630859375 0.5881944444444445 0.01953125 0.02361111111111111
1 0.57734375 0.7944444444444444 0.00625 0.015277777777777777
1 0.225 0.7055555555555556 0.0203125 0.03333333333333333
1 0.237109375 0.7548611111111111 0.01953125 0.0375
1 0.25625 0.7645833333333333 0.0171875 0.022222222222222223
1 0.214453125 0.8138888888888889 0.0234375 0.05694444444444444
1 0.2140625 0.8673611111111111 0.0515625 0.05694444444444444
1 0.247265625 0.8409722222222222 0.0171875 0.03611111111111111
1 0.181640625 0.9118055555555555 0.01796875 0.044444444444444446
1 0.13125 0.9680555555555556 0.0703125 0.06388888888888888
1 0.205078125 0.9958333333333333 0.01328125 0.008333333333333333
1 0.093359375 0.7993055555555556 0.01484375 0.020833333333333332
1 0.11875 0.8256944444444444 0.0171875 0.02361111111111111
1 0.0984375 0.7520833333333333 0.0046875 0.009722222222222222
1 0.046484375 0.7020833333333333 0.0109375 0.018055555555555554
1 0.068359375 0.6944444444444444 0.01328125 0.03611111111111111
1 0.057421875 0.6111111111111112 0.046875 0.09583333333333334
1 0.109375 0.5416666666666666 0.03125 0.03888888888888889
1 0.0984375 0.6069444444444444 0.02265625 0.020833333333333332
1 0.03203125 0.31875 0.0140625 0.027777777777777776
1 0.083984375 0.23680555555555555 0.00859375 0.016666666666666666
1 0.36328125 0.47847222222222224 0.0140625 0.027777777777777776
1 0.44296875 0.20416666666666666 0.01015625 0.0125
1 0.952734375 0.40555555555555556 0.015625 0.016666666666666666
1 0.898046875 0.6493055555555556 0.00703125 0.019444444444444445
1 0.6765625 0.2076388888888889 0.00859375 0.019444444444444445
1 0.22109375 0.37916666666666665 0.03203125 0.09444444444444444
1 0.205859375 0.45555555555555555 0.01484375 0.029166666666666667
1 0.16953125 0.50625 0.02265625 0.03888888888888889
1 0.16484375 0.4673611111111111 0.021875 0.05
1 0.258203125 0.50625 0.05078125 0.0875
1 0.268359375 0.44027777777777777 0.03984375 0.04027777777777778
1 0.337109375 0.46805555555555556 0.01484375 0.02638888888888889
1 0.316015625 0.4215277777777778 0.0484375 0.06805555555555555
1 0.42578125 0.5368055555555555 0.0109375 0.02638888888888889
1 0.54453125 0.49236111111111114 0.05078125 0.08055555555555556
1 0.5625 0.43125 0.02578125 0.06388888888888888
1 0.657421875 0.4861111111111111 0.03203125 0.0625
1 0.81640625 0.5145833333333333 0.04375 0.10972222222222222
1 0.91640625 0.5715277777777777 0.02109375 0.04027777777777778
1 0.866015625 0.5951388888888889 0.02109375 0.044444444444444446
1 0.775 0.6361111111111111 0.0171875 0.03194444444444444
1 0.7515625 0.5930555555555556 0.03125 0.0625
1 0.7453125 0.6534722222222222 0.021875 0.05138888888888889
1 0.86875 0.6472222222222223 0.02109375 0.06111111111111111
1 0.86171875 0.69375 0.0171875 0.034722222222222224
1 0.835546875 0.6368055555555555 0.03359375 0.05
1 0.94296875 0.7798611111111111 0.02578125 0.06805555555555555
1 0.902734375 0.7638888888888888 0.025 0.034722222222222224
1 0.85 0.7881944444444444 0.01953125 0.029166666666666667
1 0.798828125 0.7708333333333334 0.03046875 0.04861111111111111
1 0.971484375 0.9631944444444445 0.02421875 0.044444444444444446
1 0.950390625 0.9895833333333334 0.0125 0.020833333333333332
1 0.890625 0.9423611111111111 0.0625 0.11527777777777778
1 0.808984375 0.8819444444444444 0.06171875 0.14305555555555555
1 0.75859375 0.8541666666666666 0.01953125 0.02638888888888889
1 0.7265625 0.9875 0.0390625 0.025
1 0.716015625 0.9520833333333333 0.0328125 0.04583333333333333
1 0.748046875 0.9458333333333333 0.0546875 0.08194444444444444
1 0.70546875 0.9097222222222222 0.015625 0.030555555555555555
1 0.698828125 0.8618055555555556 0.02578125 0.05
1 0.67265625 0.6958333333333333 0.028125 0.08611111111111111
1 0.619921875 0.6569444444444444 0.03203125 0.03194444444444444
1 0.558984375 0.5763888888888888 0.0203125 0.03333333333333333
1 0.540625 0.6215277777777778 0.046875 0.08055555555555556
1 0.650390625 0.8090277777777778 0.01953125 0.041666666666666664
1 0.590234375 0.7729166666666667 0.00859375 0.0125
1 0.594921875 0.8777777777777778 0.01171875 0.02361111111111111
1 0.616796875 0.96875 0.0375 0.0625
1 0.4453125 0.9375 0.01640625 0.03611111111111111
1 0.476953125 0.9569444444444445 0.0296875 0.04027777777777778
1 0.480859375 0.8840277777777777 0.01875 0.05277777777777778
1 0.46328125 0.8770833333333333 0.0140625 0.02638888888888889
1 0.491796875 0.8381944444444445 0.03125 0.058333333333333334
1 0.425 0.8173611111111111 0.02734375 0.027777777777777776
1 0.436328125 0.7534722222222222 0.0390625 0.0875
1 0.546875 0.7083333333333334 0.021875 0.07222222222222222
1 0.530078125 0.7680555555555556 0.02421875 0.059722222222222225
1 0.51640625 0.6875 0.04921875 0.12083333333333333
1 0.4984375 0.5680555555555555 0.0140625 0.02638888888888889
1 0.46875 0.5701388888888889 0.0171875 0.03888888888888889
1 0.490234375 0.5083333333333333 0.0203125 0.034722222222222224
1 0.466015625 0.5159722222222223 0.021875 0.044444444444444446
1 0.455078125 0.4618055555555556 0.01796875 0.0375
1 0.435546875 0.4777777777777778 0.02421875 0.04861111111111111
1 0.508984375 0.4173611111111111 0.03515625 0.05694444444444444
1 0.46953125 0.42430555555555555 0.01484375 0.03888888888888889
1 0.4390625 0.37430555555555556 0.025 0.030555555555555555
1 0.49609375 0.3590277777777778 0.084375 0.10555555555555556
1 0.450390625 0.30694444444444446 0.034375 0.05694444444444444
0 0.68046875 0.9659722222222222 0.05625 0.06805555555555555
0 0.715234375 0.8645833333333334 0.2234375 0.2708333333333333
0 0.701953125 0.6756944444444445 0.1875 0.36944444444444446
0 0.680859375 0.4548611111111111 0.16328125 0.3375
0 0.71484375 0.10208333333333333 0.1828125 0.20416666666666666
0 0.14765625 0.18541666666666667 0.0328125 0.10277777777777777
0 0.10078125 0.47708333333333336 0.18671875 0.6125
0 0.0953125 0.7131944444444445 0.15546875 0.2861111111111111
0 0.12421875 0.8951388888888889 0.2484375 0.15694444444444444