1 0.24296875 0.7322916666666667 0.028125 0.03125
1 0.1 0.7239583333333334 0.0203125 0.020833333333333332
1 0.1640625 0.5572916666666666 0.0234375 0.01875
1 0.41875 0.47708333333333336 0.0125 0.025
1 0.1875 0.08333333333333333 0.0265625 0.027083333333333334
1 0.2546875 0.140625 0.015625 0.016666666666666666
1 0.26171875 0.490625 0.025 0.025
1 0.2328125 0.628125 0.0171875 0.03333333333333333
0 0.390625 0.921875 0.20625 0.15625
1 0.1546875 0.6572916666666667 0.0109375 0.020833333333333332
1 0.65 0.057291666666666664 0.01875 0.01875
1 0.11328125 0.16354166666666667 0.0203125 0.025
1 0.3796875 0.7854166666666667 0.0125 0.014583333333333334
1 0.81015625 0.31979166666666664 0.0234375 0.03125
1 0.96640625 0.4239583333333333 0.0390625 0.027083333333333334
1 0.2375 0.9739583333333334 0.034375 0.052083333333333336
1 0.990625 0.5979166666666667 0.01875 0.04583333333333333
1 0.7640625 0.76875 0.0296875 0.016666666666666666
1 0.81015625 0.7104166666666667 0.0265625 0.027083333333333334
1 0.57109375 0.6427083333333333 0.0390625 0.025
1 0.60859375 0.8166666666666667 0.01875 0.027083333333333334
1 0.65703125 0.8479166666666667 0.0390625 0.04583333333333333
1 0.56328125 0.9479166666666666 0.03125 0.0375
1 0.58515625 0.875 0.015625 0.01875
1 0.53359375 0.39375 0.021875 0.01875
1 0.61171875 0.38333333333333336 0.015625 0.01875
1 0.5 0.9854166666666667 0.034375 0.029166666666666667
0 0.3625 0.10833333333333334 0.1859375 0.18333333333333332
0 0.39765625 0.35833333333333334 0.0625 0.15625
1 0.5578125 0.253125 0.0140625 0.022916666666666665
1 0.8109375 0.059375 0.0140625 0.016666666666666666
1 0.91875 0.2375 0.0234375 0.025
1 0.89296875 0.209375 0.0234375 0.027083333333333334
1 0.9125 0.19479166666666667 0.0296875 0.03125
1 0.9734375 0.011458333333333333 0.0390625 0.022916666666666665
1 0.54453125 0.159375 0.0125 0.01875
1 0.31171875 0.371875 0.025 0.03333333333333333