1 0.42265625 0.3770833333333333 0.021875 0.027083333333333334
1 0.3484375 0.5354166666666667 0.0296875 0.03958333333333333
1 0.33203125 0.49895833333333334 0.0390625 0.052083333333333336
1 0.34765625 0.46145833333333336 0.015625 0.020833333333333332
1 0.21640625 0.6729166666666667 0.0109375 0.022916666666666665
1 0.240625 0.6572916666666667 0.0296875 0.05
1 0.25703125 0.6083333333333333 0.053125 0.05416666666666667
1 0.2734375 0.5645833333333333 0.0171875 0.03333333333333333
1 0.25859375 0.5583333333333333 0.0140625 0.022916666666666665
1 0.23984375 0.553125 0.0171875 0.027083333333333334
1 0.2671875 0.678125 0.0359375 0.03333333333333333
1 0.70859375 0.440625 0.0265625 0.0375
1 0.61171875 0.4322916666666667 0.05625 0.08541666666666667
1 0.58984375 0.38333333333333336 0.0296875 0.03958333333333333
1 0.5640625 0.46041666666666664 0.0375 0.04791666666666667
1 0.47734375 0.5135416666666667 0.0234375 0.016666666666666666
1 0.56171875 0.5833333333333334 0.05625 0.05625
1 0.51484375 0.6197916666666666 0.040625 0.041666666666666664
1 0.4984375 0.5697916666666667 0.059375 0.05416666666666667
1 0.51015625 0.5375 0.0390625 0.058333333333333334
1 0.41015625 0.5635416666666667 0.0125 0.016666666666666666
1 0.39609375 0.5479166666666667 0.01875 0.029166666666666667
1 0.365625 0.5791666666666667 0.040625 0.04375
1 0.3265625 0.6375 0.0203125 0.01875
1 0.34453125 0.6177083333333333 0.0140625 0.014583333333333334
1 0.43125 0.65625 0.0234375 0.035416666666666666
1 0.4140625 0.7791666666666667 0.0859375 0.06458333333333334
1 0.35078125 0.771875 0.0203125 0.027083333333333334
1 0.36796875 0.7364583333333333 0.0265625 0.03125
1 0.3234375 0.7770833333333333 0.0140625 0.020833333333333332
1 0.30078125 0.8385416666666666 0.0546875 0.08958333333333333
1 0.20625 0.9864583333333333 0.034375 0.027083333333333334
1 0.51015625 0.946875 0.0828125 0.10625
1 0.36875 0.9416666666666667 0.0421875 0.0375
1 0.51640625 0.6697916666666667 0.040625 0.03958333333333333
1 0.596875 0.6614583333333334 0.01875 0.029166666666666667
1 0.6078125 0.6854166666666667 0.03125 0.0375
1 0.496875 0.8302083333333333 0.021875 0.027083333333333334
1 0.71328125 0.971875 0.028125 0.052083333333333336
1 0.6296875 0.88125 0.0203125 0.03125
1 0.796875 0.8177083333333334 0.0453125 0.04791666666666667
1 0.75546875 0.8375 0.0203125 0.025
1 0.77421875 0.9770833333333333 0.0484375 0.04375
1 0.9609375 0.9645833333333333 0.05 0.07083333333333333
1 0.9609375 0.9239583333333333 0.021875 0.03125
1 0.965625 0.8947916666666667 0.009375 0.008333333333333333
1 0.940625 0.9135416666666667 0.0109375 0.022916666666666665
1 0.990625 0.9114583333333334 0.01875 0.029166666666666667
1 0.83203125 0.7197916666666667 0.0125 0.014583333333333334
1 0.84765625 0.6833333333333333 0.0390625 0.03958333333333333
1 0.80859375 0.646875 0.0390625 0.0875
1 0.7890625 0.590625 0.0171875 0.022916666666666665
1 0.7671875 0.58125 0.0265625 0.04583333333333333
1 0.7703125 0.6822916666666666 0.034375 0.05625
1 0.72421875 0.7114583333333333 0.028125 0.0375
1 0.73515625 0.6833333333333333 0.01875 0.014583333333333334
1 0.85703125 0.734375 0.015625 0.020833333333333332
1 0.95 0.8291666666666667 0.03125 0.041666666666666664
1 0.91953125 0.8427083333333333 0.025 0.0125
1 0.9828125 0.70625 0.0265625 0.020833333333333332
1 0.93125 0.7447916666666666 0.025 0.03125
1 0.89453125 0.5635416666666667 0.015625 0.008333333333333333
1 0.8875 0.5895833333333333 0.05625 0.04375
1 0.9109375 0.5489583333333333 0.0234375 0.022916666666666665
1 0.8890625 0.5427083333333333 0.0140625 0.016666666666666666
1 0.92890625 0.6354166666666666 0.0203125 0.020833333333333332
1 0.9703125 0.65625 0.0125 0.014583333333333334
1 0.99296875 0.6072916666666667 0.0140625 0.04375
1 0.97109375 0.48541666666666666 0.053125 0.041666666666666664
1 0.99296875 0.3697916666666667 0.009375 0.016666666666666666
1 0.99453125 0.4 0.0109375 0.010416666666666666
1 0.97109375 0.41770833333333335 0.021875 0.01875
1 0.946875 0.39166666666666666 0.0140625 0.020833333333333332
1 0.6140625 0.35625 0.0203125 0.025
1 0.75078125 0.36770833333333336 0.0203125 0.025
1 0.715625 0.3 0.046875 0.11666666666666667
1 0.81640625 0.31875 0.03125 0.05416666666666667
1 0.84140625 0.296875 0.0296875 0.03958333333333333
1 0.88046875 0.3458333333333333 0.01875 0.014583333333333334
1 0.98828125 0.3177083333333333 0.0203125 0.029166666666666667
1 0.9109375 0.2760416666666667 0.0203125 0.027083333333333334
1 0.8609375 0.253125 0.03125 0.03333333333333333
1 0.80390625 0.24895833333333334 0.0453125 0.06041666666666667
1 0.90078125 0.15 0.0171875 0.020833333333333332
1 0.89375 0.13333333333333333 0.01875 0.025
1 0.88046875 0.034375 0.009375 0.0125
1 0.9109375 0.07708333333333334 0.0140625 0.014583333333333334
1 0.7578125 0.14375 0.065625 0.12291666666666666
1 0.78359375 0.06979166666666667 0.028125 0.03125
1 0.7734375 0.041666666666666664 0.01875 0.025
1 0.8265625 0.00625 0.0109375 0.0125
1 0.97578125 0.030208333333333334 0.0421875 0.05
1 0.76953125 0.0125 0.021875 0.025
1 0.7390625 0.03229166666666667 0.0390625 0.0625
1 0.559375 0.052083333333333336 0.0828125 0.10416666666666667
1 0.49921875 0.40625 0.015625 0.025
1 0.39765625 0.42604166666666665 0.0421875 0.052083333333333336
1 0.51953125 0.3145833333333333 0.0265625 0.03958333333333333
1 0.49453125 0.30520833333333336 0.021875 0.03958333333333333
1 0.55 0.28020833333333334 0.0328125 0.029166666666666667
1 0.4671875 0.28020833333333334 0.05625 0.10833333333333334
1 0.334375 0.26145833333333335 0.0109375 0.014583333333333334
1 0.3375 0.2 0.075 0.0875
1 0.33359375 0.103125 0.1046875 0.10833333333333334
1 0.434375 0.019791666666666666 0.0515625 0.03958333333333333
1 0.403125 0.23958333333333334 0.03125 0.0375
1 0.38125 0.13854166666666667 0.0125 0.025
1 0.415625 0.10729166666666666 0.0171875 0.01875
1 0.49375 0.078125 0.034375 0.058333333333333334
1 0.4609375 0.09270833333333334 0.0140625 0.016666666666666666
1 0.4484375 0.15416666666666667 0.021875 0.035416666666666666
1 0.04140625 0.2875 0.03125 0.03333333333333333
0 0.603125 0.9375 0.0390625 0.125
0 0.76328125 0.5885416666666666 0.471875 0.3625
0 0.59765625 0.31145833333333334 0.296875 0.3875
0 0.6921875 0.13229166666666667 0.315625 0.26458333333333334
1 0.2328125 0.33645833333333336 0.0171875 0.020833333333333332