1 0.74765625 0.38125 0.021875 0.043055555555555555
0 0.612109375 0.15833333333333333 0.05078125 0.31666666666666665
0 0.54609375 0.08472222222222223 0.05859375 0.16944444444444445
1 0.75078125 0.7 0.01796875 0.029166666666666667
1 0.6921875 0.6465277777777778 0.01484375 0.027777777777777776
1 0.666015625 0.5618055555555556 0.0296875 0.05138888888888889
1 0.637109375 0.5180555555555556 0.01796875 0.03333333333333333
1 0.633984375 0.46875 0.021875 0.04583333333333333
1 0.704296875 0.4840277777777778 0.01796875 0.029166666666666667
1 0.694140625 0.5013888888888889 0.0203125 0.03611111111111111
1 0.674609375 0.5916666666666667 0.0171875 0.018055555555555554
1 0.7625 0.5569444444444445 0.0140625 0.02361111111111111
1 0.74765625 0.6076388888888888 0.0359375 0.07222222222222222
1 0.78125 0.6076388888888888 0.04140625 0.07222222222222222
1 0.787890625 0.5479166666666667 0.0171875 0.025
1 0.82265625 0.37430555555555556 0.034375 0.07916666666666666
1 0.771875 0.39861111111111114 0.02890625 0.04583333333333333
1 0.763671875 0.36527777777777776 0.01796875 0.03333333333333333
1 0.78828125 0.32083333333333336 0.01015625 0.019444444444444445
1 0.7078125 0.29930555555555555 0.02265625 0.03333333333333333
1 0.673046875 0.26180555555555557 0.015625 0.03194444444444444
1 0.6546875 0.2604166666666667 0.01953125 0.04027777777777778
1 0.612890625 0.30972222222222223 0.015625 0.022222222222222223
1 0.625 0.2777777777777778 0.0140625 0.03888888888888889
1 0.52734375 0.3951388888888889 0.021875 0.04583333333333333
1 0.56953125 0.3680555555555556 0.0140625 0.027777777777777776
1 0.455078125 0.4888888888888889 0.01484375 0.020833333333333332
1 0.401953125 0.49583333333333335 0.0125 0.02361111111111111
1 0.533203125 0.48125 0.015625 0.025
1 0.59609375 0.46111111111111114 0.0140625 0.030555555555555555
1 0.64375 0.15833333333333333 0.025 0.04027777777777778
1 0.5875 0.03333333333333333 0.02109375 0.04583333333333333
1 0.6734375 0.04375 0.034375 0.05694444444444444
1 0.76484375 0.059722222222222225 0.01875 0.0375
1 0.7890625 0.06666666666666667 0.0265625 0.04583333333333333
1 0.875390625 0.05347222222222222 0.0203125 0.03333333333333333
1 0.819921875 0.12361111111111112 0.0265625 0.06666666666666667
1 0.7578125 0.16111111111111112 0.03125 0.05694444444444444
1 0.786328125 0.22013888888888888 0.03125 0.05
1 0.832421875 0.22152777777777777 0.01171875 0.02361111111111111
1 0.88203125 0.1673611111111111 0.021875 0.022222222222222223
1 0.912109375 0.2861111111111111 0.01171875 0.027777777777777776
1 0.903125 0.2986111111111111 0.00703125 0.011111111111111112
1 0.853515625 0.34375 0.009375 0.019444444444444445
1 0.91640625 0.3645833333333333 0.03671875 0.04027777777777778
1 0.909765625 0.4131944444444444 0.0140625 0.03333333333333333
1 0.891796875 0.4895833333333333 0.01640625 0.034722222222222224
1 0.869921875 0.46597222222222223 0.01015625 0.019444444444444445
1 0.962890625 0.4375 0.0203125 0.029166666666666667
1 0.99375 0.41875 0.0125 0.041666666666666664
1 0.962890625 0.4875 0.01953125 0.03194444444444444
1 0.85859375 0.6652777777777777 0.01875 0.034722222222222224
1 0.906640625 0.6826388888888889 0.01328125 0.019444444444444445
1 0.9296875 0.6819444444444445 0.0296875 0.058333333333333334
1 0.973046875 0.6736111111111112 0.05078125 0.09861111111111111
1 0.91875 0.7284722222222222 0.00546875 0.015277777777777777
1 0.94765625 0.8041666666666667 0.0140625 0.030555555555555555
1 0.920703125 0.8541666666666666 0.01875 0.05555555555555555
1 0.95546875 0.8458333333333333 0.01953125 0.044444444444444446
1 0.987890625 0.8944444444444445 0.02421875 0.059722222222222225
1 0.984375 0.9680555555555556 0.025 0.06388888888888888
1 0.9359375 0.9048611111111111 0.0140625 0.022222222222222223
1 0.86484375 0.9736111111111111 0.02421875 0.022222222222222223
1 0.848828125 0.9847222222222223 0.0140625 0.020833333333333332
1 0.80546875 0.7416666666666667 0.01875 0.02361111111111111
1 0.919140625 0.10277777777777777 0.025 0.030555555555555555
1 0.979296875 0.10208333333333333 0.0171875 0.030555555555555555
1 0.85078125 0.0625 0.025 0.04722222222222222
1 0.990625 0.27708333333333335 0.01171875 0.02361111111111111
1 0.9125 0.025 0.01484375 0.02638888888888889
1 0.933203125 0.005555555555555556 0.01171875 0.011111111111111112
1 0.58984375 0.9236111111111112 0.0078125 0.020833333333333332
1 0.371484375 0.9125 0.01328125 0.020833333333333332
0 0.197265625 0.3472222222222222 0.1796875 0.49444444444444446
0 0.11953125 0.38472222222222224 0.190625 0.13194444444444445
0 0.189453125 0.7444444444444445 0.16875 0.43194444444444446
0 0.097265625 0.8159722222222222 0.19296875 0.15138888888888888
0 0.667578125 0.9381944444444444 0.10390625 0.12361111111111112
0 0.68359375 0.81875 0.23515625 0.2388888888888889
0 0.637109375 0.6194444444444445 0.09375 0.26805555555555555
0 0.643359375 0.44513888888888886 0.23125 0.3375
1 0.197265625 0.9875 0.03828125 0.025
1 0.1671875 0.8486111111111111 0.01328125 0.027777777777777776
1 0.08671875 0.6722222222222223 0.03046875 0.04722222222222222
1 0.0515625 0.6263888888888889 0.02109375 0.030555555555555555
1 0.04609375 0.5972222222222222 0.01328125 0.019444444444444445
1 0.10703125 0.5868055555555556 0.02421875 0.041666666666666664
1 0.244140625 0.5041666666666667 0.01875 0.04027777777777778
1 0.2609375 0.5291666666666667 0.01796875 0.03888888888888889
1 0.2890625 0.5451388888888888 0.0203125 0.043055555555555555
1 0.079296875 0.5333333333333333 0.03203125 0.08611111111111111
1 0.16953125 0.46875 0.01171875 0.03333333333333333
1 0.203515625 0.45694444444444443 0.01640625 0.09027777777777778
1 0.200390625 0.4861111111111111 0.01796875 0.05138888888888889
1 0.140625 0.2673611111111111 0.025 0.06805555555555555
1 0.135546875 0.32083333333333336 0.0125 0.019444444444444445
1 0.083203125 0.3284722222222222 0.01953125 0.030555555555555555
1 0.186328125 0.125 0.0171875 0.027777777777777776
1 0.046484375 0.035416666666666666 0.0171875 0.029166666666666667
1 0.11484375 0.024305555555555556 0.015625 0.03333333333333333
1 0.187890625 0.0625 0.01484375 0.027777777777777776
1 0.204296875 0.09166666666666666 0.01171875 0.018055555555555554
1 0.387109375 0.12152777777777778 0.03828125 0.12638888888888888
1 0.3546875 0.21805555555555556 0.015625 0.025
1 0.3796875 0.225 0.0203125 0.030555555555555555
1 0.458984375 0.29444444444444445 0.01796875 0.02638888888888889
1 0.4765625 0.31805555555555554 0.01875 0.03194444444444444
1 0.155078125 0.6763888888888889 0.02109375 0.06111111111111111
1 0.190234375 0.9277777777777778 0.0125 0.03611111111111111
1 0.1921875 0.8583333333333333 0.01171875 0.018055555555555554
1 0.39296875 0.9069444444444444 0.02109375 0.030555555555555555
1 0.4359375 0.7208333333333333 0.0234375 0.04583333333333333
1 0.48984375 0.6680555555555555 0.028125 0.059722222222222225
1 0.4109375 0.6173611111111111 0.02421875 0.03611111111111111
1 0.541015625 0.7180555555555556 0.015625 0.04027777777777778
1 0.510546875 0.9729166666666667 0.01484375 0.016666666666666666
1 0.743359375 0.95625 0.01953125 0.0375
1 0.705078125 0.9861111111111112 0.0234375 0.025
1 0.711328125 0.7465277777777778 0.02578125 0.0375
1 0.741015625 0.7694444444444445 0.01875 0.043055555555555555
1 0.788671875 0.7493055555555556 0.01796875 0.0375
1 0.830078125 0.8104166666666667 0.0203125 0.027777777777777776
1 0.776171875 0.7826388888888889 0.03046875 0.09722222222222222
1 0.784375 0.8465277777777778 0.01875 0.030555555555555555
1 0.787109375 0.8729166666666667 0.0125 0.03194444444444444
1 0.81640625 0.71875 0.01875 0.03194444444444444
1 0.728515625 0.7284722222222222 0.02109375 0.0375