1 0.5796875 0.7177083333333333 0.028125 0.025
1 0.96484375 0.014583333333333334 0.0234375 0.025
1 0.64296875 0.09270833333333334 0.025 0.022916666666666665
1 0.1625 0.33229166666666665 0.0296875 0.0375
1 0.1921875 0.013541666666666667 0.0203125 0.022916666666666665
1 0.41015625 0.18333333333333332 0.0390625 0.052083333333333336
1 0.3609375 0.23645833333333333 0.06875 0.06875
1 0.6546875 0.11770833333333333 0.028125 0.027083333333333334
1 0.8109375 0.171875 0.0203125 0.020833333333333332
1 0.85546875 0.203125 0.0375 0.041666666666666664
1 0.8875 0.271875 0.0234375 0.03125
1 0.75390625 0.5270833333333333 0.01875 0.014583333333333334
1 0.10390625 0.80625 0.0140625 0.029166666666666667
1 0.55859375 0.7520833333333333 0.0359375 0.041666666666666664
1 0.38359375 0.5416666666666666 0.0296875 0.041666666666666664
1 0.8546875 0.8125 0.028125 0.020833333333333332
1 0.86875 0.8708333333333333 0.0234375 0.029166666666666667
1 0.403125 0.9 0.021875 0.03333333333333333
1 0.296875 0.9489583333333333 0.0375 0.041666666666666664
1 0.34296875 0.9791666666666666 0.034375 0.035416666666666666
1 0.3875 0.928125 0.025 0.03125
0 0.5671875 0.8822916666666667 0.4171875 0.23541666666666666
0 0.40078125 0.6958333333333333 0.54375 0.29375
0 0.41484375 0.428125 0.103125 0.3125
0 0.53984375 0.21354166666666666 0.225 0.4270833333333333