1 0.68828125 0.8729166666666667 0.028125 0.041666666666666664
1 0.94296875 0.08333333333333333 0.0390625 0.03958333333333333
1 0.6328125 0.05520833333333333 0.0171875 0.029166666666666667
1 0.66953125 0.009375 0.0140625 0.01875
1 0.3265625 0.090625 0.046875 0.05
1 0.33125 0.025 0.0140625 0.020833333333333332
1 0.353125 0.14375 0.04375 0.04375
1 0.31484375 0.18229166666666666 0.01875 0.035416666666666666
1 0.36875 0.240625 0.015625 0.025
1 0.303125 0.309375 0.0484375 0.04583333333333333
1 0.24609375 0.25 0.0234375 0.03333333333333333
1 0.2078125 0.23125 0.028125 0.029166666666666667
1 0.253125 0.08541666666666667 0.034375 0.041666666666666664
1 0.12890625 0.041666666666666664 0.0125 0.020833333333333332
1 0.1578125 0.009375 0.025 0.01875
1 0.0125 0.15729166666666666 0.025 0.05416666666666667
1 0.04296875 0.48541666666666666 0.0171875 0.025
1 0.0375 0.5916666666666667 0.025 0.035416666666666666
1 0.1140625 0.5979166666666667 0.025 0.03333333333333333
1 0.1890625 0.4510416666666667 0.03125 0.029166666666666667
1 0.040625 0.9197916666666667 0.034375 0.035416666666666666
1 0.07265625 0.9447916666666667 0.0203125 0.027083333333333334
1 0.07890625 0.8677083333333333 0.03125 0.0375
1 0.1640625 0.8770833333333333 0.025 0.027083333333333334
1 0.08671875 0.8260416666666667 0.03125 0.01875
1 0.4875 0.9479166666666666 0.0234375 0.03333333333333333
1 0.11875 0.7822916666666667 0.0125 0.027083333333333334
1 0.13828125 0.840625 0.01875 0.025
1 0.14375 0.90625 0.01875 0.029166666666666667
1 0.60546875 0.95625 0.0421875 0.05
1 0.66328125 0.934375 0.0296875 0.04375
1 0.71953125 0.9822916666666667 0.0390625 0.035416666666666666
1 0.7953125 0.9541666666666667 0.0328125 0.05
1 0.76796875 0.9125 0.0171875 0.025
1 0.915625 0.8479166666666667 0.01875 0.03958333333333333
1 0.65703125 0.796875 0.0328125 0.022916666666666665
1 0.73828125 0.7822916666666667 0.0296875 0.03333333333333333
1 0.809375 0.7458333333333333 0.0203125 0.027083333333333334
1 0.8140625 0.809375 0.0171875 0.016666666666666666
1 0.703125 0.778125 0.021875 0.022916666666666665
1 0.6234375 0.65 0.0203125 0.0375
1 0.6578125 0.6072916666666667 0.0203125 0.01875
1 0.99296875 0.5760416666666667 0.0140625 0.022916666666666665
1 0.68125 0.5447916666666667 0.0140625 0.022916666666666665
1 0.13046875 0.55 0.0140625 0.029166666666666667
1 0.38125 0.34791666666666665 0.015625 0.022916666666666665
1 0.9859375 0.203125 0.028125 0.06041666666666667
1 0.9390625 0.265625 0.028125 0.035416666666666666
1 0.3796875 0.08333333333333333 0.0140625 0.0375
1 0.21328125 0.08333333333333333 0.0265625 0.027083333333333334
1 0.21875 0.878125 0.021875 0.022916666666666665
1 0.91484375 0.59375 0.0265625 0.020833333333333332
1 0.86875 0.8375 0.0140625 0.029166666666666667
1 0.51171875 0.7333333333333333 0.0203125 0.020833333333333332
1 0.0578125 0.7645833333333333 0.0203125 0.029166666666666667
1 0.1328125 0.25416666666666665 0.034375 0.03333333333333333
1 0.23203125 0.6895833333333333 0.065625 0.12708333333333333
1 0.19609375 0.7552083333333334 0.0484375 0.08125
1 0.30625 0.7145833333333333 0.040625 0.04375
1 0.37265625 0.7208333333333333 0.0125 0.025
1 0.371875 0.5895833333333333 0.040625 0.027083333333333334
1 0.3375 0.6083333333333333 0.0265625 0.020833333333333332
1 0.36171875 0.5010416666666667 0.0234375 0.027083333333333334
1 0.934375 0.42083333333333334 0.0296875 0.020833333333333332
1 0.4296875 0.48125 0.0296875 0.03958333333333333
1 0.54765625 0.45 0.03125 0.035416666666666666
1 0.6421875 0.403125 0.0375 0.03958333333333333
1 0.67421875 0.31145833333333334 0.046875 0.025
1 0.5640625 0.23125 0.03125 0.03333333333333333
1 0.6375 0.15 0.0296875 0.0375
1 0.63046875 0.18958333333333333 0.0140625 0.014583333333333334
1 0.68125 0.14479166666666668 0.01875 0.025
1 0.72578125 0.19166666666666668 0.05 0.05416666666666667
1 0.7734375 0.08229166666666667 0.0265625 0.03958333333333333
1 0.8375 0.596875 0.025 0.029166666666666667
1 0.0515625 0.6802083333333333 0.05 0.03125
1 0.865625 0.057291666666666664 0.03125 0.05
0 0.39609375 0.9447916666666667 0.1765625 0.11041666666666666
0 0.4359375 0.7541666666666667 0.275 0.15416666666666667
0 0.50234375 0.3958333333333333 0.209375 0.1125
0 0.50703125 0.15729166666666666 0.1671875 0.3145833333333333