1 0.13515625 0.28402777777777777 0.021875 0.05
0 0.61640625 0.38055555555555554 0.11328125 0.5111111111111111
1 0.144140625 0.6020833333333333 0.0234375 0.034722222222222224
1 0.91875 0.8125 0.0203125 0.05
1 0.71640625 0.09444444444444444 0.0140625 0.02638888888888889
1 0.844921875 0.9805555555555555 0.015625 0.03333333333333333
1 0.182421875 0.48819444444444443 0.01171875 0.025
1 0.099609375 0.8131944444444444 0.01953125 0.025
1 0.96875 0.6659722222222222 0.01796875 0.030555555555555555
1 0.287109375 0.6423611111111112 0.01640625 0.027777777777777776
1 0.9921875 0.9375 0.009375 0.03888888888888889
1 0.716796875 0.9048611111111111 0.0171875 0.025
1 0.71015625 0.5645833333333333 0.01171875 0.03888888888888889
1 0.109765625 0.34305555555555556 0.0125 0.020833333333333332
0 0.575 0.013888888888888888 0.0875 0.027777777777777776
1 0.4125 0.009027777777777777 0.01484375 0.018055555555555554
1 0.937109375 0.6555555555555556 0.0140625 0.02361111111111111
1 0.032421875 0.9875 0.01953125 0.022222222222222223
1 0.05546875 0.5340277777777778 0.034375 0.06388888888888888
0 0.079296875 0.11597222222222223 0.1578125 0.2152777777777778
1 0.9859375 0.76875 0.01015625 0.019444444444444445
1 0.7140625 0.18333333333333332 0.0078125 0.015277777777777777
1 0.76484375 0.11666666666666667 0.01171875 0.018055555555555554
1 0.59453125 0.024305555555555556 0.00625 0.020833333333333332
1 0.184765625 0.5166666666666667 0.00703125 0.0125
1 0.191015625 0.53125 0.0109375 0.019444444444444445
1 0.083984375 0.8673611111111111 0.01640625 0.015277777777777777
1 0.829296875 0.8340277777777778 0.009375 0.016666666666666666
1 0.00546875 0.26180555555555557 0.0109375 0.025
1 0.54765625 0.7708333333333334 0.034375 0.08194444444444444
1 0.771484375 0.90625 0.0234375 0.04861111111111111
1 0.51953125 0.2673611111111111 0.0171875 0.04583333333333333
1 0.250390625 0.4395833333333333 0.05859375 0.07222222222222222
0 0.082421875 0.9298611111111111 0.16484375 0.13333333333333333
1 0.896875 0.7951388888888888 0.01875 0.043055555555555555
1 0.8609375 0.8152777777777778 0.025 0.04722222222222222
1 0.6234375 0.9618055555555556 0.02421875 0.0375
0 0.1015625 0.7361111111111112 0.203125 0.28194444444444444
1 0.664453125 0.9597222222222223 0.0234375 0.043055555555555555
0 0.62734375 0.7131944444444445 0.16953125 0.55
1 0.047265625 0.45 0.028125 0.04722222222222222
1 0.803515625 0.5298611111111111 0.0171875 0.04027777777777778
1 0.054296875 0.8576388888888888 0.046875 0.0625
1 0.84765625 0.5090277777777777 0.0328125 0.04583333333333333
1 0.178515625 0.20833333333333334 0.0203125 0.03888888888888889
1 0.827734375 0.3298611111111111 0.0203125 0.03611111111111111
1 0.642578125 0.3854166666666667 0.0328125 0.06527777777777778
1 0.689453125 0.5618055555555556 0.0203125 0.043055555555555555
1 0.940625 0.8034722222222223 0.01796875 0.04583333333333333
0 0.069921875 0.17083333333333334 0.13828125 0.26666666666666666
0 0.088671875 0.059027777777777776 0.17734375 0.11666666666666667
1 0.079296875 0.38263888888888886 0.01875 0.02638888888888889
1 0.980078125 0.37569444444444444 0.02890625 0.07361111111111111
1 0.853125 0.2861111111111111 0.02265625 0.0375
0 0.590625 0.9006944444444445 0.0828125 0.19583333333333333
1 0.776171875 0.6159722222222223 0.02265625 0.04027777777777778
0 0.676171875 0.20625 0.246875 0.29583333333333334
1 0.6671875 0.09652777777777778 0.02578125 0.05555555555555555
1 0.09609375 0.3138888888888889 0.02265625 0.04027777777777778
1 0.663671875 0.04027777777777778 0.0171875 0.03333333333333333
0 0.08984375 0.46944444444444444 0.1796875 0.23333333333333334
1 0.852734375 0.44722222222222224 0.0203125 0.03611111111111111
1 0.744921875 0.8965277777777778 0.01875 0.041666666666666664
1 0.9453125 0.11388888888888889 0.01875 0.03888888888888889
1 0.87265625 0.6333333333333333 0.0265625 0.05555555555555555
1 0.167578125 0.5048611111111111 0.01796875 0.04861111111111111
1 0.83515625 0.24513888888888888 0.028125 0.044444444444444446
1 0.417578125 0.3909722222222222 0.028125 0.043055555555555555
1 0.7484375 0.1875 0.025 0.03194444444444444
1 0.253515625 0.6291666666666667 0.0171875 0.02638888888888889
1 0.96796875 0.8604166666666667 0.01953125 0.02361111111111111
1 0.693359375 0.6611111111111111 0.01875 0.04027777777777778
1 0.915625 0.9868055555555556 0.0203125 0.022222222222222223
1 0.900390625 0.19236111111111112 0.02421875 0.041666666666666664
1 0.055859375 0.3763888888888889 0.02578125 0.05416666666666667
1 0.730078125 0.9368055555555556 0.0171875 0.027777777777777776
1 0.127734375 0.7888888888888889 0.015625 0.03888888888888889
1 0.054296875 0.6548611111111111 0.02421875 0.0375
1 0.028125 0.6625 0.01796875 0.025