1 0.96796875 0.9791666666666666 0.0640625 0.041666666666666664
1 0.84609375 0.828125 0.0375 0.03958333333333333
1 0.75625 0.8885416666666667 0.01875 0.035416666666666666
1 0.71953125 0.7697916666666667 0.0203125 0.03958333333333333
1 0.46328125 0.9041666666666667 0.015625 0.01875
1 0.4015625 0.94375 0.115625 0.1125
0 0.66875 0.9604166666666667 0.2609375 0.07916666666666666
0 0.821875 0.815625 0.35625 0.36875
0 0.67421875 0.5208333333333334 0.328125 0.29375
0 0.70390625 0.26458333333333334 0.375 0.1375
0 0.76640625 0.07708333333333334 0.2328125 0.15416666666666667
1 0.85390625 0.5677083333333334 0.0171875 0.027083333333333334
1 0.8140625 0.60625 0.0296875 0.04791666666666667
1 0.90078125 0.5072916666666667 0.028125 0.0375
1 0.934375 0.5072916666666667 0.034375 0.027083333333333334
1 0.9890625 0.49895833333333334 0.021875 0.04583333333333333
1 0.96875 0.5541666666666667 0.0125 0.016666666666666666
1 0.99140625 0.646875 0.0171875 0.027083333333333334
1 0.32109375 0.415625 0.034375 0.058333333333333334
1 0.27265625 0.35625 0.0234375 0.04375
1 0.17890625 0.2625 0.015625 0.025
1 0.20234375 0.28958333333333336 0.025 0.03125
1 0.08125 0.13541666666666666 0.053125 0.0625
1 0.23359375 0.10625 0.0359375 0.03125
1 0.29609375 0.034375 0.04375 0.06041666666666667
1 0.334375 0.07291666666666667 0.028125 0.03333333333333333
1 0.4171875 0.05520833333333333 0.0671875 0.10208333333333333
1 0.4765625 0.10208333333333333 0.0484375 0.06041666666666667
1 0.07890625 0.48020833333333335 0.0140625 0.014583333333333334
1 0.2203125 0.203125 0.0171875 0.020833333333333332
1 0.5703125 0.496875 0.0984375 0.15
1 0.60703125 0.61875 0.0171875 0.020833333333333332
1 0.00703125 0.15520833333333334 0.0140625 0.025
1 0.16328125 0.4010416666666667 0.025 0.052083333333333336
1 0.125 0.184375 0.028125 0.027083333333333334
1 0.97265625 0.196875 0.03125 0.0375
1 0.821875 0.03333333333333333 0.021875 0.029166666666666667
1 0.7390625 0.10520833333333333 0.059375 0.06666666666666667
1 0.70078125 0.071875 0.0609375 0.06666666666666667
1 0.6859375 0.184375 0.071875 0.08333333333333333
1 0.653125 0.228125 0.040625 0.0375
1 0.8296875 0.23958333333333334 0.0234375 0.03958333333333333
1 0.88046875 0.22708333333333333 0.0421875 0.09166666666666666
1 0.9734375 0.34375 0.053125 0.06875
1 0.9234375 0.28958333333333336 0.0359375 0.03125
1 0.86328125 0.4864583333333333 0.025 0.03125
1 0.9953125 0.596875 0.009375 0.01875
1 0.540625 0.9239583333333333 0.0140625 0.020833333333333332
1 0.47734375 0.9854166666666667 0.0109375 0.016666666666666666
1 0.3140625 0.978125 0.0140625 0.014583333333333334
1 0.434375 0.8375 0.015625 0.020833333333333332
1 0.32890625 0.5552083333333333 0.0375 0.03958333333333333
1 0.08203125 0.615625 0.0375 0.058333333333333334
1 0.0109375 0.6385416666666667 0.021875 0.03958333333333333
1 0.0125 0.34479166666666666 0.025 0.03958333333333333
1 0.003125 0.5041666666666667 0.00625 0.01875
1 0.359375 0.36041666666666666 0.0140625 0.016666666666666666
1 0.36640625 0.4427083333333333 0.0171875 0.03333333333333333
1 0.425 0.3145833333333333 0.03125 0.025
1 0.39609375 0.26666666666666666 0.021875 0.020833333333333332
1 0.515625 0.3125 0.0421875 0.04375
1 0.59921875 0.32083333333333336 0.0453125 0.03958333333333333
1 0.5703125 0.25833333333333336 0.04375 0.052083333333333336
1 0.5671875 0.04375 0.0453125 0.0875
1 0.51796875 0.034375 0.0421875 0.06875
1 0.546875 0.15833333333333333 0.0375 0.08541666666666667
1 0.8125 0.5447916666666667 0.0515625 0.04791666666666667
1 0.69453125 0.3927083333333333 0.05 0.05625
1 0.6484375 0.5479166666666667 0.034375 0.03958333333333333
1 0.61015625 0.47604166666666664 0.046875 0.06041666666666667
1 0.65859375 0.646875 0.0265625 0.03333333333333333
1 0.6203125 0.6645833333333333 0.0734375 0.04375
1 0.046875 0.434375 0.025 0.04583333333333333
1 0.2015625 0.24270833333333333 0.053125 0.05
1 0.56484375 0.6416666666666667 0.0171875 0.022916666666666665
1 0.66953125 0.75625 0.0453125 0.052083333333333336
1 0.6765625 0.825 0.0203125 0.029166666666666667
1 0.64140625 0.8333333333333334 0.0375 0.0375
1 0.53203125 0.7739583333333333 0.0296875 0.04375
1 0.4640625 0.6645833333333333 0.0453125 0.06458333333333334
1 0.43046875 0.7104166666666667 0.0328125 0.041666666666666664
1 0.3875 0.725 0.0328125 0.05625
1 0.32578125 0.8145833333333333 0.0796875 0.07708333333333334
1 0.1890625 0.834375 0.0234375 0.06666666666666667
1 0.15234375 0.8802083333333334 0.0328125 0.04791666666666667
1 0.22421875 0.9770833333333333 0.0171875 0.020833333333333332
1 0.28671875 0.98125 0.0171875 0.025