1 0.65078125 0.024305555555555556 0.0234375 0.044444444444444446
1 0.25703125 0.06666666666666667 0.0125 0.02638888888888889
1 0.23984375 0.8298611111111112 0.01875 0.018055555555555554
1 0.85625 0.03263888888888889 0.0109375 0.02361111111111111
1 0.52265625 0.3861111111111111 0.01796875 0.03333333333333333
1 0.602734375 0.3229166666666667 0.01171875 0.034722222222222224
1 0.715625 0.27291666666666664 0.0109375 0.019444444444444445
1 0.70390625 0.26458333333333334 0.0125 0.02361111111111111
1 0.780859375 0.009722222222222222 0.01953125 0.019444444444444445
1 0.94765625 0.03888888888888889 0.021875 0.02638888888888889
0 0.13046875 0.3138888888888889 0.11953125 0.4263888888888889
0 0.103515625 0.1909722222222222 0.15390625 0.3819444444444444
0 0.148046875 0.5402777777777777 0.11484375 0.5638888888888889
0 0.142578125 0.8111111111111111 0.2515625 0.22777777777777777
0 0.17109375 0.9680555555555556 0.05703125 0.06388888888888888
0 0.64453125 0.9611111111111111 0.04765625 0.07777777777777778
0 0.710546875 0.8368055555555556 0.1234375 0.29444444444444445
0 0.71328125 0.7569444444444444 0.20078125 0.38333333333333336
0 0.721875 0.4756944444444444 0.2203125 0.29305555555555557
0 0.694921875 0.22777777777777777 0.184375 0.45555555555555555
0 0.6203125 0.07916666666666666 0.0375 0.15833333333333333
0 0.160546875 0.008333333333333333 0.01328125 0.016666666666666666
1 0.2671875 0.11736111111111111 0.01640625 0.04583333333333333
1 0.23359375 0.3576388888888889 0.01171875 0.022222222222222223
1 0.28203125 0.3888888888888889 0.00703125 0.013888888888888888
1 0.208984375 0.4388888888888889 0.02734375 0.044444444444444446
1 0.21953125 0.5451388888888888 0.0265625 0.059722222222222225
1 0.162109375 0.4652777777777778 0.01328125 0.027777777777777776
1 0.330078125 0.6659722222222222 0.0265625 0.08194444444444444
1 0.278515625 0.7027777777777777 0.0203125 0.0375
1 0.210546875 0.6583333333333333 0.025 0.05
1 0.186328125 0.8423611111111111 0.01953125 0.03194444444444444
1 0.275 0.8430555555555556 0.0125 0.02361111111111111
1 0.212109375 0.8604166666666667 0.03515625 0.06111111111111111
1 0.272265625 0.9194444444444444 0.046875 0.06944444444444445
1 0.215625 0.9375 0.015625 0.03333333333333333
1 0.166796875 0.89375 0.03125 0.06666666666666667
1 0.126953125 0.95625 0.01796875 0.04027777777777778
1 0.09453125 0.9194444444444444 0.0234375 0.04722222222222222
1 0.071875 0.8611111111111112 0.0046875 0.013888888888888888
1 0.903125 0.9722222222222222 0.02890625 0.041666666666666664
1 0.9796875 0.825 0.040625 0.08333333333333333
1 0.95703125 0.7027777777777777 0.0234375 0.04027777777777778
1 0.989453125 0.6215277777777778 0.02109375 0.04027777777777778
1 0.953125 0.5798611111111112 0.01796875 0.02361111111111111
1 0.869921875 0.6604166666666667 0.02578125 0.04861111111111111
1 0.891015625 0.6375 0.01328125 0.018055555555555554
1 0.86171875 0.7791666666666667 0.02109375 0.0375
1 0.804296875 0.8236111111111111 0.01328125 0.02638888888888889
1 0.67421875 0.5680555555555555 0.02578125 0.034722222222222224
1 0.717578125 0.5340277777777778 0.0234375 0.03194444444444444
1 0.7390625 0.46319444444444446 0.0125 0.016666666666666666
1 0.61328125 0.5305555555555556 0.02109375 0.044444444444444446
1 0.589453125 0.5430555555555555 0.0109375 0.020833333333333332
1 0.683984375 0.6270833333333333 0.0140625 0.027777777777777776
1 0.581640625 0.7027777777777777 0.025 0.058333333333333334
1 0.86015625 0.50625 0.0109375 0.016666666666666666
1 0.995703125 0.5159722222222223 0.00859375 0.03194444444444444
1 0.93984375 0.46805555555555556 0.01328125 0.03194444444444444
1 0.89296875 0.375 0.0234375 0.041666666666666664
1 0.9078125 0.40555555555555556 0.021875 0.03888888888888889
1 0.949609375 0.4097222222222222 0.0234375 0.041666666666666664
1 0.958984375 0.38333333333333336 0.01328125 0.022222222222222223
1 0.962890625 0.32916666666666666 0.07421875 0.08472222222222223
1 0.873828125 0.2777777777777778 0.01640625 0.030555555555555555
1 0.821484375 0.22361111111111112 0.02421875 0.07083333333333333
1 0.873828125 0.10694444444444444 0.01484375 0.022222222222222223
1 0.933203125 0.13055555555555556 0.03046875 0.043055555555555555
1 0.95078125 0.16597222222222222 0.0296875 0.044444444444444446
1 0.983203125 0.13819444444444445 0.0171875 0.04027777777777778
1 0.984765625 0.06875 0.01484375 0.027777777777777776