0 0.73125 0.9239583333333333 0.4078125 0.15208333333333332
0 0.7171875 0.20833333333333334 0.5203125 0.35625
1 0.18359375 0.440625 0.059375 0.052083333333333336
1 0.08046875 0.453125 0.0390625 0.04375
1 0.021875 0.44479166666666664 0.0140625 0.016666666666666666
1 0.03828125 0.29375 0.05 0.05625
1 0.25859375 0.11041666666666666 0.0484375 0.04583333333333333
1 0.27109375 0.03125 0.028125 0.025
1 0.38203125 0.07604166666666666 0.0359375 0.0375
1 0.3640625 0.23125 0.0390625 0.05416666666666667
1 0.40625 0.2625 0.009375 0.014583333333333334
1 0.265625 0.3614583333333333 0.03125 0.03125
1 0.49453125 0.18020833333333333 0.0515625 0.03958333333333333
1 0.54921875 0.18541666666666667 0.0515625 0.07083333333333333
1 0.609375 0.234375 0.0328125 0.03333333333333333
1 0.61640625 0.15833333333333333 0.021875 0.025
1 0.52109375 0.2864583333333333 0.0234375 0.029166666666666667
1 0.54609375 0.340625 0.0515625 0.08125
1 0.6359375 0.32395833333333335 0.0265625 0.03333333333333333
1 0.3140625 0.20104166666666667 0.009375 0.0125
1 0.35390625 0.6260416666666667 0.0828125 0.11041666666666666
1 0.42109375 0.7333333333333333 0.01875 0.06666666666666667
1 0.2828125 0.765625 0.0234375 0.03125
1 0.46328125 0.9145833333333333 0.0390625 0.06458333333333334
1 0.54453125 0.909375 0.03125 0.035416666666666666
1 0.2625 0.9864583333333333 0.0296875 0.027083333333333334
1 0.5515625 0.8354166666666667 0.0140625 0.0125
1 0.57265625 0.6739583333333333 0.134375 0.10416666666666667
1 0.56484375 0.5916666666666667 0.0421875 0.09166666666666666
1 0.7703125 0.753125 0.0171875 0.035416666666666666
1 0.85859375 0.753125 0.0359375 0.041666666666666664
1 0.91484375 0.7947916666666667 0.04375 0.041666666666666664
1 0.98515625 0.5385416666666667 0.0296875 0.035416666666666666
1 0.95 0.42291666666666666 0.040625 0.04791666666666667
1 0.82265625 0.265625 0.071875 0.07291666666666667
1 0.9296875 0.18854166666666666 0.0640625 0.07083333333333333
1 0.709375 0.07395833333333333 0.0328125 0.03958333333333333
1 0.7296875 0.09895833333333333 0.028125 0.03125
1 0.721875 0.011458333333333333 0.0375 0.022916666666666665
1 0.8359375 0.011458333333333333 0.0671875 0.022916666666666665
1 0.90625 0.009375 0.0234375 0.01875
1 0.8703125 0.9875 0.0453125 0.025
1 0.8984375 0.9739583333333334 0.028125 0.027083333333333334
1 0.84609375 0.9697916666666667 0.040625 0.020833333333333332
1 0.9828125 0.9770833333333333 0.034375 0.04583333333333333
1 0.59140625 0.425 0.0125 0.010416666666666666