1 0.7484375 0.3729166666666667 0.01796875 0.0375
0 0.69375 0.8513888888888889 0.13203125 0.2972222222222222
0 0.691015625 0.14791666666666667 0.228125 0.29583333333333334
1 0.7109375 0.8152777777777778 0.034375 0.08055555555555556
1 0.94609375 0.48333333333333334 0.02734375 0.07777777777777778
1 0.665625 0.15138888888888888 0.0234375 0.044444444444444446
1 0.24609375 0.5465277777777777 0.0359375 0.08194444444444444
1 0.728515625 0.18125 0.0171875 0.04583333333333333
0 0.10546875 0.32013888888888886 0.20703125 0.2388888888888889
0 0.0890625 0.8541666666666666 0.178125 0.2916666666666667
1 0.791015625 0.26875 0.0359375 0.05138888888888889
1 0.56640625 0.39444444444444443 0.01484375 0.034722222222222224
1 0.2625 0.4354166666666667 0.05859375 0.08611111111111111
1 0.67109375 0.03333333333333333 0.03359375 0.06527777777777778
1 0.615625 0.3215277777777778 0.0296875 0.0625
1 0.929296875 0.7729166666666667 0.0171875 0.034722222222222224
1 0.13984375 0.08055555555555556 0.01875 0.04722222222222222
1 0.45234375 0.5034722222222222 0.01640625 0.03194444444444444
1 0.89140625 0.84375 0.040625 0.05416666666666667
1 0.990625 0.5861111111111111 0.0140625 0.029166666666666667
1 0.426171875 0.03194444444444444 0.03828125 0.06388888888888888
1 0.76953125 0.21875 0.025 0.05138888888888889
1 0.95390625 0.3125 0.021875 0.05
1 0.24453125 0.9638888888888889 0.02734375 0.06666666666666667
1 0.9828125 0.3798611111111111 0.03046875 0.04861111111111111
1 0.7078125 0.02361111111111111 0.0453125 0.04583333333333333
1 0.55078125 0.09513888888888888 0.01875 0.03333333333333333
1 0.6578125 0.8020833333333334 0.0203125 0.04027777777777778
1 0.86875 0.4756944444444444 0.03125 0.06111111111111111
1 0.18046875 0.0798611111111111 0.02421875 0.04722222222222222
1 0.74453125 0.24583333333333332 0.02265625 0.05416666666666667
1 0.841015625 0.2361111111111111 0.0140625 0.022222222222222223
1 0.9171875 0.017361111111111112 0.01328125 0.022222222222222223
1 0.99140625 0.5027777777777778 0.01171875 0.027777777777777776
1 0.5625 0.7569444444444444 0.02734375 0.04861111111111111
1 0.232421875 0.6861111111111111 0.0140625 0.030555555555555555
1 0.88828125 0.7527777777777778 0.01875 0.0375
1 0.708203125 0.34375 0.02109375 0.03611111111111111
1 0.87890625 0.18958333333333333 0.01640625 0.030555555555555555
1 0.230078125 0.7243055555555555 0.01640625 0.03194444444444444
1 0.7765625 0.32708333333333334 0.01171875 0.018055555555555554
1 0.12421875 0.6756944444444445 0.01640625 0.029166666666666667
1 0.023828125 0.06527777777777778 0.0140625 0.041666666666666664
1 0.4953125 0.275 0.0140625 0.020833333333333332
1 0.580078125 0.24583333333333332 0.015625 0.02638888888888889
1 0.212109375 0.33055555555555555 0.015625 0.029166666666666667
1 0.255078125 0.88125 0.0125 0.019444444444444445
1 0.95859375 0.0875 0.0203125 0.016666666666666666
1 0.745703125 0.6083333333333333 0.009375 0.020833333333333332
1 0.0046875 0.09791666666666667 0.00859375 0.015277777777777777
1 0.308984375 0.35347222222222224 0.01484375 0.022222222222222223
1 0.11953125 0.09930555555555555 0.01484375 0.02638888888888889
1 0.138671875 0.5076388888888889 0.0109375 0.020833333333333332
1 0.241015625 0.011805555555555555 0.01328125 0.019444444444444445
1 0.1015625 0.33125 0.0125 0.018055555555555554
1 0.794140625 0.13125 0.015625 0.020833333333333332
1 0.0171875 0.23194444444444445 0.01171875 0.030555555555555555
1 0.68984375 0.47847222222222224 0.009375 0.019444444444444445
1 0.11640625 0.8173611111111111 0.0109375 0.02638888888888889
1 0.325390625 0.7291666666666666 0.009375 0.025
1 0.930859375 0.6041666666666666 0.0109375 0.015277777777777777
1 0.05 0.43333333333333335 0.01328125 0.025
1 0.47578125 0.03194444444444444 0.0125 0.022222222222222223
1 0.1703125 0.010416666666666666 0.0109375 0.020833333333333332
1 0.368359375 0.32430555555555557 0.015625 0.02638888888888889
1 0.5484375 0.7215277777777778 0.01484375 0.027777777777777776
1 0.82578125 0.09027777777777778 0.0140625 0.020833333333333332