1 0.732421875 0.9576388888888889 0.02734375 0.043055555555555555
0 0.102734375 0.10138888888888889 0.20546875 0.20277777777777778
0 0.059765625 0.4388888888888889 0.11953125 0.3875
0 0.0578125 0.5125 0.11484375 0.33611111111111114
0 0.08671875 0.7319444444444444 0.16875 0.19166666666666668
0 0.12421875 0.9243055555555556 0.13359375 0.15138888888888888
0 0.591796875 0.05416666666666667 0.0796875 0.10416666666666667
0 0.57890625 0.2375 0.29609375 0.4736111111111111
0 0.60390625 0.4847222222222222 0.11796875 0.4513888888888889
0 0.584765625 0.6777777777777778 0.21796875 0.44166666666666665
0 0.61328125 0.875 0.07265625 0.25
1 0.196875 0.024305555555555556 0.053125 0.04861111111111111
1 0.86171875 0.17291666666666666 0.05625 0.10416666666666667
1 0.824609375 0.21736111111111112 0.0203125 0.044444444444444446
1 0.847265625 0.25972222222222224 0.03125 0.043055555555555555
1 0.90078125 0.26319444444444445 0.02578125 0.043055555555555555
1 0.990234375 0.44166666666666665 0.01953125 0.03333333333333333
1 0.7953125 0.8152777777777778 0.03125 0.075
1 0.9046875 0.9513888888888888 0.01796875 0.04027777777777778
1 0.781640625 0.9715277777777778 0.04375 0.05694444444444444
1 0.709765625 0.7979166666666667 0.01796875 0.04583333333333333
1 0.985546875 0.7715277777777778 0.02421875 0.044444444444444446
1 0.740625 0.13125 0.01796875 0.03194444444444444
1 0.782421875 0.10833333333333334 0.0171875 0.03888888888888889
1 0.762890625 0.4222222222222222 0.028125 0.04027777777777778
1 0.71171875 0.2902777777777778 0.0140625 0.030555555555555555
1 0.759765625 0.25833333333333336 0.01796875 0.02361111111111111
1 0.669921875 0.15555555555555556 0.02421875 0.04027777777777778
1 0.890625 0.8875 0.0203125 0.0375
1 0.9078125 0.85 0.01796875 0.03333333333333333
1 0.908984375 0.7861111111111111 0.0171875 0.02638888888888889
1 0.960546875 0.7986111111111112 0.02421875 0.030555555555555555
1 0.994921875 0.9604166666666667 0.01015625 0.0763888888888889
1 0.75390625 0.73125 0.02421875 0.04027777777777778
1 0.737890625 0.5506944444444445 0.0296875 0.04583333333333333
1 0.3890625 0.3013888888888889 0.03828125 0.04861111111111111
1 0.1328125 0.2298611111111111 0.0453125 0.04027777777777778
1 0.076953125 0.21388888888888888 0.03515625 0.0625
1 0.399609375 0.8791666666666667 0.02265625 0.03888888888888889
1 0.408203125 0.6618055555555555 0.0203125 0.04861111111111111
1 0.4234375 0.6520833333333333 0.0171875 0.03611111111111111
1 0.1734375 0.6756944444444445 0.021875 0.04861111111111111
1 0.13046875 0.7138888888888889 0.01796875 0.05
1 0.248828125 0.7902777777777777 0.0109375 0.020833333333333332
1 0.241796875 0.8826388888888889 0.0109375 0.018055555555555554
1 0.903515625 0.05277777777777778 0.02578125 0.04027777777777778
1 0.6734375 0.44513888888888886 0.01328125 0.02361111111111111
1 0.75234375 0.49722222222222223 0.02109375 0.027777777777777776
1 0.61640625 0.2777777777777778 0.02890625 0.03333333333333333
1 0.6921875 0.9138888888888889 0.01875 0.0375
1 0.66484375 0.9875 0.01171875 0.025
1 0.9234375 0.6111111111111112 0.0203125 0.027777777777777776
1 0.1328125 0.4701388888888889 0.01484375 0.03333333333333333
1 0.14765625 0.4354166666666667 0.0171875 0.03611111111111111
1 0.174609375 0.4048611111111111 0.01875 0.03194444444444444
1 0.113671875 0.3625 0.02890625 0.043055555555555555
1 0.809375 0.6277777777777778 0.0453125 0.15138888888888888
1 0.990625 0.1111111111111111 0.015625 0.058333333333333334
1 0.967578125 0.008333333333333333 0.021875 0.016666666666666666
1 0.75234375 0.3159722222222222 0.0171875 0.027777777777777776
1 0.535546875 0.22847222222222222 0.009375 0.02361111111111111
1 0.14296875 0.9840277777777777 0.02890625 0.03194444444444444
1 0.155859375 0.7930555555555555 0.03125 0.04861111111111111
1 0.90546875 0.4909722222222222 0.0140625 0.02638888888888889
1 0.977734375 0.6215277777777778 0.0140625 0.027777777777777776
1 0.9265625 0.5541666666666667 0.01015625 0.027777777777777776
1 0.122265625 0.7875 0.021875 0.04027777777777778
1 0.08046875 0.9416666666666667 0.0296875 0.03611111111111111
1 0.0953125 0.8375 0.0140625 0.019444444444444445
1 0.06875 0.058333333333333334 0.01328125 0.025
1 0.5828125 0.4236111111111111 0.01171875 0.019444444444444445