1 0.005859375 0.0625 0.01171875 0.02638888888888889
1 0.747265625 0.6513888888888889 0.01015625 0.018055555555555554
1 0.290625 0.9270833333333334 0.04453125 0.08055555555555556
1 0.155859375 0.9909722222222223 0.01484375 0.018055555555555554
1 0.241015625 0.94375 0.01171875 0.022222222222222223
1 0.24296875 0.9208333333333333 0.00703125 0.0125
1 0.091015625 0.9027777777777778 0.01953125 0.02638888888888889
1 0.08359375 0.8777777777777778 0.01953125 0.019444444444444445
1 0.058203125 0.8819444444444444 0.0234375 0.03194444444444444
1 0.04140625 0.8048611111111111 0.01953125 0.029166666666666667
1 0.037890625 0.7652777777777777 0.0171875 0.015277777777777777
1 0.26953125 0.6534722222222222 0.0125 0.025
1 0.22109375 0.8027777777777778 0.01171875 0.022222222222222223
1 0.243359375 0.7208333333333333 0.01484375 0.018055555555555554
1 0.18359375 0.8076388888888889 0.01875 0.025
1 0.13828125 0.8354166666666667 0.046875 0.06527777777777778
1 0.1484375 0.7729166666666667 0.03203125 0.06388888888888888
1 0.17578125 0.7027777777777777 0.040625 0.06527777777777778
1 0.2359375 0.6458333333333334 0.03359375 0.05277777777777778
1 0.21015625 0.6326388888888889 0.00859375 0.022222222222222223
1 0.10859375 0.6861111111111111 0.02421875 0.030555555555555555
1 0.117578125 0.6548611111111111 0.0203125 0.04583333333333333
1 0.112109375 0.5631944444444444 0.01015625 0.018055555555555554
1 0.03984375 0.48541666666666666 0.01484375 0.02361111111111111
1 0.06796875 0.5875 0.0203125 0.041666666666666664
1 0.042578125 0.54375 0.03125 0.05277777777777778
1 0.190625 0.4388888888888889 0.01171875 0.018055555555555554
1 0.11796875 0.51875 0.0515625 0.043055555555555555
1 0.176953125 0.5534722222222223 0.028125 0.04027777777777778
1 0.279296875 0.4263888888888889 0.03828125 0.04861111111111111
1 0.23515625 0.44375 0.04140625 0.075
1 0.019921875 0.4409722222222222 0.01640625 0.019444444444444445
1 0.03125 0.3958333333333333 0.02890625 0.0375
1 0.016015625 0.3347222222222222 0.01875 0.058333333333333334
1 0.034765625 0.2326388888888889 0.02421875 0.041666666666666664
1 0.11875 0.3527777777777778 0.01171875 0.019444444444444445
1 0.066796875 0.41041666666666665 0.01640625 0.03194444444444444
1 0.135546875 0.38263888888888886 0.015625 0.02361111111111111
1 0.161328125 0.37083333333333335 0.015625 0.030555555555555555
1 0.19453125 0.3277777777777778 0.034375 0.04583333333333333
1 0.205859375 0.27708333333333335 0.02421875 0.034722222222222224
1 0.18984375 0.20972222222222223 0.01796875 0.02361111111111111
1 0.179296875 0.23680555555555555 0.0234375 0.03888888888888889
1 0.175 0.18194444444444444 0.03203125 0.03611111111111111
1 0.281640625 0.2777777777777778 0.0265625 0.07083333333333333
1 0.27734375 0.1909722222222222 0.01640625 0.02638888888888889
1 0.25 0.11944444444444445 0.0109375 0.03888888888888889
1 0.266796875 0.10625 0.01953125 0.019444444444444445
1 0.22421875 0.1284722222222222 0.01875 0.03333333333333333
1 0.18984375 0.1388888888888889 0.03515625 0.0625
1 0.05390625 0.11041666666666666 0.0171875 0.029166666666666667
1 0.056640625 0.035416666666666666 0.0421875 0.06944444444444445
1 0.1296875 0.16458333333333333 0.01796875 0.03194444444444444
1 0.145703125 0.1326388888888889 0.015625 0.034722222222222224
1 0.234375 0.059722222222222225 0.02421875 0.05277777777777778
1 0.381640625 0.5256944444444445 0.02890625 0.05
1 0.351953125 0.4708333333333333 0.01640625 0.06111111111111111
1 0.453125 0.45694444444444443 0.01015625 0.022222222222222223
1 0.511328125 0.37083333333333335 0.02265625 0.03333333333333333
1 0.69375 0.5298611111111111 0.02421875 0.06111111111111111
1 0.737109375 0.5513888888888889 0.0328125 0.044444444444444446
1 0.7265625 0.5006944444444444 0.04140625 0.058333333333333334
1 0.610546875 0.6430555555555556 0.01796875 0.034722222222222224
1 0.616796875 0.5791666666666667 0.0375 0.08611111111111111
1 0.594921875 0.5083333333333333 0.0640625 0.07916666666666666
1 0.493359375 0.5284722222222222 0.0390625 0.08472222222222223
1 0.4640625 0.6055555555555555 0.025 0.05
1 0.500390625 0.6138888888888889 0.01875 0.027777777777777776
1 0.530859375 0.6840277777777778 0.01484375 0.027777777777777776
1 0.511328125 0.66875 0.01484375 0.03194444444444444
1 0.512890625 0.7770833333333333 0.04921875 0.058333333333333334
1 0.4703125 0.9486111111111111 0.02421875 0.044444444444444446
1 0.52109375 0.8777777777777778 0.01015625 0.03611111111111111
1 0.55078125 0.9569444444444445 0.00859375 0.013888888888888888
1 0.581640625 0.9256944444444445 0.01640625 0.0375
1 0.60546875 0.8111111111111111 0.02109375 0.043055555555555555
1 0.61171875 0.7256944444444444 0.03515625 0.03888888888888889
1 0.7453125 0.7784722222222222 0.01171875 0.015277777777777777
1 0.735546875 0.8409722222222222 0.01328125 0.020833333333333332
1 0.7328125 0.9777777777777777 0.01953125 0.015277777777777777
1 0.9140625 0.9604166666666667 0.01484375 0.06666666666666667
1 0.694921875 0.8701388888888889 0.02421875 0.05277777777777778
1 0.750390625 0.925 0.0140625 0.019444444444444445
1 0.938671875 0.9527777777777777 0.01953125 0.03194444444444444
1 0.924609375 0.9465277777777777 0.01328125 0.027777777777777776
1 0.96484375 0.9659722222222222 0.0265625 0.04722222222222222
1 0.9734375 0.9208333333333333 0.01796875 0.027777777777777776
1 0.93515625 0.9020833333333333 0.01640625 0.020833333333333332
1 0.935546875 0.8451388888888889 0.0265625 0.06388888888888888
1 0.841015625 0.7611111111111111 0.1703125 0.3486111111111111
1 0.785546875 0.5583333333333333 0.02578125 0.06111111111111111
1 0.895703125 0.7555555555555555 0.01484375 0.025
1 0.898828125 0.8041666666666667 0.021875 0.034722222222222224
1 0.969140625 0.85 0.02890625 0.05
1 0.971875 0.7243055555555555 0.01484375 0.02638888888888889
1 0.96171875 0.6270833333333333 0.0203125 0.03194444444444444
1 0.9640625 0.5256944444444445 0.02265625 0.03333333333333333
1 0.93515625 0.5638888888888889 0.028125 0.041666666666666664
1 0.930859375 0.5215277777777778 0.0203125 0.043055555555555555
1 0.9484375 0.4895833333333333 0.03203125 0.03888888888888889
1 0.80703125 0.48125 0.01328125 0.02361111111111111
1 0.836328125 0.4791666666666667 0.0140625 0.018055555555555554
1 0.859375 0.45416666666666666 0.02578125 0.05138888888888889
1 0.803125 0.45694444444444443 0.0140625 0.022222222222222223
1 0.780078125 0.4409722222222222 0.0125 0.041666666666666664
1 0.79609375 0.42291666666666666 0.02578125 0.03333333333333333
1 0.755078125 0.4583333333333333 0.02421875 0.06805555555555555
1 0.623046875 0.43333333333333335 0.0234375 0.029166666666666667
1 0.6125 0.3923611111111111 0.028125 0.03333333333333333
1 0.641796875 0.29444444444444445 0.0140625 0.025
1 0.623828125 0.3590277777777778 0.025 0.022222222222222223
1 0.7703125 0.38125 0.01875 0.025
1 0.8421875 0.4215277777777778 0.0171875 0.0375
1 0.9015625 0.40555555555555556 0.0125 0.025
1 0.989453125 0.42777777777777776 0.02109375 0.058333333333333334
1 0.940625 0.3819444444444444 0.021875 0.043055555555555555
1 0.609765625 0.10555555555555556 0.0390625 0.07777777777777778
1 0.5890625 0.04861111111111111 0.04296875 0.07777777777777778
1 0.555859375 0.10416666666666667 0.03046875 0.03611111111111111
1 0.48671875 0.3263888888888889 0.01640625 0.0375
1 0.600390625 0.14652777777777778 0.03046875 0.041666666666666664
1 0.6609375 0.19791666666666666 0.0203125 0.019444444444444445
1 0.68046875 0.2763888888888889 0.01484375 0.020833333333333332
1 0.70859375 0.2763888888888889 0.04140625 0.058333333333333334
1 0.734375 0.24791666666666667 0.03671875 0.05277777777777778
1 0.951953125 0.3055555555555556 0.01484375 0.022222222222222223
1 0.86328125 0.31666666666666665 0.02109375 0.030555555555555555
1 0.890625 0.3013888888888889 0.0265625 0.058333333333333334
1 0.863671875 0.20833333333333334 0.00703125 0.0125
1 0.910546875 0.22777777777777777 0.0234375 0.034722222222222224
1 0.8296875 0.21388888888888888 0.00859375 0.027777777777777776
1 0.77265625 0.1763888888888889 0.0140625 0.02361111111111111
1 0.751171875 0.07569444444444444 0.04375 0.09444444444444444
1 0.791015625 0.03680555555555556 0.01875 0.02638888888888889
1 0.52578125 0.08680555555555555 0.01640625 0.02638888888888889
1 0.858984375 0.13958333333333334 0.01640625 0.05138888888888889
1 0.8765625 0.12083333333333333 0.0109375 0.019444444444444445
1 0.9140625 0.1 0.0125 0.016666666666666666
0 0.657421875 0.11597222222222223 0.03984375 0.23194444444444445
0 0.67109375 0.3020833333333333 0.04921875 0.1625
0 0.641015625 0.5048611111111111 0.1359375 0.08472222222222223
0 0.666796875 0.8298611111111112 0.12109375 0.25277777777777777
1 0.572265625 0.017361111111111112 0.0265625 0.034722222222222224
0 0.112109375 0.9111111111111111 0.22421875 0.17777777777777778
0 0.136328125 0.7333333333333333 0.18359375 0.28194444444444444
0 0.13671875 0.3840277777777778 0.22890625 0.24027777777777778
1 0.832421875 0.06458333333333334 0.04296875 0.07222222222222222
0 0.151171875 0.07291666666666667 0.05546875 0.14583333333333334
0 0.627734375 0.9694444444444444 0.11796875 0.06111111111111111
0 0.10078125 0.23541666666666666 0.2015625 0.22916666666666666
1 0.384375 0.22013888888888888 0.025 0.03888888888888889
1 0.384765625 0.4263888888888889 0.01328125 0.030555555555555555