1 0.939453125 0.6444444444444445 0.01015625 0.025
1 0.978125 0.6111111111111112 0.0203125 0.03611111111111111
1 0.994921875 0.5895833333333333 0.01015625 0.027777777777777776
1 0.997265625 0.5576388888888889 0.00546875 0.015277777777777777
1 0.9921875 0.5340277777777778 0.01015625 0.018055555555555554
1 0.937109375 0.5680555555555555 0.028125 0.04722222222222222
1 0.901953125 0.6125 0.02578125 0.043055555555555555
1 0.84921875 0.5680555555555555 0.0171875 0.030555555555555555
1 0.83046875 0.5868055555555556 0.01015625 0.018055555555555554
1 0.798828125 0.6173611111111111 0.0109375 0.019444444444444445
1 0.7609375 0.6125 0.00625 0.011111111111111112
1 0.6921875 0.6111111111111112 0.02109375 0.05277777777777778
1 0.753125 0.6375 0.0140625 0.0375
1 0.7109375 0.6756944444444445 0.0375 0.09166666666666666
1 0.927734375 0.7597222222222222 0.01875 0.043055555555555555
1 0.888671875 0.7458333333333333 0.03125 0.03888888888888889
1 0.81484375 0.8590277777777777 0.0109375 0.025
1 0.805078125 0.9506944444444444 0.0109375 0.019444444444444445
1 0.701171875 0.9875 0.0078125 0.025
1 0.729296875 0.9263888888888889 0.021875 0.05138888888888889
1 0.69140625 0.8458333333333333 0.03671875 0.04861111111111111
1 0.65859375 0.8395833333333333 0.0203125 0.03333333333333333
1 0.6359375 0.8340277777777778 0.01953125 0.02638888888888889
1 0.607421875 0.8680555555555556 0.01484375 0.025
1 0.5578125 0.9291666666666667 0.00703125 0.020833333333333332
1 0.51015625 0.9833333333333333 0.028125 0.03333333333333333
1 0.493359375 0.9652777777777778 0.00546875 0.011111111111111112
1 0.2625 0.9888888888888889 0.01328125 0.022222222222222223
1 0.20625 0.8972222222222223 0.0140625 0.027777777777777776
1 0.266796875 0.8055555555555556 0.00625 0.008333333333333333
1 0.2609375 0.8305555555555556 0.02109375 0.04027777777777778
1 0.228125 0.7972222222222223 0.0375 0.09027777777777778
1 0.1921875 0.6048611111111111 0.01640625 0.05
1 0.251171875 0.5493055555555556 0.01875 0.05138888888888889
1 0.296875 0.5020833333333333 0.01328125 0.025
1 0.905859375 0.4423611111111111 0.01796875 0.020833333333333332
1 0.99375 0.29375 0.0125 0.043055555555555555
1 0.95234375 0.2902777777777778 0.0328125 0.06388888888888888
1 0.90546875 0.3125 0.015625 0.04861111111111111
1 0.774609375 0.1673611111111111 0.01953125 0.029166666666666667
1 0.73515625 0.21041666666666667 0.046875 0.10416666666666667
1 0.7984375 0.3194444444444444 0.01328125 0.027777777777777776
1 0.8453125 0.4756944444444444 0.015625 0.03888888888888889
1 0.82734375 0.5041666666666667 0.015625 0.019444444444444445
1 0.752734375 0.5222222222222223 0.01328125 0.016666666666666666
1 0.64765625 0.3819444444444444 0.0296875 0.05555555555555555
1 0.54609375 0.017361111111111112 0.02109375 0.034722222222222224
1 0.5890625 0.1 0.009375 0.030555555555555555
1 0.610546875 0.16527777777777777 0.015625 0.034722222222222224
1 0.623828125 0.1840277777777778 0.015625 0.015277777777777777
1 0.661328125 0.004861111111111111 0.01328125 0.009722222222222222
1 0.478515625 0.6590277777777778 0.0109375 0.016666666666666666
1 0.403515625 0.7083333333333334 0.01015625 0.019444444444444445
1 0.426953125 0.53125 0.00546875 0.016666666666666666
1 0.5984375 0.7638888888888888 0.00859375 0.020833333333333332
1 0.9671875 0.6847222222222222 0.02578125 0.059722222222222225
1 0.288671875 0.4847222222222222 0.00625 0.009722222222222222
1 0.28125 0.4388888888888889 0.01171875 0.019444444444444445
1 0.258203125 0.48541666666666666 0.01875 0.034722222222222224
1 0.27109375 0.3451388888888889 0.021875 0.0375
1 0.180859375 0.3958333333333333 0.0296875 0.05277777777777778
1 0.072265625 0.4027777777777778 0.01796875 0.034722222222222224
1 0.053515625 0.36736111111111114 0.015625 0.027777777777777776
1 0.1 0.325 0.01015625 0.0125
1 0.159375 0.16666666666666666 0.00703125 0.019444444444444445
1 0.16484375 0.02847222222222222 0.0125 0.03611111111111111
1 0.191015625 0.016666666666666666 0.0234375 0.03333333333333333
1 0.301953125 0.025 0.03359375 0.05
1 0.28359375 0.07777777777777778 0.025 0.04583333333333333
1 0.26953125 0.11805555555555555 0.01796875 0.043055555555555555
1 0.25234375 0.13472222222222222 0.0203125 0.034722222222222224
1 0.245703125 0.08611111111111111 0.028125 0.041666666666666664
1 0.208984375 0.05694444444444444 0.028125 0.07361111111111111
0 0.66640625 0.10902777777777778 0.15234375 0.21805555555555556
0 0.6265625 0.22083333333333333 0.3078125 0.3416666666666667
0 0.64921875 0.3458333333333333 0.30859375 0.36944444444444446
0 0.639453125 0.6777777777777778 0.10859375 0.2916666666666667
0 0.771875 0.9756944444444444 0.0140625 0.04861111111111111
0 0.658203125 0.9277777777777778 0.21328125 0.14444444444444443
0 0.15078125 0.7909722222222222 0.19140625 0.35138888888888886
0 0.08515625 0.6208333333333333 0.1703125 0.2625
0 0.11328125 0.21319444444444444 0.11171875 0.28194444444444444
0 0.0953125 0.034722222222222224 0.1375 0.06944444444444445