1 0.05625 0.21979166666666666 0.0265625 0.027083333333333334
1 0.984375 0.596875 0.0265625 0.022916666666666665
1 0.7609375 0.3875 0.0171875 0.016666666666666666
1 0.290625 0.16875 0.0109375 0.01875
0 0.45 0.057291666666666664 0.05625 0.11458333333333333
0 0.4671875 0.259375 0.2390625 0.2625
0 0.50234375 0.578125 0.2453125 0.11666666666666667
1 0.56953125 0.6489583333333333 0.0125 0.016666666666666666
0 0.47578125 0.8958333333333334 0.16875 0.15
1 0.965625 0.051041666666666666 0.034375 0.052083333333333336
1 0.89296875 0.08333333333333333 0.015625 0.0125
1 0.18359375 0.027083333333333334 0.009375 0.010416666666666666
1 0.27734375 0.00625 0.015625 0.0125
1 0.40703125 0.25416666666666665 0.021875 0.022916666666666665
1 0.01640625 0.35625 0.015625 0.014583333333333334
1 0.06484375 0.55 0.0171875 0.029166666666666667
1 0.271875 0.4197916666666667 0.0171875 0.020833333333333332
1 0.353125 0.53125 0.03125 0.03958333333333333
1 0.3953125 0.371875 0.0140625 0.01875
1 0.61171875 0.4552083333333333 0.0234375 0.03333333333333333
1 0.515625 0.6479166666666667 0.0125 0.016666666666666666
1 0.66484375 0.6041666666666666 0.015625 0.025
1 0.478125 0.9166666666666666 0.0140625 0.029166666666666667
1 0.23203125 0.8229166666666666 0.0265625 0.0375
1 0.57421875 0.9458333333333333 0.015625 0.010416666666666666
1 0.7 0.9145833333333333 0.0109375 0.020833333333333332
1 0.9734375 0.825 0.0171875 0.01875
1 0.940625 0.6072916666666667 0.01875 0.022916666666666665