1 0.83671875 0.659375 0.0265625 0.0375
1 0.21953125 0.6739583333333333 0.0171875 0.027083333333333334
1 0.25625 0.484375 0.0390625 0.0375
1 0.35859375 0.2552083333333333 0.0234375 0.04375
1 0.090625 0.15 0.0203125 0.03333333333333333
1 0.20546875 0.022916666666666665 0.0515625 0.04583333333333333
1 0.15078125 0.022916666666666665 0.0390625 0.022916666666666665
0 0.4765625 0.859375 0.0921875 0.19166666666666668
0 0.4859375 0.584375 0.23125 0.18125
0 0.47265625 0.36666666666666664 0.06875 0.36041666666666666
0 0.4859375 0.0625 0.2296875 0.125
1 0.2875 0.325 0.0171875 0.022916666666666665
1 0.3 0.15 0.025 0.0375
1 0.403125 0.019791666666666666 0.03125 0.03125
1 0.75859375 0.15208333333333332 0.025 0.03125
1 0.66484375 0.234375 0.025 0.03333333333333333
1 0.5484375 0.40625 0.0234375 0.022916666666666665
1 0.740625 0.5375 0.0265625 0.027083333333333334
1 0.71015625 0.5395833333333333 0.0203125 0.020833333333333332
1 0.5375 0.5166666666666667 0.025 0.020833333333333332
1 0.70625 0.903125 0.0171875 0.029166666666666667
1 0.65625 0.8645833333333334 0.01875 0.025
1 0.77890625 0.7354166666666667 0.01875 0.022916666666666665
1 0.72578125 0.6510416666666666 0.021875 0.0375
1 0.6765625 0.7729166666666667 0.0484375 0.0625
1 0.3515625 0.9572916666666667 0.0296875 0.03125
1 0.4125 0.903125 0.015625 0.025
1 0.05703125 0.9072916666666667 0.0171875 0.020833333333333332
1 0.3921875 0.19270833333333334 0.0171875 0.022916666666666665
1 0.42578125 0.515625 0.021875 0.03333333333333333