1 0.2578125 0.2833333333333333 0.0171875 0.01875
1 0.328125 0.14375 0.01875 0.03125
1 0.55859375 0.20625 0.0328125 0.035416666666666666
1 0.6546875 0.2375 0.0328125 0.035416666666666666
0 0.44375 0.8989583333333333 0.1953125 0.19166666666666668
0 0.4234375 0.10833333333333334 0.1109375 0.21666666666666667
1 0.5703125 0.8885416666666667 0.01875 0.03125
0 0.4703125 0.39895833333333336 0.040625 0.04791666666666667
0 0.4640625 0.7052083333333333 0.125 0.1875
1 0.978125 0.765625 0.04375 0.075
1 0.9859375 0.840625 0.028125 0.058333333333333334
1 0.609375 0.10833333333333334 0.021875 0.022916666666666665
1 0.41328125 0.9614583333333333 0.0234375 0.029166666666666667
1 0.65 0.7572916666666667 0.0296875 0.027083333333333334
1 0.6734375 0.6020833333333333 0.028125 0.03958333333333333
1 0.63125 0.9822916666666667 0.028125 0.03333333333333333
1 0.94140625 0.9708333333333333 0.034375 0.03333333333333333
1 0.61328125 0.75 0.0515625 0.06458333333333334