1 0.84453125 0.5909722222222222 0.01640625 0.02361111111111111
1 0.9984375 0.5756944444444444 0.003125 0.018055555555555554
1 0.998046875 0.6527777777777778 0.00390625 0.016666666666666666
1 0.991796875 0.6145833333333334 0.01640625 0.05555555555555555
1 0.969921875 0.6069444444444444 0.02578125 0.04027777777777778
1 0.9484375 0.6555555555555556 0.028125 0.075
1 0.919921875 0.6534722222222222 0.01875 0.034722222222222224
1 0.984765625 0.7270833333333333 0.01640625 0.03333333333333333
1 0.95859375 0.725 0.02421875 0.043055555555555555
1 0.91328125 0.7041666666666667 0.01328125 0.019444444444444445
1 0.893359375 0.775 0.015625 0.016666666666666666
1 0.916796875 0.84375 0.04453125 0.07083333333333333
1 0.885546875 0.7986111111111112 0.01640625 0.02638888888888889
1 0.69921875 0.8902777777777777 0.00703125 0.009722222222222222
1 0.881640625 0.9791666666666666 0.02890625 0.041666666666666664
1 0.855859375 0.9111111111111111 0.015625 0.02638888888888889
1 0.79609375 0.8506944444444444 0.04609375 0.0625
1 0.823046875 0.9576388888888889 0.0328125 0.08472222222222223
1 0.75703125 0.8791666666666667 0.0109375 0.022222222222222223
1 0.6265625 0.7513888888888889 0.015625 0.030555555555555555
1 0.56171875 0.7701388888888889 0.01171875 0.030555555555555555
1 0.675 0.7958333333333333 0.0359375 0.07361111111111111
1 0.675390625 0.9222222222222223 0.03671875 0.06388888888888888
1 0.719140625 0.6763888888888889 0.0359375 0.05555555555555555
1 0.708984375 0.6291666666666667 0.0140625 0.025
1 0.69140625 0.61875 0.02109375 0.05694444444444444
1 0.65 0.6284722222222222 0.0109375 0.015277777777777777
1 0.651953125 0.5805555555555556 0.01953125 0.03333333333333333
1 0.63671875 0.5527777777777778 0.01171875 0.020833333333333332
1 0.61796875 0.49236111111111114 0.021875 0.02361111111111111
1 0.5390625 0.30277777777777776 0.0109375 0.018055555555555554
1 0.591796875 0.36527777777777776 0.059375 0.06527777777777778
1 0.49765625 0.4048611111111111 0.01484375 0.027777777777777776
1 0.439453125 0.4666666666666667 0.0171875 0.03333333333333333
1 0.47109375 0.3659722222222222 0.0140625 0.03333333333333333
1 0.47265625 0.30486111111111114 0.015625 0.025
1 0.1875 0.7236111111111111 0.015625 0.016666666666666666
0 0.67109375 0.32916666666666666 0.07890625 0.5930555555555556
0 0.65390625 0.06458333333333334 0.07109375 0.12916666666666668
0 0.6625 0.40555555555555556 0.16640625 0.4236111111111111
0 0.6375 0.8965277777777778 0.08828125 0.20694444444444443
0 0.5953125 0.9395833333333333 0.0671875 0.12083333333333333
0 0.104296875 0.9229166666666667 0.20859375 0.11666666666666667
1 0.472265625 0.28125 0.01328125 0.020833333333333332
1 0.5890625 0.23055555555555557 0.02421875 0.04583333333333333
1 0.6578125 0.06319444444444444 0.01015625 0.02361111111111111
1 0.605859375 0.022916666666666665 0.03984375 0.04583333333333333
1 0.600390625 0.09305555555555556 0.034375 0.075
1 0.558984375 0.08194444444444444 0.0328125 0.0625
1 0.484375 0.09027777777777778 0.028125 0.08333333333333333
1 0.448046875 0.08611111111111111 0.01015625 0.013888888888888888
1 0.426953125 0.06041666666666667 0.01875 0.030555555555555555
1 0.338671875 0.16180555555555556 0.00859375 0.013888888888888888
1 0.2921875 0.21388888888888888 0.009375 0.015277777777777777
1 0.254296875 0.2125 0.009375 0.015277777777777777
1 0.311328125 0.40625 0.0140625 0.03888888888888889
1 0.28671875 0.6125 0.01171875 0.016666666666666666
0 0.13046875 0.7534722222222222 0.25546875 0.17916666666666667
0 0.0953125 0.40208333333333335 0.190625 0.19583333333333333
0 0.150390625 0.2763888888888889 0.07734375 0.28055555555555556
0 0.1 0.1 0.14296875 0.2
1 0.72265625 0.7479166666666667 0.025 0.043055555555555555
1 0.809765625 0.6527777777777778 0.00703125 0.011111111111111112
1 0.016796875 0.5222222222222223 0.0125 0.034722222222222224
1 0.955859375 0.2777777777777778 0.03203125 0.04583333333333333
1 0.997265625 0.16805555555555557 0.00546875 0.029166666666666667
1 0.928125 0.16319444444444445 0.04296875 0.07777777777777778
1 0.85390625 0.46597222222222223 0.03125 0.04583333333333333
1 0.923046875 0.46458333333333335 0.009375 0.020833333333333332
1 0.93828125 0.3972222222222222 0.0109375 0.016666666666666666
1 0.91953125 0.3402777777777778 0.040625 0.0875
1 0.952734375 0.3576388888888889 0.009375 0.011111111111111112
1 0.905078125 0.28055555555555556 0.04296875 0.09861111111111111
1 0.7796875 0.01597222222222222 0.015625 0.02361111111111111
1 0.7734375 0.04097222222222222 0.01953125 0.02638888888888889
1 0.78046875 0.17569444444444443 0.03828125 0.10972222222222222
1 0.74609375 0.20625 0.01328125 0.02361111111111111
1 0.708203125 0.027777777777777776 0.03828125 0.05555555555555555
1 0.65390625 0.7479166666666667 0.01953125 0.03611111111111111
1 0.680859375 0.2791666666666667 0.01015625 0.025
1 0.18359375 0.07708333333333334 0.009375 0.029166666666666667
1 0.21015625 0.04583333333333333 0.03515625 0.06666666666666667
1 0.296484375 0.009722222222222222 0.01015625 0.019444444444444445
1 0.30703125 0.08402777777777778 0.0140625 0.04583333333333333
1 0.3 0.125 0.0078125 0.022222222222222223
1 0.22578125 0.1840277777777778 0.028125 0.03888888888888889
1 0.209375 0.29583333333333334 0.05 0.0763888888888889
1 0.15859375 0.3416666666666667 0.021875 0.05138888888888889
1 0.18125 0.38472222222222224 0.03125 0.044444444444444446
1 0.218359375 0.44513888888888886 0.01640625 0.029166666666666667
1 0.108203125 0.41597222222222224 0.01640625 0.044444444444444446
1 0.128515625 0.41388888888888886 0.0234375 0.03611111111111111
1 0.154296875 0.41875 0.01953125 0.019444444444444445
1 0.1171875 0.34444444444444444 0.01640625 0.034722222222222224
1 0.06171875 0.3715277777777778 0.0125 0.02361111111111111
1 0.064453125 0.26458333333333334 0.01015625 0.025
1 0.08984375 0.2708333333333333 0.009375 0.020833333333333332
1 0.147265625 0.24583333333333332 0.0078125 0.009722222222222222
1 0.260546875 0.15138888888888888 0.01796875 0.027777777777777776
1 0.2015625 0.34791666666666665 0.025 0.0375
1 0.263671875 0.35347222222222224 0.01484375 0.03194444444444444
1 0.19609375 0.48125 0.009375 0.015277777777777777
1 0.24453125 0.47430555555555554 0.028125 0.05
1 0.152734375 0.6194444444444445 0.028125 0.04027777777777778
1 0.171875 0.6472222222222223 0.01796875 0.018055555555555554
1 0.12109375 0.6756944444444445 0.02265625 0.022222222222222223
1 0.10625 0.6159722222222223 0.00703125 0.013888888888888888
1 0.13046875 0.7486111111111111 0.0140625 0.044444444444444446
1 0.141015625 0.7701388888888889 0.0125 0.022222222222222223
1 0.197265625 0.76875 0.02578125 0.07361111111111111
1 0.15390625 0.8604166666666667 0.02890625 0.04722222222222222
1 0.106640625 0.98125 0.0375 0.0375
1 0.132421875 0.9506944444444444 0.02109375 0.0375
1 0.16953125 0.9902777777777778 0.01953125 0.019444444444444445
1 0.1875 0.9875 0.0125 0.018055555555555554
1 0.237890625 0.7451388888888889 0.0078125 0.016666666666666666
1 0.261328125 0.7819444444444444 0.02578125 0.05555555555555555
1 0.29140625 0.8173611111111111 0.01484375 0.02361111111111111
1 0.321875 0.8027777777777778 0.021875 0.043055555555555555
1 0.3421875 0.8645833333333334 0.0109375 0.027777777777777776
1 0.539453125 0.9625 0.0171875 0.03888888888888889
1 0.57734375 0.8736111111111111 0.01015625 0.025
1 0.39296875 0.9395833333333333 0.01328125 0.025
1 0.346484375 0.99375 0.01484375 0.0125
1 0.2875 0.6527777777777778 0.0140625 0.04583333333333333
1 0.340625 0.7159722222222222 0.009375 0.027777777777777776
1 0.294921875 0.6930555555555555 0.00859375 0.019444444444444445
1 0.287109375 0.7048611111111112 0.0078125 0.020833333333333332
1 0.7046875 0.98125 0.0171875 0.029166666666666667
1 0.728125 0.9527777777777777 0.01484375 0.030555555555555555
1 0.679296875 0.3215277777777778 0.01640625 0.04583333333333333
1 0.740625 0.3729166666666667 0.03671875 0.041666666666666664
1 0.7171875 0.3923611111111111 0.0078125 0.025
1 0.801953125 0.33194444444444443 0.0140625 0.027777777777777776
1 0.875 0.4111111111111111 0.01640625 0.03888888888888889
1 0.8578125 0.4041666666666667 0.01796875 0.04027777777777778
1 0.826171875 0.37777777777777777 0.04453125 0.12083333333333333
1 0.801953125 0.39791666666666664 0.02421875 0.0375
1 0.7921875 0.43680555555555556 0.0296875 0.05277777777777778
1 0.7703125 0.5916666666666667 0.01640625 0.022222222222222223
1 0.8703125 0.6173611111111111 0.0171875 0.04027777777777778
1 0.8484375 0.5576388888888889 0.01328125 0.022222222222222223