1 0.134375 0.6333333333333333 0.0171875 0.014583333333333334
1 0.8015625 0.6114583333333333 0.025 0.029166666666666667
1 0.11171875 0.6916666666666667 0.0171875 0.027083333333333334
1 0.7796875 0.36041666666666666 0.0125 0.0125
1 0.20390625 0.55625 0.0203125 0.01875
1 0.5828125 0.671875 0.0109375 0.014583333333333334
1 0.5421875 0.328125 0.01875 0.016666666666666666
0 0.5515625 0.5010416666666667 0.2046875 0.25416666666666665
0 0.46796875 0.9541666666666667 0.11875 0.09166666666666666
0 0.4671875 0.05520833333333333 0.1484375 0.11041666666666666
0 0.5515625 0.20520833333333333 0.1125 0.23541666666666666
0 0.52421875 0.71875 0.075 0.2625
1 0.646875 0.7322916666666667 0.028125 0.03333333333333333
1 0.83515625 0.6072916666666667 0.0296875 0.04583333333333333
1 0.5578125 0.9458333333333333 0.0328125 0.0375
1 0.66015625 0.38333333333333336 0.0203125 0.041666666666666664
1 0.74375 0.2875 0.04375 0.03125
1 0.39296875 0.12395833333333334 0.0390625 0.0375
1 0.2734375 0.13645833333333332 0.025 0.029166666666666667
1 0.41796875 0.25416666666666665 0.0203125 0.025
1 0.73515625 0.9458333333333333 0.0234375 0.020833333333333332
1 0.7109375 0.5489583333333333 0.025 0.020833333333333332
1 0.56171875 0.8354166666666667 0.0234375 0.029166666666666667
1 0.21796875 0.7479166666666667 0.034375 0.0375
1 0.19453125 0.6885416666666667 0.01875 0.025
1 0.6015625 0.14895833333333333 0.0234375 0.03333333333333333
1 0.70546875 0.05520833333333333 0.0109375 0.016666666666666666
1 0.73984375 0.008333333333333333 0.0203125 0.016666666666666666
1 0.62890625 0.5947916666666667 0.015625 0.020833333333333332
1 0.234375 0.9822916666666667 0.0203125 0.027083333333333334
1 0.81875 0.5239583333333333 0.0140625 0.01875
1 0.8484375 0.8729166666666667 0.0546875 0.041666666666666664
1 0.11953125 0.42604166666666665 0.015625 0.027083333333333334