1 0.97421875 0.7881944444444444 0.015625 0.02361111111111111
1 0.896875 0.2923611111111111 0.02421875 0.05138888888888889
0 0.115234375 0.08958333333333333 0.15234375 0.1638888888888889
1 0.099609375 0.22847222222222222 0.040625 0.10833333333333334
0 0.1765625 0.8708333333333333 0.0734375 0.2125
1 0.82578125 0.5381944444444444 0.025 0.04027777777777778
1 0.68671875 0.13680555555555557 0.01796875 0.0375
1 0.186328125 0.2833333333333333 0.015625 0.030555555555555555
1 0.812890625 0.3229166666666667 0.02734375 0.043055555555555555
1 0.533984375 0.12083333333333333 0.01171875 0.03194444444444444
1 0.89375 0.17708333333333334 0.02890625 0.03333333333333333
1 0.632421875 0.8680555555555556 0.01328125 0.030555555555555555
1 0.08125 0.675 0.015625 0.029166666666666667
1 0.271484375 0.06111111111111111 0.0109375 0.020833333333333332
1 0.42734375 0.6555555555555556 0.0140625 0.027777777777777776
1 0.78125 0.95625 0.01640625 0.02638888888888889
1 0.03046875 0.1111111111111111 0.01171875 0.02638888888888889
1 0.099609375 0.7173611111111111 0.009375 0.008333333333333333
1 0.202734375 0.9527777777777777 0.0171875 0.034722222222222224
1 0.186328125 0.80625 0.0140625 0.02361111111111111
1 0.45390625 0.9208333333333333 0.01171875 0.015277777777777777
1 0.484765625 0.85625 0.00625 0.016666666666666666
1 0.478125 0.007638888888888889 0.01328125 0.015277777777777777
1 0.611328125 0.43333333333333335 0.01171875 0.019444444444444445
1 0.85 0.6784722222222223 0.0140625 0.018055555555555554
1 0.909765625 0.6409722222222223 0.01796875 0.018055555555555554
1 0.9859375 0.47847222222222224 0.00859375 0.016666666666666666
1 0.928515625 0.12361111111111112 0.00859375 0.0125
1 0.835546875 0.20555555555555555 0.00859375 0.013888888888888888
1 0.940234375 0.025694444444444443 0.01015625 0.013888888888888888
1 0.120703125 0.34791666666666665 0.0140625 0.022222222222222223
1 0.04453125 0.5125 0.01484375 0.02638888888888889
1 0.1796875 0.24027777777777778 0.009375 0.013888888888888888
1 0.587890625 0.4013888888888889 0.0109375 0.020833333333333332
1 0.6921875 0.5486111111111112 0.01328125 0.020833333333333332
1 0.639453125 0.9270833333333334 0.00859375 0.016666666666666666
1 0.831640625 0.004861111111111111 0.0125 0.009722222222222222
1 0.94140625 0.5097222222222222 0.021875 0.03333333333333333
1 0.930859375 0.9340277777777778 0.0296875 0.05416666666666667
1 0.118359375 0.02638888888888889 0.01328125 0.020833333333333332
1 0.415234375 0.4930555555555556 0.009375 0.019444444444444445
1 0.42734375 0.5395833333333333 0.0140625 0.02361111111111111
1 0.6828125 0.09236111111111112 0.0109375 0.025
1 0.5046875 0.29444444444444445 0.05 0.0875
1 0.43359375 0.5041666666666667 0.0171875 0.03333333333333333
0 0.585546875 0.06111111111111111 0.10078125 0.12222222222222222
1 0.6078125 0.9027777777777778 0.0390625 0.05138888888888889
1 0.435546875 0.7131944444444445 0.03515625 0.06666666666666667
1 0.41484375 0.40208333333333335 0.0171875 0.034722222222222224
1 0.746484375 0.03263888888888889 0.02890625 0.058333333333333334
1 0.9765625 0.1486111111111111 0.02890625 0.07222222222222222
1 0.466015625 0.8958333333333334 0.015625 0.04027777777777778
1 0.418359375 0.05486111111111111 0.0234375 0.04861111111111111
0 0.64375 0.28194444444444444 0.090625 0.45416666666666666
1 0.96484375 0.9777777777777777 0.02421875 0.044444444444444446
0 0.1890625 0.9694444444444444 0.04921875 0.06111111111111111
1 0.931640625 0.42986111111111114 0.02265625 0.02638888888888889
1 0.266015625 0.2847222222222222 0.021875 0.03333333333333333
1 0.3828125 0.36527777777777776 0.01796875 0.03194444444444444
1 0.46640625 0.9680555555555556 0.021875 0.0375
1 0.7703125 0.43472222222222223 0.0234375 0.03611111111111111
1 0.1546875 0.5097222222222222 0.0515625 0.075
1 0.491015625 0.09375 0.02734375 0.043055555555555555
1 0.67734375 0.7375 0.02578125 0.06944444444444445
1 0.113671875 0.5173611111111112 0.01953125 0.03194444444444444
1 0.527734375 0.5229166666666667 0.02890625 0.07916666666666666
0 0.659375 0.7583333333333333 0.11171875 0.37222222222222223
1 0.903125 0.5243055555555556 0.09609375 0.1638888888888889
1 0.478125 0.6486111111111111 0.02109375 0.0375
1 0.416015625 0.13680555555555557 0.028125 0.06111111111111111
0 0.623828125 0.4722222222222222 0.078125 0.5222222222222223
0 0.1578125 0.48680555555555555 0.1625 0.3375
0 0.648828125 0.9625 0.0734375 0.075
1 0.103515625 0.7569444444444444 0.0171875 0.027777777777777776
1 0.729296875 0.16319444444444445 0.03046875 0.06527777777777778
1 0.475390625 0.7458333333333333 0.034375 0.05138888888888889
1 0.564453125 0.39652777777777776 0.021875 0.043055555555555555
1 0.83671875 0.13819444444444445 0.0328125 0.075
1 0.867578125 0.18611111111111112 0.0171875 0.02361111111111111
1 0.9 0.6770833333333334 0.01484375 0.027777777777777776
1 0.5296875 0.014583333333333334 0.0140625 0.029166666666666667
1 0.699609375 0.5861111111111111 0.015625 0.02361111111111111
1 0.06953125 0.9215277777777777 0.015625 0.02361111111111111
1 0.201171875 0.25 0.01953125 0.029166666666666667
1 0.542578125 0.18194444444444444 0.0265625 0.04027777777777778
1 0.186328125 0.022916666666666665 0.02578125 0.044444444444444446
1 0.55859375 0.011805555555555555 0.01484375 0.02361111111111111
1 0.54609375 0.03333333333333333 0.01484375 0.029166666666666667
1 0.953515625 0.06597222222222222 0.0109375 0.022222222222222223
1 0.84921875 0.23055555555555557 0.01796875 0.03333333333333333
1 0.49140625 0.18125 0.0234375 0.041666666666666664
1 0.14140625 0.5993055555555555 0.01328125 0.029166666666666667
1 0.708984375 0.02361111111111111 0.0171875 0.029166666666666667
1 0.812109375 0.02638888888888889 0.021875 0.030555555555555555
1 0.484375 0.5395833333333333 0.015625 0.030555555555555555
1 0.98828125 0.9347222222222222 0.0234375 0.125
1 0.569921875 0.03888888888888889 0.0171875 0.02638888888888889
1 0.123828125 0.5673611111111111 0.02734375 0.03888888888888889
0 0.115625 0.9951388888888889 0.03125 0.009722222222222222
1 0.94140625 0.6354166666666666 0.02890625 0.04583333333333333
1 0.190234375 0.11388888888888889 0.02421875 0.04722222222222222