1 0.78203125 0.5215277777777778 0.01484375 0.041666666666666664
1 0.253125 0.37083333333333335 0.02265625 0.07083333333333333
1 0.25390625 0.4305555555555556 0.02578125 0.044444444444444446
1 0.221484375 0.375 0.00390625 0.03333333333333333
1 0.178515625 0.46319444444444446 0.025 0.04722222222222222
1 0.384375 0.39166666666666666 0.021875 0.04722222222222222
1 0.24453125 0.5173611111111112 0.01953125 0.034722222222222224
1 0.122265625 0.5236111111111111 0.015625 0.030555555555555555
1 0.180859375 0.6173611111111111 0.01953125 0.05416666666666667
1 0.26015625 0.675 0.0109375 0.03333333333333333
1 0.310546875 0.7013888888888888 0.01640625 0.03333333333333333
1 0.15390625 0.6701388888888888 0.0171875 0.025
1 0.1640625 0.7006944444444444 0.021875 0.0375
1 0.14765625 0.7819444444444444 0.02421875 0.05277777777777778
1 0.187890625 0.7854166666666667 0.0296875 0.05555555555555555
1 0.219921875 0.8409722222222222 0.01328125 0.02361111111111111
1 0.145703125 0.8520833333333333 0.02578125 0.041666666666666664
1 0.202734375 0.8472222222222222 0.01484375 0.02638888888888889
1 0.203125 0.8756944444444444 0.0171875 0.02638888888888889
1 0.165625 0.9340277777777778 0.01875 0.029166666666666667
1 0.2390625 0.9611111111111111 0.03828125 0.07222222222222222
1 0.023046875 0.39652777777777776 0.01875 0.0375
1 0.060546875 0.38680555555555557 0.0171875 0.030555555555555555
1 0.021484375 0.4270833333333333 0.021875 0.03194444444444444
1 0.04765625 0.48541666666666666 0.040625 0.09027777777777778
1 0.1734375 0.39305555555555555 0.00625 0.013888888888888888
1 0.49453125 0.3298611111111111 0.03203125 0.06805555555555555
1 0.581640625 0.3125 0.01953125 0.05694444444444444
1 0.63125 0.34097222222222223 0.0234375 0.03611111111111111
1 0.548828125 0.46597222222222223 0.01328125 0.030555555555555555
1 0.532421875 0.4826388888888889 0.01875 0.02638888888888889
1 0.548046875 0.025 0.02109375 0.05
1 0.534375 0.07222222222222222 0.01640625 0.03194444444444444
1 0.636328125 0.027083333333333334 0.0328125 0.05416666666666667
1 0.733203125 0.022222222222222223 0.03671875 0.044444444444444446
1 0.756640625 0.09305555555555556 0.0140625 0.030555555555555555
1 0.790234375 0.10625 0.053125 0.0875
1 0.7015625 0.13333333333333333 0.0328125 0.08194444444444444
1 0.731640625 0.15347222222222223 0.02890625 0.06527777777777778
1 0.669921875 0.13541666666666666 0.0171875 0.025
1 0.659765625 0.22847222222222222 0.05234375 0.09583333333333334
1 0.708984375 0.3090277777777778 0.025 0.058333333333333334
1 0.533203125 0.1388888888888889 0.00703125 0.016666666666666666
1 0.69140625 0.48333333333333334 0.03046875 0.07916666666666666
1 0.866015625 0.48819444444444443 0.05859375 0.1
1 0.6890625 0.5722222222222222 0.0125 0.018055555555555554
1 0.650390625 0.5659722222222222 0.03671875 0.058333333333333334
1 0.653125 0.6708333333333333 0.028125 0.05138888888888889
1 0.658984375 0.7159722222222222 0.0390625 0.05555555555555555
1 0.6921875 0.7680555555555556 0.02265625 0.03611111111111111
1 0.79609375 0.5861111111111111 0.0703125 0.10555555555555556
1 0.909765625 0.6666666666666666 0.03046875 0.06388888888888888
1 0.905859375 0.7805555555555556 0.01171875 0.020833333333333332
1 0.890625 0.7986111111111112 0.021875 0.03888888888888889
1 0.876953125 0.8722222222222222 0.01640625 0.029166666666666667
1 0.828125 0.9277777777777778 0.015625 0.02638888888888889
1 0.730859375 0.9611111111111111 0.04140625 0.06388888888888888
1 0.666015625 0.9125 0.015625 0.03333333333333333
1 0.525390625 0.5729166666666666 0.0171875 0.04027777777777778
1 0.562109375 0.6291666666666667 0.03125 0.059722222222222225
1 0.984375 0.5756944444444444 0.03125 0.06944444444444445
1 0.996484375 0.7041666666666667 0.00703125 0.013888888888888888
1 0.957421875 0.44027777777777777 0.0296875 0.06805555555555555
1 0.985546875 0.32569444444444445 0.01875 0.04583333333333333
1 0.945703125 0.3173611111111111 0.03125 0.06111111111111111
1 0.916796875 0.175 0.03828125 0.10277777777777777
1 0.870703125 0.16944444444444445 0.02421875 0.04861111111111111
1 0.921875 0.015277777777777777 0.0171875 0.030555555555555555
1 0.863671875 0.10972222222222222 0.015625 0.027777777777777776
0 0.137890625 0.20208333333333334 0.12734375 0.4041666666666667
0 0.13359375 0.024305555555555556 0.03515625 0.04861111111111111
0 0.104296875 0.4965277777777778 0.11328125 0.35694444444444445
0 0.109765625 0.5701388888888889 0.21953125 0.1361111111111111
0 0.07890625 0.8076388888888889 0.1578125 0.38472222222222224
0 0.117578125 0.9652777777777778 0.1171875 0.06944444444444445
0 0.650390625 0.9472222222222222 0.05703125 0.10555555555555556
0 0.657421875 0.7972222222222223 0.18125 0.16111111111111112
0 0.637890625 0.5201388888888889 0.2265625 0.36666666666666664
0 0.650390625 0.15902777777777777 0.11015625 0.31805555555555554
0 0.57890625 0.16875 0.05390625 0.3375
1 0.153515625 0.12013888888888889 0.01796875 0.03333333333333333
1 0.251171875 0.1423611111111111 0.025 0.04722222222222222
1 0.26484375 0.08402777777777778 0.02109375 0.04027777777777778
1 0.14609375 0.16666666666666666 0.02890625 0.04861111111111111
1 0.13984375 0.21944444444444444 0.01015625 0.025
1 0.295703125 0.24583333333333332 0.0171875 0.04027777777777778
1 0.39375 0.15694444444444444 0.01875 0.02361111111111111
1 0.40546875 0.12777777777777777 0.0140625 0.025
1 0.13515625 0.25277777777777777 0.01484375 0.02361111111111111