1 0.52578125 0.8888888888888888 0.01328125 0.013888888888888888
1 0.458203125 0.8347222222222223 0.02421875 0.03888888888888889
1 0.469140625 0.9451388888888889 0.02421875 0.043055555555555555
1 0.439453125 0.9416666666666667 0.02890625 0.04861111111111111
1 0.45703125 0.9013888888888889 0.02265625 0.03888888888888889
1 0.384375 0.91875 0.04765625 0.07777777777777778
1 0.197265625 0.9388888888888889 0.01484375 0.034722222222222224
1 0.16953125 0.9611111111111111 0.015625 0.030555555555555555
1 0.07734375 0.9055555555555556 0.01875 0.020833333333333332
1 0.16796875 0.8770833333333333 0.01171875 0.019444444444444445
1 0.239453125 0.8965277777777778 0.03984375 0.0763888888888889
1 0.251953125 0.8180555555555555 0.05703125 0.09027777777777778
1 0.201953125 0.8284722222222223 0.0109375 0.029166666666666667
1 0.183203125 0.7944444444444444 0.01796875 0.06527777777777778
1 0.08203125 0.5951388888888889 0.01484375 0.018055555555555554
1 0.11640625 0.7076388888888889 0.02578125 0.044444444444444446
1 0.25625 0.6743055555555556 0.01484375 0.041666666666666664
1 0.361328125 0.6083333333333333 0.0125 0.0375
1 0.329296875 0.6645833333333333 0.01171875 0.03194444444444444
1 0.355078125 0.7472222222222222 0.02578125 0.0375
1 0.4203125 0.7743055555555556 0.0140625 0.027777777777777776
1 0.4203125 0.73125 0.0125 0.013888888888888888
1 0.621484375 0.6444444444444445 0.01796875 0.02638888888888889
1 0.621875 0.6097222222222223 0.01484375 0.030555555555555555
1 0.57734375 0.6041666666666666 0.0125 0.020833333333333332
1 0.521484375 0.6652777777777777 0.01328125 0.020833333333333332
1 0.491796875 0.7048611111111112 0.025 0.05416666666666667
1 0.514453125 0.5701388888888889 0.01171875 0.027777777777777776
1 0.534765625 0.5194444444444445 0.0234375 0.03611111111111111
1 0.513671875 0.48194444444444445 0.01015625 0.013888888888888888
1 0.486328125 0.49444444444444446 0.0265625 0.05277777777777778
1 0.43515625 0.4444444444444444 0.0171875 0.029166666666666667
1 0.335546875 0.5 0.01015625 0.022222222222222223
1 0.3890625 0.41875 0.01640625 0.022222222222222223
1 0.27734375 0.4777777777777778 0.01640625 0.03333333333333333
1 0.316015625 0.5013888888888889 0.021875 0.04583333333333333
1 0.3046875 0.5534722222222223 0.01171875 0.022222222222222223
1 0.251171875 0.5743055555555555 0.01953125 0.03888888888888889
1 0.23125 0.5284722222222222 0.02578125 0.041666666666666664
1 0.212890625 0.4798611111111111 0.02109375 0.0375
1 0.27421875 0.42777777777777776 0.0125 0.020833333333333332
1 0.25546875 0.3951388888888889 0.009375 0.015277777777777777
1 0.25 0.35833333333333334 0.03359375 0.04861111111111111
1 0.246875 0.29791666666666666 0.025 0.041666666666666664
1 0.301171875 0.2673611111111111 0.0078125 0.0125
1 0.23828125 0.1125 0.01875 0.03611111111111111
1 0.255859375 0.13819444444444445 0.021875 0.044444444444444446
1 0.21875 0.21319444444444444 0.02421875 0.0375
1 0.212109375 0.18055555555555555 0.00859375 0.011111111111111112
1 0.198046875 0.1736111111111111 0.02265625 0.059722222222222225
1 0.17578125 0.29375 0.046875 0.08055555555555556
1 0.16328125 0.23472222222222222 0.01328125 0.022222222222222223
1 0.121484375 0.25833333333333336 0.01015625 0.0125
1 0.105859375 0.24097222222222223 0.0171875 0.03611111111111111
1 0.11640625 0.18680555555555556 0.0109375 0.016666666666666666
1 0.072265625 0.018055555555555554 0.0125 0.016666666666666666
1 0.119921875 0.05555555555555555 0.0125 0.020833333333333332
1 0.181640625 0.041666666666666664 0.02890625 0.06527777777777778
1 0.74296875 0.7840277777777778 0.01875 0.03888888888888889
1 0.702734375 0.7701388888888889 0.015625 0.03611111111111111
1 0.777734375 0.9576388888888889 0.0125 0.020833333333333332
1 0.751171875 0.9416666666666667 0.01640625 0.04861111111111111
1 0.736328125 0.9881944444444445 0.015625 0.02361111111111111
1 0.85546875 0.6590277777777778 0.01171875 0.015277777777777777
1 0.525 0.009027777777777777 0.0078125 0.018055555555555554
1 0.94921875 0.017361111111111112 0.0140625 0.027777777777777776
1 0.835546875 0.06666666666666667 0.0140625 0.018055555555555554
1 0.755859375 0.13402777777777777 0.0078125 0.0125
1 0.737109375 0.10277777777777777 0.009375 0.018055555555555554
1 0.812109375 0.1736111111111111 0.0109375 0.02638888888888889
1 0.86953125 0.20972222222222223 0.03203125 0.043055555555555555
1 0.934375 0.30694444444444446 0.0265625 0.06388888888888888
1 0.933203125 0.5034722222222222 0.0171875 0.027777777777777776
1 0.921484375 0.4791666666666667 0.01015625 0.020833333333333332
1 0.992578125 0.5590277777777778 0.01484375 0.02638888888888889
1 0.8875 0.6020833333333333 0.0234375 0.03611111111111111
0 0.573046875 0.3215277777777778 0.21640625 0.4388888888888889
0 0.625390625 0.6423611111111112 0.12890625 0.3125
0 0.5828125 0.7763888888888889 0.184375 0.23194444444444445
0 0.588671875 0.8909722222222223 0.06484375 0.21805555555555556
0 0.11171875 0.9638888888888889 0.1171875 0.07222222222222222
0 0.13125 0.8701388888888889 0.196875 0.25972222222222224
0 0.075 0.5534722222222223 0.15 0.39861111111111114
0 0.11484375 0.35 0.2296875 0.175
0 0.065625 0.12291666666666666 0.13125 0.24583333333333332
1 0.576171875 0.7444444444444445 0.00546875 0.015277777777777777
1 0.835546875 0.8340277777777778 0.0109375 0.02638888888888889
0 0.6703125 0.15833333333333333 0.23828125 0.31666666666666665
1 0.101953125 0.42986111111111114 0.0125 0.02361111111111111
1 0.904296875 0.55625 0.03203125 0.058333333333333334
1 0.87734375 0.3770833333333333 0.02109375 0.03194444444444444
1 0.76796875 0.3576388888888889 0.0234375 0.03611111111111111
1 0.698828125 0.2611111111111111 0.01171875 0.020833333333333332
1 0.74921875 0.175 0.0171875 0.018055555555555554
1 0.723828125 0.18541666666666667 0.015625 0.03333333333333333
1 0.6671875 0.16666666666666666 0.00625 0.009722222222222222
1 0.62578125 0.02638888888888889 0.0234375 0.05277777777777778
1 0.658203125 0.06388888888888888 0.034375 0.05
1 0.6328125 0.1638888888888889 0.02578125 0.04722222222222222
1 0.60625 0.1986111111111111 0.01875 0.058333333333333334
1 0.633203125 0.3215277777777778 0.02421875 0.05
1 0.6671875 0.28958333333333336 0.04296875 0.10416666666666667
1 0.64453125 0.23333333333333334 0.009375 0.018055555555555554
1 0.613671875 0.2465277777777778 0.04921875 0.0625
1 0.553125 0.1451388888888889 0.0125 0.02361111111111111
1 0.58515625 0.04861111111111111 0.0203125 0.04722222222222222
1 0.490234375 0.12013888888888889 0.01875 0.04027777777777778
1 0.49375 0.07152777777777777 0.02265625 0.043055555555555555
1 0.450390625 0.04236111111111111 0.02890625 0.04861111111111111
1 0.423828125 0.06944444444444445 0.01640625 0.03194444444444444
1 0.4078125 0.1423611111111111 0.03046875 0.05277777777777778
1 0.378515625 0.21666666666666667 0.03359375 0.06388888888888888
1 0.361328125 0.30694444444444446 0.0328125 0.03333333333333333
1 0.33203125 0.30972222222222223 0.0203125 0.03333333333333333
1 0.30859375 0.3138888888888889 0.01796875 0.03194444444444444
1 0.575 0.4388888888888889 0.01015625 0.02361111111111111
1 0.51640625 0.42569444444444443 0.0203125 0.05
1 0.491796875 0.3388888888888889 0.02265625 0.044444444444444446
1 0.6859375 0.41458333333333336 0.015625 0.027777777777777776
1 0.3171875 0.16041666666666668 0.0078125 0.029166666666666667
1 0.2375 0.17708333333333334 0.01328125 0.02361111111111111
1 0.7328125 0.3972222222222222 0.015625 0.0375
1 0.633203125 0.9506944444444444 0.01953125 0.03611111111111111
1 0.723828125 0.44166666666666665 0.0296875 0.059722222222222225
1 0.706640625 0.4534722222222222 0.01484375 0.02638888888888889
1 0.679296875 0.53125 0.03125 0.05277777777777778
1 0.82265625 0.5638888888888889 0.01484375 0.03194444444444444
1 0.859375 0.6340277777777777 0.015625 0.025
1 0.900390625 0.7618055555555555 0.0109375 0.029166666666666667
1 0.93359375 0.7270833333333333 0.01328125 0.025
1 0.907421875 0.73125 0.01875 0.03333333333333333
1 0.996875 0.8729166666666667 0.00625 0.030555555555555555
1 0.92265625 0.85625 0.0171875 0.03888888888888889
1 0.988671875 0.9361111111111111 0.01640625 0.02361111111111111
1 0.9453125 0.9722222222222222 0.01875 0.04583333333333333
1 0.8484375 0.9659722222222222 0.01875 0.0375
1 0.868359375 0.9027777777777778 0.0125 0.030555555555555555
1 0.835546875 0.8673611111111111 0.02109375 0.027777777777777776
1 0.79921875 0.7951388888888888 0.009375 0.019444444444444445
1 0.728515625 0.7194444444444444 0.01796875 0.027777777777777776
1 0.7546875 0.7583333333333333 0.0171875 0.030555555555555555
1 0.476953125 0.7708333333333334 0.04296875 0.06111111111111111
1 0.525 0.83125 0.02734375 0.06388888888888888