1 0.9734375 0.734375 0.025 0.04375
1 0.8171875 0.5739583333333333 0.015625 0.020833333333333332
1 0.8953125 0.5072916666666667 0.015625 0.016666666666666666
1 0.9703125 0.42291666666666666 0.0390625 0.04375
1 0.74296875 0.03854166666666667 0.040625 0.04791666666666667
0 0.40703125 0.734375 0.178125 0.22083333333333333
0 0.41328125 0.5458333333333333 0.0984375 0.36041666666666666
0 0.44453125 0.18645833333333334 0.0734375 0.3645833333333333
0 0.48125 0.0375 0.084375 0.075
1 0.69375 0.0375 0.015625 0.027083333333333334
1 0.203125 0.271875 0.021875 0.016666666666666666
1 0.27578125 0.29375 0.0296875 0.029166666666666667
1 0.33828125 0.28229166666666666 0.028125 0.035416666666666666
1 0.31015625 0.11979166666666667 0.053125 0.0375
1 0.296875 0.03333333333333333 0.0421875 0.0375
1 0.03671875 0.134375 0.028125 0.03125
1 0.4921875 0.25 0.0171875 0.020833333333333332
1 0.50546875 0.321875 0.015625 0.025
1 0.5375 0.3927083333333333 0.0265625 0.020833333333333332
1 0.5484375 0.525 0.0234375 0.04375
1 0.634375 0.5583333333333333 0.0234375 0.03125
1 0.5375 0.70625 0.028125 0.035416666666666666
1 0.49765625 0.946875 0.028125 0.035416666666666666
1 0.425 0.9458333333333333 0.021875 0.027083333333333334
1 0.4171875 0.4479166666666667 0.0390625 0.035416666666666666
1 0.3875 0.3854166666666667 0.0328125 0.03958333333333333
1 0.39296875 0.5020833333333333 0.025 0.04375
1 0.3125 0.5020833333333333 0.0296875 0.03333333333333333
1 0.1359375 0.4395833333333333 0.028125 0.03958333333333333
1 0.13203125 0.5447916666666667 0.034375 0.029166666666666667
1 0.36171875 0.596875 0.0234375 0.03333333333333333
1 0.26953125 0.790625 0.025 0.027083333333333334
1 0.1921875 0.696875 0.04375 0.041666666666666664
1 0.10078125 0.7916666666666666 0.025 0.03125
1 0.1171875 0.9645833333333333 0.0171875 0.029166666666666667
1 0.178125 0.925 0.0453125 0.06041666666666667
1 0.60859375 0.8770833333333333 0.0203125 0.04791666666666667
1 0.69296875 0.8229166666666666 0.021875 0.025
1 0.734375 0.8333333333333334 0.028125 0.03125
1 0.7859375 0.9020833333333333 0.025 0.0375
1 0.6984375 0.7822916666666667 0.025 0.035416666666666666
1 0.89375 0.8166666666666667 0.015625 0.022916666666666665
1 0.96796875 0.8479166666666667 0.01875 0.03125
1 0.56015625 0.08645833333333333 0.025 0.029166666666666667