1 0.275 0.11875 0.0265625 0.029166666666666667
1 0.25234375 0.08125 0.0203125 0.0375
1 0.22578125 0.20104166666666667 0.0265625 0.06666666666666667
1 0.25703125 0.18229166666666666 0.0296875 0.04791666666666667
1 0.21640625 0.30416666666666664 0.0265625 0.022916666666666665
1 0.3171875 0.38645833333333335 0.0609375 0.07708333333333334
1 0.28203125 0.33541666666666664 0.021875 0.027083333333333334
1 0.4046875 0.3854166666666667 0.034375 0.05416666666666667
1 0.37109375 0.5125 0.0265625 0.029166666666666667
1 0.25390625 0.47291666666666665 0.0171875 0.020833333333333332
1 0.290625 0.4822916666666667 0.025 0.0375
1 0.28671875 0.5114583333333333 0.0234375 0.020833333333333332
1 0.15703125 0.534375 0.0359375 0.03333333333333333
1 0.0734375 0.5541666666666667 0.015625 0.025
1 0.10234375 0.575 0.0328125 0.04583333333333333
1 0.128125 0.5614583333333333 0.0125 0.03125
1 0.115625 0.6270833333333333 0.0234375 0.022916666666666665
1 0.00703125 0.6739583333333333 0.0140625 0.027083333333333334
1 0.0859375 0.7239583333333334 0.0328125 0.05416666666666667
1 0.078125 0.659375 0.01875 0.025
1 0.1453125 0.8 0.034375 0.03958333333333333
1 0.1265625 0.8270833333333333 0.015625 0.0125
1 0.1484375 0.9041666666666667 0.0390625 0.06041666666666667
1 0.19296875 0.8729166666666667 0.0453125 0.06041666666666667
1 0.17421875 0.9322916666666666 0.0265625 0.03958333333333333
1 0.1 0.9822916666666667 0.0203125 0.035416666666666666
1 0.075 0.9375 0.0171875 0.029166666666666667
1 0.00859375 0.9125 0.0140625 0.025
1 0.025 0.940625 0.0125 0.025
1 0.32109375 0.9864583333333333 0.0359375 0.027083333333333334
1 0.290625 0.8604166666666667 0.059375 0.06041666666666667
1 0.503125 0.6427083333333333 0.0203125 0.03125
1 0.6390625 0.7583333333333333 0.0171875 0.01875
1 0.6421875 0.7291666666666666 0.015625 0.027083333333333334
1 0.62265625 0.709375 0.04375 0.06041666666666667
1 0.5171875 0.7864583333333334 0.0171875 0.029166666666666667
1 0.55 0.25 0.08125 0.09375
1 0.4921875 0.25625 0.0359375 0.05416666666666667
1 0.58515625 0.18541666666666667 0.0203125 0.016666666666666666
1 0.571875 0.13333333333333333 0.0328125 0.052083333333333336
1 0.525 0.16979166666666667 0.05625 0.0625
1 0.5671875 0.9041666666666667 0.025 0.014583333333333334
1 0.51171875 0.9260416666666667 0.0125 0.020833333333333332
1 0.415625 0.8875 0.0140625 0.016666666666666666
1 0.471875 0.8770833333333333 0.0234375 0.035416666666666666
1 0.503125 0.846875 0.0265625 0.025
1 0.47109375 0.8177083333333334 0.0171875 0.027083333333333334
1 0.4390625 0.709375 0.015625 0.020833333333333332
1 0.43203125 0.8114583333333333 0.028125 0.03958333333333333
1 0.3875 0.796875 0.034375 0.04375
1 0.39375 0.7385416666666667 0.0171875 0.03333333333333333
1 0.33515625 0.8510416666666667 0.025 0.04375
1 0.25546875 0.7989583333333333 0.0296875 0.041666666666666664
1 0.26796875 0.7572916666666667 0.03125 0.04583333333333333
1 0.290625 0.6760416666666667 0.034375 0.0375
1 0.3484375 0.690625 0.05 0.06458333333333334
1 0.37265625 0.7479166666666667 0.0203125 0.022916666666666665
1 0.51953125 0.303125 0.0296875 0.05416666666666667
1 0.17421875 0.30833333333333335 0.0109375 0.016666666666666666
1 0.0078125 0.008333333333333333 0.015625 0.016666666666666666
0 0.38203125 0.18333333333333332 0.196875 0.24583333333333332
0 0.38515625 0.425 0.228125 0.052083333333333336
1 0.534375 0.34479166666666666 0.03125 0.04791666666666667
1 0.578125 0.3229166666666667 0.0265625 0.027083333333333334
1 0.4546875 0.33958333333333335 0.03125 0.05
1 0.48125 0.303125 0.01875 0.03125
1 0.39296875 0.2791666666666667 0.0296875 0.04791666666666667
0 0.41015625 0.9354166666666667 0.0984375 0.12916666666666668
1 0.07578125 0.7927083333333333 0.015625 0.029166666666666667
1 0.446875 0.18333333333333332 0.0140625 0.0125
1 0.340625 0.253125 0.015625 0.029166666666666667
1 0.69921875 0.16458333333333333 0.0171875 0.020833333333333332
1 0.9953125 0.013541666666666667 0.009375 0.016666666666666666
1 0.89296875 0.053125 0.0234375 0.020833333333333332
1 0.73671875 0.83125 0.01875 0.010416666666666666
1 0.24453125 0.834375 0.015625 0.014583333333333334
1 0.17890625 0.6885416666666667 0.034375 0.03333333333333333
1 0.13828125 0.7052083333333333 0.0296875 0.029166666666666667
1 0.0265625 0.5229166666666667 0.0296875 0.0375
1 0.16640625 0.44166666666666665 0.025 0.04583333333333333
1 0.13046875 0.44895833333333335 0.021875 0.029166666666666667
1 0.18984375 0.33958333333333335 0.0265625 0.03125
1 0.1125 0.33125 0.040625 0.03125
1 0.01171875 0.37395833333333334 0.0234375 0.041666666666666664
1 0.015625 0.31979166666666664 0.0265625 0.029166666666666667
1 0.134375 0.234375 0.0484375 0.08333333333333333
1 0.103125 0.16041666666666668 0.0234375 0.03125
1 0.08125 0.17291666666666666 0.0125 0.029166666666666667
1 0.065625 0.19791666666666666 0.0140625 0.027083333333333334
1 0.015625 0.08229166666666667 0.03125 0.0375
1 0.23359375 0.015625 0.0359375 0.03125
1 0.1875 0.00625 0.0125 0.0125
1 0.16171875 0.11041666666666666 0.053125 0.06458333333333334
1 0.11171875 0.09583333333333334 0.0515625 0.04791666666666667
1 0.09453125 0.0375 0.034375 0.058333333333333334
1 0.13046875 0.035416666666666666 0.03125 0.0375
1 0.303125 0.042708333333333334 0.0484375 0.04375
1 0.5578125 0.007291666666666667 0.009375 0.014583333333333334
1 0.42734375 0.08229166666666667 0.0265625 0.027083333333333334
1 0.3875 0.05520833333333333 0.0265625 0.03125
1 0.6578125 0.035416666666666666 0.03125 0.029166666666666667
1 0.69140625 0.090625 0.028125 0.03958333333333333
1 0.65078125 0.0875 0.0171875 0.03125
1 0.61484375 0.051041666666666666 0.0390625 0.07291666666666667
1 0.7109375 0.24583333333333332 0.0234375 0.029166666666666667
1 0.690625 0.25833333333333336 0.0125 0.025
1 0.76328125 0.33958333333333335 0.01875 0.010416666666666666
1 0.7578125 0.4239583333333333 0.01875 0.03125
1 0.6328125 0.465625 0.0265625 0.020833333333333332
1 0.615625 0.5364583333333334 0.009375 0.027083333333333334
1 0.4671875 0.4979166666666667 0.028125 0.022916666666666665
1 0.565625 0.7260416666666667 0.009375 0.016666666666666666
1 0.703125 0.984375 0.015625 0.016666666666666666
1 0.990625 0.6125 0.01875 0.08333333333333333
1 0.88515625 0.6302083333333334 0.03125 0.029166666666666667
1 0.9 0.4822916666666667 0.021875 0.029166666666666667
1 0.97265625 0.296875 0.015625 0.01875
1 0.88828125 0.2989583333333333 0.021875 0.03125
1 0.75859375 0.20833333333333334 0.0140625 0.029166666666666667
1 0.7109375 0.2791666666666667 0.03125 0.025
1 0.6859375 0.3614583333333333 0.021875 0.025
1 0.62265625 0.32395833333333335 0.0359375 0.03958333333333333
1 0.5328125 0.43020833333333336 0.0171875 0.022916666666666665
1 0.62421875 0.39166666666666666 0.028125 0.06041666666666667
1 0.584375 0.41041666666666665 0.065625 0.08541666666666667
1 0.6328125 0.5020833333333333 0.028125 0.03333333333333333
1 0.68984375 0.53125 0.0296875 0.052083333333333336
1 0.66796875 0.5677083333333334 0.0203125 0.03333333333333333
1 0.7171875 0.703125 0.0140625 0.016666666666666666
1 0.74765625 0.6854166666666667 0.021875 0.027083333333333334
1 0.6890625 0.63125 0.0234375 0.029166666666666667
1 0.63125 0.5927083333333333 0.0265625 0.05625
1 0.584375 0.6291666666666667 0.0234375 0.020833333333333332
1 0.4921875 0.5947916666666667 0.05625 0.04791666666666667
1 0.36640625 0.628125 0.025 0.029166666666666667
1 0.53828125 0.6895833333333333 0.0296875 0.029166666666666667
1 0.42421875 0.26458333333333334 0.0234375 0.029166666666666667
1 0.36953125 0.284375 0.01875 0.020833333333333332
1 0.37421875 0.21979166666666666 0.0296875 0.04375
1 0.42734375 0.203125 0.025 0.025
1 0.3921875 0.171875 0.0171875 0.020833333333333332
1 0.36015625 0.14375 0.01875 0.025