1 0.80859375 0.6958333333333333 0.0203125 0.04375
1 0.2515625 0.9010416666666666 0.0828125 0.06458333333333334
1 0.27421875 0.9822916666666667 0.0359375 0.035416666666666666
1 0.15078125 0.9822916666666667 0.01875 0.03333333333333333
1 0.075 0.9614583333333333 0.05 0.03125
1 0.0734375 0.6333333333333333 0.053125 0.06666666666666667
1 0.0625 0.465625 0.0265625 0.035416666666666666
1 0.09453125 0.51875 0.0171875 0.03333333333333333
1 0.14296875 0.5166666666666667 0.015625 0.041666666666666664
1 0.2078125 0.5072916666666667 0.01875 0.020833333333333332
1 0.23359375 0.5645833333333333 0.0359375 0.06458333333333334
1 0.2640625 0.6072916666666667 0.0234375 0.03125
1 0.253125 0.6979166666666666 0.0296875 0.03958333333333333
1 0.328125 0.6583333333333333 0.0453125 0.07083333333333333
1 0.3765625 0.734375 0.04375 0.09583333333333334
1 0.3125 0.8145833333333333 0.028125 0.0375
1 0.44609375 0.703125 0.034375 0.0625
1 0.48125 0.7739583333333333 0.015625 0.020833333333333332
1 0.53828125 0.7583333333333333 0.028125 0.05416666666666667
1 0.6359375 0.80625 0.0484375 0.05416666666666667
1 0.6359375 0.7166666666666667 0.03125 0.03125
1 0.69921875 0.7197916666666667 0.025 0.03333333333333333
1 0.7296875 0.709375 0.0234375 0.03125
1 0.52265625 0.6364583333333333 0.0328125 0.020833333333333332
1 0.45859375 0.5666666666666667 0.03125 0.03125
1 0.4890625 0.6135416666666667 0.0140625 0.016666666666666666
1 0.4515625 0.5083333333333333 0.0171875 0.01875
1 0.53984375 0.5208333333333334 0.0359375 0.04791666666666667
1 0.44765625 0.459375 0.0625 0.05
1 0.52421875 0.45416666666666666 0.034375 0.03125
1 0.5875 0.40208333333333335 0.021875 0.04583333333333333
1 0.62890625 0.3885416666666667 0.0296875 0.027083333333333334
1 0.725 0.3416666666666667 0.028125 0.022916666666666665
1 0.81953125 0.2916666666666667 0.0171875 0.01875
1 0.65546875 0.1875 0.0328125 0.04583333333333333
1 0.678125 0.14270833333333333 0.0140625 0.020833333333333332
1 0.71484375 0.15208333333333332 0.0546875 0.041666666666666664
1 0.76015625 0.140625 0.0328125 0.020833333333333332
1 0.5078125 0.13125 0.015625 0.035416666666666666
1 0.421875 0.23541666666666666 0.03125 0.06458333333333334
1 0.3640625 0.115625 0.021875 0.0375
1 0.4125 0.03229166666666667 0.0265625 0.027083333333333334
1 0.4640625 0.010416666666666666 0.015625 0.020833333333333332
1 0.0578125 0.06875 0.04375 0.035416666666666666
1 0.05234375 0.009375 0.025 0.01875
1 0.16171875 0.07291666666666667 0.0265625 0.016666666666666666
1 0.153125 0.115625 0.0125 0.035416666666666666
1 0.2109375 0.009375 0.0234375 0.01875
1 0.14375 0.23020833333333332 0.03125 0.03125
1 0.22890625 0.246875 0.0359375 0.075
1 0.16328125 0.38333333333333336 0.0265625 0.035416666666666666
1 0.25625 0.4041666666666667 0.0921875 0.11041666666666666
1 0.37578125 0.38125 0.03125 0.041666666666666664
1 0.43203125 0.37395833333333334 0.01875 0.01875
1 0.3453125 0.5635416666666667 0.040625 0.06458333333333334
1 0.36640625 0.984375 0.0328125 0.03125
1 0.40625 0.9145833333333333 0.0171875 0.020833333333333332
1 0.475 0.9604166666666667 0.0234375 0.04791666666666667
1 0.48515625 0.890625 0.021875 0.01875
1 0.6953125 0.9583333333333334 0.0171875 0.020833333333333332
1 0.73125 0.990625 0.01875 0.01875
1 0.6984375 0.90625 0.025 0.03958333333333333
1 0.86171875 0.90625 0.0265625 0.05
1 0.96875 0.7833333333333333 0.034375 0.0375
1 0.91484375 0.871875 0.01875 0.01875
1 0.81953125 0.7791666666666667 0.0140625 0.027083333333333334
1 0.9625 0.68125 0.0296875 0.0375
1 0.7671875 0.6145833333333334 0.01875 0.022916666666666665
1 0.8125 0.6197916666666666 0.0234375 0.029166666666666667
1 0.94765625 0.5166666666666667 0.028125 0.035416666666666666
1 0.959375 0.4395833333333333 0.0296875 0.025
1 0.9875 0.39166666666666666 0.025 0.020833333333333332
1 0.9859375 0.3072916666666667 0.0171875 0.01875
1 0.971875 0.159375 0.04375 0.052083333333333336
1 0.83671875 0.13229166666666667 0.028125 0.03333333333333333
0 0.56796875 0.0125 0.0484375 0.025
0 0.4875 0.2864583333333333 0.14375 0.24583333333333332
0 0.53125 0.6166666666666667 0.1 0.23333333333333334
0 0.52890625 0.8552083333333333 0.2359375 0.09166666666666666
1 0.97890625 0.06979166666666667 0.0421875 0.058333333333333334
1 0.94375 0.041666666666666664 0.015625 0.020833333333333332
1 0.62890625 0.14166666666666666 0.0125 0.01875
1 0.62890625 0.06041666666666667 0.0125 0.01875
1 0.81953125 0.3697916666666667 0.015625 0.029166666666666667
1 0.76953125 0.446875 0.0125 0.03333333333333333
1 0.0515625 0.19270833333333334 0.028125 0.025
1 0.1125 0.2833333333333333 0.028125 0.020833333333333332