0 0.0875 0.7194444444444444 0.175 0.25
1 0.459375 0.8423611111111111 0.025 0.04722222222222222
1 0.468359375 0.8013888888888889 0.0421875 0.05277777777777778
1 0.521875 0.875 0.01640625 0.02361111111111111
1 0.5015625 0.8444444444444444 0.02265625 0.043055555555555555
1 0.537109375 0.8152777777777778 0.0484375 0.059722222222222225
1 0.552734375 0.7444444444444445 0.0328125 0.05
1 0.51015625 0.7013888888888888 0.03125 0.06666666666666667
1 0.56484375 0.6465277777777778 0.0203125 0.03194444444444444
1 0.5796875 0.5722222222222222 0.0203125 0.041666666666666664
1 0.42578125 0.2861111111111111 0.01640625 0.030555555555555555
1 0.412109375 0.37083333333333335 0.01953125 0.0375
1 0.44609375 0.36944444444444446 0.01171875 0.018055555555555554
1 0.46796875 0.3715277777777778 0.01484375 0.03194444444444444
1 0.559375 0.35 0.0234375 0.041666666666666664
1 0.5203125 0.3645833333333333 0.02109375 0.041666666666666664
1 0.494140625 0.3548611111111111 0.01484375 0.025
1 0.477734375 0.33611111111111114 0.0203125 0.0375
1 0.7203125 0.06388888888888888 0.021875 0.03194444444444444
1 0.672265625 0.027083333333333334 0.0109375 0.015277777777777777
1 0.667578125 0.06666666666666667 0.02578125 0.05
1 0.54609375 0.1388888888888889 0.02421875 0.05138888888888889
1 0.487109375 0.013888888888888888 0.02265625 0.027777777777777776
1 0.379296875 0.16111111111111112 0.1015625 0.20416666666666666
1 0.33125 0.8694444444444445 0.0390625 0.059722222222222225
1 0.367578125 0.7347222222222223 0.0109375 0.016666666666666666
1 0.368359375 0.7631944444444444 0.01328125 0.016666666666666666
1 0.032421875 0.1597222222222222 0.01953125 0.025
1 0.06015625 0.21805555555555556 0.01484375 0.030555555555555555
1 0.04296875 0.25625 0.01328125 0.025
1 0.206640625 0.09861111111111111 0.0125 0.02361111111111111
1 0.26015625 0.058333333333333334 0.0140625 0.03333333333333333
1 0.1921875 0.5534722222222223 0.01640625 0.020833333333333332
1 0.818359375 0.6166666666666667 0.0078125 0.016666666666666666
0 0.090625 0.043055555555555555 0.015625 0.08611111111111111
0 0.08046875 0.11319444444444444 0.1609375 0.2263888888888889
0 0.0890625 0.33611111111111114 0.08984375 0.4597222222222222
0 0.076953125 0.6243055555555556 0.15390625 0.4152777777777778
1 0.50546875 0.9256944444444445 0.0203125 0.034722222222222224
0 0.1328125 0.9729166666666667 0.0515625 0.05416666666666667
0 0.64453125 0.8652777777777778 0.10078125 0.26944444444444443
0 0.64140625 0.7041666666666667 0.0875 0.55
1 0.676171875 0.4909722222222222 0.0140625 0.029166666666666667
0 0.563671875 0.5034722222222222 0.240625 0.3819444444444444
0 0.557421875 0.0375 0.096875 0.075
0 0.631640625 0.13472222222222222 0.2078125 0.26944444444444443
1 0.26875 0.9861111111111112 0.01796875 0.027777777777777776
1 0.240625 0.9180555555555555 0.02421875 0.06111111111111111
1 0.18671875 0.8805555555555555 0.02109375 0.034722222222222224
1 0.147265625 0.9368055555555556 0.021875 0.03194444444444444
1 0.105078125 0.9798611111111111 0.02421875 0.04027777777777778
1 0.009765625 0.45694444444444443 0.01953125 0.03611111111111111
1 0.04375 0.4909722222222222 0.0328125 0.04722222222222222
1 0.137109375 0.38680555555555557 0.01875 0.04722222222222222
1 0.117578125 0.35208333333333336 0.02734375 0.04027777777777778
1 0.256640625 0.4652777777777778 0.021875 0.0763888888888889
1 0.20703125 0.4215277777777778 0.0375 0.04861111111111111
1 0.179296875 0.47708333333333336 0.05078125 0.1111111111111111
1 0.9375 0.18611111111111112 0.01015625 0.018055555555555554
1 0.825 0.011111111111111112 0.015625 0.022222222222222223
1 0.917578125 0.9333333333333333 0.01796875 0.025
1 0.743359375 0.9506944444444444 0.01171875 0.011111111111111112
1 0.730859375 0.31180555555555556 0.015625 0.02361111111111111
1 0.790625 0.3611111111111111 0.02734375 0.03333333333333333
1 0.962890625 0.5638888888888889 0.0125 0.02638888888888889
1 0.792578125 0.675 0.01796875 0.03194444444444444
1 0.817578125 0.5055555555555555 0.01953125 0.05555555555555555
1 0.70625 0.4597222222222222 0.025 0.04027777777777778
1 0.5625 0.9819444444444444 0.01171875 0.03611111111111111
1 0.576171875 0.9611111111111111 0.015625 0.0375