1 0.924609375 0.7666666666666667 0.01796875 0.030555555555555555
1 0.398828125 0.5784722222222223 0.01953125 0.03888888888888889
1 0.616015625 0.28680555555555554 0.01484375 0.022222222222222223
1 0.887890625 0.6951388888888889 0.01875 0.027777777777777776
1 0.508203125 0.9090277777777778 0.0171875 0.03333333333333333
1 0.16328125 0.35138888888888886 0.021875 0.02361111111111111
1 0.546875 0.8111111111111111 0.01328125 0.029166666666666667
1 0.39296875 0.2465277777777778 0.0125 0.029166666666666667
1 0.58203125 0.9131944444444444 0.01328125 0.020833333333333332
1 0.2625 0.5479166666666667 0.01484375 0.02638888888888889
1 0.94296875 0.49166666666666664 0.0125 0.019444444444444445
1 0.760546875 0.3159722222222222 0.0171875 0.027777777777777776
1 0.0796875 0.7597222222222222 0.02421875 0.03333333333333333
1 0.392578125 0.7451388888888889 0.03515625 0.043055555555555555
1 0.49296875 0.4340277777777778 0.05 0.09166666666666666
1 0.92421875 0.9361111111111111 0.0140625 0.022222222222222223
1 0.761328125 0.9729166666666667 0.01640625 0.02361111111111111
1 0.990625 0.9888888888888889 0.01875 0.022222222222222223
0 0.717578125 0.2847222222222222 0.22109375 0.525
1 0.4046875 0.06041666666666667 0.02109375 0.04027777777777778
1 0.272265625 0.3013888888888889 0.02578125 0.07916666666666666
0 0.653515625 0.5534722222222223 0.203125 0.2972222222222222
1 0.4421875 0.5395833333333333 0.025 0.04027777777777778
1 0.215625 0.08194444444444444 0.0171875 0.03611111111111111
1 0.53671875 0.6847222222222222 0.0421875 0.06805555555555555
1 0.830078125 0.5395833333333333 0.02890625 0.06805555555555555
1 0.990625 0.38333333333333336 0.01875 0.0375
1 0.51015625 0.12013888888888889 0.01875 0.03888888888888889
1 0.889453125 0.06736111111111111 0.02578125 0.044444444444444446
1 0.480859375 0.6659722222222222 0.028125 0.05416666666666667
1 0.577734375 0.9798611111111111 0.0328125 0.04027777777777778
1 0.84921875 0.9958333333333333 0.01484375 0.008333333333333333
1 0.874609375 0.9458333333333333 0.01640625 0.025
1 0.6984375 0.004166666666666667 0.0078125 0.008333333333333333
1 0.95078125 0.20972222222222223 0.01015625 0.015277777777777777
1 0.6984375 0.7923611111111111 0.01015625 0.018055555555555554
1 0.667578125 0.4548611111111111 0.01328125 0.019444444444444445
1 0.370703125 0.8340277777777778 0.01015625 0.02361111111111111
1 0.119921875 0.8611111111111112 0.01171875 0.02361111111111111
1 0.141015625 0.5909722222222222 0.009375 0.018055555555555554
1 0.226171875 0.53125 0.0109375 0.020833333333333332
1 0.25859375 0.9125 0.01015625 0.016666666666666666
1 0.764453125 0.5625 0.0296875 0.06805555555555555
1 0.080078125 0.7208333333333333 0.0234375 0.043055555555555555
1 0.54140625 0.5541666666666667 0.015625 0.034722222222222224
1 0.88125 0.29375 0.02421875 0.05277777777777778
1 0.97265625 0.3284722222222222 0.015625 0.029166666666666667
1 0.595703125 0.2604166666666667 0.01328125 0.025
1 0.433203125 0.15902777777777777 0.0171875 0.03194444444444444
1 0.781640625 0.23055555555555557 0.028125 0.05694444444444444
1 0.41640625 0.16944444444444445 0.01953125 0.04861111111111111
1 0.7671875 0.03958333333333333 0.02265625 0.043055555555555555
1 0.696484375 0.11875 0.01796875 0.034722222222222224
1 0.819140625 0.875 0.01484375 0.019444444444444445
1 0.192578125 0.7923611111111111 0.01015625 0.018055555555555554
1 0.71796875 0.029166666666666667 0.01015625 0.019444444444444445
1 0.4453125 0.22847222222222222 0.01171875 0.020833333333333332
1 0.662109375 0.5104166666666666 0.01640625 0.027777777777777776
1 0.944921875 0.09861111111111111 0.0109375 0.03194444444444444
1 0.498828125 0.7472222222222222 0.05390625 0.06388888888888888
1 0.561328125 0.6555555555555556 0.01484375 0.022222222222222223
1 0.168359375 0.31805555555555554 0.015625 0.022222222222222223
1 0.09375 0.6520833333333333 0.01328125 0.022222222222222223
1 0.161328125 0.7097222222222223 0.01875 0.0375
1 0.1859375 0.2763888888888889 0.0171875 0.05416666666666667
1 0.573046875 0.2923611111111111 0.0203125 0.03888888888888889
1 0.937109375 0.7069444444444445 0.01953125 0.04027777777777778
1 0.957421875 0.021527777777777778 0.03203125 0.04027777777777778
1 0.576953125 0.8138888888888889 0.028125 0.06111111111111111
1 0.16484375 0.44375 0.021875 0.034722222222222224
1 0.955859375 0.9201388888888888 0.01953125 0.03888888888888889
1 0.94296875 0.7895833333333333 0.0171875 0.05
1 0.3546875 0.1763888888888889 0.0171875 0.03333333333333333
0 0.68125 0.6951388888888889 0.2703125 0.11666666666666667
1 0.7765625 0.68125 0.03203125 0.058333333333333334
1 0.983984375 0.7451388888888889 0.03203125 0.05694444444444444
0 0.65390625 0.8666666666666667 0.09375 0.26666666666666666
0 0.596484375 0.09166666666666666 0.1703125 0.18333333333333332
1 0.408984375 0.3611111111111111 0.02109375 0.08194444444444444
1 0.236328125 0.5958333333333333 0.0203125 0.034722222222222224
1 0.900390625 0.6277777777777778 0.0265625 0.06388888888888888
1 0.465234375 0.7694444444444445 0.04140625 0.10416666666666667
1 0.7296875 0.8826388888888889 0.021875 0.03194444444444444
1 0.455078125 0.9020833333333333 0.03828125 0.08611111111111111
1 0.539453125 0.9722222222222222 0.04140625 0.05555555555555555
1 0.18984375 0.8375 0.01640625 0.034722222222222224
1 0.9875 0.09375 0.025 0.06388888888888888
1 0.878125 0.11666666666666667 0.009375 0.018055555555555554
1 0.36953125 0.10972222222222222 0.01328125 0.02638888888888889
1 0.763671875 0.8493055555555555 0.0109375 0.02361111111111111
1 0.4453125 0.6229166666666667 0.01796875 0.0375
1 0.93125 0.24097222222222223 0.0171875 0.0375
1 0.895703125 0.5701388888888889 0.0125 0.02638888888888889
1 0.1109375 0.36666666666666664 0.02109375 0.04722222222222222
1 0.46953125 0.22083333333333333 0.0203125 0.06111111111111111
1 0.678125 0.029861111111111113 0.02109375 0.05