0 0.46796875 0.5479166666666667 0.109375 0.28958333333333336
1 0.703125 0.9864583333333333 0.025 0.027083333333333334
1 0.6625 0.8010416666666667 0.0171875 0.029166666666666667
1 0.53359375 0.84375 0.01875 0.027083333333333334
1 0.8375 0.85 0.01875 0.027083333333333334
1 0.75625 0.8552083333333333 0.025 0.027083333333333334
1 0.71953125 0.7177083333333333 0.0328125 0.022916666666666665
1 0.5109375 0.6989583333333333 0.0171875 0.014583333333333334
1 0.8375 0.6489583333333333 0.021875 0.035416666666666666
1 0.690625 0.5270833333333333 0.0328125 0.04375
1 0.75546875 0.45 0.025 0.03958333333333333
1 0.9109375 0.48333333333333334 0.028125 0.04375
1 0.81484375 0.23541666666666666 0.0609375 0.09791666666666667
1 0.78359375 0.15833333333333333 0.0296875 0.052083333333333336
1 0.6890625 0.18020833333333333 0.0484375 0.07708333333333334
1 0.73671875 0.17604166666666668 0.028125 0.022916666666666665
1 0.74921875 0.22291666666666668 0.021875 0.0375
1 0.73359375 0.08645833333333333 0.0390625 0.05625
1 0.6625 0.05625 0.028125 0.027083333333333334
1 0.64375 0.11354166666666667 0.0171875 0.035416666666666666
1 0.59921875 0.027083333333333334 0.0296875 0.022916666666666665
1 0.66640625 0.35104166666666664 0.021875 0.03333333333333333
1 0.58671875 0.37604166666666666 0.0234375 0.020833333333333332
1 0.49296875 0.6364583333333333 0.01875 0.025
1 0.309375 0.7416666666666667 0.01875 0.022916666666666665
1 0.3578125 0.7833333333333333 0.015625 0.025
1 0.25390625 0.89375 0.0125 0.0125
1 0.45703125 0.8489583333333334 0.0125 0.022916666666666665
1 0.49140625 0.9802083333333333 0.021875 0.03333333333333333
1 0.50703125 0.921875 0.009375 0.0125
1 0.3109375 0.553125 0.0265625 0.029166666666666667
1 0.27890625 0.328125 0.0125 0.029166666666666667
1 0.3125 0.090625 0.0203125 0.020833333333333332
1 0.01015625 0.184375 0.0203125 0.020833333333333332
1 0.2890625 0.23958333333333334 0.0171875 0.016666666666666666
0 0.45859375 0.36875 0.178125 0.30416666666666664
1 0.93359375 0.8989583333333333 0.015625 0.027083333333333334
1 0.41328125 0.23020833333333332 0.025 0.029166666666666667
1 0.33671875 0.027083333333333334 0.0265625 0.016666666666666666
1 0.3375 0.007291666666666667 0.0265625 0.014583333333333334
0 0.478125 0.8822916666666667 0.159375 0.23541666666666666
0 0.43125 0.07916666666666666 0.1046875 0.15833333333333333