1 0.87421875 0.978125 0.0375 0.04375
1 0.88671875 0.51875 0.025 0.025
1 0.66015625 0.340625 0.0234375 0.025
1 0.86328125 0.30833333333333335 0.034375 0.035416666666666666
1 0.72734375 0.24166666666666667 0.021875 0.025
1 0.47734375 0.04583333333333333 0.025 0.03333333333333333
1 0.5640625 0.22083333333333333 0.15625 0.1875
1 0.659375 0.275 0.0296875 0.01875
1 0.48671875 0.103125 0.021875 0.029166666666666667
1 0.7765625 0.016666666666666666 0.046875 0.03333333333333333
1 0.27265625 0.01875 0.025 0.0375
1 0.13984375 0.771875 0.021875 0.014583333333333334
1 0.6609375 0.8052083333333333 0.015625 0.029166666666666667
1 0.378125 0.7072916666666667 0.009375 0.01875
0 0.64921875 0.9322916666666666 0.1046875 0.09375
0 0.62265625 0.7333333333333333 0.0953125 0.27708333333333335
0 0.621875 0.48125 0.1828125 0.32083333333333336
0 0.66640625 0.16041666666666668 0.1109375 0.24791666666666667
1 0.74296875 0.70625 0.021875 0.027083333333333334
1 0.78828125 0.7135416666666666 0.03125 0.03125
0 0.63671875 0.04479166666666667 0.10625 0.08958333333333333
1 0.7234375 0.7927083333333333 0.0265625 0.022916666666666665
1 0.44375 0.8791666666666667 0.028125 0.0375