1 0.600390625 0.9909722222222223 0.01328125 0.018055555555555554
1 0.163671875 0.9770833333333333 0.01171875 0.04583333333333333
1 0.974609375 0.41041666666666665 0.01015625 0.016666666666666666
1 0.964453125 0.475 0.03984375 0.04861111111111111
1 0.28515625 0.6263888888888889 0.01328125 0.013888888888888888
1 0.56875 0.7666666666666667 0.0109375 0.016666666666666666
1 0.3921875 0.70625 0.00859375 0.016666666666666666
1 0.479296875 0.4798611111111111 0.009375 0.015277777777777777
1 0.49921875 0.4486111111111111 0.0125 0.025
1 0.48203125 0.32222222222222224 0.0078125 0.018055555555555554
1 0.540625 0.3104166666666667 0.0109375 0.029166666666666667
1 0.530859375 0.2708333333333333 0.01796875 0.029166666666666667
1 0.6015625 0.12013888888888889 0.00859375 0.013888888888888888
1 0.675 0.035416666666666666 0.015625 0.041666666666666664
1 0.6796875 0.006944444444444444 0.015625 0.013888888888888888
1 0.795703125 0.011111111111111112 0.01328125 0.022222222222222223
1 0.924609375 0.016666666666666666 0.01328125 0.03333333333333333
1 0.985546875 0.05555555555555555 0.0265625 0.05694444444444444
1 0.957421875 0.09722222222222222 0.0265625 0.05555555555555555
1 0.8375 0.16944444444444445 0.0171875 0.029166666666666667
1 0.833984375 0.24583333333333332 0.02734375 0.05138888888888889
1 0.948046875 0.3333333333333333 0.01484375 0.034722222222222224
1 0.991796875 0.4215277777777778 0.01171875 0.030555555555555555
0 0.0703125 0.030555555555555555 0.07578125 0.058333333333333334
0 0.1625 0.027083333333333334 0.02109375 0.05416666666666667
0 0.08203125 0.34097222222222223 0.15625 0.2972222222222222
0 0.671875 0.8868055555555555 0.16015625 0.18611111111111112
0 0.61484375 0.6638888888888889 0.196875 0.22777777777777777
0 0.65390625 0.4951388888888889 0.20546875 0.4
0 0.668359375 0.19236111111111112 0.15234375 0.38472222222222224
0 0.523828125 0.059027777777777776 0.0171875 0.11388888888888889
1 0.13671875 0.06597222222222222 0.03671875 0.058333333333333334
1 0.184375 0.06944444444444445 0.01328125 0.030555555555555555
1 0.228125 0.07708333333333334 0.0078125 0.011111111111111112
1 0.16640625 0.18611111111111112 0.02265625 0.025
1 0.244921875 0.18819444444444444 0.01796875 0.03611111111111111
1 0.176953125 0.24375 0.01796875 0.04722222222222222
1 0.212109375 0.2798611111111111 0.0265625 0.05694444444444444
1 0.24375 0.25972222222222224 0.009375 0.022222222222222223
1 0.17265625 0.3236111111111111 0.0296875 0.044444444444444446
1 0.23515625 0.33194444444444443 0.01484375 0.029166666666666667
1 0.221875 0.36736111111111114 0.01796875 0.022222222222222223
1 0.19609375 0.4111111111111111 0.02578125 0.0625
1 0.198046875 0.47847222222222224 0.040625 0.10555555555555556
1 0.2453125 0.5881944444444445 0.0421875 0.07083333333333333
1 0.22421875 0.6284722222222222 0.00859375 0.015277777777777777
1 0.114453125 0.8347222222222223 0.02109375 0.06527777777777778
1 0.171484375 0.8645833333333334 0.028125 0.04722222222222222
1 0.263671875 0.9625 0.03203125 0.075
1 0.847265625 0.41597222222222224 0.01640625 0.02361111111111111
1 0.882421875 0.41180555555555554 0.0078125 0.020833333333333332
1 0.8515625 0.4736111111111111 0.0203125 0.02361111111111111
1 0.5828125 0.5 0.0109375 0.020833333333333332
1 0.69375 0.43333333333333335 0.01875 0.044444444444444446
1 0.6375 0.43472222222222223 0.01875 0.020833333333333332
1 0.604296875 0.6381944444444444 0.01796875 0.043055555555555555
1 0.63203125 0.55625 0.01953125 0.019444444444444445
1 0.612109375 0.5972222222222222 0.0328125 0.0375
1 0.725 0.48055555555555557 0.025 0.04722222222222222
1 0.694921875 0.4861111111111111 0.01953125 0.03888888888888889
1 0.7703125 0.58125 0.01328125 0.027777777777777776
1 0.757421875 0.5819444444444445 0.01015625 0.029166666666666667
1 0.752734375 0.6847222222222222 0.021875 0.0375
1 0.828515625 0.6951388888888889 0.0234375 0.03194444444444444
1 0.94375 0.8701388888888889 0.01953125 0.03611111111111111
1 0.882421875 0.7652777777777777 0.02265625 0.08194444444444444
1 0.796484375 0.7902777777777777 0.03125 0.0625
1 0.858203125 0.8534722222222222 0.01953125 0.034722222222222224
1 0.84375 0.9354166666666667 0.0359375 0.08888888888888889
1 0.7546875 0.9951388888888889 0.01171875 0.009722222222222222
1 0.724609375 0.9944444444444445 0.01328125 0.011111111111111112
1 0.79765625 0.9847222222222223 0.0328125 0.030555555555555555
1 0.803515625 0.9291666666666667 0.028125 0.05416666666666667
1 0.67578125 0.9138888888888889 0.01484375 0.034722222222222224
1 0.774609375 0.9222222222222223 0.028125 0.06666666666666667
1 0.750390625 0.8680555555555556 0.0203125 0.06111111111111111
1 0.69765625 0.7604166666666666 0.02734375 0.05416666666666667
1 0.71015625 0.8034722222222223 0.00703125 0.020833333333333332
1 0.689453125 0.8145833333333333 0.02890625 0.059722222222222225
1 0.586328125 0.8090277777777778 0.0421875 0.05694444444444444
1 0.47890625 0.9673611111111111 0.009375 0.022222222222222223
1 0.48203125 0.8381944444444445 0.0265625 0.03888888888888889
1 0.55859375 0.9368055555555556 0.034375 0.058333333333333334
1 0.634765625 0.9777777777777777 0.0265625 0.044444444444444446