0 0.636328125 0.40208333333333335 0.2375 0.3013888888888889
1 0.796875 0.1076388888888889 0.01171875 0.019444444444444445
1 0.962890625 0.10902777777777778 0.02578125 0.07916666666666666
0 0.58046875 0.14652777777777778 0.16953125 0.29305555555555557
0 0.590234375 0.8069444444444445 0.1203125 0.3861111111111111
0 0.613671875 0.9402777777777778 0.06953125 0.11944444444444445
0 0.117578125 0.9701388888888889 0.0921875 0.059722222222222225
0 0.06484375 0.7791666666666667 0.1296875 0.44166666666666665
0 0.0703125 0.36875 0.140625 0.49444444444444446
0 0.068359375 0.12013888888888889 0.13671875 0.18055555555555555
0 0.119140625 0.04652777777777778 0.0671875 0.09305555555555556
1 0.2375 0.5104166666666666 0.01484375 0.025
1 0.91484375 0.42291666666666666 0.01015625 0.013888888888888888
1 0.799609375 0.38958333333333334 0.01640625 0.03333333333333333
1 0.755078125 0.35555555555555557 0.01953125 0.05694444444444444
1 0.901953125 0.011805555555555555 0.02109375 0.02361111111111111
1 0.865234375 0.125 0.01796875 0.030555555555555555
1 0.936328125 0.06180555555555556 0.01484375 0.020833333333333332
1 0.996484375 0.052083333333333336 0.00703125 0.02361111111111111
1 0.991015625 0.014583333333333334 0.01796875 0.029166666666666667
1 0.991796875 0.12013888888888889 0.01640625 0.05555555555555555
1 0.99375 0.3402777777777778 0.0125 0.018055555555555554
1 0.98125 0.27708333333333335 0.02890625 0.03611111111111111
1 0.941796875 0.23055555555555557 0.04296875 0.06666666666666667
1 0.862890625 0.19930555555555557 0.0359375 0.03888888888888889
1 0.663671875 0.13541666666666666 0.00859375 0.0125
1 0.701171875 0.11527777777777778 0.015625 0.03333333333333333
1 0.67734375 0.08402777777777778 0.01328125 0.025
1 0.598046875 0.22569444444444445 0.01640625 0.03888888888888889
1 0.52734375 0.25 0.0171875 0.03194444444444444
1 0.51796875 0.21944444444444444 0.0140625 0.0375
1 0.51875 0.16180555555555556 0.01875 0.034722222222222224
1 0.422265625 0.19791666666666666 0.015625 0.03333333333333333
1 0.491015625 0.3590277777777778 0.00546875 0.008333333333333333
1 0.483203125 0.36180555555555555 0.009375 0.016666666666666666
1 0.50859375 0.38680555555555557 0.00625 0.013888888888888888
1 0.5234375 0.425 0.00703125 0.009722222222222222
1 0.514453125 0.42291666666666666 0.00546875 0.008333333333333333
1 0.630859375 0.6888888888888889 0.0109375 0.02638888888888889
1 0.648046875 0.6222222222222222 0.0078125 0.0125
1 0.6515625 0.5645833333333333 0.03828125 0.0625
1 0.704296875 0.5368055555555555 0.028125 0.043055555555555555
1 0.730859375 0.6291666666666667 0.03671875 0.044444444444444446
1 0.918359375 0.5201388888888889 0.009375 0.022222222222222223
1 0.83515625 0.5798611111111112 0.03671875 0.04722222222222222
1 0.844140625 0.5430555555555555 0.02109375 0.041666666666666664
1 0.994140625 0.5625 0.01171875 0.025
1 0.998046875 0.8534722222222222 0.00390625 0.02361111111111111
1 0.944921875 0.7520833333333333 0.01796875 0.03333333333333333
1 0.878125 0.7229166666666667 0.01875 0.0375
1 0.83046875 0.7708333333333334 0.01328125 0.02638888888888889
1 0.696875 0.8 0.01015625 0.020833333333333332
1 0.73828125 0.8243055555555555 0.01328125 0.025
1 0.801171875 0.8680555555555556 0.01328125 0.03194444444444444
1 0.850390625 0.8416666666666667 0.01640625 0.02638888888888889
1 0.833984375 0.8173611111111111 0.03515625 0.05694444444444444
1 0.881640625 0.9576388888888889 0.021875 0.02638888888888889
1 0.857421875 0.9965277777777778 0.009375 0.006944444444444444
1 0.830078125 0.975 0.028125 0.05
1 0.75078125 0.9451388888888889 0.0359375 0.04722222222222222
1 0.6984375 0.9076388888888889 0.01640625 0.03611111111111111
1 0.6296875 0.8986111111111111 0.0171875 0.030555555555555555
1 0.619140625 0.8576388888888888 0.028125 0.05
1 0.57578125 0.8756944444444444 0.015625 0.0375
1 0.55078125 0.6013888888888889 0.01640625 0.030555555555555555
1 0.55 0.65625 0.01953125 0.029166666666666667
1 0.546875 0.6756944444444445 0.0109375 0.013888888888888888
1 0.41015625 0.7604166666666666 0.009375 0.018055555555555554
1 0.39765625 0.7027777777777777 0.0265625 0.05416666666666667
1 0.376953125 0.7104166666666667 0.01953125 0.043055555555555555
1 0.298828125 0.9236111111111112 0.0203125 0.043055555555555555
1 0.0984375 0.95625 0.021875 0.05694444444444444
1 0.123046875 0.8993055555555556 0.0234375 0.034722222222222224
1 0.087109375 0.78125 0.0140625 0.018055555555555554
1 0.20703125 0.43819444444444444 0.03203125 0.04722222222222222
1 0.24609375 0.4625 0.015625 0.02638888888888889
1 0.181640625 0.6020833333333333 0.03359375 0.06944444444444445
1 0.181640625 0.5430555555555555 0.021875 0.0375
1 0.203125 0.5041666666666667 0.0359375 0.05138888888888889
1 0.01171875 0.4236111111111111 0.0234375 0.05
1 0.04140625 0.5069444444444444 0.05 0.10138888888888889
1 0.008984375 0.5520833333333334 0.01796875 0.044444444444444446
1 0.004296875 0.5159722222222223 0.00859375 0.013888888888888888
1 0.120703125 0.38958333333333334 0.0171875 0.02638888888888889
1 0.193359375 0.3659722222222222 0.01640625 0.029166666666666667
1 0.158984375 0.2826388888888889 0.0265625 0.05277777777777778
1 0.123828125 0.325 0.0578125 0.06111111111111111
1 0.13828125 0.006944444444444444 0.0203125 0.013888888888888888
1 0.160546875 0.07083333333333333 0.01171875 0.02361111111111111
1 0.188671875 0.1111111111111111 0.0328125 0.05416666666666667
1 0.121484375 0.09027777777777778 0.0296875 0.0625
1 0.089453125 0.07847222222222222 0.01328125 0.034722222222222224
1 0.0578125 0.08402777777777778 0.00859375 0.015277777777777777
1 0.02890625 0.03333333333333333 0.05390625 0.06666666666666667