1 0.55703125 0.04479166666666667 0.0234375 0.025
1 0.72734375 0.4239583333333333 0.18125 0.15833333333333333
1 0.80703125 0.5208333333333334 0.03125 0.04791666666666667
1 0.63828125 0.4864583333333333 0.0515625 0.04583333333333333
1 0.59609375 0.4395833333333333 0.05 0.0625
1 0.55078125 0.4395833333333333 0.01875 0.052083333333333336
1 0.58203125 0.5770833333333333 0.03125 0.035416666666666666
1 0.57109375 0.703125 0.0453125 0.05416666666666667
1 0.57265625 0.796875 0.0390625 0.035416666666666666
1 0.45078125 0.759375 0.0515625 0.07083333333333333
1 0.53203125 0.9197916666666667 0.05 0.05
1 0.57890625 0.9729166666666667 0.0703125 0.05416666666666667
1 0.52109375 0.984375 0.046875 0.03125
1 0.36171875 0.98125 0.0359375 0.0375
1 0.2671875 0.9583333333333334 0.0265625 0.06875
1 0.275 0.8677083333333333 0.0171875 0.020833333333333332
1 0.0359375 0.759375 0.025 0.058333333333333334
1 0.015625 0.6354166666666666 0.01875 0.029166666666666667
1 0.13203125 0.5302083333333333 0.0921875 0.05625
1 0.21015625 0.5697916666666667 0.0375 0.027083333333333334
1 0.284375 0.60625 0.040625 0.03958333333333333
1 0.29453125 0.5291666666666667 0.0265625 0.035416666666666666
1 0.3671875 0.46875 0.0265625 0.035416666666666666
1 0.2109375 0.3770833333333333 0.0265625 0.025
1 0.259375 0.35625 0.0421875 0.058333333333333334
1 0.30234375 0.3020833333333333 0.0609375 0.075
1 0.190625 0.315625 0.03125 0.029166666666666667
1 0.22109375 0.26666666666666666 0.025 0.027083333333333334
1 0.28203125 0.21458333333333332 0.0234375 0.027083333333333334
1 0.346875 0.13645833333333332 0.025 0.03125
1 0.4484375 0.15416666666666667 0.065625 0.06458333333333334
1 0.546875 0.13333333333333333 0.040625 0.05416666666666667
1 0.5875 0.153125 0.0328125 0.04583333333333333
1 0.63984375 0.17083333333333334 0.0390625 0.05
1 0.68515625 0.15208333333333332 0.0484375 0.05416666666666667
1 0.74296875 0.221875 0.028125 0.04791666666666667
1 0.83828125 0.15 0.034375 0.041666666666666664
1 0.5734375 0.34270833333333334 0.034375 0.027083333333333334
1 0.67265625 0.27291666666666664 0.0203125 0.0125
1 0.9921875 0.5375 0.015625 0.03333333333333333
1 0.99375 0.6354166666666666 0.0125 0.029166666666666667
1 0.915625 0.7375 0.021875 0.041666666666666664
1 0.77109375 0.7854166666666667 0.0546875 0.10625
1 0.6578125 0.875 0.025 0.029166666666666667
1 0.83125 0.9239583333333333 0.0265625 0.035416666666666666
1 0.759375 0.6052083333333333 0.034375 0.04375
1 0.915625 0.421875 0.028125 0.035416666666666666
1 0.978125 0.35833333333333334 0.0359375 0.04583333333333333
1 0.39296875 0.03333333333333333 0.0328125 0.03333333333333333
1 0.54140625 0.019791666666666666 0.0390625 0.03958333333333333
1 0.79140625 0.9791666666666666 0.015625 0.025
0 0.66015625 0.9822916666666667 0.0609375 0.035416666666666666
0 0.6921875 0.8625 0.1390625 0.075
0 0.7078125 0.23125 0.4484375 0.27708333333333335
0 0.71484375 0.06875 0.059375 0.1375
1 0.93984375 0.578125 0.009375 0.014583333333333334
1 0.06796875 0.20729166666666668 0.0125 0.01875
1 0.26796875 0.04375 0.028125 0.035416666666666666
1 0.115625 0.03958333333333333 0.0234375 0.0375
1 0.0046875 0.04375 0.009375 0.020833333333333332
1 0.9796875 0.03958333333333333 0.040625 0.07916666666666666
1 0.7703125 0.078125 0.053125 0.07083333333333333
1 0.75703125 0.0375 0.028125 0.020833333333333332