1 0.508203125 0.29791666666666666 0.02265625 0.04027777777777778
1 0.55390625 0.31805555555555554 0.0296875 0.06111111111111111
1 0.403515625 0.3458333333333333 0.02109375 0.05
1 0.42265625 0.36041666666666666 0.03046875 0.09722222222222222
1 0.45859375 0.31180555555555556 0.0484375 0.11666666666666667
1 0.36875 0.30625 0.02421875 0.05694444444444444
1 0.34921875 0.23125 0.0390625 0.075
1 0.397265625 0.20277777777777778 0.0203125 0.07777777777777778
1 0.503125 0.36944444444444446 0.021875 0.043055555555555555
1 0.571484375 0.39861111111111114 0.05625 0.06944444444444445
1 0.515625 0.4201388888888889 0.03359375 0.03888888888888889
1 0.49296875 0.45694444444444443 0.0234375 0.043055555555555555
1 0.466796875 0.44583333333333336 0.0203125 0.0375
1 0.39453125 0.46805555555555556 0.01640625 0.03194444444444444
1 0.367578125 0.42291666666666666 0.01484375 0.029166666666666667
1 0.312890625 0.47847222222222224 0.0125 0.02361111111111111
1 0.3359375 0.5340277777777778 0.02265625 0.041666666666666664
1 0.3703125 0.5902777777777778 0.03203125 0.07361111111111111
1 0.406640625 0.55625 0.0328125 0.05138888888888889
1 0.50078125 0.61875 0.0234375 0.027777777777777776
1 0.50078125 0.5465277777777777 0.05234375 0.11666666666666667
1 0.4625 0.5881944444444445 0.01796875 0.02638888888888889
1 0.44375 0.5972222222222222 0.015625 0.034722222222222224
1 0.442578125 0.5638888888888889 0.025 0.034722222222222224
1 0.60625 0.7229166666666667 0.01171875 0.029166666666666667
1 0.6140625 0.8034722222222223 0.02265625 0.041666666666666664
1 0.455078125 0.7909722222222222 0.0296875 0.08194444444444444
1 0.398046875 0.7180555555555556 0.0203125 0.03611111111111111
1 0.428515625 0.7381944444444445 0.0375 0.10416666666666667
1 0.446875 0.6847222222222222 0.028125 0.05694444444444444
1 0.426953125 0.6430555555555556 0.021875 0.04861111111111111
1 0.499609375 0.6826388888888889 0.05703125 0.10277777777777777
1 0.533203125 0.6111111111111112 0.0234375 0.05555555555555555
1 0.5625 0.6576388888888889 0.0125 0.020833333333333332
1 0.59921875 0.6777777777777778 0.0265625 0.04861111111111111
1 0.5703125 0.6944444444444444 0.0265625 0.0375
1 0.57578125 0.7506944444444444 0.04140625 0.0625
1 0.534375 0.7638888888888888 0.0203125 0.05277777777777778
1 0.54453125 0.8090277777777778 0.009375 0.02361111111111111
1 0.53984375 0.8548611111111111 0.03359375 0.06944444444444445
1 0.51640625 0.8972222222222223 0.00859375 0.022222222222222223
1 0.398046875 0.9895833333333334 0.009375 0.020833333333333332
1 0.509375 0.9541666666666667 0.06015625 0.07777777777777778
1 0.480078125 0.8902777777777777 0.03828125 0.08888888888888889
1 0.34375 0.9548611111111112 0.0296875 0.05
1 0.354296875 0.8791666666666667 0.01328125 0.02361111111111111
1 0.06484375 0.9208333333333333 0.01171875 0.019444444444444445
1 0.124609375 0.9006944444444445 0.01640625 0.03333333333333333
0 0.105859375 0.8638888888888889 0.1984375 0.2722222222222222
0 0.1140625 0.9583333333333334 0.09296875 0.08333333333333333
0 0.1 0.14930555555555555 0.13828125 0.2986111111111111
0 0.08046875 0.030555555555555555 0.1609375 0.06111111111111111
0 0.639453125 0.07569444444444444 0.05390625 0.15138888888888888
0 0.63671875 0.3013888888888889 0.20078125 0.1527777777777778
0 0.62578125 0.5388888888888889 0.11171875 0.5569444444444445
0 0.67578125 0.9284722222222223 0.11875 0.14305555555555555
1 0.26328125 0.3347222222222222 0.103125 0.275
1 0.2015625 0.3861111111111111 0.0203125 0.03333333333333333
1 0.21328125 0.4486111111111111 0.025 0.06111111111111111
1 0.19140625 0.7888888888888889 0.0265625 0.041666666666666664
1 0.186328125 0.7291666666666666 0.03125 0.05277777777777778
1 0.0671875 0.36319444444444443 0.01875 0.03194444444444444
1 0.11640625 0.45902777777777776 0.0359375 0.07916666666666666
1 0.15234375 0.5416666666666666 0.025 0.04583333333333333
1 0.216796875 0.5347222222222222 0.01328125 0.030555555555555555
1 0.095703125 0.25625 0.02109375 0.030555555555555555
1 0.16328125 0.24722222222222223 0.0203125 0.03611111111111111
1 0.181640625 0.2861111111111111 0.01640625 0.034722222222222224
1 0.0265625 0.1284722222222222 0.0125 0.030555555555555555
1 0.110546875 0.07430555555555556 0.02265625 0.041666666666666664
1 0.134375 0.10416666666666667 0.015625 0.018055555555555554
1 0.189453125 0.035416666666666666 0.0421875 0.07083333333333333
1 0.21328125 0.1076388888888889 0.0234375 0.034722222222222224
1 0.21328125 0.1875 0.01796875 0.03194444444444444
1 0.257421875 0.15347222222222223 0.01875 0.03611111111111111
1 0.252734375 0.6395833333333333 0.01953125 0.034722222222222224
1 0.244140625 0.6826388888888889 0.01640625 0.03611111111111111
1 0.288671875 0.725 0.009375 0.016666666666666666
1 0.27734375 0.6118055555555556 0.028125 0.034722222222222224
1 0.327734375 0.6458333333333334 0.02421875 0.04583333333333333
1 0.336328125 0.7354166666666667 0.028125 0.041666666666666664
1 0.40546875 0.2916666666666667 0.01484375 0.022222222222222223
1 0.321875 0.7756944444444445 0.03203125 0.04722222222222222
1 0.4015625 0.8173611111111111 0.04453125 0.09027777777777778
1 0.440234375 0.18888888888888888 0.02109375 0.05416666666666667
1 0.7140625 0.6083333333333333 0.01328125 0.029166666666666667
1 0.625 0.2743055555555556 0.0140625 0.0125
1 0.644921875 0.32013888888888886 0.015625 0.03333333333333333
1 0.898046875 0.7826388888888889 0.0140625 0.025
1 0.99375 0.8965277777777778 0.0125 0.018055555555555554
1 0.36875 0.16527777777777777 0.01796875 0.025
1 0.742578125 0.3375 0.01015625 0.02638888888888889
1 0.792578125 0.33819444444444446 0.02265625 0.041666666666666664
1 0.821484375 0.37430555555555556 0.01640625 0.02638888888888889
1 0.91171875 0.45555555555555555 0.0125 0.027777777777777776
1 0.83671875 0.4305555555555556 0.01015625 0.018055555555555554
1 0.784765625 0.51875 0.00703125 0.015277777777777777
1 0.749609375 0.47638888888888886 0.021875 0.04722222222222222
1 0.877734375 0.5451388888888888 0.0109375 0.025
1 0.860546875 0.5173611111111112 0.02421875 0.05555555555555555
1 0.927734375 0.5618055555555556 0.01640625 0.03611111111111111
1 0.970703125 0.5333333333333333 0.0125 0.02638888888888889
1 0.97109375 0.5819444444444445 0.0421875 0.06666666666666667
1 0.930859375 0.6402777777777777 0.03984375 0.07083333333333333
1 0.8671875 0.6354166666666666 0.02734375 0.05277777777777778
1 0.869921875 0.6875 0.02109375 0.027777777777777776
1 0.85 0.7104166666666667 0.01953125 0.03333333333333333
1 0.867578125 0.7729166666666667 0.0109375 0.018055555555555554
1 0.860546875 0.7416666666666667 0.0125 0.020833333333333332
1 0.83515625 0.7388888888888889 0.0171875 0.029166666666666667
1 0.78515625 0.7034722222222223 0.021875 0.0375
1 0.76484375 0.7131944444444445 0.009375 0.018055555555555554
1 0.0875 0.8125 0.015625 0.022222222222222223
1 0.155859375 0.9 0.0109375 0.020833333333333332
1 0.453125 0.13194444444444445 0.01953125 0.03888888888888889
1 0.4828125 0.2013888888888889 0.02734375 0.08888888888888889
1 0.465625 0.23055555555555557 0.0125 0.016666666666666666
1 0.543359375 0.21666666666666667 0.01484375 0.034722222222222224
1 0.576171875 0.18958333333333333 0.01875 0.027777777777777776
1 0.552734375 0.15694444444444444 0.01953125 0.03194444444444444
1 0.623828125 0.1673611111111111 0.0203125 0.02638888888888889
1 0.618359375 0.2152777777777778 0.015625 0.027777777777777776
1 0.668359375 0.1736111111111111 0.0140625 0.03194444444444444
1 0.541015625 0.11041666666666666 0.02890625 0.04861111111111111
1 0.50859375 0.05 0.03359375 0.08472222222222223
1 0.55390625 0.04791666666666667 0.04140625 0.05694444444444444
1 0.42734375 0.03888888888888889 0.0703125 0.07777777777777778
1 0.35234375 0.05486111111111111 0.0234375 0.05277777777777778
1 0.762109375 0.7618055555555555 0.0234375 0.06111111111111111
1 0.391015625 0.05625 0.01953125 0.03888888888888889
1 0.305078125 0.05347222222222222 0.025 0.06944444444444445
1 0.34140625 0.006944444444444444 0.00859375 0.013888888888888888
1 0.283984375 0.09791666666666667 0.0140625 0.02638888888888889
1 0.5609375 0.5277777777777778 0.05078125 0.10416666666666667
1 0.58046875 0.6055555555555555 0.025 0.05277777777777778
1 0.618359375 0.6381944444444444 0.0140625 0.027777777777777776
1 0.670703125 0.5604166666666667 0.01015625 0.019444444444444445
1 0.6171875 0.9256944444444445 0.0234375 0.043055555555555555
1 0.652734375 0.925 0.0078125 0.020833333333333332
1 0.708984375 0.91875 0.0265625 0.08194444444444444
1 0.73671875 0.8555555555555555 0.059375 0.11944444444444445
1 0.7 0.7833333333333333 0.025 0.03888888888888889
1 0.989453125 0.9388888888888889 0.01171875 0.022222222222222223
1 0.957421875 0.8895833333333333 0.01015625 0.025
1 0.942578125 0.8993055555555556 0.01875 0.030555555555555555
1 0.855078125 0.9611111111111111 0.0125 0.022222222222222223
1 0.990234375 0.44930555555555557 0.01953125 0.020833333333333332
1 0.991015625 0.3486111111111111 0.0109375 0.019444444444444445
1 0.9625 0.3416666666666667 0.01015625 0.013888888888888888
1 0.98828125 0.25763888888888886 0.01328125 0.016666666666666666
1 0.73203125 0.009027777777777777 0.0109375 0.018055555555555554
1 0.9859375 0.14305555555555555 0.015625 0.022222222222222223
1 0.954296875 0.17430555555555555 0.015625 0.03194444444444444
1 0.994921875 0.8666666666666667 0.01015625 0.02361111111111111
1 0.944921875 0.08888888888888889 0.034375 0.05416666666666667
1 0.8734375 0.017361111111111112 0.0171875 0.034722222222222224
1 0.854296875 0.05138888888888889 0.0125 0.034722222222222224
1 0.7921875 0.07777777777777778 0.0234375 0.05694444444444444
1 0.771484375 0.09930555555555555 0.01796875 0.027777777777777776
1 0.7515625 0.07847222222222222 0.028125 0.05277777777777778
1 0.725 0.17152777777777778 0.01953125 0.022222222222222223
1 0.7640625 0.14375 0.0109375 0.02638888888888889
1 0.842578125 0.22083333333333333 0.02578125 0.044444444444444446
1 0.769921875 0.25416666666666665 0.02421875 0.027777777777777776
0 0.660546875 0.7201388888888889 0.19921875 0.2361111111111111
1 0.7734375 0.21458333333333332 0.04921875 0.05416666666666667