1 0.989453125 0.6673611111111111 0.02109375 0.058333333333333334
0 0.654296875 0.14791666666666667 0.11640625 0.29583333333333334
1 0.896484375 0.1388888888888889 0.04453125 0.10416666666666667
0 0.633203125 0.6986111111111111 0.21328125 0.29583333333333334
1 0.78984375 0.7854166666666667 0.025 0.04722222222222222
1 0.69609375 0.46111111111111114 0.01875 0.02361111111111111
1 0.180859375 0.2152777777777778 0.02890625 0.043055555555555555
1 0.682421875 0.575 0.025 0.06388888888888888
1 0.3828125 0.5270833333333333 0.0203125 0.029166666666666667
1 0.183984375 0.35833333333333334 0.015625 0.03333333333333333
1 0.687109375 0.11944444444444445 0.021875 0.0763888888888889
1 0.425 0.25763888888888886 0.02421875 0.06111111111111111
1 0.70546875 0.6736111111111112 0.01875 0.030555555555555555
1 0.792578125 0.4840277777777778 0.0125 0.03194444444444444
1 0.425 0.9465277777777777 0.01875 0.05
1 0.035546875 0.45694444444444443 0.0125 0.030555555555555555
1 0.459375 0.7847222222222222 0.01015625 0.019444444444444445
1 0.41953125 0.6340277777777777 0.0171875 0.0375
1 0.958984375 0.5618055555555556 0.01875 0.02361111111111111
1 0.630859375 0.6069444444444444 0.0125 0.025
1 0.95078125 0.6652777777777777 0.0140625 0.027777777777777776
1 0.48203125 0.4 0.015625 0.029166666666666667
1 0.97734375 0.8805555555555555 0.01953125 0.025
1 0.3671875 0.5305555555555556 0.0125 0.022222222222222223
1 0.212890625 0.011805555555555555 0.0140625 0.02361111111111111
1 0.391796875 0.1736111111111111 0.01484375 0.03888888888888889
1 0.567578125 0.9930555555555556 0.01015625 0.013888888888888888
1 0.60703125 0.8131944444444444 0.0109375 0.020833333333333332
1 0.6390625 0.7708333333333334 0.01796875 0.03194444444444444
1 0.95625 0.7673611111111112 0.0109375 0.013888888888888888
1 0.505859375 0.9638888888888889 0.0453125 0.07222222222222222
1 0.963671875 0.59375 0.0328125 0.043055555555555555
1 0.797265625 0.23333333333333334 0.06171875 0.08194444444444444
1 0.483984375 0.7840277777777778 0.01796875 0.058333333333333334
1 0.128515625 0.9125 0.0171875 0.043055555555555555
1 0.93984375 0.36666666666666664 0.03984375 0.05416666666666667
1 0.5734375 0.02847222222222222 0.0234375 0.043055555555555555
1 0.288671875 0.8493055555555555 0.0265625 0.07916666666666666
1 0.896875 0.6375 0.02578125 0.04027777777777778
1 0.4390625 0.7229166666666667 0.0375 0.044444444444444446
1 0.4828125 0.06875 0.02890625 0.05416666666666667
1 0.991796875 0.9409722222222222 0.01640625 0.029166666666666667
1 0.52265625 0.6729166666666667 0.01875 0.03194444444444444
1 0.8859375 0.8541666666666666 0.02421875 0.04861111111111111
1 0.13671875 0.4840277777777778 0.02421875 0.04583333333333333
1 0.4109375 0.03680555555555556 0.0203125 0.04027777777777778
1 0.44453125 0.175 0.01953125 0.0375
1 0.416015625 0.1638888888888889 0.0125 0.022222222222222223
1 0.86171875 0.31805555555555554 0.01640625 0.027777777777777776
1 0.9484375 0.31319444444444444 0.0296875 0.0375
1 0.775 0.6111111111111112 0.025 0.05277777777777778
1 0.894140625 0.2826388888888889 0.01640625 0.03333333333333333
1 0.52890625 0.15833333333333333 0.0265625 0.03611111111111111
1 0.937890625 0.7972222222222223 0.01796875 0.03333333333333333
1 0.522265625 0.3111111111111111 0.015625 0.034722222222222224
1 0.505078125 0.024305555555555556 0.0171875 0.04861111111111111
1 0.836328125 0.0625 0.02265625 0.034722222222222224
1 0.47890625 0.011805555555555555 0.0375 0.02361111111111111
1 0.23203125 0.6375 0.01640625 0.0375
1 0.386328125 0.6770833333333334 0.01328125 0.030555555555555555
1 0.181640625 0.9854166666666667 0.01796875 0.029166666666666667
1 0.36953125 0.7375 0.0125 0.027777777777777776
1 0.744921875 0.12638888888888888 0.0203125 0.03333333333333333
1 0.864453125 0.5097222222222222 0.01953125 0.02361111111111111
1 0.408203125 0.8069444444444445 0.01484375 0.022222222222222223
1 0.5078125 0.31875 0.0125 0.019444444444444445
1 0.748828125 0.36527777777777776 0.01484375 0.020833333333333332
1 0.994140625 0.5034722222222222 0.01171875 0.034722222222222224
1 0.465625 0.12986111111111112 0.0125 0.020833333333333332
1 0.76953125 0.8659722222222223 0.01484375 0.025
1 0.941015625 0.1875 0.034375 0.0763888888888889
1 0.445703125 0.39375 0.028125 0.06805555555555555
1 0.963671875 0.09375 0.03984375 0.07361111111111111
0 0.192578125 0.8576388888888888 0.03984375 0.12083333333333333
0 0.694921875 0.49930555555555556 0.296875 0.15694444444444444
0 0.6359375 0.2826388888888889 0.1046875 0.33194444444444443
0 0.109375 0.07083333333333333 0.21796875 0.14166666666666666
0 0.13046875 0.48680555555555555 0.175 0.2
0 0.670703125 0.8486111111111111 0.1078125 0.30277777777777776
0 0.11171875 0.3125 0.125 0.2986111111111111