1 0.605859375 0.3875 0.009375 0.02638888888888889
1 0.698046875 0.41875 0.021875 0.044444444444444446
1 0.830078125 0.035416666666666666 0.01484375 0.034722222222222224
1 0.89140625 0.08611111111111111 0.03203125 0.05555555555555555
1 0.8421875 0.2548611111111111 0.0375 0.041666666666666664
1 0.832421875 0.3451388888888889 0.02265625 0.06805555555555555
1 0.77109375 0.28194444444444444 0.01328125 0.03194444444444444
1 0.908984375 0.325 0.0453125 0.06805555555555555
1 0.94765625 0.3145833333333333 0.015625 0.05694444444444444
1 0.976171875 0.25763888888888886 0.01875 0.05
1 0.958984375 0.10486111111111111 0.0515625 0.06388888888888888
1 0.969921875 0.4166666666666667 0.0265625 0.04583333333333333
1 0.942578125 0.42569444444444443 0.02265625 0.029166666666666667
1 0.89375 0.4236111111111111 0.015625 0.034722222222222224
1 0.912109375 0.44722222222222224 0.02734375 0.034722222222222224
1 0.9765625 0.6354166666666666 0.046875 0.08055555555555556
1 0.9296875 0.70625 0.03984375 0.075
1 0.968359375 0.7451388888888889 0.03125 0.044444444444444446
1 0.97109375 0.8097222222222222 0.02265625 0.043055555555555555
1 0.8546875 0.6659722222222222 0.0234375 0.043055555555555555
1 0.846875 0.7513888888888889 0.0328125 0.04027777777777778
1 0.889453125 0.8243055555555555 0.02734375 0.05
1 0.903515625 0.8715277777777778 0.0171875 0.03194444444444444
1 0.9 0.9381944444444444 0.028125 0.058333333333333334
1 0.934765625 0.9319444444444445 0.03203125 0.08194444444444444
1 0.984375 0.9777777777777777 0.015625 0.03194444444444444
1 0.8296875 0.9006944444444445 0.02265625 0.043055555555555555
1 0.79453125 0.8222222222222222 0.0171875 0.029166666666666667
1 0.81015625 0.7895833333333333 0.01484375 0.027777777777777776
1 0.593359375 0.9666666666666667 0.02265625 0.05694444444444444
1 0.716015625 0.9493055555555555 0.0234375 0.044444444444444446
1 0.74609375 0.7368055555555556 0.0328125 0.05
1 0.64375 0.6673611111111111 0.02109375 0.043055555555555555
0 0.181640625 0.8361111111111111 0.1234375 0.3277777777777778
0 0.170703125 0.9576388888888889 0.0671875 0.08472222222222223
0 0.131640625 0.5368055555555555 0.153125 0.4097222222222222
0 0.16484375 0.3145833333333333 0.0609375 0.16805555555555557
0 0.121484375 0.1638888888888889 0.23359375 0.3
0 0.690234375 0.8847222222222222 0.078125 0.23055555555555557
0 0.701953125 0.7444444444444445 0.16328125 0.2861111111111111
0 0.7078125 0.5798611111111112 0.2140625 0.24583333333333332
0 0.641796875 0.39652777777777776 0.18828125 0.22083333333333333
0 0.660546875 0.1486111111111111 0.16875 0.2972222222222222
1 0.2875 0.8847222222222222 0.028125 0.04861111111111111
1 0.250390625 0.7743055555555556 0.02109375 0.03611111111111111
1 0.352734375 0.7472222222222222 0.0265625 0.07777777777777778
1 0.48984375 0.7381944444444445 0.01953125 0.02638888888888889
1 0.293359375 0.6423611111111112 0.02421875 0.027777777777777776
1 0.128125 0.6680555555555555 0.028125 0.05416666666666667
1 0.2125 0.7666666666666667 0.0140625 0.027777777777777776
1 0.287109375 0.5020833333333333 0.02890625 0.04583333333333333
1 0.3125 0.4756944444444444 0.0203125 0.027777777777777776
1 0.31796875 0.375 0.02109375 0.0375
1 0.225390625 0.39652777777777776 0.03671875 0.043055555555555555
1 0.202734375 0.45902777777777776 0.01640625 0.02361111111111111
1 0.277734375 0.14791666666666667 0.02578125 0.041666666666666664
1 0.31015625 0.11805555555555555 0.025 0.04861111111111111
1 0.305859375 0.02361111111111111 0.01640625 0.04027777777777778
1 0.190234375 0.12638888888888888 0.0140625 0.03611111111111111
1 0.242578125 0.21180555555555555 0.01875 0.027777777777777776
1 0.3546875 0.25277777777777777 0.01796875 0.034722222222222224
1 0.34765625 0.3659722222222222 0.0171875 0.034722222222222224
1 0.578515625 0.11805555555555555 0.021875 0.0375
1 0.515625 0.011111111111111112 0.01875 0.020833333333333332
1 0.707421875 0.24513888888888888 0.0359375 0.05138888888888889
1 0.71640625 0.18125 0.0421875 0.07083333333333333
1 0.709765625 0.11597222222222223 0.01875 0.041666666666666664
1 0.746484375 0.2916666666666667 0.0234375 0.041666666666666664