1 0.80546875 0.20625 0.01875 0.022916666666666665
1 0.16484375 0.446875 0.021875 0.027083333333333334
1 0.1875 0.4197916666666667 0.0171875 0.01875
1 0.23671875 0.4979166666666667 0.0203125 0.022916666666666665
1 0.3015625 0.5520833333333334 0.021875 0.0375
1 0.1875 0.9604166666666667 0.0125 0.014583333333333334
1 0.0671875 0.8177083333333334 0.0140625 0.016666666666666666
1 0.059375 0.9447916666666667 0.01875 0.04583333333333333
1 0.08828125 0.8385416666666666 0.0234375 0.035416666666666666
1 0.07734375 0.6885416666666667 0.08125 0.09166666666666666
1 0.09296875 0.425 0.015625 0.01875
1 0.09921875 0.3458333333333333 0.015625 0.029166666666666667
1 0.01328125 0.22083333333333333 0.0265625 0.027083333333333334
1 0.0609375 0.19270833333333334 0.0234375 0.01875
1 0.05859375 0.008333333333333333 0.0203125 0.016666666666666666
1 0.0203125 0.07291666666666667 0.01875 0.022916666666666665
1 0.23984375 0.013541666666666667 0.0328125 0.027083333333333334
1 0.11171875 0.017708333333333333 0.028125 0.035416666666666666
1 0.0875 0.12395833333333334 0.028125 0.0375
1 0.16171875 0.10104166666666667 0.028125 0.0375
1 0.2625 0.175 0.021875 0.022916666666666665
1 0.36875 0.15416666666666667 0.0421875 0.03125
1 0.328125 0.07291666666666667 0.0484375 0.04791666666666667
1 0.25078125 0.11041666666666666 0.04375 0.04583333333333333
1 0.23203125 0.06666666666666667 0.0359375 0.03333333333333333
1 0.20234375 0.04479166666666667 0.028125 0.03333333333333333
1 0.36015625 0.23125 0.03125 0.025
1 0.2765625 0.240625 0.0390625 0.05625
1 0.24296875 0.32083333333333336 0.0171875 0.027083333333333334
1 0.225 0.3572916666666667 0.0203125 0.022916666666666665
1 0.2140625 0.30416666666666664 0.025 0.04583333333333333
1 0.06953125 0.36041666666666666 0.015625 0.016666666666666666
1 0.028125 0.32395833333333335 0.0203125 0.022916666666666665
1 0.05546875 0.6197916666666666 0.0140625 0.025
1 0.0421875 0.5895833333333333 0.021875 0.025
1 0.01328125 0.575 0.0171875 0.022916666666666665
1 0.009375 0.6416666666666667 0.01875 0.022916666666666665
1 0.06875 0.48854166666666665 0.015625 0.029166666666666667
1 0.03203125 0.5135416666666667 0.0390625 0.06875
1 0.02578125 0.4510416666666667 0.0515625 0.05416666666666667
1 0.1703125 0.49270833333333336 0.03125 0.03333333333333333
1 0.1375 0.4666666666666667 0.0296875 0.06666666666666667
1 0.22890625 0.43020833333333336 0.021875 0.04375
1 0.26328125 0.3958333333333333 0.0265625 0.029166666666666667
1 0.30703125 0.42291666666666666 0.0171875 0.022916666666666665
1 0.40078125 0.35625 0.0234375 0.041666666666666664
1 0.50390625 0.3125 0.0109375 0.020833333333333332
1 0.46328125 0.3416666666666667 0.028125 0.05416666666666667
1 0.71953125 0.4625 0.021875 0.035416666666666666
1 0.70625 0.43333333333333335 0.0140625 0.027083333333333334
1 0.68125 0.45 0.0171875 0.025
1 0.63359375 0.409375 0.0734375 0.05
1 0.57109375 0.471875 0.0296875 0.035416666666666666
1 0.37890625 0.5177083333333333 0.0171875 0.03333333333333333
1 0.4828125 0.521875 0.0390625 0.03125
1 0.490625 0.48125 0.021875 0.03125
1 0.4109375 0.6041666666666666 0.028125 0.035416666666666666
1 0.4046875 0.5572916666666666 0.015625 0.020833333333333332
1 0.31875 0.78125 0.0375 0.0375
1 0.3015625 0.6916666666666667 0.034375 0.041666666666666664
1 0.275 0.6166666666666667 0.0515625 0.05625
1 0.215625 0.7010416666666667 0.025 0.0375
1 0.1953125 0.790625 0.034375 0.05625
1 0.2625 0.9302083333333333 0.03125 0.03958333333333333
1 0.38984375 0.990625 0.025 0.01875
1 0.33828125 0.9510416666666667 0.028125 0.0375
1 0.50625 0.78125 0.0171875 0.025
1 0.42734375 0.7072916666666667 0.01875 0.01875
1 0.4546875 0.7072916666666667 0.0203125 0.041666666666666664
1 0.4375 0.8135416666666667 0.0296875 0.0375
1 0.4625 0.8947916666666667 0.0328125 0.0625
1 0.43125 0.903125 0.0234375 0.027083333333333334
1 0.6625 0.8729166666666667 0.0140625 0.020833333333333332
1 0.63125 0.8822916666666667 0.01875 0.035416666666666666
1 0.59921875 0.9666666666666667 0.0265625 0.0375
1 0.86328125 0.9822916666666667 0.028125 0.035416666666666666
1 0.80859375 0.8822916666666667 0.0203125 0.035416666666666666
1 0.83359375 0.7677083333333333 0.0390625 0.03958333333333333
1 0.7796875 0.7395833333333334 0.01875 0.020833333333333332
1 0.7625 0.61875 0.028125 0.029166666666666667
1 0.89453125 0.55625 0.0375 0.04375
1 0.8453125 0.553125 0.03125 0.04791666666666667
1 0.859375 0.4510416666666667 0.0203125 0.035416666666666666
1 0.7671875 0.4270833333333333 0.0453125 0.08333333333333333
1 0.84375 0.159375 0.0109375 0.01875
1 0.76171875 0.19791666666666666 0.021875 0.035416666666666666
1 0.8140625 0.30104166666666665 0.065625 0.08125
1 0.72265625 0.27395833333333336 0.034375 0.04791666666666667
1 0.70390625 0.20729166666666668 0.0578125 0.06041666666666667
1 0.61328125 0.109375 0.0234375 0.022916666666666665
1 0.65 0.020833333333333332 0.025 0.035416666666666666
1 0.70078125 0.01875 0.059375 0.0375
1 0.7875 0.035416666666666666 0.078125 0.07083333333333333
0 0.3921875 0.5708333333333333 0.175 0.23125
0 0.42421875 0.2760416666666667 0.1671875 0.2375
0 0.425 0.06458333333333334 0.1359375 0.12916666666666668
1 0.1890625 0.8947916666666667 0.0984375 0.12708333333333333