1 0.255859375 0.98125 0.015625 0.0375
1 0.332421875 0.9680555555555556 0.01875 0.03194444444444444
1 0.276171875 0.9201388888888888 0.02265625 0.05
1 0.2296875 0.8993055555555556 0.02578125 0.03194444444444444
1 0.20703125 0.8847222222222222 0.01640625 0.03888888888888889
1 0.199609375 0.9277777777777778 0.01875 0.03611111111111111
1 0.180859375 0.8354166666666667 0.01875 0.025
1 0.241796875 0.8194444444444444 0.0203125 0.041666666666666664
1 0.266015625 0.8159722222222222 0.01796875 0.0375
1 0.23515625 0.7715277777777778 0.02421875 0.04027777777777778
1 0.209375 0.7611111111111111 0.01875 0.019444444444444445
1 0.24296875 0.7152777777777778 0.02890625 0.04583333333333333
1 0.1265625 0.6951388888888889 0.025 0.015277777777777777
1 0.2359375 0.6534722222222222 0.0203125 0.041666666666666664
1 0.245703125 0.6090277777777777 0.0125 0.030555555555555555
1 0.229296875 0.5972222222222222 0.0171875 0.05
1 0.22578125 0.5451388888888888 0.02109375 0.03194444444444444
1 0.1921875 0.44375 0.01953125 0.03888888888888889
1 0.24296875 0.44513888888888886 0.0125 0.018055555555555554
1 0.271875 0.3909722222222222 0.04765625 0.08055555555555556
1 0.215625 0.38819444444444445 0.04296875 0.06527777777777778
1 0.167578125 0.175 0.0171875 0.03194444444444444
1 0.41953125 0.11666666666666667 0.0171875 0.030555555555555555
1 0.483984375 0.14930555555555555 0.01484375 0.03194444444444444
1 0.45546875 0.21319444444444444 0.0203125 0.025
1 0.54765625 0.2777777777777778 0.0203125 0.029166666666666667
1 0.6109375 0.36875 0.02734375 0.03333333333333333
1 0.61328125 0.01597222222222222 0.01640625 0.03194444444444444
1 0.711328125 0.24722222222222223 0.02109375 0.030555555555555555
1 0.79296875 0.3951388888888889 0.02734375 0.05694444444444444
1 0.91640625 0.17430555555555555 0.01875 0.027777777777777776
1 0.99453125 0.3680555555555556 0.0109375 0.029166666666666667
1 0.993359375 0.4270833333333333 0.01328125 0.030555555555555555
1 0.859375 0.5486111111111112 0.0234375 0.04027777777777778
1 0.8671875 0.6493055555555556 0.02890625 0.06111111111111111
1 0.90703125 0.7256944444444444 0.03515625 0.04027777777777778
1 0.777734375 0.6076388888888888 0.0109375 0.02638888888888889
1 0.758203125 0.7069444444444445 0.04765625 0.04583333333333333
1 0.792578125 0.7611111111111111 0.01875 0.029166666666666667
1 0.724609375 0.7604166666666666 0.0265625 0.03611111111111111
1 0.872265625 0.7993055555555556 0.0203125 0.03611111111111111
1 0.876953125 0.8791666666666667 0.04765625 0.05694444444444444
1 0.939453125 0.8645833333333334 0.0171875 0.027777777777777776
1 0.969140625 0.9694444444444444 0.01484375 0.04027777777777778
1 0.771875 0.9180555555555555 0.0296875 0.05
1 0.615234375 0.8993055555555556 0.025 0.02638888888888889
1 0.583984375 0.8895833333333333 0.01796875 0.034722222222222224
1 0.515234375 0.8680555555555556 0.0453125 0.05138888888888889
1 0.54921875 0.8361111111111111 0.01484375 0.013888888888888888
1 0.48125 0.9097222222222222 0.01484375 0.029166666666666667
1 0.4328125 0.8722222222222222 0.015625 0.022222222222222223
1 0.434375 0.8243055555555555 0.03984375 0.0375
1 0.607421875 0.66875 0.01875 0.04722222222222222
1 0.3953125 0.48125 0.0296875 0.041666666666666664
0 0.12890625 0.9430555555555555 0.1546875 0.11388888888888889
0 0.11171875 0.7840277777777778 0.2234375 0.35
0 0.108203125 0.34652777777777777 0.17109375 0.5263888888888889
0 0.09609375 0.11666666666666667 0.1921875 0.23333333333333334
0 0.708984375 0.9270833333333334 0.14765625 0.14027777777777778
0 0.676171875 0.8013888888888889 0.21640625 0.32222222222222224
0 0.684765625 0.35625 0.32578125 0.4
0 0.658984375 0.12916666666666668 0.27421875 0.25833333333333336
0 0.6875 0.08611111111111111 0.10234375 0.17222222222222222