1 0.15390625 0.45416666666666666 0.0765625 0.052083333333333336
1 0.140625 0.15625 0.0421875 0.035416666666666666
1 0.3109375 0.196875 0.0234375 0.035416666666666666
0 0.47421875 0.8885416666666667 0.1265625 0.22291666666666668
0 0.5609375 0.55625 0.2125 0.29791666666666666
0 0.5296875 0.3614583333333333 0.1578125 0.23333333333333334
0 0.5390625 0.052083333333333336 0.096875 0.10208333333333333
1 0.64140625 0.29270833333333335 0.03125 0.027083333333333334
1 0.50859375 0.26875 0.021875 0.020833333333333332
1 0.51328125 0.37604166666666666 0.0125 0.01875
1 0.44375 0.284375 0.0296875 0.03125
1 0.5515625 0.2833333333333333 0.0296875 0.03125
1 0.55390625 0.4354166666666667 0.01875 0.03333333333333333
1 0.715625 0.025 0.03125 0.029166666666666667
1 0.66875 0.965625 0.021875 0.041666666666666664
1 0.22890625 0.8135416666666667 0.0171875 0.03958333333333333
1 0.60703125 0.030208333333333334 0.0171875 0.029166666666666667
1 0.60703125 0.10625 0.025 0.027083333333333334
1 0.609375 0.35208333333333336 0.0453125 0.06041666666666667
1 0.3296875 0.6729166666666667 0.071875 0.125
1 0.53203125 0.7489583333333333 0.01875 0.029166666666666667
1 0.44375 0.6916666666666667 0.0421875 0.04791666666666667
1 0.2609375 0.08645833333333333 0.0203125 0.0375
1 0.69921875 0.08229166666666667 0.0203125 0.03125
1 0.415625 0.12708333333333333 0.0140625 0.0375
1 0.4796875 0.13020833333333334 0.0203125 0.027083333333333334
1 0.5328125 0.15416666666666667 0.025 0.035416666666666666
1 0.60859375 0.190625 0.040625 0.04791666666666667
1 0.6296875 0.6291666666666667 0.028125 0.025
1 0.5796875 0.65 0.0296875 0.041666666666666664
1 0.403125 0.8010416666666667 0.0265625 0.041666666666666664
1 0.33125 0.8416666666666667 0.021875 0.03958333333333333
1 0.7640625 0.7802083333333333 0.0265625 0.035416666666666666
1 0.86015625 0.6927083333333334 0.03125 0.029166666666666667
1 0.7421875 0.6041666666666666 0.0453125 0.04583333333333333
1 0.7453125 0.4375 0.040625 0.04791666666666667
1 0.69140625 0.4375 0.040625 0.035416666666666666
1 0.74609375 0.3177083333333333 0.0609375 0.08541666666666667
1 0.68046875 0.23854166666666668 0.04375 0.08541666666666667
1 0.37578125 0.384375 0.0265625 0.03333333333333333
1 0.31015625 0.42916666666666664 0.028125 0.029166666666666667
1 0.4015625 0.5260416666666666 0.01875 0.035416666666666666
1 0.365625 0.48541666666666666 0.0375 0.029166666666666667
1 0.29140625 0.5260416666666666 0.0171875 0.03958333333333333
1 0.240625 0.5291666666666667 0.0171875 0.020833333333333332
1 0.028125 0.22083333333333333 0.046875 0.041666666666666664