0 0.0890625 0.7881944444444444 0.16875 0.4236111111111111
1 0.498046875 0.013888888888888888 0.0421875 0.027777777777777776
1 0.544921875 0.011111111111111112 0.0140625 0.022222222222222223
1 0.625 0.009027777777777777 0.01015625 0.016666666666666666
1 0.4703125 0.08819444444444445 0.03125 0.05
1 0.41171875 0.08263888888888889 0.01171875 0.025
1 0.4578125 0.16666666666666666 0.0109375 0.020833333333333332
1 0.510546875 0.17708333333333334 0.03046875 0.04861111111111111
1 0.515234375 0.24166666666666667 0.0109375 0.019444444444444445
1 0.52109375 0.29097222222222224 0.0171875 0.04027777777777778
1 0.618359375 0.2534722222222222 0.02109375 0.0375
1 0.6328125 0.2423611111111111 0.0203125 0.041666666666666664
1 0.576953125 0.4076388888888889 0.02265625 0.04722222222222222
1 0.559765625 0.42916666666666664 0.0265625 0.04027777777777778
1 0.459765625 0.38819444444444445 0.01484375 0.034722222222222224
1 0.41015625 0.3458333333333333 0.05625 0.1388888888888889
1 0.43359375 0.6340277777777777 0.0296875 0.06527777777777778
1 0.491796875 0.7152777777777778 0.01328125 0.019444444444444445
1 0.569140625 0.6493055555555556 0.02109375 0.03333333333333333
1 0.362109375 0.7145833333333333 0.01640625 0.029166666666666667
1 0.420703125 0.81875 0.0140625 0.029166666666666667
1 0.35859375 0.9083333333333333 0.01796875 0.03888888888888889
1 0.437109375 0.9388888888888889 0.009375 0.011111111111111112
1 0.53828125 0.8444444444444444 0.01328125 0.015277777777777777
1 0.59453125 0.8638888888888889 0.009375 0.02361111111111111
1 0.558203125 0.7826388888888889 0.02265625 0.03611111111111111
1 0.709375 0.6055555555555555 0.01328125 0.03333333333333333
1 0.801171875 0.5576388888888889 0.0203125 0.04722222222222222
1 0.69140625 0.5354166666666667 0.0171875 0.030555555555555555
1 0.696484375 0.4534722222222222 0.03125 0.05
1 0.8890625 0.5152777777777777 0.015625 0.02638888888888889
1 0.8875 0.8513888888888889 0.01953125 0.030555555555555555
1 0.862109375 0.2375 0.01953125 0.04027777777777778
1 0.97109375 0.3034722222222222 0.01796875 0.03611111111111111
1 0.975 0.22430555555555556 0.0125 0.020833333333333332
1 0.87265625 0.11875 0.01171875 0.02361111111111111
1 0.019140625 0.15555555555555556 0.0125 0.02638888888888889
1 0.09765625 0.19791666666666666 0.0203125 0.05694444444444444
1 0.07421875 0.15416666666666667 0.01171875 0.02638888888888889
1 0.129296875 0.18888888888888888 0.0125 0.02361111111111111
1 0.101953125 0.24583333333333332 0.02109375 0.0375
1 0.1265625 0.23472222222222222 0.01796875 0.05277777777777778
1 0.189453125 0.14166666666666666 0.01796875 0.029166666666666667
1 0.266015625 0.2013888888888889 0.0109375 0.027777777777777776
1 0.22109375 0.3486111111111111 0.0203125 0.034722222222222224
1 0.136328125 0.4847222222222222 0.02109375 0.0375
1 0.0765625 0.4534722222222222 0.02265625 0.043055555555555555
1 0.1328125 0.5305555555555556 0.015625 0.03611111111111111
1 0.14609375 0.54375 0.01171875 0.025
1 0.250390625 0.6263888888888889 0.01484375 0.020833333333333332
1 0.209765625 0.725 0.0125 0.02638888888888889
1 0.125 0.7493055555555556 0.01640625 0.029166666666666667
1 0.169921875 0.7868055555555555 0.01484375 0.03611111111111111
1 0.041015625 0.7659722222222223 0.03359375 0.06388888888888888
1 0.19921875 0.9243055555555556 0.01328125 0.019444444444444445
1 0.19765625 0.9736111111111111 0.01875 0.029166666666666667
1 0.08984375 0.9680555555555556 0.0140625 0.016666666666666666
1 0.175 0.8354166666666667 0.01484375 0.027777777777777776
1 0.803515625 0.9361111111111111 0.01484375 0.02361111111111111
0 0.1140625 0.7555555555555555 0.17734375 0.4888888888888889
0 0.0859375 0.3972222222222222 0.1671875 0.6027777777777777
0 0.087109375 0.16597222222222222 0.1203125 0.33194444444444443
0 0.083984375 0.035416666666666666 0.065625 0.07083333333333333
0 0.741796875 0.35138888888888886 0.2125 0.5555555555555556
0 0.80390625 0.8263888888888888 0.2609375 0.3472222222222222
0 0.788671875 0.9520833333333333 0.17265625 0.09583333333333334