1 0.2640625 0.32708333333333334 0.0171875 0.027083333333333334
0 0.48671875 0.9260416666666667 0.1265625 0.14791666666666667
0 0.528125 0.7135416666666666 0.2015625 0.14375
0 0.53359375 0.44895833333333335 0.2171875 0.07916666666666666
0 0.5203125 0.18854166666666666 0.165625 0.05625
1 0.11640625 0.25833333333333336 0.0421875 0.05625
1 0.34765625 0.37604166666666666 0.025 0.03125
1 0.48359375 0.3697916666666667 0.021875 0.03333333333333333
1 0.58515625 0.38333333333333336 0.0140625 0.0125
1 0.65390625 0.46458333333333335 0.0203125 0.027083333333333334
1 0.56796875 0.5125 0.0171875 0.0125
1 0.56875 0.5541666666666667 0.015625 0.020833333333333332
1 0.56484375 0.590625 0.025 0.029166666666666667
1 0.34765625 0.653125 0.01875 0.01875
1 0.3171875 0.625 0.0109375 0.0125
1 0.2125 0.796875 0.0140625 0.020833333333333332
1 0.1140625 0.8364583333333333 0.0234375 0.035416666666666666
1 0.08828125 0.9125 0.015625 0.022916666666666665
1 0.1015625 0.803125 0.0109375 0.010416666666666666
1 0.01875 0.7229166666666667 0.0265625 0.03333333333333333
1 0.04609375 0.7520833333333333 0.0109375 0.014583333333333334
1 0.2609375 0.503125 0.0234375 0.03125
1 0.32578125 0.246875 0.028125 0.025
1 0.3703125 0.17291666666666666 0.0234375 0.029166666666666667
1 0.39453125 0.19375 0.015625 0.020833333333333332
1 0.54921875 0.13333333333333333 0.0125 0.020833333333333332
1 0.6015625 0.10833333333333334 0.0171875 0.01875
1 0.75078125 0.27395833333333336 0.0171875 0.022916666666666665
1 0.821875 0.28020833333333334 0.0171875 0.020833333333333332
1 0.80703125 0.09166666666666666 0.0296875 0.03333333333333333
1 0.8859375 0.196875 0.0234375 0.0375
1 0.80625 0.55 0.0171875 0.029166666666666667
1 0.9109375 0.51875 0.0171875 0.020833333333333332
1 0.76484375 0.775 0.0359375 0.05416666666666667
1 0.6875 0.871875 0.015625 0.010416666666666666
1 0.5890625 0.865625 0.021875 0.03125
1 0.96015625 0.8625 0.0265625 0.01875