1 0.16328125 0.25729166666666664 0.009375 0.020833333333333332
0 0.503125 0.084375 0.0921875 0.16875
0 0.446875 0.41041666666666665 0.265625 0.07083333333333333
0 0.5140625 0.7010416666666667 0.2390625 0.21875
0 0.4796875 0.959375 0.2515625 0.08125
1 0.4421875 0.22395833333333334 0.028125 0.0375
1 0.00703125 0.12708333333333333 0.0140625 0.020833333333333332
1 0.053125 0.37083333333333335 0.034375 0.014583333333333334
1 0.28671875 0.04583333333333333 0.034375 0.035416666666666666
1 0.525 0.029166666666666667 0.0234375 0.03958333333333333
1 0.646875 0.7364583333333333 0.0296875 0.0375
1 0.303125 0.390625 0.0359375 0.03333333333333333
1 0.6875 0.56875 0.0265625 0.03333333333333333
1 0.6328125 0.39895833333333336 0.021875 0.03333333333333333
1 0.77734375 0.2875 0.034375 0.041666666666666664
1 0.80703125 0.36875 0.0125 0.020833333333333332
1 0.6125 0.26145833333333335 0.0171875 0.022916666666666665
1 0.659375 0.20520833333333333 0.03125 0.0375
1 0.69921875 0.23020833333333332 0.034375 0.035416666666666666
1 0.80078125 0.23125 0.015625 0.016666666666666666
1 0.9953125 0.225 0.009375 0.04583333333333333
1 0.69609375 0.9697916666666667 0.065625 0.06041666666666667
1 0.6640625 0.8604166666666667 0.0125 0.016666666666666666
1 0.71640625 0.8572916666666667 0.0203125 0.025