1 0.515625 0.7743055555555556 0.00859375 0.009722222222222222
1 0.48984375 0.8006944444444445 0.01015625 0.015277777777777777
1 0.585546875 0.75625 0.0078125 0.020833333333333332
1 0.426171875 0.7243055555555555 0.0109375 0.015277777777777777
1 0.36953125 0.7402777777777778 0.01171875 0.016666666666666666
1 0.334375 0.7493055555555556 0.00703125 0.008333333333333333
1 0.464453125 0.6819444444444445 0.00859375 0.011111111111111112
1 0.549609375 0.6020833333333333 0.021875 0.041666666666666664
1 0.574609375 0.6319444444444444 0.009375 0.022222222222222223
1 0.612890625 0.5986111111111111 0.02734375 0.04027777777777778
1 0.643359375 0.5979166666666667 0.01796875 0.025
1 0.619140625 0.6270833333333333 0.02265625 0.018055555555555554
1 0.502734375 0.30833333333333335 0.0328125 0.08472222222222223
1 0.53359375 0.2833333333333333 0.0296875 0.041666666666666664
1 0.555078125 0.24930555555555556 0.0125 0.027777777777777776
1 0.5796875 0.3215277777777778 0.01640625 0.025
1 0.5453125 0.3854166666666667 0.0546875 0.1638888888888889
1 0.541796875 0.50625 0.0078125 0.015277777777777777
1 0.526953125 0.5131944444444444 0.009375 0.013888888888888888
1 0.501953125 0.6847222222222222 0.00859375 0.020833333333333332
1 0.224609375 0.09583333333333334 0.040625 0.06805555555555555
1 0.148828125 0.6604166666666667 0.02421875 0.034722222222222224
1 0.112890625 0.5722222222222222 0.01640625 0.02638888888888889
1 0.06015625 0.6131944444444445 0.01328125 0.022222222222222223
1 0.198046875 0.7527777777777778 0.01484375 0.02638888888888889
1 0.195703125 0.7944444444444444 0.01796875 0.03611111111111111
1 0.260546875 0.7708333333333334 0.0046875 0.009722222222222222
1 0.18515625 0.84375 0.03125 0.0375
1 0.177734375 0.7416666666666667 0.009375 0.013888888888888888
1 0.1 0.8465277777777778 0.0328125 0.09722222222222222
1 0.130859375 0.9125 0.0171875 0.034722222222222224
1 0.117578125 0.94375 0.01796875 0.04722222222222222
1 0.180859375 0.9375 0.021875 0.034722222222222224
1 0.190625 0.9729166666666667 0.025 0.027777777777777776
1 0.22734375 0.9430555555555555 0.01328125 0.02638888888888889
1 0.36015625 0.9534722222222223 0.0078125 0.018055555555555554
1 0.348046875 0.9673611111111111 0.009375 0.013888888888888888
1 0.29453125 0.8173611111111111 0.01328125 0.018055555555555554
1 0.942578125 0.7076388888888889 0.009375 0.015277777777777777
1 0.96875 0.6923611111111111 0.01640625 0.03194444444444444
1 0.987109375 0.6770833333333334 0.01640625 0.022222222222222223
1 0.94765625 0.5409722222222222 0.0484375 0.0875
1 0.941796875 0.48541666666666666 0.01796875 0.025
1 0.87578125 0.5291666666666667 0.0171875 0.03333333333333333
1 0.8703125 0.43333333333333335 0.01484375 0.03194444444444444
1 0.898828125 0.45069444444444445 0.01484375 0.022222222222222223
1 0.94375 0.42291666666666666 0.01953125 0.04583333333333333
1 0.996484375 0.6118055555555556 0.00703125 0.019444444444444445
1 0.98984375 0.5611111111111111 0.0203125 0.06944444444444445
1 0.990234375 0.4340277777777778 0.01953125 0.08472222222222223
1 0.979296875 0.3701388888888889 0.009375 0.009722222222222222
1 0.966015625 0.3590277777777778 0.01015625 0.02361111111111111
1 0.925390625 0.12986111111111112 0.0125 0.030555555555555555
1 0.995703125 0.3597222222222222 0.00859375 0.043055555555555555
1 0.98359375 0.15138888888888888 0.0328125 0.12638888888888888
1 0.62734375 0.2923611111111111 0.02578125 0.04861111111111111
1 0.667578125 0.36527777777777776 0.025 0.03888888888888889
1 0.658984375 0.31319444444444444 0.04140625 0.09722222222222222
1 0.63984375 0.20833333333333334 0.06484375 0.11666666666666667
1 0.84375 0.3784722222222222 0.0125 0.02638888888888889
1 0.823828125 0.36180555555555555 0.0078125 0.018055555555555554
1 0.73671875 0.32569444444444445 0.04921875 0.08611111111111111
1 0.97890625 0.32222222222222224 0.01171875 0.022222222222222223
1 0.990234375 0.3090277777777778 0.01328125 0.020833333333333332
1 0.975390625 0.2763888888888889 0.01171875 0.020833333333333332
1 0.9234375 0.2763888888888889 0.02890625 0.06805555555555555
1 0.861328125 0.23402777777777778 0.0953125 0.1486111111111111
1 0.8015625 0.2673611111111111 0.01484375 0.03611111111111111
1 0.72578125 0.27569444444444446 0.0140625 0.022222222222222223
1 0.726953125 0.21666666666666667 0.01171875 0.009722222222222222
1 0.715625 0.16041666666666668 0.01484375 0.02361111111111111
1 0.752734375 0.18194444444444444 0.04140625 0.06944444444444445
1 0.82421875 0.1673611111111111 0.0125 0.020833333333333332
1 0.805078125 0.15 0.01328125 0.029166666666666667
1 0.40703125 0.12708333333333333 0.0296875 0.07777777777777778
1 0.4453125 0.24583333333333332 0.01171875 0.02638888888888889
1 0.468359375 0.09722222222222222 0.01015625 0.022222222222222223
1 0.47890625 0.16666666666666666 0.02890625 0.10833333333333334
1 0.219921875 0.225 0.01328125 0.043055555555555555
1 0.173828125 0.3423611111111111 0.0140625 0.022222222222222223
1 0.48671875 0.044444444444444446 0.01484375 0.04027777777777778
1 0.3078125 0.23819444444444443 0.009375 0.020833333333333332
1 0.32421875 0.12083333333333333 0.00859375 0.02361111111111111
1 0.325 0.15694444444444444 0.01015625 0.018055555555555554
1 0.116015625 0.30694444444444446 0.01875 0.029166666666666667
1 0.0875 0.2652777777777778 0.0109375 0.0125
1 0.0625 0.34652777777777777 0.01015625 0.020833333333333332
1 0.073828125 0.3840277777777778 0.0109375 0.02638888888888889
1 0.0921875 0.38958333333333334 0.01015625 0.025
1 0.106640625 0.3875 0.01171875 0.022222222222222223
1 0.174609375 0.3888888888888889 0.01015625 0.025
1 0.179296875 0.43125 0.02890625 0.05416666666666667
1 0.15234375 0.42986111111111114 0.03046875 0.044444444444444446
1 0.21171875 0.4888888888888889 0.02265625 0.03888888888888889
1 0.315625 0.48819444444444443 0.01953125 0.03611111111111111
1 0.30078125 0.5493055555555556 0.02578125 0.041666666666666664
1 0.1953125 0.5555555555555556 0.0296875 0.0625
1 0.215234375 0.5743055555555555 0.009375 0.016666666666666666
1 0.22890625 0.6256944444444444 0.01015625 0.013888888888888888
1 0.15859375 0.49027777777777776 0.021875 0.05
1 0.14765625 0.5458333333333333 0.02421875 0.05555555555555555
1 0.1109375 0.4305555555555556 0.02265625 0.030555555555555555
1 0.359765625 0.6263888888888889 0.0109375 0.022222222222222223
1 0.384765625 0.5597222222222222 0.00703125 0.011111111111111112
1 0.48359375 0.65 0.0234375 0.03194444444444444
1 0.49921875 0.6236111111111111 0.0109375 0.018055555555555554
1 0.493359375 0.18055555555555555 0.01484375 0.020833333333333332
1 0.501171875 0.21458333333333332 0.02109375 0.05555555555555555
1 0.5328125 0.14375 0.04375 0.13472222222222222
1 0.61953125 0.03680555555555556 0.02265625 0.07361111111111111
1 0.653515625 0.015277777777777777 0.02265625 0.030555555555555555
1 0.6640625 0.09930555555555555 0.08671875 0.1125
1 0.8359375 0.020833333333333332 0.0171875 0.03888888888888889
1 0.855859375 0.017361111111111112 0.01640625 0.03194444444444444
1 0.91171875 0.005555555555555556 0.0203125 0.011111111111111112
1 0.97265625 0.014583333333333334 0.00859375 0.020833333333333332
1 0.993359375 0.013888888888888888 0.01328125 0.02638888888888889
1 0.95703125 0.06875 0.0390625 0.075
1 0.903515625 0.0798611111111111 0.025 0.04583333333333333
1 0.92421875 0.09583333333333334 0.0171875 0.022222222222222223
1 0.80390625 0.8173611111111111 0.04765625 0.08333333333333333
1 0.783203125 0.8875 0.03359375 0.043055555555555555
1 0.76015625 0.9798611111111111 0.01171875 0.030555555555555555
1 0.7375 0.7784722222222222 0.0140625 0.022222222222222223
1 0.755078125 0.6583333333333333 0.0109375 0.020833333333333332
1 0.71328125 0.7361111111111112 0.028125 0.05555555555555555
1 0.834375 0.6638888888888889 0.00859375 0.018055555555555554
1 0.837109375 0.5916666666666667 0.00703125 0.0125
1 0.987109375 0.7402777777777778 0.02578125 0.058333333333333334
1 0.996484375 0.6895833333333333 0.00703125 0.03333333333333333
1 0.9640625 0.7375 0.01171875 0.022222222222222223
1 0.951953125 0.7701388888888889 0.01796875 0.044444444444444446
1 0.977734375 0.8131944444444444 0.04375 0.10138888888888889
1 0.9828125 0.9576388888888889 0.0234375 0.03194444444444444
1 0.938671875 0.9256944444444445 0.0125 0.025
1 0.934375 0.9347222222222222 0.0359375 0.0763888888888889
1 0.873828125 0.8743055555555556 0.01953125 0.030555555555555555
1 0.873828125 0.8368055555555556 0.0125 0.022222222222222223
1 0.89140625 0.8416666666666667 0.00859375 0.018055555555555554
1 0.823046875 0.9479166666666666 0.0125 0.015277777777777777
1 0.83515625 0.8333333333333334 0.01171875 0.020833333333333332
1 0.383984375 0.175 0.01171875 0.022222222222222223
1 0.916015625 0.7444444444444445 0.01171875 0.019444444444444445
0 0.065234375 0.19444444444444445 0.13046875 0.29305555555555557
0 0.0734375 0.5236111111111111 0.146875 0.25555555555555554
0 0.062109375 0.7277777777777777 0.12421875 0.2
0 0.055859375 0.9569444444444445 0.11171875 0.08611111111111111
0 0.63671875 0.9020833333333333 0.1765625 0.125
0 0.594140625 0.6402777777777777 0.246875 0.16111111111111112
0 0.598828125 0.5152777777777777 0.1359375 0.2791666666666667
0 0.5921875 0.2743055555555556 0.13046875 0.39166666666666666
0 0.561328125 0.052083333333333336 0.0953125 0.10416666666666667
1 0.191015625 0.008333333333333333 0.01484375 0.016666666666666666
1 0.1890625 0.03819444444444445 0.01484375 0.025
1 0.159765625 0.009027777777777777 0.0046875 0.018055555555555554
1 0.169140625 0.027777777777777776 0.0078125 0.027777777777777776
1 0.1796875 0.11458333333333333 0.00859375 0.018055555555555554
1 0.152734375 0.10347222222222222 0.01015625 0.018055555555555554
1 0.122265625 0.0875 0.0171875 0.020833333333333332
1 0.08125 0.07152777777777777 0.01328125 0.034722222222222224
1 0.08125 0.1111111111111111 0.0125 0.02361111111111111
1 0.09296875 0.13680555555555557 0.01953125 0.03333333333333333
1 0.0515625 0.10347222222222222 0.00546875 0.016666666666666666
1 0.046484375 0.1388888888888889 0.01796875 0.022222222222222223
1 0.042578125 0.16319444444444445 0.00703125 0.011111111111111112
1 0.13046875 0.19375 0.009375 0.019444444444444445
1 0.190625 0.1909722222222222 0.0109375 0.018055555555555554
1 0.182421875 0.23125 0.01328125 0.022222222222222223
1 0.177734375 0.27152777777777776 0.0265625 0.034722222222222224
1 0.10234375 0.21458333333333332 0.009375 0.0125
1 0.105859375 0.23541666666666666 0.015625 0.025
1 0.359375 0.15833333333333333 0.01015625 0.022222222222222223
1 0.716796875 0.7854166666666667 0.01875 0.022222222222222223
1 0.639453125 0.7222222222222222 0.03671875 0.09305555555555556
1 0.695703125 0.6145833333333334 0.03046875 0.04722222222222222
1 0.787890625 0.5694444444444444 0.03671875 0.08611111111111111
1 0.79921875 0.5006944444444444 0.0109375 0.022222222222222223
1 0.731640625 0.4909722222222222 0.025 0.034722222222222224
1 0.707421875 0.43194444444444446 0.05 0.09305555555555556
1 0.676171875 0.45 0.03203125 0.05277777777777778
1 0.64375 0.5319444444444444 0.01484375 0.030555555555555555
1 0.649609375 0.48333333333333334 0.02578125 0.03611111111111111
1 0.626953125 0.45 0.0296875 0.09444444444444444
1 0.61796875 0.37569444444444444 0.01875 0.029166666666666667
1 0.641015625 0.86875 0.0578125 0.07222222222222222
1 0.6125 0.9305555555555556 0.01796875 0.03333333333333333
1 0.60625 0.9638888888888889 0.0265625 0.016666666666666666
1 0.65 0.9638888888888889 0.0125 0.009722222222222222
1 0.667578125 0.9868055555555556 0.0203125 0.02638888888888889
1 0.83359375 0.0763888888888889 0.02265625 0.03194444444444444
1 0.8953125 0.7756944444444445 0.0140625 0.016666666666666666
1 0.899609375 0.6576388888888889 0.0125 0.019444444444444445
1 0.873828125 0.7027777777777777 0.00859375 0.0125
1 0.841796875 0.7604166666666666 0.009375 0.013888888888888888
1 0.8515625 0.7666666666666667 0.00703125 0.0125
1 0.5484375 0.9458333333333333 0.03125 0.10833333333333334
1 0.534765625 0.8590277777777777 0.009375 0.02638888888888889
1 0.384765625 0.20555555555555555 0.01328125 0.03194444444444444
1 0.462890625 0.8861111111111111 0.0125 0.019444444444444445
1 0.451953125 0.8083333333333333 0.015625 0.019444444444444445
1 0.55625 0.7354166666666667 0.0234375 0.03611111111111111
1 0.6 0.7090277777777778 0.01328125 0.029166666666666667
1 0.528515625 0.7319444444444444 0.0140625 0.025
1 0.530859375 0.7875 0.00859375 0.016666666666666666