1 0.89453125 0.059722222222222225 0.0203125 0.03333333333333333
1 0.728125 0.04791666666666667 0.03125 0.03888888888888889
1 0.914453125 0.2 0.0359375 0.058333333333333334
1 0.869140625 0.24097222222222223 0.04296875 0.08055555555555556
1 0.958203125 0.3138888888888889 0.02734375 0.05555555555555555
1 0.9796875 0.10902777777777778 0.040625 0.11527777777777778
1 0.52578125 0.18055555555555555 0.01796875 0.044444444444444446
1 0.487109375 0.1527777777777778 0.02421875 0.03611111111111111
1 0.4421875 0.2875 0.01171875 0.03611111111111111
0 0.672265625 0.8847222222222222 0.10859375 0.1527777777777778
0 0.66640625 0.28888888888888886 0.20078125 0.2861111111111111
0 0.680859375 0.5534722222222223 0.11796875 0.4986111111111111
0 0.641015625 0.05763888888888889 0.06015625 0.1125
0 0.145703125 0.7534722222222222 0.13671875 0.39444444444444443
0 0.10625 0.4875 0.13203125 0.45694444444444443
0 0.11796875 0.20972222222222223 0.225 0.18888888888888888
0 0.1453125 0.04791666666666667 0.06796875 0.09166666666666666
1 0.169140625 0.33402777777777776 0.01796875 0.03194444444444444
1 0.790625 0.9354166666666667 0.015625 0.02361111111111111
1 0.058203125 0.5951388888888889 0.0140625 0.03194444444444444
1 0.046484375 0.36527777777777776 0.01796875 0.04861111111111111
1 0.6296875 0.42986111111111114 0.01796875 0.025
1 0.61875 0.4840277777777778 0.02421875 0.05138888888888889
1 0.71640625 0.42430555555555555 0.0171875 0.025
1 0.678515625 0.8715277777777778 0.02890625 0.05555555555555555
1 0.68046875 0.26458333333333334 0.01875 0.05
1 0.668359375 0.34444444444444444 0.02265625 0.03194444444444444
1 0.109765625 0.5020833333333333 0.01484375 0.03333333333333333
1 0.140234375 0.8013888888888889 0.01171875 0.03611111111111111
1 0.121875 0.8465277777777778 0.02109375 0.02638888888888889
1 0.048828125 0.8756944444444444 0.0171875 0.04583333333333333
1 0.0578125 0.9604166666666667 0.02265625 0.044444444444444446
1 0.151953125 0.9527777777777777 0.01484375 0.0375
1 0.1109375 0.9840277777777777 0.02265625 0.027777777777777776
1 0.082421875 0.7125 0.021875 0.04583333333333333
1 0.5875 0.8493055555555555 0.0328125 0.05694444444444444
1 0.208203125 0.7416666666666667 0.028125 0.05555555555555555
1 0.205859375 0.8847222222222222 0.04921875 0.125
1 0.168359375 0.8236111111111111 0.03984375 0.10138888888888889
1 0.20234375 0.47708333333333336 0.01171875 0.04861111111111111
1 0.180859375 0.48819444444444443 0.0171875 0.059722222222222225
1 0.066015625 0.2951388888888889 0.01875 0.043055555555555555
1 0.098828125 0.175 0.025 0.02638888888888889
1 0.223828125 0.06666666666666667 0.025 0.04027777777777778
1 0.22109375 0.21319444444444444 0.0203125 0.05
1 0.267578125 0.30833333333333335 0.0328125 0.11527777777777778
1 0.87109375 0.10694444444444444 0.02109375 0.03611111111111111
1 0.901953125 0.7409722222222223 0.0171875 0.027777777777777776
1 0.93125 0.5861111111111111 0.02890625 0.06805555555555555
1 0.880078125 0.6430555555555556 0.02734375 0.04583333333333333
1 0.407421875 0.8784722222222222 0.01328125 0.03333333333333333
1 0.23125 0.6631944444444444 0.03359375 0.06527777777777778
1 0.284765625 0.71875 0.0328125 0.06527777777777778
1 0.29921875 0.4652777777777778 0.01796875 0.05
1 0.584765625 0.125 0.03984375 0.05555555555555555
1 0.231640625 0.4479166666666667 0.02890625 0.08194444444444444
1 0.60078125 0.6965277777777777 0.0515625 0.15694444444444444
1 0.680859375 0.6930555555555555 0.02578125 0.03194444444444444
1 0.708203125 0.7131944444444445 0.02890625 0.058333333333333334
1 0.801171875 0.6965277777777777 0.02890625 0.059722222222222225
1 0.77265625 0.5881944444444445 0.03359375 0.06805555555555555
1 0.713671875 0.5805555555555556 0.04609375 0.075
1 0.80703125 0.2826388888888889 0.02265625 0.03888888888888889
1 0.7796875 0.28888888888888886 0.021875 0.02638888888888889
1 0.709765625 0.1111111111111111 0.02578125 0.0375
1 0.90625 0.4847222222222222 0.03125 0.06388888888888888
1 0.878125 0.4479166666666667 0.025 0.059722222222222225
1 0.874609375 0.4041666666666667 0.02578125 0.0375
1 0.737890625 0.7618055555555555 0.0203125 0.03194444444444444
1 0.684765625 0.1388888888888889 0.021875 0.04583333333333333
1 0.151171875 0.6409722222222223 0.021875 0.03888888888888889
1 0.194140625 0.11180555555555556 0.021875 0.03194444444444444
1 0.10390625 0.009027777777777777 0.009375 0.013888888888888888
1 0.867578125 0.5166666666666667 0.0296875 0.04583333333333333
1 0.9 0.5819444444444445 0.02890625 0.058333333333333334
1 0.861328125 0.5826388888888889 0.0390625 0.04583333333333333
1 0.834375 0.5319444444444444 0.02265625 0.0375
1 0.815625 0.5020833333333333 0.021875 0.044444444444444446
1 0.87578125 0.7833333333333333 0.028125 0.075
1 0.88203125 0.8618055555555556 0.02890625 0.04583333333333333
1 0.865625 0.88125 0.021875 0.04583333333333333
1 0.76875 0.8493055555555555 0.01015625 0.018055555555555554
1 0.80234375 0.8555555555555555 0.0390625 0.08333333333333333
1 0.790234375 0.7791666666666667 0.0453125 0.07222222222222222
1 0.756640625 0.9333333333333333 0.0359375 0.09722222222222222
1 0.991796875 0.80625 0.01640625 0.03611111111111111
1 0.990625 0.7104166666666667 0.01875 0.05277777777777778
1 0.95 0.7326388888888888 0.03125 0.05138888888888889
1 0.970703125 0.9430555555555555 0.0578125 0.10694444444444444
1 0.791796875 0.04791666666666667 0.0140625 0.020833333333333332