0 0.68515625 0.8572916666666667 0.1640625 0.28541666666666665
0 0.7578125 0.10208333333333333 0.2578125 0.20416666666666666
0 0.78984375 0.3614583333333333 0.2984375 0.5041666666666667
0 0.7921875 0.646875 0.415625 0.3229166666666667
1 0.55390625 0.9802083333333333 0.0390625 0.03958333333333333
1 0.39453125 0.9125 0.021875 0.035416666666666666
1 0.39765625 0.9458333333333333 0.0296875 0.027083333333333334
1 0.28671875 0.9854166666666667 0.0609375 0.029166666666666667
1 0.0421875 0.80625 0.015625 0.022916666666666665
1 0.3125 0.7458333333333333 0.04375 0.04791666666666667
1 0.25078125 0.784375 0.028125 0.020833333333333332
1 0.3859375 0.7614583333333333 0.025 0.025
1 0.41171875 0.7791666666666667 0.0125 0.01875
1 0.39453125 0.6489583333333333 0.0234375 0.041666666666666664
1 0.32890625 0.6458333333333334 0.0171875 0.01875
1 0.0375 0.5020833333333333 0.0234375 0.025
1 0.1734375 0.45208333333333334 0.046875 0.09583333333333334
1 0.20625 0.390625 0.0453125 0.027083333333333334
1 0.28125 0.5072916666666667 0.034375 0.03125
1 0.1859375 0.33645833333333336 0.0453125 0.0625
1 0.0140625 0.20416666666666666 0.028125 0.08333333333333333
1 0.04765625 0.23229166666666667 0.03125 0.04791666666666667
1 0.0125 0.07916666666666666 0.0203125 0.025
1 0.225 0.07291666666666667 0.034375 0.05416666666666667
1 0.26796875 0.12604166666666666 0.01875 0.03958333333333333
1 0.26796875 0.190625 0.03125 0.035416666666666666
1 0.24609375 0.26145833333333335 0.0109375 0.016666666666666666
1 0.1609375 0.005208333333333333 0.0109375 0.010416666666666666
1 0.3359375 0.04479166666666667 0.0484375 0.06458333333333334
1 0.421875 0.034375 0.08125 0.06875
1 0.5 0.015625 0.0234375 0.03125
1 0.5546875 0.06145833333333333 0.025 0.020833333333333332
1 0.4234375 0.27291666666666664 0.01875 0.029166666666666667
1 0.4328125 0.40625 0.028125 0.03333333333333333
1 0.5109375 0.45625 0.0234375 0.03958333333333333
1 0.5390625 0.40625 0.046875 0.06666666666666667
1 0.5765625 0.43645833333333334 0.0296875 0.029166666666666667
1 0.61015625 0.45729166666666665 0.0640625 0.07916666666666666
1 0.58671875 0.50625 0.015625 0.014583333333333334
1 0.63671875 0.5354166666666667 0.0578125 0.05
1 0.63125 0.5802083333333333 0.0125 0.025
1 0.734375 0.5177083333333333 0.0546875 0.06666666666666667
1 0.8015625 0.465625 0.059375 0.08125
1 0.62421875 0.3697916666666667 0.06875 0.06458333333333334
1 0.625 0.303125 0.0359375 0.04375
1 0.70546875 0.240625 0.021875 0.041666666666666664
1 0.65234375 0.18541666666666667 0.0359375 0.04375
1 0.88671875 0.2552083333333333 0.0421875 0.035416666666666666
1 0.8953125 0.13125 0.0359375 0.04583333333333333
1 0.81953125 0.121875 0.0265625 0.03125
1 0.9859375 0.0375 0.028125 0.04583333333333333
1 0.98125 0.24375 0.0203125 0.022916666666666665
1 0.99296875 0.2864583333333333 0.0140625 0.020833333333333332
1 0.890625 0.43020833333333336 0.0125 0.025
1 0.94375 0.4625 0.03125 0.05416666666666667
1 0.91875 0.49583333333333335 0.0140625 0.025
1 0.92421875 0.590625 0.034375 0.0375
1 0.64140625 0.815625 0.0609375 0.05625
1 0.734375 0.8604166666666667 0.06875 0.09791666666666667
1 0.79375 0.9395833333333333 0.0171875 0.03125
1 0.840625 0.95 0.059375 0.0625
1 0.840625 0.853125 0.0484375 0.07083333333333333
1 0.89453125 0.8458333333333333 0.046875 0.06041666666666667
1 0.971875 0.8302083333333333 0.0515625 0.05625
1 0.92578125 0.784375 0.0234375 0.020833333333333332
1 0.97890625 0.75625 0.0234375 0.035416666666666666