1 0.3890625 0.7302083333333333 0.0234375 0.020833333333333332
1 0.4734375 0.825 0.01875 0.020833333333333332
0 0.67421875 0.40625 0.0953125 0.23125
0 0.68046875 0.06979166666666667 0.29375 0.13541666666666666
1 0.88046875 0.5375 0.0578125 0.06458333333333334
1 0.7890625 0.3729166666666667 0.0265625 0.03125
1 0.6515625 0.265625 0.0203125 0.029166666666666667
1 0.44453125 0.96875 0.08125 0.0625
1 0.35703125 0.5 0.028125 0.0375
1 0.5890625 0.5322916666666667 0.0203125 0.025
1 0.86015625 0.29375 0.0203125 0.027083333333333334
1 0.1328125 0.6541666666666667 0.0265625 0.025
1 0.73828125 0.409375 0.021875 0.029166666666666667
1 0.5328125 0.7729166666666667 0.0203125 0.020833333333333332
0 0.68515625 0.8625 0.15 0.22291666666666668
0 0.69609375 0.5895833333333333 0.240625 0.1