1 0.32734375 0.8083333333333333 0.01328125 0.022222222222222223
1 0.11015625 0.6479166666666667 0.04140625 0.06111111111111111
1 0.110546875 0.5743055555555555 0.040625 0.04027777777777778
1 0.12109375 0.6041666666666666 0.01015625 0.015277777777777777
1 0.23203125 0.5104166666666666 0.03046875 0.03888888888888889
1 0.23046875 0.5534722222222223 0.034375 0.043055555555555555
1 0.05859375 0.5361111111111111 0.03828125 0.08472222222222223
1 0.097265625 0.5305555555555556 0.0375 0.04583333333333333
1 0.085546875 0.4791666666666667 0.0328125 0.05694444444444444
1 0.293359375 0.4270833333333333 0.0203125 0.03888888888888889
1 0.446875 0.4965277777777778 0.0171875 0.020833333333333332
1 0.62109375 0.4666666666666667 0.03046875 0.05138888888888889
1 0.62890625 0.39791666666666664 0.02578125 0.05277777777777778
1 0.634375 0.43472222222222223 0.02109375 0.04027777777777778
1 0.609375 0.3590277777777778 0.01015625 0.027777777777777776
1 0.714453125 0.44375 0.02578125 0.058333333333333334
1 0.70703125 0.5118055555555555 0.01953125 0.05138888888888889
1 0.671484375 0.7513888888888889 0.02109375 0.04722222222222222
1 0.790625 0.7 0.02734375 0.06388888888888888
1 0.764453125 0.5756944444444444 0.0171875 0.04583333333333333
1 0.763671875 0.6159722222222223 0.01953125 0.034722222222222224
1 0.783984375 0.4548611111111111 0.01953125 0.02638888888888889
1 0.813671875 0.3875 0.0234375 0.05
1 0.8953125 0.3951388888888889 0.0203125 0.03888888888888889
1 0.894140625 0.5361111111111111 0.0140625 0.044444444444444446
1 0.85078125 0.5520833333333334 0.01484375 0.029166666666666667
1 0.899609375 0.46041666666666664 0.01171875 0.020833333333333332
1 0.929296875 0.35138888888888886 0.0140625 0.030555555555555555
1 0.95859375 0.3194444444444444 0.01015625 0.02638888888888889
1 0.809765625 0.06597222222222222 0.040625 0.06111111111111111
1 0.7828125 0.23125 0.0125 0.020833333333333332
1 0.817578125 0.20347222222222222 0.01171875 0.041666666666666664
1 0.704296875 0.14791666666666667 0.0171875 0.0375
0 0.634765625 0.11041666666666666 0.07265625 0.22083333333333333
0 0.699609375 0.22569444444444445 0.246875 0.28194444444444444
1 0.742578125 0.017361111111111112 0.0203125 0.034722222222222224
1 0.767578125 0.05 0.01796875 0.04583333333333333
1 0.784765625 0.013194444444444444 0.01796875 0.02638888888888889
1 0.437890625 0.18472222222222223 0.0140625 0.0375
1 0.596875 0.9597222222222223 0.03203125 0.08055555555555556
1 0.6390625 0.81875 0.01796875 0.034722222222222224
1 0.63828125 0.7673611111111112 0.01171875 0.022222222222222223
1 0.766796875 0.9840277777777777 0.021875 0.022222222222222223
1 0.759375 0.8965277777777778 0.01015625 0.020833333333333332
1 0.840625 0.9826388888888888 0.0234375 0.034722222222222224
1 0.8625 0.9923611111111111 0.0109375 0.015277777777777777
1 0.85859375 0.9173611111111111 0.034375 0.05416666666666667
1 0.79375 0.5659722222222222 0.015625 0.013888888888888888
1 0.239453125 0.8861111111111111 0.04453125 0.09027777777777778
1 0.812109375 0.6736111111111112 0.01328125 0.018055555555555554
1 0.709375 0.3076388888888889 0.03125 0.04861111111111111
1 0.303125 0.5604166666666667 0.0078125 0.0125
0 0.65859375 0.3597222222222222 0.13203125 0.5125
0 0.678125 0.6229166666666667 0.11796875 0.4625
0 0.672265625 0.8645833333333334 0.06484375 0.2708333333333333
0 0.1421875 0.9756944444444444 0.09453125 0.04861111111111111
0 0.0984375 0.46875 0.178125 0.41388888888888886
0 0.17421875 0.14444444444444443 0.11484375 0.12361111111111112
1 0.171484375 0.9208333333333333 0.03359375 0.05277777777777778
1 0.081640625 0.9833333333333333 0.02421875 0.03333333333333333
1 0.105859375 0.9458333333333333 0.01171875 0.018055555555555554
1 0.1453125 0.8131944444444444 0.040625 0.05416666666666667
1 0.08125 0.6604166666666667 0.01875 0.03333333333333333
1 0.4921875 0.027777777777777776 0.05 0.05555555555555555
1 0.55 0.05694444444444444 0.040625 0.075
1 0.568359375 0.08680555555555555 0.015625 0.029166666666666667
1 0.51484375 0.13402777777777777 0.03125 0.05138888888888889
1 0.515234375 0.18333333333333332 0.01953125 0.03333333333333333
1 0.50078125 0.24375 0.0109375 0.019444444444444445
1 0.52109375 0.26805555555555555 0.02890625 0.04722222222222222
1 0.49921875 0.2916666666666667 0.01796875 0.0375
1 0.509765625 0.3277777777777778 0.0203125 0.03888888888888889
1 0.53828125 0.36319444444444443 0.025 0.04027777777777778
1 0.54609375 0.40208333333333335 0.02109375 0.043055555555555555
1 0.522265625 0.39375 0.01796875 0.059722222222222225
1 0.501171875 0.38958333333333334 0.0203125 0.04027777777777778
1 0.45390625 0.45416666666666666 0.01875 0.02638888888888889
1 0.509375 0.4847222222222222 0.01484375 0.018055555555555554
1 0.23671875 0.5944444444444444 0.0140625 0.02361111111111111
1 0.0328125 0.5791666666666667 0.0171875 0.029166666666666667
1 0.552734375 0.44166666666666665 0.00859375 0.013888888888888888
1 0.648046875 0.5513888888888889 0.01484375 0.030555555555555555
1 0.64296875 0.5770833333333333 0.0140625 0.027777777777777776
1 0.06875 0.8333333333333334 0.0125 0.030555555555555555
1 0.52578125 0.7784722222222222 0.02578125 0.0625
1 0.551171875 0.5263888888888889 0.01328125 0.027777777777777776
1 0.39921875 0.33958333333333335 0.01328125 0.022222222222222223
1 0.565625 0.6229166666666667 0.02109375 0.043055555555555555
1 0.582421875 0.5583333333333333 0.034375 0.05416666666666667
1 0.554296875 0.8236111111111111 0.02421875 0.044444444444444446
1 0.4625 0.7430555555555556 0.01484375 0.027777777777777776
1 0.48203125 0.7243055555555555 0.01640625 0.020833333333333332
1 0.42265625 0.7847222222222222 0.03203125 0.12083333333333333
1 0.308203125 0.9361111111111111 0.0140625 0.034722222222222224
1 0.29140625 0.9402777777777778 0.0109375 0.025
1 0.28671875 0.18333333333333332 0.0640625 0.08333333333333333
1 0.230859375 0.2659722222222222 0.04140625 0.09583333333333334
1 0.291015625 0.3194444444444444 0.0140625 0.03194444444444444
1 0.1015625 0.2972222222222222 0.03125 0.09861111111111111
1 0.138671875 0.33055555555555555 0.04609375 0.09166666666666666
1 0.062109375 0.2673611111111111 0.028125 0.07083333333333333
1 0.0265625 0.24166666666666667 0.021875 0.05416666666666667
1 0.095703125 0.09652777777777778 0.02734375 0.08055555555555556
1 0.1203125 0.04375 0.01484375 0.029166666666666667
1 0.2046875 0.12013888888888889 0.015625 0.030555555555555555
1 0.30078125 0.04513888888888889 0.0125 0.027777777777777776
1 0.373828125 0.05138888888888889 0.0125 0.03194444444444444
1 0.305859375 0.11736111111111111 0.025 0.04583333333333333
1 0.42265625 0.00625 0.0171875 0.0125
1 0.071484375 0.71875 0.04765625 0.07777777777777778
1 0.096484375 0.7798611111111111 0.03359375 0.04583333333333333
1 0.14296875 0.74375 0.01640625 0.030555555555555555
1 0.189453125 0.7993055555555556 0.03203125 0.05138888888888889
0 0.17265625 0.7347222222222223 0.10390625 0.1486111111111111
1 0.26015625 0.7784722222222222 0.00859375 0.018055555555555554