0 0.11953125 0.6458333333333334 0.12578125 0.30277777777777776
1 0.055078125 0.5236111111111111 0.01015625 0.025
1 0.325 0.9805555555555555 0.01015625 0.020833333333333332
1 0.722265625 0.7666666666666667 0.0078125 0.016666666666666666
1 0.73671875 0.7402777777777778 0.01328125 0.03333333333333333
1 0.813671875 0.7652777777777777 0.01875 0.043055555555555555
1 0.985546875 0.6826388888888889 0.021875 0.03333333333333333
1 0.9765625 0.7277777777777777 0.0125 0.019444444444444445
1 0.98046875 0.79375 0.01875 0.025
1 0.959765625 0.8965277777777778 0.02265625 0.030555555555555555
1 0.93828125 0.9763888888888889 0.02578125 0.04722222222222222
1 0.19765625 0.31180555555555556 0.0125 0.019444444444444445
1 0.1546875 0.02361111111111111 0.0109375 0.025
1 0.184765625 0.022916666666666665 0.01640625 0.04583333333333333
1 0.12421875 0.09236111111111112 0.0078125 0.016666666666666666
1 0.119921875 0.07222222222222222 0.009375 0.020833333333333332
1 0.10625 0.21944444444444444 0.03046875 0.06388888888888888
1 0.101953125 0.14444444444444443 0.01953125 0.029166666666666667
1 0.619921875 0.13125 0.0140625 0.02361111111111111
1 0.5421875 0.03333333333333333 0.01640625 0.03333333333333333
1 0.4984375 0.04583333333333333 0.0375 0.06527777777777778
1 0.468359375 0.03888888888888889 0.021875 0.041666666666666664
1 0.520703125 0.16944444444444445 0.0125 0.022222222222222223
1 0.5265625 0.14097222222222222 0.01875 0.034722222222222224
1 0.50078125 0.12986111111111112 0.01875 0.04583333333333333
1 0.449609375 0.12708333333333333 0.01953125 0.043055555555555555
1 0.46171875 0.3875 0.01484375 0.025
1 0.440625 0.2875 0.01953125 0.0375
1 0.38984375 0.29097222222222224 0.0171875 0.02638888888888889
1 0.332421875 0.1951388888888889 0.01015625 0.025
1 0.294921875 0.15486111111111112 0.0125 0.030555555555555555
1 0.328125 0.3104166666666667 0.02421875 0.04722222222222222
1 0.294140625 0.27291666666666664 0.01640625 0.034722222222222224
1 0.255078125 0.9472222222222222 0.021875 0.05416666666666667
1 0.292578125 0.7798611111111111 0.01640625 0.027777777777777776
1 0.575390625 0.7256944444444444 0.02890625 0.06388888888888888
1 0.42265625 0.9083333333333333 0.0125 0.02638888888888889
1 0.4734375 0.9909722222222223 0.0109375 0.018055555555555554
1 0.530078125 0.8319444444444445 0.04453125 0.059722222222222225
1 0.501171875 0.6625 0.0234375 0.03611111111111111
1 0.4578125 0.6902777777777778 0.0171875 0.030555555555555555
1 0.471875 0.5520833333333334 0.01796875 0.03611111111111111
1 0.5765625 0.44027777777777777 0.03125 0.05555555555555555
1 0.560546875 0.4083333333333333 0.0109375 0.02361111111111111
1 0.67578125 0.36875 0.01484375 0.02638888888888889
1 0.580859375 0.2659722222222222 0.06796875 0.09305555555555556
1 0.768359375 0.4236111111111111 0.0171875 0.020833333333333332
1 0.873046875 0.45069444444444445 0.0328125 0.059722222222222225
1 0.95546875 0.3486111111111111 0.02421875 0.04722222222222222
1 0.94765625 0.12569444444444444 0.01875 0.0375
1 0.890234375 0.18125 0.0171875 0.02361111111111111
1 0.863671875 0.175 0.0234375 0.04861111111111111
1 0.78203125 0.21458333333333332 0.01796875 0.034722222222222224
1 0.7265625 0.05347222222222222 0.03046875 0.05
1 0.768359375 0.02638888888888889 0.01875 0.03333333333333333
1 0.848046875 0.07777777777777778 0.02265625 0.05
1 0.717578125 0.6055555555555555 0.0234375 0.06111111111111111
1 0.78671875 0.9909722222222223 0.0140625 0.018055555555555554
1 0.692578125 0.8243055555555555 0.0109375 0.016666666666666666
1 0.06953125 0.06527777777777778 0.01796875 0.030555555555555555
0 0.72109375 0.2013888888888889 0.22890625 0.4027777777777778
0 0.71953125 0.38958333333333334 0.31484375 0.2763888888888889
0 0.7109375 0.6708333333333333 0.1890625 0.4444444444444444
0 0.676953125 0.9020833333333333 0.21171875 0.19583333333333333
0 0.151953125 0.9097222222222222 0.20078125 0.18055555555555555
0 0.190625 0.9625 0.04453125 0.075
0 0.153125 0.5118055555555555 0.0671875 0.1597222222222222
1 0.343359375 0.10902777777777778 0.01171875 0.019444444444444445
1 0.860546875 0.018055555555555554 0.0234375 0.03611111111111111
0 0.08984375 0.26666666666666666 0.1796875 0.2652777777777778
0 0.118359375 0.11875 0.1296875 0.2375