1 0.221875 0.309375 0.0171875 0.020833333333333332
1 0.784375 0.853125 0.084375 0.11875
1 0.875 0.9395833333333333 0.05 0.09375
1 0.93515625 0.984375 0.0265625 0.022916666666666665
1 0.8890625 0.8614583333333333 0.0265625 0.03958333333333333
1 0.890625 0.8229166666666666 0.015625 0.016666666666666666
1 0.940625 0.8 0.021875 0.03125
1 0.890625 0.7510416666666667 0.040625 0.05
1 0.92734375 0.7166666666666667 0.0375 0.06041666666666667
1 0.809375 0.7291666666666666 0.05 0.09791666666666667
1 0.61484375 0.8125 0.0296875 0.07291666666666667
1 0.65703125 0.840625 0.0296875 0.03958333333333333
1 0.54765625 0.8677083333333333 0.05 0.04791666666666667
1 0.60390625 0.8958333333333334 0.0171875 0.016666666666666666
1 0.46328125 0.8947916666666667 0.0453125 0.058333333333333334
1 0.3796875 0.959375 0.015625 0.027083333333333334
1 0.359375 0.984375 0.0421875 0.03125
1 0.13984375 0.8802083333333334 0.071875 0.05625
1 0.275 0.821875 0.0234375 0.027083333333333334
1 0.0265625 0.8416666666666667 0.015625 0.014583333333333334
1 0.37109375 0.6427083333333333 0.034375 0.05
1 0.465625 0.69375 0.0546875 0.06666666666666667
1 0.24765625 0.628125 0.0453125 0.03333333333333333
1 0.22421875 0.5489583333333333 0.0421875 0.06666666666666667
1 0.3046875 0.49895833333333334 0.0390625 0.03958333333333333
1 0.353125 0.571875 0.009375 0.01875
1 0.42109375 0.5989583333333334 0.0296875 0.03125
1 0.409375 0.4666666666666667 0.0203125 0.027083333333333334
1 0.61484375 0.7072916666666667 0.0296875 0.0375
1 0.76953125 0.6427083333333333 0.1 0.058333333333333334
1 0.7265625 0.684375 0.0109375 0.020833333333333332
1 0.775 0.5635416666666667 0.0765625 0.0875
1 0.8546875 0.6322916666666667 0.0171875 0.022916666666666665
1 0.86796875 0.49895833333333334 0.0359375 0.052083333333333336
1 0.80546875 0.496875 0.03125 0.05
1 0.62109375 0.5020833333333333 0.03125 0.03333333333333333
1 0.678125 0.4166666666666667 0.0296875 0.0375
1 0.7109375 0.33958333333333335 0.01875 0.025
1 0.77265625 0.359375 0.0453125 0.07916666666666666
1 0.825 0.409375 0.0234375 0.03958333333333333
1 0.8640625 0.334375 0.05625 0.0375
1 0.80078125 0.171875 0.01875 0.03958333333333333
1 0.86015625 0.21770833333333334 0.1 0.07916666666666666
1 0.940625 0.215625 0.0390625 0.035416666666666666
1 0.93359375 0.08958333333333333 0.0421875 0.05416666666666667
1 0.96796875 0.09270833333333334 0.0140625 0.016666666666666666
1 0.8296875 0.10416666666666667 0.034375 0.06041666666666667
1 0.625 0.17291666666666666 0.071875 0.10208333333333333
1 0.553125 0.14895833333333333 0.0203125 0.020833333333333332
1 0.56640625 0.18229166666666666 0.0390625 0.04583333333333333
1 0.50390625 0.16875 0.0421875 0.06041666666666667
1 0.32265625 0.14583333333333334 0.04375 0.05416666666666667
1 0.33984375 0.190625 0.0328125 0.0375
1 0.1546875 0.051041666666666666 0.0546875 0.06666666666666667
1 0.1875 0.041666666666666664 0.025 0.03333333333333333
1 0.1359375 0.005208333333333333 0.009375 0.010416666666666666
1 0.27265625 0.027083333333333334 0.0296875 0.0375
1 0.3859375 0.016666666666666666 0.0421875 0.03333333333333333
1 0.46171875 0.013541666666666667 0.0203125 0.027083333333333334
1 0.5640625 0.084375 0.021875 0.022916666666666665
1 0.69140625 0.13333333333333333 0.0296875 0.06875
1 0.6421875 0.09791666666666667 0.065625 0.058333333333333334
1 0.64765625 0.04375 0.0546875 0.05416666666666667
1 0.628125 0.008333333333333333 0.0265625 0.016666666666666666
1 0.71953125 0.026041666666666668 0.028125 0.029166666666666667
1 0.7203125 0.06770833333333333 0.025 0.0375
1 0.78125 0.015625 0.0328125 0.03125
1 0.925 0.013541666666666667 0.0265625 0.027083333333333334
1 0.984375 0.134375 0.0203125 0.0375
1 0.94296875 0.50625 0.034375 0.05625
1 0.96953125 0.553125 0.0609375 0.05416666666666667
1 0.98046875 0.5135416666666667 0.021875 0.020833333333333332
1 0.98828125 0.46979166666666666 0.0234375 0.029166666666666667
1 0.57890625 0.9802083333333333 0.0390625 0.03958333333333333
1 0.69375 0.959375 0.0375 0.05
1 0.3109375 0.8020833333333334 0.009375 0.020833333333333332
1 0.24765625 0.6604166666666667 0.0171875 0.01875
1 0.02890625 0.3802083333333333 0.05625 0.07708333333333334
1 0.13203125 0.4083333333333333 0.0453125 0.04583333333333333
1 0.13203125 0.4427083333333333 0.028125 0.0375
1 0.27265625 0.5020833333333333 0.01875 0.020833333333333332
1 0.13984375 0.9489583333333333 0.021875 0.05625
0 0.5609375 0.8552083333333333 0.2890625 0.21041666666666667
0 0.52109375 0.6625 0.4578125 0.48333333333333334
0 0.55 0.340625 0.4421875 0.24583333333333332
0 0.484375 0.029166666666666667 0.21875 0.058333333333333334
1 0.36484375 0.04791666666666667 0.021875 0.0375
1 0.2640625 0.2520833333333333 0.021875 0.01875
1 0.35625 0.29375 0.0859375 0.1125
1 0.08984375 0.6010416666666667 0.0125 0.027083333333333334
1 0.04765625 0.4739583333333333 0.0125 0.014583333333333334
0 0.8125 0.95625 0.0234375 0.022916666666666665
1 0.91015625 0.8489583333333334 0.0125 0.016666666666666666
1 0.971875 0.753125 0.0125 0.014583333333333334
1 0.32890625 0.815625 0.0171875 0.020833333333333332