1 0.526953125 0.9604166666666667 0.02578125 0.04722222222222222
1 0.203515625 0.55 0.0484375 0.08055555555555556
1 0.47734375 0.7645833333333333 0.01640625 0.030555555555555555
1 0.461328125 0.6673611111111111 0.03046875 0.06805555555555555
1 0.287109375 0.6006944444444444 0.01484375 0.018055555555555554
1 0.3140625 0.5833333333333334 0.0203125 0.0375
1 0.4546875 0.7368055555555556 0.0171875 0.030555555555555555
1 0.424609375 0.7180555555555556 0.0109375 0.034722222222222224
1 0.437890625 0.6868055555555556 0.01953125 0.029166666666666667
1 0.319140625 0.8138888888888889 0.04921875 0.06527777777777778
1 0.232421875 0.8493055555555555 0.021875 0.029166666666666667
1 0.171875 0.6888888888888889 0.0375 0.09444444444444444
1 0.10625 0.6979166666666666 0.0234375 0.04027777777777778
1 0.0921875 0.7861111111111111 0.015625 0.034722222222222224
1 0.096875 0.8958333333333334 0.01328125 0.020833333333333332
1 0.4296875 0.5722222222222222 0.0171875 0.04027777777777778
1 0.137109375 0.5243055555555556 0.0453125 0.0625
1 0.16640625 0.35694444444444445 0.01328125 0.016666666666666666
1 0.207421875 0.3347222222222222 0.01953125 0.03194444444444444
1 0.140234375 0.26805555555555555 0.0109375 0.03333333333333333
1 0.22421875 0.20208333333333334 0.0078125 0.016666666666666666
1 0.15390625 0.1625 0.0171875 0.03611111111111111
1 0.21796875 0.11458333333333333 0.0125 0.027777777777777776
1 0.22421875 0.08472222222222223 0.0125 0.015277777777777777
1 0.5109375 0.4861111111111111 0.0171875 0.027777777777777776
1 0.908984375 0.4861111111111111 0.01484375 0.020833333333333332
1 0.887890625 0.5951388888888889 0.02734375 0.034722222222222224
1 0.95 0.5854166666666667 0.0109375 0.016666666666666666
1 0.957421875 0.6423611111111112 0.01796875 0.03194444444444444
1 0.880078125 0.7305555555555555 0.01796875 0.0375
1 0.99609375 0.8236111111111111 0.0078125 0.041666666666666664
1 0.959375 0.9375 0.05625 0.07222222222222222
1 0.918359375 0.9604166666666667 0.06328125 0.07916666666666666
1 0.86328125 0.9180555555555555 0.0203125 0.029166666666666667
1 0.9125 0.17916666666666667 0.0265625 0.04861111111111111
1 0.934765625 0.20208333333333334 0.00859375 0.015277777777777777
1 0.97109375 0.19166666666666668 0.01484375 0.020833333333333332
1 0.991796875 0.19722222222222222 0.01640625 0.0375
1 0.88828125 0.2798611111111111 0.01015625 0.018055555555555554
0 0.136328125 0.04652777777777778 0.07890625 0.09305555555555556
0 0.093359375 0.4076388888888889 0.159375 0.4722222222222222
0 0.123046875 0.9395833333333333 0.24609375 0.12083333333333333
0 0.73515625 0.9305555555555556 0.240625 0.1388888888888889
0 0.706640625 0.6534722222222222 0.25859375 0.45694444444444443
0 0.639453125 0.12777777777777777 0.23671875 0.25555555555555554
1 0.61640625 0.4583333333333333 0.059375 0.075
1 0.68125 0.3486111111111111 0.02109375 0.04861111111111111
1 0.74453125 0.29097222222222224 0.046875 0.09166666666666666
1 0.7625 0.3548611111111111 0.040625 0.05277777777777778
1 0.613671875 0.2673611111111111 0.0984375 0.14166666666666666
1 0.692578125 0.17291666666666666 0.0171875 0.027777777777777776
1 0.747265625 0.16805555555555557 0.01953125 0.03888888888888889
1 0.471484375 0.06944444444444445 0.021875 0.03888888888888889
1 0.480078125 0.12291666666666666 0.025 0.0375
1 0.50390625 0.11041666666666666 0.01796875 0.03194444444444444
1 0.457421875 0.2722222222222222 0.02421875 0.05555555555555555
1 0.42421875 0.2611111111111111 0.03515625 0.05694444444444444
1 0.439453125 0.4909722222222222 0.009375 0.019444444444444445
1 0.51171875 0.6027777777777777 0.01875 0.041666666666666664
1 0.50703125 0.6951388888888889 0.01640625 0.029166666666666667
1 0.536328125 0.8118055555555556 0.0328125 0.058333333333333334
1 0.527734375 0.8680555555555556 0.040625 0.05277777777777778
1 0.5328125 0.9236111111111112 0.02734375 0.03194444444444444