1 0.8609375 0.22569444444444445 0.01484375 0.029166666666666667
1 0.74375 0.05138888888888889 0.01875 0.04027777777777778
1 0.8921875 0.9458333333333333 0.0234375 0.04027777777777778
1 0.805859375 0.8444444444444444 0.0203125 0.034722222222222224
1 0.795703125 0.7645833333333333 0.0140625 0.025
1 0.06875 0.6104166666666667 0.01796875 0.029166666666666667
1 0.85625 0.32222222222222224 0.015625 0.03333333333333333
0 0.10390625 0.8881944444444444 0.2078125 0.20416666666666666
1 0.861328125 0.4097222222222222 0.01796875 0.041666666666666664
1 0.25546875 0.6243055555555556 0.0265625 0.05555555555555555
1 0.791015625 0.5430555555555555 0.021875 0.03611111111111111
1 0.955859375 0.06111111111111111 0.025 0.043055555555555555
1 0.94140625 0.025694444444444443 0.03203125 0.04861111111111111
0 0.64375 0.28958333333333336 0.08203125 0.5791666666666667
1 0.6984375 0.9201388888888888 0.03671875 0.041666666666666664
1 0.224609375 0.30694444444444446 0.0265625 0.06666666666666667
1 0.88046875 0.5388888888888889 0.0234375 0.04027777777777778
1 0.990234375 0.18958333333333333 0.015625 0.04861111111111111
1 0.826171875 0.08125 0.02421875 0.034722222222222224
1 0.973828125 0.8 0.04375 0.06944444444444445
1 0.9484375 0.45694444444444443 0.0328125 0.06111111111111111
1 0.67265625 0.9680555555555556 0.03203125 0.05416666666666667
1 0.95234375 0.875 0.0203125 0.029166666666666667
1 0.23125 0.8923611111111112 0.034375 0.0625
1 0.633984375 0.8298611111111112 0.01875 0.03194444444444444
1 0.58125 0.8590277777777777 0.0421875 0.059722222222222225
1 0.969921875 0.5201388888888889 0.04140625 0.06111111111111111
1 0.816015625 0.3104166666666667 0.0234375 0.07361111111111111
1 0.748828125 0.5368055555555555 0.04453125 0.04861111111111111
1 0.171484375 0.9729166666666667 0.0171875 0.030555555555555555
1 0.2390625 0.8152777777777778 0.0234375 0.043055555555555555
1 0.090625 0.4041666666666667 0.01796875 0.03194444444444444
1 0.096484375 0.7527777777777778 0.025 0.04861111111111111
0 0.104296875 0.06319444444444444 0.20859375 0.12083333333333333
1 0.883984375 0.22569444444444445 0.02734375 0.05
1 0.7359375 0.18125 0.028125 0.05277777777777778
0 0.119140625 0.5520833333333334 0.09140625 0.3861111111111111
1 0.72890625 0.6965277777777777 0.03984375 0.04861111111111111
1 0.68046875 0.25972222222222224 0.04609375 0.14027777777777778
1 0.708984375 0.14027777777777778 0.021875 0.03194444444444444
1 0.784765625 0.22916666666666666 0.02109375 0.041666666666666664
1 0.941015625 0.15 0.0234375 0.043055555555555555
1 0.22734375 0.39444444444444443 0.025 0.05277777777777778
1 0.566796875 0.5166666666666667 0.0265625 0.044444444444444446
0 0.10546875 0.24305555555555555 0.21015625 0.19722222222222222
1 0.69765625 0.6354166666666666 0.0390625 0.06666666666666667
0 0.738671875 0.5472222222222223 0.24453125 0.22916666666666666
1 0.82734375 0.55 0.040625 0.06111111111111111
1 0.98515625 0.27291666666666664 0.01875 0.02361111111111111
1 0.993359375 0.4076388888888889 0.0109375 0.034722222222222224
1 0.9203125 0.9652777777777778 0.05078125 0.06111111111111111
1 0.90078125 0.06597222222222222 0.034375 0.05416666666666667
1 0.66796875 0.5902777777777778 0.02890625 0.044444444444444446
1 0.2328125 0.020833333333333332 0.02421875 0.03888888888888889
1 0.267578125 0.91875 0.02109375 0.03888888888888889
1 0.7234375 0.022916666666666665 0.03125 0.044444444444444446
1 0.943359375 0.3972222222222222 0.0265625 0.03888888888888889
1 0.95 0.6465277777777778 0.02734375 0.05
0 0.65703125 0.7590277777777777 0.2625 0.15138888888888888
1 0.98828125 0.48194444444444445 0.01484375 0.044444444444444446
1 0.937890625 0.9298611111111111 0.04453125 0.05694444444444444
0 0.63203125 0.044444444444444446 0.19140625 0.0875
1 0.890234375 0.6069444444444444 0.0140625 0.02638888888888889
1 0.212109375 0.06527777777777778 0.0265625 0.05416666666666667
1 0.130859375 0.6986111111111111 0.02578125 0.04583333333333333
1 0.923828125 0.63125 0.01796875 0.034722222222222224
1 0.285546875 0.64375 0.0203125 0.034722222222222224
1 0.712890625 0.1986111111111111 0.0203125 0.041666666666666664
1 0.74140625 0.27708333333333335 0.0171875 0.03333333333333333
1 0.9 0.5173611111111112 0.01796875 0.03194444444444444
1 0.18125 0.38263888888888886 0.02109375 0.03611111111111111
1 0.937890625 0.5965277777777778 0.02109375 0.034722222222222224
1 0.31875 0.29791666666666666 0.01953125 0.05138888888888889
1 0.8921875 0.2861111111111111 0.0140625 0.03611111111111111
1 0.8984375 0.38958333333333334 0.01875 0.0375