1 0.534375 0.559375 0.0203125 0.020833333333333332
1 0.815625 0.42916666666666664 0.03125 0.06041666666666667
1 0.78984375 0.24375 0.034375 0.05
1 0.296875 0.6989583333333333 0.0203125 0.029166666666666667
1 0.92578125 0.37916666666666665 0.040625 0.03333333333333333
1 0.915625 0.23645833333333333 0.021875 0.027083333333333334
1 0.73203125 0.036458333333333336 0.0203125 0.020833333333333332
0 0.6515625 0.49270833333333336 0.25 0.11875
0 0.66328125 0.32916666666666666 0.2671875 0.11875
1 0.38046875 0.8104166666666667 0.034375 0.025
1 0.41171875 0.83125 0.0234375 0.020833333333333332
1 0.39921875 0.9229166666666667 0.01875 0.022916666666666665
1 0.265625 0.5583333333333333 0.01875 0.025
1 0.4875 0.45 0.01875 0.0375
1 0.2921875 0.26666666666666666 0.0296875 0.035416666666666666
1 0.47578125 0.016666666666666666 0.028125 0.03333333333333333
1 0.765625 0.28229166666666666 0.0328125 0.035416666666666666
1 0.896875 0.6760416666666667 0.01875 0.022916666666666665
1 0.803125 0.359375 0.0203125 0.022916666666666665
1 0.60390625 0.6822916666666666 0.0125 0.01875
1 0.24375 0.69375 0.0125 0.014583333333333334
1 0.28984375 0.37604166666666666 0.0234375 0.041666666666666664
1 0.8671875 0.40520833333333334 0.0171875 0.020833333333333332
1 0.3546875 0.7739583333333333 0.0140625 0.01875
1 0.1796875 0.7479166666666667 0.0171875 0.020833333333333332
1 0.63671875 0.6166666666666667 0.0296875 0.041666666666666664
1 0.62890625 0.34791666666666665 0.0140625 0.016666666666666666
1 0.59765625 0.08541666666666667 0.0203125 0.020833333333333332
1 0.7265625 0.6864583333333333 0.03125 0.025
1 0.596875 0.6145833333333334 0.01875 0.029166666666666667
0 0.60390625 0.8114583333333333 0.1375 0.3020833333333333
0 0.61484375 0.08125 0.1078125 0.1625