1 0.01796875 0.09375 0.0359375 0.052083333333333336
1 0.43359375 0.24270833333333333 0.01875 0.022916666666666665
1 0.4296875 0.19895833333333332 0.0125 0.029166666666666667
1 0.48203125 0.2833333333333333 0.0171875 0.03958333333333333
1 0.4375 0.44479166666666664 0.015625 0.01875
1 0.4890625 0.48541666666666666 0.0265625 0.03333333333333333
1 0.22890625 0.946875 0.025 0.03958333333333333
1 0.27109375 0.9083333333333333 0.0234375 0.03958333333333333
1 0.36875 0.9802083333333333 0.0296875 0.03958333333333333
1 0.31328125 0.8052083333333333 0.0234375 0.041666666666666664
1 0.13203125 0.9083333333333333 0.0140625 0.01875
1 0.23359375 0.7125 0.0203125 0.035416666666666666
1 0.81015625 0.5604166666666667 0.021875 0.020833333333333332
1 0.47578125 0.171875 0.015625 0.014583333333333334
1 0.58125 0.06770833333333333 0.015625 0.020833333333333332
1 0.40859375 0.7979166666666667 0.021875 0.03333333333333333
1 0.59921875 0.5135416666666667 0.0171875 0.035416666666666666
1 0.54921875 0.6239583333333333 0.025 0.01875
0 0.54140625 0.9364583333333333 0.0921875 0.12708333333333333
1 0.78515625 0.7083333333333334 0.028125 0.01875
1 0.81171875 0.9135416666666667 0.021875 0.029166666666666667
1 0.5140625 0.9447916666666667 0.0296875 0.022916666666666665
1 0.66796875 0.9510416666666667 0.0203125 0.025
1 0.5609375 0.8 0.0296875 0.04791666666666667
1 0.54375 0.06979166666666667 0.015625 0.0125
1 0.61953125 0.634375 0.0203125 0.03333333333333333
0 0.5703125 0.271875 0.0890625 0.21041666666666667
0 0.596875 0.025 0.0796875 0.05
1 0.4125 0.035416666666666666 0.03125 0.05416666666666667
1 0.34140625 0.017708333333333333 0.0203125 0.03333333333333333
1 0.34296875 0.15 0.01875 0.025
1 0.3109375 0.190625 0.028125 0.020833333333333332
1 0.671875 0.5166666666666667 0.0796875 0.08125
1 0.67109375 0.035416666666666666 0.034375 0.041666666666666664
1 0.3078125 0.271875 0.0203125 0.01875
1 0.3609375 0.2708333333333333 0.025 0.016666666666666666
1 0.265625 0.33229166666666665 0.0734375 0.075
1 0.00625 0.371875 0.009375 0.0125
1 0.75234375 0.5635416666666667 0.0171875 0.022916666666666665
1 0.7265625 0.3104166666666667 0.0203125 0.025
1 0.76484375 0.29583333333333334 0.0265625 0.03125
1 0.75859375 0.22916666666666666 0.0375 0.04375
1 0.88671875 0.265625 0.034375 0.0625
1 0.8140625 0.121875 0.028125 0.029166666666666667
1 0.7140625 0.13125 0.034375 0.041666666666666664
1 0.74453125 0.052083333333333336 0.0171875 0.029166666666666667