1 0.1703125 0.8208333333333333 0.0265625 0.03888888888888889
1 0.71171875 0.7236111111111111 0.015625 0.020833333333333332
1 0.687109375 0.8798611111111111 0.0296875 0.04583333333333333
1 0.1484375 0.8006944444444445 0.02109375 0.03194444444444444
1 0.584765625 0.9006944444444445 0.03046875 0.0375
1 0.523828125 0.8513888888888889 0.021875 0.034722222222222224
1 0.894140625 0.8659722222222223 0.034375 0.0763888888888889
1 0.934765625 0.94375 0.02109375 0.043055555555555555
0 0.135546875 0.925 0.11953125 0.15
0 0.139453125 0.5708333333333333 0.11640625 0.39861111111111114
0 0.105078125 0.51875 0.190625 0.2861111111111111
0 0.11015625 0.22847222222222222 0.20078125 0.3458333333333333
0 0.146484375 0.11458333333333333 0.10234375 0.22777777777777777
0 0.704296875 0.8597222222222223 0.14296875 0.28055555555555556
0 0.6765625 0.8 0.18046875 0.4
0 0.69921875 0.2743055555555556 0.153125 0.36944444444444446
0 0.72734375 0.1111111111111111 0.21875 0.2125
1 0.13359375 0.8694444444444445 0.025 0.04027777777777778
1 0.216796875 0.7659722222222223 0.0296875 0.08194444444444444
1 0.1953125 0.7090277777777778 0.046875 0.04583333333333333
1 0.235546875 0.7069444444444445 0.028125 0.03888888888888889
1 0.2390625 0.6611111111111111 0.01875 0.03333333333333333
1 0.28125 0.6840277777777778 0.02734375 0.041666666666666664
1 0.265625 0.5548611111111111 0.02265625 0.03611111111111111
1 0.2875 0.4840277777777778 0.0203125 0.044444444444444446
1 0.25234375 0.45416666666666666 0.0265625 0.044444444444444446
1 0.228515625 0.47152777777777777 0.021875 0.03611111111111111
1 0.2 0.4152777777777778 0.02734375 0.03611111111111111
1 0.126171875 0.3854166666666667 0.0265625 0.044444444444444446
1 0.164453125 0.35 0.01640625 0.03611111111111111
1 0.25625 0.3736111111111111 0.021875 0.0375
1 0.219140625 0.3173611111111111 0.0375 0.06527777777777778
1 0.212890625 0.2569444444444444 0.021875 0.03333333333333333
1 0.343359375 0.3541666666666667 0.0171875 0.030555555555555555
1 0.229296875 0.16111111111111112 0.01171875 0.027777777777777776
1 0.415234375 0.5625 0.015625 0.029166666666666667
1 0.31953125 0.25625 0.01015625 0.022222222222222223
1 0.883203125 0.9791666666666666 0.025 0.03333333333333333
1 0.92734375 0.35625 0.0125 0.027777777777777776
1 0.54375 0.75625 0.025 0.03333333333333333
1 0.4859375 0.6152777777777778 0.01640625 0.034722222222222224
1 0.295703125 0.9013888888888889 0.01484375 0.029166666666666667
1 0.453515625 0.035416666666666666 0.02265625 0.044444444444444446
1 0.473828125 0.06527777777777778 0.02578125 0.05138888888888889
1 0.540234375 0.1840277777777778 0.02421875 0.04861111111111111
1 0.618359375 0.024305555555555556 0.04453125 0.04861111111111111
1 0.498828125 0.4083333333333333 0.03203125 0.06944444444444445
1 0.7359375 0.3215277777777778 0.0203125 0.029166666666666667
1 0.729296875 0.3576388888888889 0.021875 0.03194444444444444
1 0.765234375 0.2625 0.02265625 0.07361111111111111
1 0.775390625 0.3138888888888889 0.01796875 0.03194444444444444
1 0.803515625 0.2569444444444444 0.03671875 0.0625
1 0.833203125 0.08472222222222223 0.02578125 0.03611111111111111
1 0.740234375 0.75625 0.028125 0.05
1 0.712890625 0.32916666666666666 0.01953125 0.034722222222222224
1 0.595703125 0.3701388888888889 0.0125 0.034722222222222224
1 0.88828125 0.06041666666666667 0.02734375 0.04722222222222222
1 0.83515625 0.3402777777777778 0.01875 0.0375
1 0.963671875 0.3590277777777778 0.01953125 0.02361111111111111
1 0.895703125 0.40694444444444444 0.0203125 0.03333333333333333
1 0.82578125 0.40555555555555556 0.02109375 0.043055555555555555
1 0.81484375 0.4423611111111111 0.01953125 0.0375
1 0.955078125 0.4625 0.0125 0.029166666666666667
1 0.985546875 0.5263888888888889 0.02265625 0.03888888888888889
1 0.919921875 0.5493055555555556 0.02265625 0.03611111111111111
1 0.9296875 0.6486111111111111 0.02265625 0.03888888888888889
1 0.865625 0.6125 0.0265625 0.04027777777777778
1 0.624609375 0.5597222222222222 0.0421875 0.0875
1 0.67734375 0.5263888888888889 0.01484375 0.030555555555555555
1 0.68046875 0.5604166666666667 0.0125 0.020833333333333332
1 0.65859375 0.6340277777777777 0.01953125 0.034722222222222224
1 0.632421875 0.28888888888888886 0.01328125 0.03333333333333333
1 0.18125 0.9576388888888889 0.03046875 0.06666666666666667
1 0.265234375 0.9222222222222223 0.02421875 0.04583333333333333
1 0.244140625 0.8347222222222223 0.03046875 0.044444444444444446
1 0.20390625 0.8631944444444445 0.0203125 0.04583333333333333