1 0.503125 0.46041666666666664 0.01015625 0.03888888888888889
1 0.53203125 0.3236111111111111 0.01796875 0.03888888888888889
1 0.543359375 0.8722222222222222 0.01328125 0.020833333333333332
1 0.86875 0.8194444444444444 0.01015625 0.019444444444444445
1 0.7859375 0.2548611111111111 0.01796875 0.05138888888888889
1 0.24765625 0.9388888888888889 0.02734375 0.05555555555555555
1 0.194140625 0.1909722222222222 0.01796875 0.04861111111111111
1 0.23515625 0.22708333333333333 0.02578125 0.027777777777777776
1 0.696875 0.3236111111111111 0.0203125 0.03611111111111111
1 0.4625 0.5861111111111111 0.00859375 0.027777777777777776
1 0.4921875 0.23125 0.01015625 0.013888888888888888
1 0.53046875 0.2520833333333333 0.0171875 0.027777777777777776
1 0.91875 0.675 0.00625 0.011111111111111112
1 0.93203125 0.6347222222222222 0.01328125 0.019444444444444445
1 0.823046875 0.9923611111111111 0.00703125 0.015277777777777777
1 0.726171875 0.8680555555555556 0.01484375 0.019444444444444445
1 0.60546875 0.7 0.03671875 0.043055555555555555
1 0.183203125 0.5576388888888889 0.0140625 0.025
1 0.2515625 0.5222222222222223 0.0109375 0.025
1 0.834765625 0.61875 0.01171875 0.02361111111111111
1 0.782421875 0.5541666666666667 0.01328125 0.020833333333333332
1 0.6375 0.3958333333333333 0.02265625 0.03611111111111111
1 0.600390625 0.8138888888888889 0.009375 0.020833333333333332
1 0.235546875 0.3138888888888889 0.01328125 0.030555555555555555
1 0.716796875 0.7965277777777777 0.01796875 0.05555555555555555
1 0.56796875 0.8576388888888888 0.00625 0.013888888888888888
0 0.08125 0.04027777777777778 0.16171875 0.0763888888888889
0 0.104296875 0.21388888888888888 0.10625 0.425
0 0.13046875 0.4305555555555556 0.2578125 0.30416666666666664
0 0.09296875 0.5666666666666667 0.14453125 0.49027777777777776
0 0.1046875 0.8701388888888889 0.11875 0.25972222222222224
0 0.67421875 0.14652777777777778 0.203125 0.2611111111111111
0 0.6359375 0.4097222222222222 0.18203125 0.40694444444444444
0 0.71015625 0.6013888888888889 0.28671875 0.2972222222222222
0 0.673828125 0.7840277777777778 0.065625 0.34305555555555556
0 0.6484375 0.9333333333333333 0.1265625 0.13333333333333333
1 0.3875 0.1909722222222222 0.03515625 0.05138888888888889
1 0.514453125 0.14583333333333334 0.025 0.03888888888888889
1 0.501953125 0.04236111111111111 0.021875 0.03888888888888889
1 0.87578125 0.09236111111111112 0.01171875 0.025
1 0.983203125 0.21041666666666667 0.01484375 0.05555555555555555
1 0.951171875 0.33055555555555555 0.025 0.03611111111111111
1 0.80625 0.6979166666666666 0.05078125 0.08888888888888889
1 0.89453125 0.7423611111111111 0.015625 0.03194444444444444
1 0.944140625 0.7611111111111111 0.0171875 0.03333333333333333
1 0.970703125 0.7638888888888888 0.0078125 0.025
1 0.997265625 0.6916666666666667 0.00546875 0.02638888888888889
1 0.85 0.9180555555555555 0.05078125 0.08194444444444444
1 0.76015625 0.9736111111111111 0.00859375 0.018055555555555554
1 0.53828125 0.7791666666666667 0.0453125 0.10833333333333334
1 0.467578125 0.5131944444444444 0.046875 0.03611111111111111
1 0.58671875 0.6006944444444444 0.03984375 0.1
1 0.4359375 0.5895833333333333 0.015625 0.03611111111111111
1 0.537890625 0.6048611111111111 0.02578125 0.06527777777777778
1 0.544140625 0.5159722222222223 0.0140625 0.02638888888888889
1 0.466015625 0.4097222222222222 0.02578125 0.030555555555555555