1 0.201953125 0.66875 0.0203125 0.04027777777777778
1 0.29453125 0.7576388888888889 0.021875 0.034722222222222224
1 0.93125 0.5729166666666666 0.01953125 0.030555555555555555
1 0.936328125 0.8118055555555556 0.02265625 0.03888888888888889
1 0.8984375 0.6777777777777778 0.02109375 0.03888888888888889
1 0.786328125 0.6006944444444444 0.02265625 0.03888888888888889
1 0.2265625 0.75625 0.01875 0.0375
1 0.141015625 0.5666666666666667 0.01796875 0.03194444444444444
1 0.437890625 0.31319444444444444 0.025 0.027777777777777776
1 0.158203125 0.7090277777777778 0.015625 0.02638888888888889
1 0.893359375 0.8986111111111111 0.021875 0.0375
1 0.931640625 0.7555555555555555 0.02109375 0.044444444444444446
1 0.649609375 0.05486111111111111 0.02109375 0.034722222222222224
1 0.73046875 0.6319444444444444 0.01796875 0.03194444444444444
1 0.973046875 0.5097222222222222 0.01484375 0.027777777777777776
1 0.275 0.7236111111111111 0.01796875 0.034722222222222224
1 0.387109375 0.7743055555555556 0.0140625 0.03194444444444444
1 0.1875 0.8472222222222222 0.02421875 0.04027777777777778
1 0.162890625 0.5819444444444445 0.01171875 0.025
0 0.162109375 0.9840277777777777 0.090625 0.03194444444444444
0 0.588671875 0.14166666666666666 0.06796875 0.2791666666666667
1 0.325390625 0.5027777777777778 0.0203125 0.020833333333333332
1 0.389453125 0.0625 0.015625 0.03333333333333333
0 0.628125 0.9486111111111111 0.04453125 0.10277777777777777
1 0.61640625 0.09583333333333334 0.0109375 0.02361111111111111
1 0.79609375 0.9909722222222223 0.0125 0.018055555555555554
1 0.94140625 0.6173611111111111 0.02578125 0.06388888888888888
1 0.984375 0.3194444444444444 0.0265625 0.08472222222222223
1 0.971484375 0.7069444444444445 0.0265625 0.05694444444444444
1 0.903515625 0.19652777777777777 0.0421875 0.06388888888888888
1 0.9140625 0.027083333333333334 0.04453125 0.05277777777777778
1 0.119921875 0.8118055555555556 0.0265625 0.03333333333333333
1 0.093359375 0.31527777777777777 0.02109375 0.03194444444444444
1 0.957421875 0.40069444444444446 0.03359375 0.04722222222222222
1 0.20078125 0.10833333333333334 0.02734375 0.041666666666666664
1 0.802734375 0.4215277777777778 0.021875 0.043055555555555555
1 0.461328125 0.8069444444444445 0.0171875 0.034722222222222224
0 0.10859375 0.03680555555555556 0.06875 0.07361111111111111
1 0.601171875 0.7715277777777778 0.01484375 0.029166666666666667
1 0.85703125 0.19583333333333333 0.021875 0.05416666666666667
1 0.7609375 0.36944444444444446 0.02265625 0.04027777777777778
1 0.740625 0.4708333333333333 0.03203125 0.03611111111111111
1 0.9109375 0.7701388888888889 0.02109375 0.03888888888888889
1 0.695703125 0.9722222222222222 0.0515625 0.05138888888888889
1 0.732421875 0.9388888888888889 0.02265625 0.03888888888888889
0 0.6453125 0.8333333333333334 0.10390625 0.3333333333333333
1 0.2390625 0.21875 0.028125 0.043055555555555555
1 0.8734375 0.7916666666666666 0.02734375 0.06527777777777778
1 0.7078125 0.8597222222222223 0.0359375 0.0625
1 0.851953125 0.10347222222222222 0.03046875 0.05555555555555555
0 0.141796875 0.2298611111111111 0.27578125 0.20555555555555555
0 0.598046875 0.16597222222222222 0.2 0.33194444444444443
1 0.871484375 0.5861111111111111 0.01875 0.03194444444444444
1 0.826953125 0.5569444444444445 0.028125 0.05277777777777778
1 0.702734375 0.14930555555555555 0.01796875 0.04722222222222222
1 0.72734375 0.19305555555555556 0.01875 0.04722222222222222
1 0.442578125 0.14027777777777778 0.02109375 0.044444444444444446
1 0.487109375 0.9819444444444444 0.03984375 0.03194444444444444
1 0.815234375 0.7430555555555556 0.02265625 0.05694444444444444
1 0.792578125 0.6625 0.021875 0.04027777777777778
1 0.80390625 0.8736111111111111 0.01875 0.030555555555555555
0 0.105078125 0.39861111111111114 0.209375 0.2652777777777778
1 0.945703125 0.07361111111111111 0.046875 0.10416666666666667
1 0.98125 0.13958333333333334 0.03046875 0.04722222222222222
0 0.65234375 0.5701388888888889 0.21328125 0.1875
1 0.93125 0.3090277777777778 0.0578125 0.15555555555555556
1 0.26484375 0.2701388888888889 0.0125 0.03333333333333333
0 0.63671875 0.3625 0.1703125 0.4722222222222222
1 0.5828125 0.7930555555555555 0.01796875 0.043055555555555555
1 0.86484375 0.9854166666666667 0.0203125 0.02638888888888889