1 0.70859375 0.3927083333333333 0.0203125 0.01875
1 0.346875 0.23854166666666668 0.0421875 0.025
1 0.390625 0.334375 0.021875 0.03125
1 0.60859375 0.359375 0.0359375 0.06458333333333334
1 0.79375 0.5552083333333333 0.0203125 0.04375
1 0.725 0.8791666666666667 0.021875 0.03125
1 0.328125 0.6520833333333333 0.028125 0.035416666666666666
1 0.778125 0.7875 0.0171875 0.025
1 0.81328125 0.1375 0.028125 0.03125
1 0.7734375 0.18333333333333332 0.03125 0.041666666666666664
1 0.828125 0.3489583333333333 0.04375 0.03958333333333333
1 0.8234375 0.715625 0.01875 0.020833333333333332
0 0.60078125 0.9447916666666667 0.0734375 0.10416666666666667
0 0.62109375 0.7354166666666667 0.290625 0.0875
0 0.64375 0.5010416666666667 0.1546875 0.3770833333333333
1 0.6 0.8375 0.05625 0.06041666666666667