1 0.72109375 0.22708333333333333 0.015625 0.03888888888888889
1 0.7484375 0.2361111111111111 0.0125 0.02361111111111111
1 0.78515625 0.26944444444444443 0.02421875 0.03888888888888889
1 0.693359375 0.3701388888888889 0.028125 0.06527777777777778
1 0.646484375 0.44930555555555557 0.01171875 0.020833333333333332
1 0.6921875 0.4548611111111111 0.01328125 0.02638888888888889
1 0.612890625 0.42916666666666664 0.025 0.034722222222222224
1 0.74375 0.4722222222222222 0.01484375 0.016666666666666666
1 0.8109375 0.48541666666666666 0.0265625 0.04027777777777778
1 0.834375 0.5590277777777778 0.0203125 0.044444444444444446
1 0.822265625 0.39791666666666664 0.01953125 0.030555555555555555
1 0.91484375 0.35833333333333334 0.0359375 0.05555555555555555
1 0.964453125 0.43680555555555556 0.009375 0.019444444444444445
1 0.99453125 0.56875 0.0109375 0.020833333333333332
1 0.890234375 0.7284722222222222 0.02109375 0.04027777777777778
1 0.919140625 0.7861111111111111 0.01484375 0.03333333333333333
1 0.847265625 0.7451388888888889 0.00859375 0.018055555555555554
1 0.95 0.8319444444444445 0.02265625 0.02361111111111111
1 0.93984375 0.9208333333333333 0.01875 0.030555555555555555
1 0.858203125 0.9618055555555556 0.0171875 0.03611111111111111
1 0.8765625 0.9902777777777778 0.01796875 0.019444444444444445
1 0.84765625 0.9951388888888889 0.01015625 0.009722222222222222
1 0.78046875 0.9798611111111111 0.02890625 0.04027777777777778
1 0.68515625 0.7652777777777777 0.03359375 0.06527777777777778
1 0.694921875 0.85 0.03203125 0.04027777777777778
1 0.724609375 0.8694444444444445 0.0265625 0.08333333333333333
1 0.614453125 0.7722222222222223 0.02265625 0.04722222222222222
1 0.63671875 0.7895833333333333 0.015625 0.022222222222222223
1 0.7328125 0.94375 0.00859375 0.020833333333333332
1 0.539453125 0.9347222222222222 0.0234375 0.041666666666666664
1 0.492578125 0.9416666666666667 0.015625 0.03194444444444444
1 0.45625 0.9479166666666666 0.0125 0.019444444444444445
1 0.422265625 0.9527777777777777 0.03125 0.08611111111111111
1 0.385546875 0.9958333333333333 0.00859375 0.008333333333333333
1 0.391796875 0.88125 0.02265625 0.06111111111111111
1 0.471875 0.80625 0.0265625 0.04861111111111111
1 0.534375 0.8055555555555556 0.0078125 0.016666666666666666
1 0.4 0.48333333333333334 0.0078125 0.02638888888888889
1 0.176953125 0.06111111111111111 0.00546875 0.011111111111111112
1 0.17890625 0.6854166666666667 0.03203125 0.06805555555555555
1 0.28046875 0.8923611111111112 0.03828125 0.08611111111111111
0 0.711328125 0.09444444444444444 0.25703125 0.18888888888888888
0 0.705859375 0.37430555555555556 0.24296875 0.225
0 0.676953125 0.6020833333333333 0.22890625 0.18611111111111112
0 0.6765625 0.9361111111111111 0.22421875 0.12777777777777777
0 0.096875 0.8826388888888889 0.13046875 0.23472222222222222
0 0.109765625 0.7944444444444444 0.21953125 0.3277777777777778
0 0.11171875 0.5395833333333333 0.1234375 0.3958333333333333
0 0.1 0.21666666666666667 0.1203125 0.43333333333333335
1 0.65703125 0.8291666666666667 0.01875 0.020833333333333332
1 0.634765625 0.011805555555555555 0.01328125 0.02361111111111111
1 0.9359375 0.2652777777777778 0.00859375 0.018055555555555554
1 0.994921875 0.6298611111111111 0.01015625 0.020833333333333332
1 0.42265625 0.6291666666666667 0.00859375 0.016666666666666666
1 0.44765625 0.48194444444444445 0.00625 0.011111111111111112
1 0.923046875 0.18055555555555555 0.02109375 0.03611111111111111
1 0.786328125 0.008333333333333333 0.015625 0.016666666666666666
1 0.779296875 0.08333333333333333 0.01328125 0.019444444444444445
1 0.850390625 0.034027777777777775 0.025 0.041666666666666664
1 0.880078125 0.11875 0.01015625 0.02638888888888889
1 0.858984375 0.16041666666666668 0.025 0.03888888888888889
1 0.63046875 0.6298611111111111 0.015625 0.018055555555555554
1 0.696484375 0.6645833333333333 0.0203125 0.041666666666666664
1 0.669140625 0.6694444444444444 0.01171875 0.05277777777777778
1 0.75703125 0.7291666666666666 0.01015625 0.011111111111111112
1 0.88671875 0.9319444444444445 0.0109375 0.018055555555555554
1 0.169921875 0.9465277777777777 0.01328125 0.020833333333333332
1 0.12734375 0.9493055555555555 0.0203125 0.06666666666666667
1 0.084375 0.9631944444444445 0.04609375 0.07361111111111111
1 0.424609375 0.26944444444444443 0.0390625 0.1361111111111111
1 0.46015625 0.29305555555555557 0.03515625 0.06527777777777778
1 0.48359375 0.2388888888888889 0.04296875 0.06111111111111111
1 0.505078125 0.29791666666666666 0.0125 0.02638888888888889
1 0.565234375 0.30625 0.06015625 0.1111111111111111
1 0.459375 0.42777777777777776 0.01953125 0.034722222222222224
1 0.43046875 0.4576388888888889 0.0125 0.022222222222222223
1 0.412109375 0.4701388888888889 0.01171875 0.020833333333333332
1 0.4890625 0.4638888888888889 0.025 0.03611111111111111
1 0.58203125 0.5569444444444445 0.03359375 0.06111111111111111
1 0.6078125 0.5527777777777778 0.0171875 0.03194444444444444
1 0.525 0.6319444444444444 0.04140625 0.08055555555555556
1 0.501171875 0.6722222222222223 0.02265625 0.03333333333333333
1 0.437109375 0.6701388888888888 0.02109375 0.04583333333333333
1 0.4484375 0.73125 0.03125 0.0763888888888889
1 0.37109375 0.6722222222222223 0.03046875 0.06944444444444445
1 0.375 0.6111111111111112 0.01875 0.027777777777777776
1 0.459765625 0.6111111111111112 0.0171875 0.027777777777777776
1 0.275 0.6444444444444445 0.02578125 0.05138888888888889
1 0.221484375 0.5194444444444445 0.05078125 0.10694444444444444
1 0.028515625 0.24513888888888888 0.0203125 0.043055555555555555
1 0.241015625 0.06805555555555555 0.02109375 0.03611111111111111
1 0.27578125 0.17430555555555555 0.01796875 0.03333333333333333
1 0.4015625 0.09027777777777778 0.0203125 0.04027777777777778
1 0.428515625 0.10138888888888889 0.03046875 0.044444444444444446
1 0.40234375 0.19444444444444445 0.00703125 0.011111111111111112
1 0.496484375 0.10069444444444445 0.01796875 0.041666666666666664
1 0.46015625 0.027083333333333334 0.0203125 0.030555555555555555
1 0.50078125 0.008333333333333333 0.01171875 0.016666666666666666
1 0.5703125 0.09097222222222222 0.02890625 0.06666666666666667
1 0.616796875 0.09166666666666666 0.0078125 0.0125
1 0.61953125 0.16319444444444445 0.0125 0.027777777777777776
1 0.66640625 0.16944444444444445 0.01171875 0.03194444444444444