0 0.5578125 0.9197916666666667 0.2703125 0.15416666666666667
0 0.54921875 0.684375 0.296875 0.16666666666666666
0 0.65625 0.3854166666666667 0.23125 0.37916666666666665
0 0.58828125 0.15208333333333332 0.0734375 0.29791666666666666
1 0.96328125 0.6677083333333333 0.015625 0.029166666666666667
1 0.98984375 0.70625 0.01875 0.027083333333333334
1 0.71171875 0.6447916666666667 0.0265625 0.025
1 0.871875 0.5385416666666667 0.0125 0.01875
1 0.75625 0.5895833333333333 0.009375 0.01875
1 0.86328125 0.6270833333333333 0.0109375 0.014583333333333334
1 0.89453125 0.7 0.009375 0.0125
1 0.85234375 0.7458333333333333 0.0109375 0.010416666666666666
1 0.775 0.3885416666666667 0.0234375 0.035416666666666666
1 0.690625 0.396875 0.03125 0.03958333333333333
1 0.84296875 0.45 0.01875 0.020833333333333332
1 0.996875 0.190625 0.00625 0.014583333333333334
1 0.89453125 0.15625 0.0125 0.016666666666666666
1 0.88046875 0.09895833333333333 0.0109375 0.016666666666666666
1 0.98203125 0.2552083333333333 0.0140625 0.022916666666666665
1 0.94453125 0.315625 0.021875 0.035416666666666666
1 0.965625 0.013541666666666667 0.0203125 0.025
1 0.75390625 0.022916666666666665 0.0125 0.014583333333333334
1 0.77734375 0.06145833333333333 0.009375 0.016666666666666666
1 0.18984375 0.9458333333333333 0.015625 0.020833333333333332
1 0.26171875 0.9770833333333333 0.0171875 0.022916666666666665
1 0.8859375 0.9416666666666667 0.0109375 0.014583333333333334
1 0.8515625 0.9291666666666667 0.01875 0.022916666666666665
1 0.84296875 0.8666666666666667 0.0484375 0.05625
1 0.8 0.8270833333333333 0.0328125 0.05
1 0.40234375 0.934375 0.040625 0.1125
1 0.4390625 0.8645833333333334 0.021875 0.03125
1 0.58359375 0.8208333333333333 0.0296875 0.035416666666666666
1 0.39453125 0.7760416666666666 0.046875 0.05416666666666667
1 0.4359375 0.784375 0.03125 0.04791666666666667
1 0.47578125 0.7895833333333333 0.0234375 0.052083333333333336
1 0.478125 0.7395833333333334 0.05625 0.04583333333333333
1 0.37421875 0.6885416666666667 0.01875 0.014583333333333334
1 0.35 0.6572916666666667 0.01875 0.025
1 0.078125 0.425 0.0140625 0.014583333333333334
1 0.2828125 0.48333333333333334 0.0390625 0.03958333333333333
1 0.18984375 0.5135416666666667 0.0265625 0.035416666666666666
1 0.12109375 0.3125 0.0125 0.014583333333333334
1 0.178125 0.21979166666666666 0.01875 0.020833333333333332
1 0.2484375 0.12083333333333333 0.0125 0.0125
1 0.28046875 0.08020833333333334 0.0078125 0.014583333333333334
1 0.425 0.23645833333333333 0.0296875 0.03333333333333333