1 0.144921875 0.3173611111111111 0.02265625 0.03333333333333333
1 0.69140625 0.6729166666666667 0.0171875 0.025
1 0.74921875 0.6729166666666667 0.02109375 0.043055555555555555
1 0.083203125 0.0125 0.028125 0.020833333333333332
1 0.86171875 0.3020833333333333 0.0203125 0.027777777777777776
1 0.880078125 0.7819444444444444 0.01484375 0.03194444444444444
1 0.987109375 0.5152777777777777 0.0171875 0.025
1 0.740625 0.10555555555555556 0.0078125 0.019444444444444445
1 0.6828125 0.25972222222222224 0.0296875 0.05
1 0.713671875 0.29305555555555557 0.015625 0.027777777777777776
1 0.786328125 0.4097222222222222 0.01484375 0.030555555555555555
1 0.634375 0.5472222222222223 0.01484375 0.03611111111111111
1 0.410546875 0.9451388888888889 0.025 0.03194444444444444
1 0.420703125 0.875 0.03671875 0.04027777777777778
1 0.513671875 0.8534722222222222 0.0109375 0.016666666666666666
1 0.519140625 0.7805555555555556 0.03359375 0.05555555555555555
1 0.476953125 0.7951388888888888 0.021875 0.04027777777777778
1 0.435546875 0.7875 0.01484375 0.019444444444444445
1 0.451953125 0.6298611111111111 0.0140625 0.02361111111111111
1 0.500390625 0.5951388888888889 0.0328125 0.07777777777777778
1 0.528515625 0.48819444444444443 0.040625 0.05
1 0.54296875 0.39861111111111114 0.02578125 0.02361111111111111
1 0.49609375 0.36666666666666664 0.015625 0.030555555555555555
1 0.403125 0.38819444444444445 0.021875 0.030555555555555555
1 0.41953125 0.3277777777777778 0.0171875 0.02361111111111111
1 0.453515625 0.25763888888888886 0.0328125 0.04583333333333333
1 0.391015625 0.10208333333333333 0.02421875 0.044444444444444446
0 0.65546875 0.8798611111111111 0.1171875 0.2361111111111111
0 0.633984375 0.7152777777777778 0.18203125 0.22916666666666666
0 0.661328125 0.49583333333333335 0.2109375 0.25972222222222224
0 0.661328125 0.2569444444444444 0.175 0.28888888888888886
0 0.6265625 0.07916666666666666 0.2125 0.15833333333333333
0 0.12265625 0.8604166666666667 0.20078125 0.2722222222222222
0 0.090234375 0.79375 0.178125 0.3125
0 0.07890625 0.4895833333333333 0.1546875 0.32916666666666666
0 0.084375 0.24930555555555556 0.10390625 0.3861111111111111
1 0.659765625 0.6555555555555556 0.0203125 0.027777777777777776
1 0.52265625 0.9708333333333333 0.02265625 0.030555555555555555
1 0.66015625 0.08819444444444445 0.03125 0.04027777777777778
1 0.886328125 0.08472222222222223 0.025 0.0375
1 0.123828125 0.5861111111111111 0.053125 0.12083333333333333
1 0.962890625 0.55625 0.01328125 0.025
1 0.11015625 0.06875 0.04375 0.05555555555555555
1 0.682421875 0.46805555555555556 0.0109375 0.019444444444444445
1 0.506640625 0.011805555555555555 0.01875 0.02361111111111111
1 0.997265625 0.8923611111111112 0.00546875 0.02638888888888889
1 0.93671875 0.8659722222222223 0.0359375 0.05555555555555555
1 0.828125 0.675 0.02265625 0.06388888888888888
1 0.569921875 0.9076388888888889 0.021875 0.03611111111111111
1 0.52890625 0.058333333333333334 0.0140625 0.025
1 0.141796875 0.3861111111111111 0.01875 0.04027777777777778