1 0.68515625 0.08541666666666667 0.01875 0.030555555555555555
0 0.58515625 0.04861111111111111 0.0296875 0.09583333333333334
1 0.2453125 0.65625 0.01328125 0.02638888888888889
1 0.9125 0.011111111111111112 0.02734375 0.020833333333333332
1 0.737109375 0.9152777777777777 0.01953125 0.02638888888888889
0 0.19375 0.94375 0.12109375 0.10972222222222222
1 0.905859375 0.08680555555555555 0.01875 0.03194444444444444
1 0.71796875 0.7076388888888889 0.0171875 0.034722222222222224
1 0.6375 0.8375 0.01953125 0.02638888888888889
1 0.973828125 0.75625 0.01953125 0.03333333333333333
1 0.78125 0.7208333333333333 0.02578125 0.04027777777777778
1 0.261328125 0.22430555555555556 0.01796875 0.03611111111111111
1 0.392578125 0.9673611111111111 0.03046875 0.04027777777777778
1 0.11328125 0.6652777777777777 0.021875 0.05694444444444444
1 0.831640625 0.2590277777777778 0.0234375 0.041666666666666664
0 0.126171875 0.3104166666666667 0.115625 0.4236111111111111
1 0.182421875 0.14722222222222223 0.02578125 0.058333333333333334
1 0.681640625 0.425 0.03359375 0.059722222222222225
1 0.58046875 0.7333333333333333 0.03359375 0.06527777777777778
1 0.326171875 0.04027777777777778 0.0171875 0.041666666666666664
0 0.668359375 0.9541666666666667 0.1640625 0.09027777777777778
1 0.990234375 0.8541666666666666 0.0140625 0.03888888888888889
0 0.724609375 0.3090277777777778 0.23203125 0.5236111111111111
1 0.91484375 0.2611111111111111 0.04140625 0.08333333333333333
0 0.112890625 0.08194444444444444 0.17265625 0.1638888888888889
1 0.22109375 0.44930555555555557 0.06640625 0.06111111111111111
0 0.61875 0.16180555555555556 0.23046875 0.3236111111111111
1 0.951953125 0.3715277777777778 0.02421875 0.03888888888888889
1 0.6796875 0.6375 0.02734375 0.058333333333333334
0 0.725 0.5993055555555555 0.26171875 0.37222222222222223
1 0.2484375 0.55 0.02265625 0.0375
1 0.27890625 0.4027777777777778 0.02578125 0.05138888888888889
1 0.815234375 0.6465277777777778 0.025 0.05
1 0.4640625 0.9826388888888888 0.02421875 0.03194444444444444
1 0.498046875 0.8638888888888889 0.0234375 0.0375
1 0.885546875 0.49375 0.01875 0.034722222222222224
1 0.83515625 0.024305555555555556 0.0296875 0.04861111111111111