1 0.43984375 0.375 0.025 0.029166666666666667
1 0.3546875 0.4083333333333333 0.025 0.035416666666666666
1 0.4296875 0.46041666666666664 0.0125 0.016666666666666666
1 0.478125 0.471875 0.025 0.029166666666666667
1 0.3296875 0.425 0.0328125 0.05416666666666667
1 0.35 0.48125 0.1515625 0.11041666666666666
1 0.41796875 0.5447916666666667 0.025 0.01875
1 0.46875 0.540625 0.046875 0.0375
1 0.53046875 0.6072916666666667 0.021875 0.01875
1 0.5375 0.56875 0.0234375 0.020833333333333332
1 0.546875 0.4864583333333333 0.01875 0.020833333333333332
1 0.53671875 0.515625 0.03125 0.01875
1 0.6125 0.503125 0.0203125 0.01875
1 0.44453125 0.5666666666666667 0.0125 0.0125
1 0.45859375 0.5947916666666667 0.034375 0.041666666666666664
1 0.4484375 0.209375 0.0296875 0.05
1 0.5015625 0.11666666666666667 0.1015625 0.13333333333333333
1 0.58984375 0.030208333333333334 0.0390625 0.05625
1 0.66015625 0.042708333333333334 0.0078125 0.014583333333333334
1 0.67109375 0.06354166666666666 0.015625 0.03333333333333333
1 0.71171875 0.017708333333333333 0.028125 0.035416666666666666
1 0.75625 0.00625 0.0140625 0.0125
1 0.7984375 0.010416666666666666 0.021875 0.020833333333333332
1 0.78984375 0.08020833333333334 0.2359375 0.14791666666666667
1 0.92578125 0.04479166666666667 0.0140625 0.025
1 0.98671875 0.014583333333333334 0.025 0.029166666666666667
1 0.9375 0.12604166666666666 0.0296875 0.027083333333333334
1 0.9703125 0.15833333333333333 0.040625 0.03958333333333333
1 0.98046875 0.09583333333333334 0.0390625 0.08125
1 0.94453125 0.20208333333333334 0.0203125 0.022916666666666665
1 0.8609375 0.18020833333333333 0.078125 0.07291666666666667
1 0.80859375 0.23125 0.05 0.07291666666666667
1 0.696875 0.20833333333333334 0.0234375 0.029166666666666667
1 0.69140625 0.25625 0.0171875 0.03125
1 0.74375 0.3489583333333333 0.0859375 0.07708333333333334
1 0.76796875 0.271875 0.0171875 0.03125
1 0.75625 0.2916666666666667 0.0296875 0.0375
1 0.94296875 0.3260416666666667 0.0171875 0.027083333333333334
1 0.978125 0.34375 0.04375 0.06666666666666667
1 0.9421875 0.42604166666666665 0.115625 0.10416666666666667
1 0.7140625 0.4708333333333333 0.0359375 0.04375
1 0.68125 0.5052083333333334 0.0171875 0.025
1 0.8390625 0.5572916666666666 0.1296875 0.15
1 0.7484375 0.5135416666666667 0.053125 0.08333333333333333
1 0.7453125 0.5822916666666667 0.065625 0.04375
1 0.7578125 0.63125 0.034375 0.05416666666666667
1 0.7328125 0.6552083333333333 0.01875 0.020833333333333332
1 0.709375 0.6625 0.028125 0.035416666666666666
1 0.66171875 0.6177083333333333 0.0171875 0.01875
1 0.6578125 0.5666666666666667 0.0203125 0.03333333333333333
1 0.878125 0.703125 0.028125 0.04375
1 0.9203125 0.65 0.025 0.03333333333333333
1 0.98125 0.6197916666666666 0.0375 0.05625
1 0.9125 0.6802083333333333 0.01875 0.029166666666666667
1 0.93359375 0.7072916666666667 0.021875 0.01875
1 0.91640625 0.7489583333333333 0.015625 0.016666666666666666
1 0.9703125 0.7729166666666667 0.0453125 0.05
1 0.9390625 0.8302083333333333 0.009375 0.020833333333333332
1 0.50078125 0.703125 0.0296875 0.03958333333333333
1 0.41875 0.809375 0.04375 0.0375
1 0.4359375 0.9135416666666667 0.090625 0.17291666666666666
1 0.49921875 0.8739583333333333 0.0140625 0.010416666666666666
1 0.68984375 0.7270833333333333 0.0296875 0.04583333333333333
1 0.5984375 0.675 0.0203125 0.041666666666666664
1 0.09453125 0.8 0.046875 0.035416666666666666
1 0.15703125 0.81875 0.0234375 0.014583333333333334
1 0.1296875 0.9447916666666667 0.01875 0.029166666666666667
1 0.2421875 0.9354166666666667 0.0140625 0.016666666666666666
1 0.19140625 0.9302083333333333 0.0125 0.0125
1 0.28203125 0.8510416666666667 0.0265625 0.041666666666666664
1 0.3234375 0.8614583333333333 0.025 0.035416666666666666
1 0.35390625 0.8395833333333333 0.0296875 0.035416666666666666
1 0.38359375 0.7645833333333333 0.0171875 0.025
1 0.4359375 0.6708333333333333 0.0171875 0.020833333333333332
1 0.3625 0.6947916666666667 0.1578125 0.23541666666666666
1 0.028125 0.43854166666666666 0.021875 0.025
1 0.01640625 0.46875 0.0296875 0.041666666666666664
1 0.2046875 0.478125 0.0328125 0.03958333333333333
1 0.54296875 0.25833333333333336 0.0875 0.08958333333333333
1 0.6765625 0.190625 0.0125 0.022916666666666665
1 0.96640625 0.8333333333333334 0.025 0.03333333333333333
1 0.96953125 0.871875 0.0203125 0.01875
1 0.98828125 0.8614583333333333 0.01875 0.022916666666666665
1 0.87578125 0.7875 0.0203125 0.029166666666666667
1 0.95234375 0.9177083333333333 0.025 0.020833333333333332
1 0.94375 0.9489583333333333 0.0296875 0.025
1 0.95625 0.9833333333333333 0.015625 0.016666666666666666
1 0.82109375 0.934375 0.0234375 0.020833333333333332
1 0.85625 0.9739583333333334 0.0609375 0.052083333333333336
1 0.77890625 0.9760416666666667 0.0296875 0.035416666666666666
1 0.72109375 0.9875 0.04375 0.025
1 0.7046875 0.9375 0.0546875 0.07291666666666667
1 0.56328125 0.8197916666666667 0.0390625 0.03125
1 0.48359375 0.809375 0.025 0.035416666666666666
1 0.5015625 0.7572916666666667 0.0203125 0.022916666666666665
0 0.6203125 0.20208333333333334 0.14375 0.39791666666666664
0 0.6609375 0.46145833333333336 0.3109375 0.5145833333333333
0 0.684375 0.5864583333333333 0.184375 0.47708333333333336
0 0.6828125 0.8864583333333333 0.3109375 0.225
1 0.1046875 0.025 0.0265625 0.027083333333333334
1 0.134375 0.026041666666666668 0.03125 0.03333333333333333
1 0.27578125 0.14270833333333333 0.034375 0.041666666666666664
1 0.31171875 0.15 0.021875 0.020833333333333332
1 0.32578125 0.07916666666666666 0.0234375 0.029166666666666667
1 0.3484375 0.07395833333333333 0.0234375 0.029166666666666667
1 0.38828125 0.023958333333333335 0.025 0.03333333333333333
1 0.2984375 0.03125 0.0109375 0.020833333333333332
1 0.3125 0.011458333333333333 0.0171875 0.020833333333333332
1 0.209375 0.29375 0.0203125 0.025
1 0.290625 0.26979166666666665 0.0171875 0.020833333333333332
1 0.2015625 0.34479166666666666 0.01875 0.0375
1 0.11875 0.37604166666666666 0.021875 0.04375
1 0.31640625 0.33645833333333336 0.0390625 0.027083333333333334
1 0.37265625 0.3229166666666667 0.0265625 0.04583333333333333
1 0.46640625 0.2708333333333333 0.0203125 0.041666666666666664
1 0.43515625 0.28020833333333334 0.0296875 0.03958333333333333
1 0.415625 0.3302083333333333 0.0234375 0.05
1 0.44296875 0.328125 0.0234375 0.035416666666666666