1 0.31328125 0.5208333333333334 0.040625 0.05
1 0.12265625 0.33958333333333335 0.015625 0.01875
1 0.81953125 0.08854166666666667 0.0421875 0.05416666666666667
1 0.778125 0.528125 0.0171875 0.01875
1 0.97265625 0.6333333333333333 0.0234375 0.03125
1 0.96328125 0.703125 0.015625 0.0375
1 0.98203125 0.7427083333333333 0.0359375 0.06666666666666667
1 0.85625 0.6864583333333333 0.0234375 0.01875
1 0.64375 0.403125 0.0859375 0.16041666666666668
1 0.64375 0.3104166666666667 0.028125 0.03333333333333333
1 0.85859375 0.7864583333333334 0.06875 0.0875
1 0.9 0.7302083333333333 0.015625 0.014583333333333334
1 0.97890625 0.84375 0.028125 0.025
1 0.82265625 0.9385416666666667 0.0375 0.0375
1 0.82578125 0.984375 0.04375 0.03125
1 0.5359375 0.8114583333333333 0.0296875 0.04375
1 0.87578125 0.008333333333333333 0.028125 0.016666666666666666
1 0.71328125 0.020833333333333332 0.053125 0.041666666666666664
1 0.73046875 0.2125 0.0375 0.05625
1 0.77265625 0.2 0.0390625 0.05
1 0.98125 0.19583333333333333 0.0203125 0.027083333333333334
1 0.8546875 0.39895833333333336 0.1171875 0.12083333333333333
1 0.865625 0.4947916666666667 0.059375 0.05625
1 0.83828125 0.5541666666666667 0.025 0.029166666666666667
1 0.8703125 0.9958333333333333 0.015625 0.008333333333333333
1 0.80859375 0.875 0.0234375 0.041666666666666664
1 0.14140625 0.696875 0.01875 0.03125
1 0.109375 0.753125 0.0109375 0.016666666666666666
1 0.165625 0.5895833333333333 0.0171875 0.029166666666666667
1 0.55546875 0.7645833333333333 0.0140625 0.027083333333333334
1 0.58203125 0.775 0.0421875 0.052083333333333336
1 0.5859375 0.9375 0.0796875 0.125
1 0.73515625 0.5 0.025 0.029166666666666667
1 0.7515625 0.45625 0.0375 0.0375
1 0.4625 0.76875 0.03125 0.03125
1 0.44609375 0.7375 0.01875 0.01875
1 0.884375 0.1 0.0234375 0.03958333333333333
1 0.38984375 0.7416666666666667 0.0671875 0.04791666666666667
1 0.37890625 0.8479166666666667 0.0515625 0.041666666666666664
1 0.403125 0.9197916666666667 0.0390625 0.06041666666666667
1 0.325 0.7885416666666667 0.0296875 0.041666666666666664
1 0.11484375 0.7 0.01875 0.01875
1 0.12734375 0.8 0.0125 0.010416666666666666
1 0.0453125 0.7197916666666667 0.0109375 0.035416666666666666
0 0.64296875 0.058333333333333334 0.3546875 0.11666666666666667
0 0.71171875 0.2375 0.3046875 0.35625
0 0.5375 0.5822916666666667 0.4890625 0.2520833333333333
0 0.70625 0.8041666666666667 0.190625 0.35625
0 0.70703125 0.9614583333333333 0.2015625 0.07708333333333334
1 0.10859375 0.0625 0.0203125 0.041666666666666664
1 0.03046875 0.017708333333333333 0.028125 0.035416666666666666
1 0.40390625 0.11666666666666667 0.028125 0.03958333333333333
1 0.4484375 0.103125 0.0328125 0.04375
1 0.47421875 0.06041666666666667 0.03125 0.035416666666666666
1 0.56484375 0.11145833333333334 0.025 0.03125
1 0.50859375 0.20520833333333333 0.0359375 0.04791666666666667
1 0.43203125 0.2125 0.03125 0.03333333333333333
1 0.459375 0.25729166666666664 0.025 0.041666666666666664
1 0.49921875 0.26979166666666665 0.034375 0.035416666666666666
1 0.3390625 0.13854166666666667 0.065625 0.10833333333333334
1 0.3140625 0.221875 0.0328125 0.041666666666666664
1 0.3234375 0.28854166666666664 0.0703125 0.06666666666666667
1 0.28515625 0.353125 0.0390625 0.04583333333333333
1 0.146875 0.30104166666666665 0.03125 0.05
1 0.20625 0.428125 0.0203125 0.020833333333333332
1 0.3359375 0.38958333333333334 0.0453125 0.04583333333333333
1 0.32421875 0.446875 0.0328125 0.04583333333333333
1 0.396875 0.46770833333333334 0.0453125 0.08125
1 0.7625 0.5020833333333333 0.015625 0.03125
1 0.44140625 0.5479166666666667 0.0328125 0.04375
1 0.4828125 0.47604166666666664 0.040625 0.052083333333333336
1 0.490625 0.3729166666666667 0.0671875 0.1
1 0.54921875 0.5020833333333333 0.0375 0.05
1 0.59765625 0.475 0.0328125 0.03958333333333333
1 0.63359375 0.5052083333333334 0.0328125 0.04583333333333333
1 0.51484375 0.5708333333333333 0.0265625 0.016666666666666666