0 0.7125 0.13541666666666666 0.19453125 0.2708333333333333
1 0.91640625 0.8013888888888889 0.0203125 0.030555555555555555
1 0.18671875 0.9375 0.0171875 0.041666666666666664
1 0.76171875 0.15347222222222223 0.01875 0.05138888888888889
0 0.116015625 0.21736111111111112 0.16484375 0.4263888888888889
1 0.790234375 0.41458333333333336 0.0265625 0.06666666666666667
1 0.24609375 0.5416666666666666 0.04453125 0.1125
1 0.810546875 0.07152777777777777 0.03203125 0.05
1 0.234375 0.32430555555555557 0.0421875 0.0763888888888889
0 0.696875 0.46805555555555556 0.1671875 0.24583333333333332
1 0.98671875 0.9590277777777778 0.0265625 0.08055555555555556
1 0.754296875 0.8513888888888889 0.02890625 0.043055555555555555
1 0.427734375 0.6618055555555555 0.02109375 0.03888888888888889
1 0.333984375 0.875 0.02734375 0.06666666666666667
1 0.8640625 0.6020833333333333 0.0375 0.06666666666666667
1 0.927734375 0.03958333333333333 0.021875 0.043055555555555555
1 0.26640625 0.9069444444444444 0.02265625 0.04722222222222222
0 0.13125 0.6784722222222223 0.25703125 0.21944444444444444
1 0.77578125 0.7875 0.04296875 0.07222222222222222
1 0.310546875 0.6354166666666666 0.0265625 0.058333333333333334
0 0.71953125 0.7770833333333333 0.13046875 0.44583333333333336
1 0.972265625 0.5868055555555556 0.03359375 0.05416666666666667
1 0.904296875 0.0375 0.01796875 0.03888888888888889
1 0.961328125 0.32569444444444445 0.0265625 0.05
1 0.62578125 0.9402777777777778 0.02890625 0.04027777777777778
1 0.648828125 0.5625 0.0328125 0.043055555555555555
1 0.245703125 0.9291666666666667 0.02734375 0.05
1 0.2109375 0.23680555555555555 0.02578125 0.03611111111111111
1 0.903515625 0.8986111111111111 0.01875 0.041666666666666664
1 0.7171875 0.9152777777777777 0.02109375 0.044444444444444446
1 0.8859375 0.33611111111111114 0.02109375 0.04722222222222222
1 0.543359375 0.2902777777777778 0.0453125 0.05
1 0.11953125 0.5340277777777778 0.046875 0.11805555555555555
1 0.780078125 0.35138888888888886 0.02109375 0.03611111111111111
1 0.614453125 0.41944444444444445 0.02578125 0.075
1 0.726953125 0.2361111111111111 0.0203125 0.043055555555555555
1 0.464453125 0.9041666666666667 0.01640625 0.03611111111111111
1 0.891796875 0.09097222222222222 0.02109375 0.04027777777777778
0 0.12265625 0.3638888888888889 0.19296875 0.19305555555555556
1 0.934765625 0.5006944444444444 0.02265625 0.044444444444444446
1 0.616015625 0.5354166666666667 0.01875 0.034722222222222224
1 0.654296875 0.36875 0.021875 0.03888888888888889
1 0.9875 0.6618055555555555 0.025 0.05555555555555555
1 0.86328125 0.9479166666666666 0.02578125 0.025
1 0.86171875 0.8798611111111111 0.03515625 0.04861111111111111
1 0.608203125 0.16597222222222222 0.03046875 0.05694444444444444
1 0.23359375 0.1527777777777778 0.01875 0.04027777777777778
1 0.789453125 0.19652777777777777 0.0203125 0.027777777777777776
1 0.9484375 0.38263888888888886 0.01484375 0.025
1 0.568359375 0.9701388888888889 0.028125 0.044444444444444446
1 0.21953125 0.034722222222222224 0.03046875 0.06805555555555555
1 0.842578125 0.28680555555555554 0.0234375 0.04027777777777778
1 0.86953125 0.23541666666666666 0.02734375 0.044444444444444446
1 0.15390625 0.5534722222222223 0.01484375 0.03194444444444444
0 0.725 0.6784722222222223 0.2078125 0.24861111111111112
1 0.916015625 0.2222222222222222 0.02890625 0.0375
1 0.6109375 0.63125 0.03125 0.03611111111111111
1 0.740625 0.14791666666666667 0.01484375 0.029166666666666667
1 0.894921875 0.15555555555555556 0.0234375 0.04722222222222222
1 0.804296875 0.1625 0.01328125 0.022222222222222223
1 0.16875 0.3076388888888889 0.02421875 0.044444444444444446
0 0.139453125 0.7736111111111111 0.09375 0.4527777777777778
1 0.56796875 0.7645833333333333 0.01875 0.043055555555555555
1 0.8046875 0.8763888888888889 0.01953125 0.034722222222222224
1 0.895703125 0.5631944444444444 0.01328125 0.02638888888888889
1 0.94375 0.9048611111111111 0.01875 0.03194444444444444
1 0.180078125 0.525 0.015625 0.030555555555555555
1 0.1171875 0.2743055555555556 0.01484375 0.04027777777777778
1 0.8203125 0.23125 0.0140625 0.030555555555555555
1 0.798046875 0.9340277777777778 0.01484375 0.03888888888888889
1 0.73203125 0.29097222222222224 0.01640625 0.044444444444444446
1 0.942578125 0.25833333333333336 0.02265625 0.06388888888888888
1 0.83046875 0.48055555555555557 0.02109375 0.03888888888888889
1 0.67734375 0.9347222222222222 0.01484375 0.025
1 0.66484375 0.32222222222222224 0.02578125 0.030555555555555555
1 0.94296875 0.81875 0.0171875 0.030555555555555555
1 0.36015625 0.26944444444444443 0.01328125 0.05
1 0.73359375 0.06666666666666667 0.01796875 0.03333333333333333
1 0.97578125 0.8215277777777777 0.02109375 0.0375
1 0.890625 0.525 0.01328125 0.02361111111111111
1 0.929296875 0.9513888888888888 0.0140625 0.022222222222222223
1 0.210546875 0.8645833333333334 0.01328125 0.025
1 0.655078125 0.9861111111111112 0.0265625 0.02361111111111111
1 0.6125 0.48333333333333334 0.015625 0.03194444444444444
1 0.618359375 0.7548611111111111 0.0234375 0.041666666666666664
1 0.226171875 0.8805555555555555 0.01484375 0.027777777777777776
1 0.974609375 0.9069444444444444 0.0140625 0.029166666666666667
1 0.217578125 0.1361111111111111 0.01953125 0.043055555555555555
1 0.66328125 0.5083333333333333 0.0140625 0.030555555555555555
1 0.43984375 0.8222222222222222 0.01875 0.027777777777777776
1 0.68671875 0.5805555555555556 0.0140625 0.03333333333333333
1 0.447265625 0.46597222222222223 0.0140625 0.025
1 0.9203125 0.17777777777777778 0.015625 0.030555555555555555
1 0.25859375 0.3763888888888889 0.01328125 0.02361111111111111
1 0.58984375 0.9347222222222222 0.0171875 0.030555555555555555
1 0.769921875 0.9423611111111111 0.0140625 0.029166666666666667
1 0.719140625 0.034722222222222224 0.01640625 0.029166666666666667
1 0.91640625 0.32222222222222224 0.01328125 0.02638888888888889
1 0.78046875 0.5194444444444445 0.0171875 0.025
1 0.625390625 0.28541666666666665 0.015625 0.02638888888888889
1 0.280859375 0.21388888888888888 0.01796875 0.04027777777777778
1 0.156640625 0.09513888888888888 0.01875 0.025
1 0.23203125 0.8451388888888889 0.01171875 0.034722222222222224
1 0.428515625 0.8770833333333333 0.02109375 0.041666666666666664
1 0.821484375 0.7125 0.01328125 0.02361111111111111
1 0.82421875 0.7423611111111111 0.01640625 0.03611111111111111
1 0.84140625 0.7444444444444445 0.01640625 0.043055555555555555
1 0.85703125 0.8180555555555555 0.0140625 0.022222222222222223
1 0.8421875 0.5180555555555556 0.0296875 0.044444444444444446
1 0.78671875 0.5583333333333333 0.0125 0.027777777777777776
1 0.829296875 0.6020833333333333 0.01171875 0.02638888888888889
1 0.696484375 0.5006944444444444 0.0171875 0.029166666666666667
1 0.707421875 0.5506944444444445 0.02265625 0.041666666666666664
1 0.580078125 0.5298611111111111 0.02109375 0.027777777777777776
1 0.589453125 0.42569444444444443 0.01015625 0.03194444444444444
1 0.633203125 0.38680555555555557 0.0125 0.025
1 0.760546875 0.009722222222222222 0.02109375 0.019444444444444445
1 0.8234375 0.011805555555555555 0.0203125 0.02361111111111111
1 0.71484375 0.013888888888888888 0.01796875 0.027777777777777776
1 0.68984375 0.050694444444444445 0.00859375 0.0375
1 0.91953125 0.010416666666666666 0.0171875 0.020833333333333332
1 0.994921875 0.04583333333333333 0.01015625 0.0375
1 0.678515625 0.7159722222222222 0.009375 0.03194444444444444
1 0.696484375 0.7423611111111111 0.009375 0.043055555555555555
1 0.430078125 0.3472222222222222 0.01796875 0.025
0 0.657421875 0.9888888888888889 0.03984375 0.022222222222222223