1 0.130078125 0.7347222222222223 0.0203125 0.03194444444444444
1 0.24296875 0.7430555555555556 0.01875 0.041666666666666664
0 0.191015625 0.9347222222222222 0.09375 0.13055555555555556
1 0.9625 0.7833333333333333 0.0109375 0.019444444444444445
1 0.649609375 0.17847222222222223 0.009375 0.02638888888888889
1 0.6203125 0.11597222222222223 0.03984375 0.1111111111111111
1 0.41171875 0.15694444444444444 0.015625 0.02638888888888889
1 0.25390625 0.6208333333333333 0.015625 0.025
1 0.414453125 0.9840277777777777 0.021875 0.025
1 0.126953125 0.38819444444444445 0.01171875 0.025
1 0.105859375 0.25277777777777777 0.0171875 0.027777777777777776
1 0.2875 0.2548611111111111 0.0140625 0.018055555555555554
1 0.24453125 0.17708333333333334 0.01171875 0.022222222222222223
1 0.23046875 0.9881944444444445 0.0171875 0.019444444444444445
1 0.351171875 0.19444444444444445 0.0125 0.025
1 0.376171875 0.24513888888888888 0.01484375 0.025
1 0.891796875 0.22569444444444445 0.0125 0.02638888888888889
1 0.120703125 0.5263888888888889 0.009375 0.025
1 0.19765625 0.23333333333333334 0.0171875 0.029166666666666667
1 0.930078125 0.2013888888888889 0.01640625 0.029166666666666667
0 0.618359375 0.03194444444444444 0.04375 0.05277777777777778
1 0.837890625 0.6722222222222223 0.0140625 0.029166666666666667
1 0.790625 0.9673611111111111 0.0171875 0.029166666666666667
1 0.730078125 0.5986111111111111 0.01953125 0.030555555555555555
1 0.80078125 0.7090277777777778 0.0203125 0.030555555555555555
0 0.116015625 0.5520833333333334 0.1359375 0.45
1 0.766015625 0.9416666666666667 0.021875 0.0375
1 0.863671875 0.07013888888888889 0.0328125 0.08055555555555556
0 0.68515625 0.7527777777777778 0.14140625 0.4861111111111111
1 0.929296875 0.7166666666666667 0.021875 0.03194444444444444
1 0.101953125 0.40555555555555556 0.02265625 0.05
1 0.941015625 0.24166666666666667 0.03203125 0.05416666666666667
1 0.950390625 0.08194444444444444 0.046875 0.075
1 0.777734375 0.7520833333333333 0.02109375 0.04027777777777778
0 0.146484375 0.16597222222222222 0.21015625 0.22083333333333333
0 0.7359375 0.1736111111111111 0.23046875 0.3472222222222222
1 0.565625 0.8590277777777777 0.01796875 0.030555555555555555
1 0.404296875 0.4638888888888889 0.02265625 0.043055555555555555
0 0.656640625 0.47708333333333336 0.1140625 0.49166666666666664
1 0.206640625 0.6256944444444444 0.04375 0.06111111111111111
1 0.700390625 0.5152777777777777 0.03515625 0.1111111111111111
0 0.131640625 0.88125 0.21171875 0.23333333333333334
1 0.6546875 0.9409722222222222 0.02109375 0.041666666666666664
1 0.726953125 0.3090277777777778 0.02265625 0.044444444444444446
1 0.66015625 0.5409722222222222 0.01875 0.03611111111111111
1 0.48828125 0.4847222222222222 0.02890625 0.07361111111111111
0 0.6734375 0.8986111111111111 0.2359375 0.1986111111111111
1 0.97734375 0.4027777777777778 0.01953125 0.043055555555555555
1 0.2515625 0.8451388888888889 0.03984375 0.06111111111111111
1 0.376171875 0.8465277777777778 0.03046875 0.05416666666666667
1 0.777734375 0.8243055555555555 0.01640625 0.03194444444444444
1 0.67578125 0.059722222222222225 0.02421875 0.044444444444444446
1 0.58203125 0.39791666666666664 0.0328125 0.059722222222222225
1 0.784375 0.022916666666666665 0.03046875 0.04583333333333333
1 0.875390625 0.47638888888888886 0.03203125 0.08472222222222223
1 0.9515625 0.6680555555555555 0.0265625 0.05
1 0.91875 0.6131944444444445 0.03203125 0.06527777777777778
1 0.73203125 0.027083333333333334 0.0296875 0.05138888888888889
0 0.153125 0.39444444444444443 0.06328125 0.15833333333333333
1 0.87578125 0.6847222222222222 0.021875 0.03888888888888889
1 0.17890625 0.08402777777777778 0.0125 0.030555555555555555
1 0.750390625 0.7736111111111111 0.021875 0.044444444444444446
1 0.71875 0.07152777777777777 0.0203125 0.05138888888888889
1 0.63671875 0.5708333333333333 0.01640625 0.0375
1 0.59921875 0.5020833333333333 0.01796875 0.043055555555555555
1 0.45625 0.7819444444444444 0.0203125 0.041666666666666664
1 0.223046875 0.23402777777777778 0.0296875 0.03611111111111111
1 0.579296875 0.5215277777777778 0.01875 0.041666666666666664
1 0.54453125 0.45625 0.02578125 0.05138888888888889
1 0.849609375 0.8159722222222222 0.0171875 0.030555555555555555
1 0.183984375 0.7347222222222223 0.0203125 0.029166666666666667
1 0.261328125 0.15833333333333333 0.0140625 0.034722222222222224
1 0.25078125 0.9 0.021875 0.05694444444444444
1 0.261328125 0.20972222222222223 0.01796875 0.0375
1 0.201171875 0.07569444444444444 0.015625 0.030555555555555555
1 0.96796875 0.8944444444444445 0.0171875 0.02638888888888889