1 0.678515625 0.021527777777777778 0.02890625 0.0375
1 0.8046875 0.06875 0.0140625 0.022222222222222223
1 0.41484375 0.05486111111111111 0.0109375 0.025
1 0.04921875 0.7548611111111111 0.01875 0.04027777777777778
0 0.140234375 0.19722222222222222 0.15390625 0.39444444444444443
0 0.181640625 0.9534722222222223 0.0859375 0.09027777777777778
0 0.690625 0.7333333333333333 0.17890625 0.3486111111111111
0 0.630859375 0.5652777777777778 0.165625 0.1986111111111111
0 0.686328125 0.27708333333333335 0.16484375 0.3
0 0.638671875 0.18194444444444444 0.04765625 0.15
1 0.215625 0.010416666666666666 0.0140625 0.020833333333333332
1 0.0578125 0.007638888888888889 0.015625 0.013888888888888888
1 0.055078125 0.035416666666666666 0.00859375 0.016666666666666666
1 0.3546875 0.1875 0.01328125 0.030555555555555555
1 0.4828125 0.10694444444444444 0.02578125 0.03888888888888889
1 0.54921875 0.15763888888888888 0.04609375 0.059722222222222225
1 0.502734375 0.2951388888888889 0.0265625 0.07222222222222222
1 0.417578125 0.008333333333333333 0.015625 0.015277777777777777
1 0.478515625 0.004861111111111111 0.0203125 0.009722222222222222
1 0.3078125 0.058333333333333334 0.01875 0.029166666666666667
1 0.26484375 0.12083333333333333 0.0125 0.03333333333333333
1 0.18984375 0.20416666666666666 0.0109375 0.018055555555555554
1 0.208984375 0.3902777777777778 0.01015625 0.018055555555555554
1 0.270703125 0.5506944444444445 0.015625 0.027777777777777776
1 0.4171875 0.14930555555555555 0.0140625 0.027777777777777776
1 0.4671875 0.5131944444444444 0.0234375 0.05277777777777778
1 0.505078125 0.5659722222222222 0.0234375 0.041666666666666664
1 0.412109375 0.6097222222222223 0.025 0.03333333333333333
1 0.416796875 0.6791666666666667 0.03359375 0.08472222222222223
1 0.38828125 0.7840277777777778 0.0203125 0.03888888888888889
1 0.341015625 0.7451388888888889 0.0203125 0.05277777777777778
1 0.242578125 0.7666666666666667 0.01796875 0.03333333333333333
1 0.21953125 0.8048611111111111 0.025 0.05694444444444444
1 0.108203125 0.7479166666666667 0.01328125 0.030555555555555555
1 0.22890625 0.8805555555555555 0.0234375 0.030555555555555555
1 0.565234375 0.8791666666666667 0.015625 0.025
1 0.793359375 0.6993055555555555 0.046875 0.10277777777777777
1 0.794140625 0.8534722222222222 0.0140625 0.03611111111111111
1 0.89140625 0.6548611111111111 0.03984375 0.05138888888888889
1 0.935546875 0.6881944444444444 0.01875 0.034722222222222224
1 0.92109375 0.5965277777777778 0.02265625 0.030555555555555555
0 0.158203125 0.8236111111111111 0.128125 0.32222222222222224
1 0.853125 0.4930555555555556 0.0234375 0.04861111111111111
1 0.724609375 0.4479166666666667 0.0234375 0.05416666666666667
1 0.8203125 0.11458333333333333 0.0421875 0.07777777777777778
1 0.935546875 0.08611111111111111 0.0140625 0.027777777777777776
1 0.14609375 0.42777777777777776 0.01328125 0.030555555555555555
1 0.0828125 0.14583333333333334 0.0125 0.013888888888888888
1 0.70859375 0.015277777777777777 0.02109375 0.030555555555555555
0 0.156640625 0.23472222222222222 0.07421875 0.375
0 0.1265625 0.6090277777777777 0.16640625 0.4152777777777778