1 0.272265625 0.7236111111111111 0.02578125 0.05277777777777778
1 0.57890625 0.5229166666666667 0.0484375 0.04722222222222222
1 0.158984375 0.55 0.02578125 0.041666666666666664
1 0.04140625 0.04791666666666667 0.03203125 0.043055555555555555
1 0.5953125 0.61875 0.02421875 0.05
0 0.65625 0.25277777777777777 0.20234375 0.3138888888888889
1 0.0734375 0.9055555555555556 0.02265625 0.0625
0 0.126171875 0.5381944444444444 0.19765625 0.475
0 0.1 0.90625 0.1921875 0.1875
1 0.7234375 0.9486111111111111 0.028125 0.043055555555555555
1 0.652734375 0.8222222222222222 0.02265625 0.06666666666666667
1 0.540234375 0.9506944444444444 0.0265625 0.058333333333333334
1 0.092578125 0.4131944444444444 0.04921875 0.07361111111111111
1 0.774609375 0.18611111111111112 0.059375 0.10138888888888889
1 0.939453125 0.8736111111111111 0.02421875 0.04722222222222222
1 0.990625 0.3625 0.01875 0.041666666666666664
1 0.566015625 0.4423611111111111 0.03046875 0.08472222222222223
1 0.87265625 0.29583333333333334 0.03046875 0.04861111111111111
1 0.89375 0.7458333333333333 0.03359375 0.08333333333333333
1 0.540234375 0.8916666666666667 0.0140625 0.025
1 0.1828125 0.11736111111111111 0.0171875 0.029166666666666667
1 0.216015625 0.9569444444444445 0.0328125 0.04027777777777778
1 0.209765625 0.013194444444444444 0.0140625 0.02638888888888889
1 0.103125 0.6118055555555556 0.03125 0.03888888888888889
1 0.60078125 0.3819444444444444 0.0171875 0.04861111111111111
1 0.7921875 0.8375 0.015625 0.02361111111111111
1 0.67109375 0.13541666666666666 0.028125 0.04722222222222222
1 0.1640625 0.1986111111111111 0.04375 0.03194444444444444
1 0.765625 0.22777777777777777 0.01484375 0.029166666666666667
1 0.875 0.38680555555555557 0.025 0.05
1 0.6375 0.3138888888888889 0.0234375 0.04861111111111111
1 0.753515625 0.3194444444444444 0.01328125 0.02638888888888889
1 0.172265625 0.020833333333333332 0.01796875 0.03333333333333333
1 0.591796875 0.9861111111111112 0.0234375 0.025
1 0.782421875 0.37916666666666665 0.01640625 0.05694444444444444
1 0.7015625 0.3326388888888889 0.025 0.0375
1 0.76875 0.09305555555555556 0.0203125 0.03333333333333333
1 0.126953125 0.6506944444444445 0.01328125 0.029166666666666667
1 0.89921875 0.12569444444444444 0.01640625 0.027777777777777776
1 0.86953125 0.8444444444444444 0.01796875 0.018055555555555554
1 0.94375 0.6090277777777777 0.021875 0.03611111111111111
1 0.16953125 0.6743055555555556 0.01796875 0.030555555555555555
1 0.781640625 0.89375 0.0171875 0.02638888888888889
1 0.608203125 0.5201388888888889 0.0125 0.03194444444444444
1 0.27890625 0.6333333333333333 0.01328125 0.0375
1 0.258203125 0.9423611111111111 0.01484375 0.029166666666666667
1 0.8140625 0.4284722222222222 0.01171875 0.022222222222222223
1 0.012109375 0.03125 0.01953125 0.04861111111111111
1 0.4984375 0.7847222222222222 0.01875 0.022222222222222223
1 0.96953125 0.35555555555555557 0.02421875 0.03888888888888889
1 0.9421875 0.2798611111111111 0.01875 0.03194444444444444
1 0.687109375 0.4638888888888889 0.01875 0.041666666666666664
1 0.925 0.7069444444444445 0.01640625 0.027777777777777776
1 0.45703125 0.2465277777777778 0.02109375 0.0375
1 0.238671875 0.17777777777777778 0.01953125 0.03611111111111111
1 0.331640625 0.15347222222222223 0.01328125 0.03194444444444444
1 0.02578125 0.32569444444444445 0.02109375 0.029166666666666667
1 0.03984375 0.39166666666666666 0.015625 0.029166666666666667
1 0.161328125 0.4305555555555556 0.02265625 0.03333333333333333
1 0.2 0.6645833333333333 0.01796875 0.03194444444444444
1 0.1921875 0.8215277777777777 0.01796875 0.03333333333333333
1 0.04375 0.9854166666666667 0.03203125 0.029166666666666667
1 0.084375 0.9423611111111111 0.009375 0.022222222222222223
1 0.134375 0.9159722222222222 0.01640625 0.03194444444444444
1 0.187109375 0.96875 0.0234375 0.0625
1 0.41875 0.6881944444444444 0.01484375 0.02638888888888889
1 0.501171875 0.4895833333333333 0.01640625 0.034722222222222224
1 0.45234375 0.5590277777777778 0.0140625 0.025
1 0.158984375 0.6201388888888889 0.00859375 0.02361111111111111
1 0.436328125 0.9159722222222222 0.01328125 0.018055555555555554
1 0.450390625 0.8826388888888889 0.0140625 0.03611111111111111
1 0.431640625 0.025694444444444443 0.01328125 0.019444444444444445
1 0.390625 0.3458333333333333 0.01796875 0.02638888888888889
1 0.494140625 0.31875 0.0125 0.02361111111111111
1 0.48515625 0.4618055555555556 0.0109375 0.02361111111111111
1 0.544921875 0.5395833333333333 0.0109375 0.025
1 0.598046875 0.1326388888888889 0.0140625 0.019444444444444445
1 0.63359375 0.12986111111111112 0.01171875 0.022222222222222223
1 0.598046875 0.23194444444444445 0.0078125 0.020833333333333332
1 0.740625 0.059027777777777776 0.0125 0.02361111111111111
1 0.721484375 0.027777777777777776 0.02734375 0.03333333333333333
1 0.430859375 0.2875 0.03125 0.05555555555555555
1 0.115625 0.8368055555555556 0.0234375 0.044444444444444446
1 0.97109375 0.55 0.0234375 0.03611111111111111
1 0.196484375 0.39166666666666666 0.02890625 0.07083333333333333
0 0.141015625 0.7263888888888889 0.07109375 0.2916666666666667
1 0.72734375 0.6958333333333333 0.0296875 0.07222222222222222
1 0.887890625 0.027777777777777776 0.0140625 0.02361111111111111
1 0.93203125 0.09305555555555556 0.0203125 0.025
1 0.96171875 0.10208333333333333 0.01875 0.02638888888888889
1 0.98203125 0.11041666666666666 0.01640625 0.019444444444444445
1 0.930859375 0.25416666666666665 0.01484375 0.025
1 0.851953125 0.3458333333333333 0.02109375 0.05
1 0.976953125 0.2833333333333333 0.01328125 0.020833333333333332
1 0.80546875 0.5736111111111111 0.01484375 0.027777777777777776
1 0.8015625 0.6972222222222222 0.01796875 0.027777777777777776
1 0.78046875 0.7791666666666667 0.01796875 0.027777777777777776
1 0.8390625 0.6972222222222222 0.0171875 0.02638888888888889
1 0.9640625 0.7180555555555556 0.02265625 0.04722222222222222
1 0.9640625 0.6222222222222222 0.01484375 0.03194444444444444
1 0.995703125 0.6270833333333333 0.00859375 0.05694444444444444
0 0.605859375 0.1076388888888889 0.07578125 0.2125
0 0.635546875 0.4965277777777778 0.22890625 0.4222222222222222
0 0.11953125 0.25833333333333336 0.2390625 0.25972222222222224
0 0.6828125 0.9277777777777778 0.13515625 0.14444444444444443
0 0.10703125 0.17777777777777778 0.103125 0.35555555555555557
1 0.9140625 0.5076388888888889 0.071875 0.1361111111111111
1 0.91796875 0.8125 0.01640625 0.030555555555555555
1 0.641015625 0.5993055555555555 0.009375 0.04027777777777778
1 0.648046875 0.5534722222222223 0.01171875 0.027777777777777776
1 0.99609375 0.4895833333333333 0.0078125 0.05416666666666667
1 0.679296875 0.7819444444444444 0.01171875 0.03888888888888889
0 0.126953125 0.11805555555555555 0.06953125 0.2361111111111111
0 0.701953125 0.7381944444444445 0.159375 0.5236111111111111
1 0.63203125 0.6659722222222222 0.009375 0.03194444444444444
1 0.664453125 0.6319444444444444 0.0203125 0.04583333333333333
1 0.9890625 0.8972222222222223 0.0203125 0.027777777777777776
1 0.91953125 0.8868055555555555 0.01328125 0.03194444444444444
1 0.845703125 0.9416666666666667 0.01875 0.027777777777777776
1 0.994921875 0.7965277777777777 0.01015625 0.03194444444444444
1 0.965625 0.8090277777777778 0.0171875 0.03194444444444444
1 0.762890625 0.7354166666666667 0.034375 0.06111111111111111
1 0.83984375 0.17777777777777778 0.02890625 0.04722222222222222
1 0.97265625 0.4340277777777778 0.0203125 0.043055555555555555
1 0.639453125 0.4 0.028125 0.04583333333333333
1 0.6 0.8270833333333333 0.0515625 0.14166666666666666
1 0.955859375 0.9201388888888888 0.02265625 0.029166666666666667
1 0.86953125 0.6277777777777778 0.021875 0.059722222222222225
1 0.760546875 0.2861111111111111 0.01796875 0.03333333333333333
1 0.18671875 0.6305555555555555 0.02421875 0.03888888888888889
1 0.460546875 0.47708333333333336 0.021875 0.0625
1 0.420703125 0.20555555555555555 0.01484375 0.029166666666666667
1 0.565234375 0.2659722222222222 0.02265625 0.044444444444444446
1 0.75390625 0.5625 0.0171875 0.02638888888888889
1 0.10546875 0.9402777777777778 0.025 0.04027777777777778
1 0.119140625 0.3548611111111111 0.0484375 0.05
1 0.165234375 0.12777777777777777 0.0140625 0.030555555555555555
1 0.180078125 0.46944444444444444 0.02109375 0.05
1 0.96484375 0.22013888888888888 0.01953125 0.03333333333333333
1 0.674609375 0.36319444444444443 0.0296875 0.04861111111111111
1 0.88671875 0.2625 0.0265625 0.03888888888888889
1 0.6765625 0.5638888888888889 0.025 0.08055555555555556
1 0.71328125 0.5388888888888889 0.02109375 0.041666666666666664
1 0.63671875 0.0625 0.02578125 0.059722222222222225
1 0.567578125 0.11875 0.0234375 0.041666666666666664
1 0.717578125 0.09097222222222222 0.03046875 0.08333333333333333
1 0.71015625 0.8256944444444444 0.04921875 0.075
1 0.584765625 0.03680555555555556 0.0140625 0.029166666666666667
1 0.20859375 0.7916666666666666 0.021875 0.03333333333333333
1 0.937109375 0.9736111111111111 0.0328125 0.05277777777777778
1 0.675390625 0.9840277777777777 0.02890625 0.030555555555555555
1 0.06640625 0.08194444444444444 0.0265625 0.06111111111111111
1 0.601953125 0.9416666666666667 0.04140625 0.09444444444444444
1 0.19375 0.9027777777777778 0.03984375 0.06805555555555555
1 0.987109375 0.9631944444444445 0.02578125 0.07361111111111111