1 0.6921875 0.02847222222222222 0.021875 0.03611111111111111
1 0.621484375 0.19583333333333333 0.0125 0.013888888888888888
1 0.54921875 0.17569444444444443 0.01796875 0.030555555555555555
1 0.455859375 0.18472222222222223 0.0140625 0.025
1 0.59921875 0.2604166666666667 0.02578125 0.058333333333333334
1 0.580859375 0.3861111111111111 0.01328125 0.020833333333333332
1 0.62578125 0.4965277777777778 0.0203125 0.041666666666666664
1 0.55 0.46041666666666664 0.04765625 0.07916666666666666
1 0.590234375 0.5881944444444445 0.01640625 0.025
1 0.512109375 0.5631944444444444 0.01953125 0.05277777777777778
1 0.486328125 0.6034722222222222 0.01796875 0.03611111111111111
1 0.478515625 0.6458333333333334 0.02109375 0.025
1 0.446484375 0.6173611111111111 0.03359375 0.05555555555555555
1 0.441015625 0.5715277777777777 0.0203125 0.041666666666666664
1 0.525 0.6263888888888889 0.0265625 0.0375
1 0.503125 0.6625 0.01796875 0.03611111111111111
1 0.56796875 0.6979166666666666 0.0171875 0.03333333333333333
1 0.916015625 0.8333333333333334 0.01796875 0.030555555555555555
1 0.93125 0.9638888888888889 0.01328125 0.02361111111111111
1 0.97421875 0.9833333333333333 0.01640625 0.03333333333333333
1 0.12890625 0.33541666666666664 0.01796875 0.03611111111111111
0 0.69921875 0.25416666666666665 0.29453125 0.21944444444444444
0 0.752734375 0.46944444444444444 0.225 0.3625
0 0.666015625 0.5854166666666667 0.196875 0.28055555555555556
0 0.672265625 0.8423611111111111 0.1515625 0.31527777777777777
0 0.0671875 0.33402777777777776 0.134375 0.28055555555555556
0 0.095703125 0.8833333333333333 0.14609375 0.23333333333333334
0 0.08671875 0.8152777777777778 0.1625 0.3111111111111111
0 0.075 0.4534722222222222 0.15 0.4152777777777778
1 0.4546875 0.9611111111111111 0.02109375 0.041666666666666664
1 0.5234375 0.90625 0.0171875 0.04027777777777778
1 0.555078125 0.9409722222222222 0.02734375 0.058333333333333334
1 0.63046875 0.9868055555555556 0.0125 0.025
1 0.647265625 0.9826388888888888 0.01171875 0.034722222222222224
1 0.637109375 0.9069444444444444 0.015625 0.02638888888888889
1 0.7375 0.8555555555555555 0.0140625 0.02638888888888889
1 0.77265625 0.8881944444444444 0.01796875 0.04027777777777778
1 0.536328125 0.8027777777777778 0.01640625 0.02638888888888889
1 0.558203125 0.8055555555555556 0.02734375 0.058333333333333334
1 0.630859375 0.8291666666666667 0.01484375 0.02638888888888889
1 0.66640625 0.9701388888888889 0.0265625 0.020833333333333332
1 0.03046875 0.05 0.028125 0.030555555555555555
0 0.073046875 0.05347222222222222 0.14609375 0.10694444444444444
1 0.131640625 0.9027777777777778 0.01640625 0.04027777777777778
1 0.06015625 0.7548611111111111 0.01640625 0.034722222222222224
1 0.131640625 0.7465277777777778 0.0125 0.02361111111111111
1 0.1203125 0.6451388888888889 0.02890625 0.04583333333333333
1 0.048828125 0.07708333333333334 0.03046875 0.059722222222222225
1 0.048828125 0.15763888888888888 0.03125 0.04722222222222222
1 0.175390625 0.08611111111111111 0.04375 0.09027777777777778
1 0.297265625 0.09375 0.015625 0.0375
1 0.304296875 0.1763888888888889 0.0140625 0.029166666666666667
1 0.208984375 0.2743055555555556 0.0125 0.020833333333333332
1 0.2265625 0.29305555555555557 0.01171875 0.022222222222222223
1 0.21953125 0.3458333333333333 0.01171875 0.0375
1 0.22109375 0.41597222222222224 0.0171875 0.0375
1 0.161328125 0.3111111111111111 0.02578125 0.06666666666666667
1 0.4296875 0.40555555555555556 0.02421875 0.05138888888888889
1 0.417578125 0.8777777777777778 0.0109375 0.02638888888888889
1 0.441015625 0.9868055555555556 0.01953125 0.02638888888888889
1 0.551953125 0.005555555555555556 0.00625 0.011111111111111112
1 0.53359375 0.004166666666666667 0.01015625 0.008333333333333333
1 0.94609375 0.6118055555555556 0.01328125 0.025
1 0.747265625 0.4076388888888889 0.01171875 0.016666666666666666
1 0.816796875 0.46458333333333335 0.01640625 0.034722222222222224
1 0.884375 0.32569444444444445 0.01328125 0.027777777777777776
1 0.943359375 0.22916666666666666 0.01640625 0.03611111111111111
1 0.960546875 0.15069444444444444 0.025 0.0375
1 0.75703125 0.16111111111111112 0.0390625 0.059722222222222225
1 0.74375 0.08333333333333333 0.01640625 0.029166666666666667