1 0.38046875 0.32395833333333335 0.021875 0.041666666666666664
1 0.4375 0.29270833333333335 0.0140625 0.03333333333333333
1 0.48203125 0.36770833333333336 0.03125 0.03958333333333333
1 0.5046875 0.2708333333333333 0.025 0.029166666666666667
1 0.5875 0.43645833333333334 0.03125 0.03125
1 0.55703125 0.5416666666666666 0.021875 0.027083333333333334
1 0.6078125 0.5458333333333333 0.04375 0.04583333333333333
1 0.28828125 0.253125 0.015625 0.020833333333333332
1 0.328125 0.209375 0.025 0.035416666666666666
1 0.25703125 0.13333333333333333 0.053125 0.06666666666666667
1 0.21328125 0.17291666666666666 0.0359375 0.03958333333333333
1 0.18828125 0.13854166666666667 0.021875 0.01875
1 0.2203125 0.09166666666666666 0.0171875 0.029166666666666667
1 0.19453125 0.11041666666666666 0.01875 0.03125
1 0.165625 0.09270833333333334 0.0125 0.01875
1 0.13828125 0.07916666666666666 0.021875 0.022916666666666665
1 0.0671875 0.029166666666666667 0.034375 0.03125
1 0.06015625 0.8395833333333333 0.0125 0.029166666666666667
1 0.11484375 0.94375 0.0234375 0.025
1 0.05703125 0.9479166666666666 0.0140625 0.020833333333333332
1 0.0046875 0.9052083333333333 0.009375 0.041666666666666664
1 0.24375 0.9114583333333334 0.0296875 0.041666666666666664
1 0.165625 0.9458333333333333 0.053125 0.04583333333333333
1 0.209375 0.8 0.01875 0.03125
1 0.16484375 0.79375 0.0203125 0.022916666666666665
1 0.14296875 0.7916666666666666 0.0171875 0.025
1 0.82109375 0.3572916666666667 0.015625 0.014583333333333334
1 0.77109375 0.0625 0.0171875 0.025
1 0.67421875 0.003125 0.0171875 0.00625
1 0.36796875 0.12395833333333334 0.028125 0.03333333333333333
1 0.29140625 0.13854166666666667 0.0140625 0.020833333333333332
1 0.24375 0.071875 0.0265625 0.04375
1 0.2703125 0.015625 0.04375 0.03125
1 0.13046875 0.008333333333333333 0.01875 0.016666666666666666
1 0.00859375 0.11458333333333333 0.0171875 0.022916666666666665
1 0.0109375 0.30416666666666664 0.021875 0.041666666666666664
1 0.909375 0.3104166666666667 0.0109375 0.014583333333333334
1 0.74921875 0.08020833333333334 0.0125 0.020833333333333332
1 0.59375 0.6229166666666667 0.0125 0.01875
1 0.49453125 0.5458333333333333 0.0140625 0.035416666666666666
1 0.575 0.5625 0.0109375 0.016666666666666666
1 0.76484375 0.37604166666666666 0.028125 0.07291666666666667
1 0.0765625 0.084375 0.021875 0.03125
1 0.35625 0.4375 0.046875 0.0375
1 0.86484375 0.646875 0.015625 0.022916666666666665
1 0.86484375 0.7770833333333333 0.009375 0.01875
1 0.87109375 0.9635416666666666 0.0328125 0.03333333333333333
1 0.07265625 0.3854166666666667 0.046875 0.04583333333333333
1 0.140625 0.34375 0.040625 0.035416666666666666
1 0.1828125 0.2947916666666667 0.0359375 0.022916666666666665
1 0.1703125 0.3958333333333333 0.0296875 0.016666666666666666
1 0.18671875 0.42916666666666664 0.0265625 0.0375
1 0.16953125 0.49166666666666664 0.0296875 0.022916666666666665
1 0.1328125 0.5239583333333333 0.0421875 0.05416666666666667
1 0.21484375 0.54375 0.04375 0.058333333333333334
1 0.3109375 0.653125 0.028125 0.035416666666666666
1 0.23203125 0.7479166666666667 0.01875 0.022916666666666665
1 0.28359375 0.42291666666666666 0.0546875 0.027083333333333334
1 0.74609375 0.259375 0.0453125 0.052083333333333336
1 0.28671875 0.49375 0.03125 0.025
1 0.27421875 0.528125 0.028125 0.041666666666666664
1 0.22421875 0.6177083333333333 0.021875 0.03125
1 0.725 0.30625 0.025 0.0375
1 0.79296875 0.296875 0.015625 0.016666666666666666
1 0.87734375 0.24791666666666667 0.0328125 0.04375
1 0.89921875 0.28020833333333334 0.025 0.029166666666666667
1 0.16015625 0.684375 0.0140625 0.022916666666666665
0 0.45625 0.821875 0.15625 0.25416666666666665
0 0.41640625 0.5552083333333333 0.0953125 0.12083333333333333
0 0.4171875 0.3229166666666667 0.16875 0.4270833333333333
0 0.3875 0.13958333333333334 0.1984375 0.14375
1 0.21796875 0.584375 0.0125 0.01875
1 0.18828125 0.6020833333333333 0.028125 0.05
1 0.1203125 0.6979166666666666 0.0296875 0.025
1 0.3078125 0.71875 0.0375 0.05
1 0.3859375 0.6375 0.028125 0.03958333333333333
1 0.53671875 0.7458333333333333 0.0171875 0.0125
1 0.50078125 0.7020833333333333 0.03125 0.03958333333333333
1 0.56875 0.690625 0.025 0.0375
1 0.296875 0.828125 0.0890625 0.16041666666666668
1 0.36953125 0.8135416666666667 0.0265625 0.027083333333333334
1 0.3984375 0.8375 0.0484375 0.075
1 0.4578125 0.8822916666666667 0.028125 0.035416666666666666
1 0.51171875 0.8895833333333333 0.03125 0.027083333333333334
1 0.54140625 0.9239583333333333 0.028125 0.0375
1 0.4203125 0.965625 0.053125 0.041666666666666664
1 0.59921875 0.9447916666666667 0.0171875 0.035416666666666666
1 0.51953125 0.815625 0.034375 0.06875
1 0.640625 0.7833333333333333 0.015625 0.016666666666666666
1 0.65625 0.821875 0.0296875 0.035416666666666666
1 0.69609375 0.8375 0.0265625 0.06041666666666667
1 0.7328125 0.8614583333333333 0.0640625 0.06041666666666667
1 0.62421875 0.6791666666666667 0.0125 0.0125
1 0.96328125 0.8645833333333334 0.0234375 0.020833333333333332
1 0.7625 0.725 0.0390625 0.0625
1 0.73125 0.6947916666666667 0.0125 0.016666666666666666
1 0.715625 0.65625 0.0234375 0.03333333333333333
1 0.5609375 0.14166666666666666 0.0234375 0.04375
1 0.61484375 0.15208333333333332 0.028125 0.03125
1 0.42890625 0.05416666666666667 0.03125 0.0625
1 0.3953125 0.057291666666666664 0.0140625 0.01875
1 0.3765625 0.005208333333333333 0.03125 0.010416666666666666
1 0.453125 0.016666666666666666 0.0328125 0.03333333333333333
1 0.4953125 0.03958333333333333 0.025 0.04375
1 0.47578125 0.04791666666666667 0.028125 0.020833333333333332
1 0.00625 0.06041666666666667 0.0125 0.016666666666666666
1 0.5140625 0.10208333333333333 0.0203125 0.01875
1 0.59375 0.08541666666666667 0.0140625 0.010416666666666666
1 0.77109375 0.008333333333333333 0.01875 0.016666666666666666
1 0.80234375 0.07708333333333334 0.01875 0.029166666666666667
1 0.61953125 0.359375 0.015625 0.022916666666666665
1 0.60390625 0.28854166666666664 0.021875 0.022916666666666665
1 0.64921875 0.2552083333333333 0.0234375 0.027083333333333334
1 0.5546875 0.32916666666666666 0.009375 0.014583333333333334
1 0.5125 0.33125 0.009375 0.020833333333333332
1 0.40546875 0.7177083333333333 0.0125 0.022916666666666665
1 0.45 0.7541666666666667 0.0265625 0.014583333333333334
1 0.82890625 0.578125 0.021875 0.025
1 0.796875 0.5208333333333334 0.0203125 0.020833333333333332
1 0.8359375 0.434375 0.0203125 0.020833333333333332
1 0.96328125 0.43020833333333336 0.0234375 0.035416666666666666
1 0.19609375 0.2604166666666667 0.0265625 0.027083333333333334
1 0.26953125 0.33229166666666665 0.0265625 0.025