1 0.71640625 0.6583333333333333 0.03125 0.04791666666666667
1 0.66953125 0.5677083333333334 0.028125 0.05416666666666667
1 0.60625 0.5125 0.04375 0.05416666666666667
0 0.39609375 0.7989583333333333 0.1859375 0.18958333333333333
0 0.43203125 0.5291666666666667 0.221875 0.16041666666666668
0 0.42734375 0.228125 0.1984375 0.40625
1 0.56875 0.3177083333333333 0.025 0.025
1 0.56796875 0.534375 0.0140625 0.01875
1 0.33828125 0.121875 0.028125 0.04375
1 0.334375 0.7833333333333333 0.021875 0.020833333333333332
1 0.08515625 0.421875 0.0140625 0.01875
1 0.078125 0.48541666666666666 0.0203125 0.022916666666666665
1 0.0328125 0.36666666666666664 0.0125 0.016666666666666666
1 0.13515625 0.12395833333333334 0.021875 0.03333333333333333
1 0.2078125 0.9177083333333333 0.025 0.0375
1 0.11953125 0.8145833333333333 0.0171875 0.027083333333333334
1 0.028125 0.8072916666666666 0.05625 0.07708333333333334
1 0.89921875 0.8708333333333333 0.021875 0.025
1 0.76015625 0.9395833333333333 0.0296875 0.029166666666666667
1 0.46875 0.459375 0.0140625 0.016666666666666666
1 0.8734375 0.9614583333333333 0.0203125 0.029166666666666667
1 0.696875 0.008333333333333333 0.015625 0.016666666666666666
1 0.78359375 0.9708333333333333 0.0296875 0.041666666666666664
1 0.5375 0.6354166666666666 0.0296875 0.041666666666666664
1 0.4203125 0.59375 0.015625 0.035416666666666666
1 0.4203125 0.671875 0.0265625 0.03333333333333333
1 0.253125 0.6604166666666667 0.0203125 0.029166666666666667
1 0.2359375 0.778125 0.040625 0.04583333333333333
1 0.19765625 0.4625 0.05 0.041666666666666664
1 0.2109375 0.403125 0.021875 0.029166666666666667
1 0.18515625 0.010416666666666666 0.0171875 0.020833333333333332
1 0.46875 0.04791666666666667 0.03125 0.014583333333333334
1 0.2484375 0.027083333333333334 0.0296875 0.05
1 0.64765625 0.1 0.01875 0.025
1 0.5484375 0.23229166666666667 0.0390625 0.04375