1 0.901953125 0.9743055555555555 0.025 0.03888888888888889
1 0.148828125 0.8652777777777778 0.0203125 0.05138888888888889
1 0.065625 0.8013888888888889 0.034375 0.0625
0 0.14375 0.7368055555555556 0.134375 0.2263888888888889
1 0.612890625 0.0798611111111111 0.03359375 0.05
1 0.704296875 0.2298611111111111 0.0125 0.030555555555555555
1 0.714453125 0.26319444444444445 0.0140625 0.04027777777777778
1 0.95078125 0.10138888888888889 0.0171875 0.03194444444444444
1 0.073828125 0.47152777777777777 0.0171875 0.03888888888888889
0 0.131640625 0.5020833333333333 0.08984375 0.1875
0 0.590625 0.47291666666666665 0.2578125 0.4236111111111111
1 0.553125 0.125 0.01875 0.06944444444444445
1 0.866015625 0.0625 0.0453125 0.08194444444444444
1 0.584765625 0.9458333333333333 0.01796875 0.06805555555555555
1 0.56484375 0.9756944444444444 0.01171875 0.03333333333333333
1 0.645703125 0.7368055555555556 0.01875 0.04861111111111111
1 0.444921875 0.5576388888888889 0.0125 0.025
1 0.504296875 0.3347222222222222 0.01015625 0.02638888888888889
1 0.410546875 0.04652777777777778 0.00859375 0.018055555555555554
1 0.433984375 0.30972222222222223 0.03515625 0.07777777777777778
0 0.058203125 0.8875 0.11484375 0.225
1 0.030859375 0.6569444444444444 0.021875 0.029166666666666667
1 0.551171875 0.7423611111111111 0.0109375 0.019444444444444445
1 0.558203125 0.2604166666666667 0.015625 0.022222222222222223
1 0.964453125 0.8777777777777778 0.01875 0.0375
1 0.91796875 0.8861111111111111 0.0171875 0.03333333333333333
1 0.944140625 0.8416666666666667 0.0203125 0.034722222222222224
1 0.846484375 0.7847222222222222 0.015625 0.034722222222222224
1 0.9796875 0.7347222222222223 0.0265625 0.05416666666666667
1 0.686328125 0.9493055555555555 0.0265625 0.06388888888888888
1 0.60703125 0.8090277777777778 0.025 0.03611111111111111
1 0.52578125 0.6076388888888888 0.0140625 0.027777777777777776
1 0.457421875 0.7930555555555555 0.01484375 0.02638888888888889
1 0.413671875 0.6368055555555555 0.01953125 0.043055555555555555
1 0.621875 0.5340277777777778 0.0171875 0.034722222222222224
1 0.825390625 0.6013888888888889 0.01875 0.03611111111111111
1 0.81328125 0.6486111111111111 0.015625 0.02361111111111111
1 0.92734375 0.7152777777777778 0.021875 0.04027777777777778
1 0.834375 0.6944444444444444 0.02890625 0.06527777777777778
1 0.752734375 0.6972222222222222 0.03671875 0.0763888888888889
1 0.701171875 0.7034722222222223 0.05234375 0.14305555555555555
1 0.619921875 0.6055555555555555 0.01953125 0.029166666666666667
1 0.65625 0.5145833333333333 0.01953125 0.04027777777777778
1 0.683203125 0.5104166666666666 0.02421875 0.043055555555555555
1 0.756640625 0.48194444444444445 0.02578125 0.03333333333333333
1 0.76875 0.5381944444444444 0.0171875 0.034722222222222224
1 0.903125 0.6486111111111111 0.0203125 0.041666666666666664
1 0.983203125 0.5951388888888889 0.028125 0.04722222222222222
1 0.98515625 0.4847222222222222 0.0296875 0.05138888888888889
1 0.989453125 0.3888888888888889 0.01875 0.04583333333333333
1 0.912109375 0.45625 0.025 0.05
1 0.862109375 0.5326388888888889 0.025 0.08333333333333333
1 0.83359375 0.38055555555555554 0.02421875 0.043055555555555555
1 0.801171875 0.36666666666666664 0.01484375 0.029166666666666667
1 0.52578125 0.19722222222222222 0.02734375 0.07916666666666666
1 0.062890625 0.06597222222222222 0.01171875 0.025
1 0.086328125 0.06875 0.0171875 0.02638888888888889
1 0.150390625 0.029166666666666667 0.040625 0.058333333333333334
1 0.029296875 0.07430555555555556 0.03828125 0.0763888888888889
1 0.070703125 0.03125 0.0234375 0.04583333333333333
1 0.05390625 0.17222222222222222 0.0203125 0.034722222222222224
1 0.109765625 0.1284722222222222 0.02578125 0.043055555555555555
1 0.171875 0.6305555555555555 0.025 0.04583333333333333
1 0.131640625 0.6118055555555556 0.02109375 0.03194444444444444
1 0.071484375 0.5173611111111112 0.025 0.043055555555555555
1 0.17890625 0.6861111111111111 0.025 0.05416666666666667
0 0.5828125 0.14375 0.2453125 0.2861111111111111
0 0.626953125 0.3159722222222222 0.1796875 0.2513888888888889
0 0.58515625 0.6680555555555555 0.11015625 0.2847222222222222
0 0.625390625 0.8881944444444444 0.13359375 0.2222222222222222
1 0.86796875 0.3763888888888889 0.0171875 0.03611111111111111
1 0.903515625 0.29444444444444445 0.01328125 0.03194444444444444
1 0.885546875 0.21388888888888888 0.05 0.07222222222222222
1 0.8359375 0.14375 0.01796875 0.04583333333333333
1 0.98359375 0.034722222222222224 0.03203125 0.06388888888888888
1 0.801171875 0.11875 0.0328125 0.06527777777777778
1 0.74375 0.05486111111111111 0.02265625 0.07222222222222222
1 0.5703125 0.10972222222222222 0.01875 0.029166666666666667
1 0.598046875 0.1361111111111111 0.02421875 0.05277777777777778
1 0.628515625 0.21944444444444444 0.0453125 0.08472222222222223
1 0.666015625 0.14097222222222222 0.0328125 0.07361111111111111
1 0.66328125 0.052083333333333336 0.03359375 0.05416666666666667