1 0.6921875 0.7333333333333333 0.01875 0.03611111111111111
0 0.574609375 0.3236111111111111 0.175 0.21666666666666667
0 0.63203125 0.4895833333333333 0.165625 0.16805555555555557
0 0.62578125 0.9 0.05625 0.19305555555555556
0 0.095703125 0.6069444444444444 0.19140625 0.32083333333333336
0 0.0796875 0.39444444444444443 0.15859375 0.31666666666666665
0 0.08046875 0.28680555555555554 0.1515625 0.4527777777777778
0 0.071484375 0.0763888888888889 0.13984375 0.14583333333333334
0 0.632421875 0.16527777777777777 0.0765625 0.11388888888888889
1 0.444921875 0.21875 0.02421875 0.05694444444444444
1 0.49765625 0.16111111111111112 0.02734375 0.044444444444444446
1 0.5703125 0.08263888888888889 0.01328125 0.02361111111111111
1 0.4390625 0.5034722222222222 0.03359375 0.08333333333333333
1 0.389453125 0.6527777777777778 0.03125 0.05555555555555555
1 0.49609375 0.7222222222222222 0.028125 0.04861111111111111
1 0.490625 0.7923611111111111 0.03515625 0.05277777777777778
1 0.39296875 0.9180555555555555 0.02421875 0.04583333333333333
1 0.473828125 0.9333333333333333 0.021875 0.0375
1 0.18515625 0.9 0.03828125 0.05138888888888889
1 0.12578125 0.9131944444444444 0.02734375 0.06388888888888888
1 0.075390625 0.9701388888888889 0.02578125 0.05694444444444444
1 0.41875 0.059722222222222225 0.046875 0.06527777777777778
1 0.499609375 0.018055555555555554 0.02890625 0.03611111111111111
1 0.8078125 0.44513888888888886 0.03984375 0.06527777777777778
1 0.775390625 0.5222222222222223 0.02265625 0.03888888888888889
1 0.828125 0.5722222222222222 0.0171875 0.03888888888888889
1 0.671875 0.6229166666666667 0.06171875 0.06944444444444445
1 0.783203125 0.02847222222222222 0.03671875 0.05277777777777778
1 0.740234375 0.05625 0.0390625 0.04861111111111111
1 0.676171875 0.013194444444444444 0.02890625 0.02361111111111111
1 0.68125 0.2826388888888889 0.02734375 0.04583333333333333
1 0.715234375 0.35208333333333336 0.02109375 0.03611111111111111
1 0.73125 0.2986111111111111 0.02890625 0.03611111111111111
1 0.7734375 0.24722222222222223 0.0171875 0.03194444444444444
1 0.5390625 0.41944444444444445 0.06171875 0.08472222222222223
1 0.4234375 0.3541666666666667 0.02890625 0.04861111111111111
1 0.41875 0.42291666666666666 0.025 0.059722222222222225
1 0.708203125 0.8256944444444444 0.0171875 0.03611111111111111
1 0.794140625 0.9402777777777778 0.01875 0.04027777777777778
1 0.890234375 0.8909722222222223 0.0171875 0.030555555555555555
1 0.693359375 0.9138888888888889 0.01484375 0.04027777777777778
1 0.55390625 0.5861111111111111 0.0203125 0.043055555555555555
1 0.5328125 0.6263888888888889 0.01796875 0.03333333333333333
1 0.546875 0.5194444444444445 0.05390625 0.08055555555555556
1 0.623828125 0.5868055555555556 0.0203125 0.05555555555555555
1 0.924609375 0.3138888888888889 0.01796875 0.04027777777777778
1 0.94765625 0.2833333333333333 0.01171875 0.02638888888888889
1 0.177734375 0.2513888888888889 0.040625 0.05555555555555555
1 0.230859375 0.36180555555555555 0.02109375 0.044444444444444446
1 0.5640625 0.9145833333333333 0.03203125 0.059722222222222225
1 0.639453125 0.7291666666666666 0.0453125 0.058333333333333334
1 0.590234375 0.1361111111111111 0.02734375 0.058333333333333334
1 0.6125 0.8694444444444445 0.046875 0.12916666666666668
1 0.5015625 0.575 0.01484375 0.030555555555555555
1 0.53828125 0.30486111111111114 0.02890625 0.05138888888888889
0 0.617578125 0.80625 0.11875 0.27361111111111114