0 0.62734375 0.490625 0.1515625 0.24375
1 0.8609375 0.234375 0.03125 0.075
1 0.89765625 0.21458333333333332 0.021875 0.022916666666666665
1 0.7984375 0.19270833333333334 0.034375 0.027083333333333334
1 0.71484375 0.240625 0.0703125 0.0375
1 0.6296875 0.253125 0.0296875 0.03333333333333333
1 0.78359375 0.321875 0.021875 0.03333333333333333
1 0.75078125 0.3854166666666667 0.0453125 0.06666666666666667
1 0.703125 0.4125 0.0453125 0.04791666666666667
1 0.7203125 0.30416666666666664 0.0140625 0.016666666666666666
1 0.88046875 0.309375 0.0125 0.022916666666666665
1 0.775 0.278125 0.015625 0.022916666666666665
1 0.8296875 0.40520833333333334 0.0125 0.01875
1 0.86328125 0.44895833333333335 0.028125 0.03333333333333333
1 0.771875 0.484375 0.0390625 0.0625
1 0.82421875 0.54375 0.01875 0.025
1 0.8609375 0.5645833333333333 0.0203125 0.0375
1 0.91171875 0.5208333333333334 0.0203125 0.025
1 0.99375 0.4041666666666667 0.0125 0.020833333333333332
1 0.94921875 0.3572916666666667 0.021875 0.016666666666666666
1 0.98125 0.7197916666666667 0.0203125 0.0375
1 0.87734375 0.859375 0.0265625 0.041666666666666664
1 0.88671875 0.9208333333333333 0.0265625 0.025
1 0.88828125 0.9708333333333333 0.028125 0.03333333333333333
1 0.90703125 0.95 0.0140625 0.014583333333333334
1 0.91171875 0.990625 0.025 0.01875
1 0.6734375 0.9947916666666666 0.021875 0.010416666666666666
1 0.7046875 0.8927083333333333 0.0234375 0.027083333333333334
1 0.72890625 0.865625 0.0125 0.014583333333333334
1 0.603125 0.940625 0.0109375 0.020833333333333332
1 0.40390625 0.8489583333333334 0.021875 0.03333333333333333
1 0.41484375 0.809375 0.0171875 0.029166666666666667
1 0.29921875 0.7729166666666667 0.0234375 0.022916666666666665
1 0.23515625 0.846875 0.0265625 0.029166666666666667
1 0.215625 0.8864583333333333 0.0234375 0.027083333333333334
1 0.02421875 0.884375 0.0484375 0.03333333333333333
1 0.05078125 0.925 0.025 0.04791666666666667
1 0.040625 0.85625 0.01875 0.022916666666666665
1 0.12265625 0.84375 0.0265625 0.035416666666666666
1 0.17421875 0.73125 0.0546875 0.07291666666666667
1 0.0125 0.765625 0.025 0.0375
1 0.03984375 0.559375 0.0515625 0.05625
1 0.3453125 0.38333333333333336 0.0515625 0.0625
1 0.2921875 0.36666666666666664 0.025 0.06458333333333334
1 0.40625 0.43020833333333336 0.04375 0.07083333333333333
1 0.38671875 0.34791666666666665 0.0234375 0.022916666666666665
1 0.4375 0.315625 0.0171875 0.0375
1 0.4859375 0.303125 0.0265625 0.04375
1 0.5328125 0.4666666666666667 0.03125 0.029166666666666667
1 0.5125 0.5 0.025 0.029166666666666667
1 0.4328125 0.5197916666666667 0.0375 0.05
1 0.3578125 0.534375 0.0203125 0.03333333333333333
1 0.4734375 0.5895833333333333 0.028125 0.022916666666666665
1 0.4125 0.6802083333333333 0.028125 0.035416666666666666
1 0.35625 0.7125 0.0171875 0.029166666666666667
1 0.55 0.6822916666666666 0.01875 0.035416666666666666
1 0.5875 0.60625 0.0265625 0.020833333333333332
1 0.61171875 0.628125 0.015625 0.0125
1 0.4671875 0.41458333333333336 0.015625 0.014583333333333334
1 0.44140625 0.203125 0.034375 0.0375
1 0.271875 0.11666666666666667 0.04375 0.0375
1 0.3859375 0.08854166666666667 0.01875 0.027083333333333334
1 0.2546875 0.016666666666666666 0.040625 0.03333333333333333
1 0.18046875 0.008333333333333333 0.0125 0.016666666666666666
1 0.09296875 0.03854166666666667 0.0359375 0.03125
1 0.09765625 0.4270833333333333 0.009375 0.0125
1 0.27109375 0.7916666666666666 0.0140625 0.01875
1 0.39453125 0.9927083333333333 0.0140625 0.014583333333333334
1 0.41953125 0.9916666666666667 0.0171875 0.016666666666666666
1 0.7625 0.75 0.0234375 0.03333333333333333
1 0.7125 0.6583333333333333 0.0265625 0.03958333333333333
1 0.91875 0.6385416666666667 0.0140625 0.014583333333333334
1 0.58359375 0.37395833333333334 0.0203125 0.01875
1 0.46875 0.040625 0.0140625 0.020833333333333332
1 0.525 0.07708333333333334 0.01875 0.027083333333333334
1 0.63359375 0.06770833333333333 0.01875 0.035416666666666666
1 0.78203125 0.13229166666666667 0.0375 0.03125
1 0.89296875 0.08125 0.0140625 0.020833333333333332
1 0.28359375 0.17291666666666666 0.01875 0.016666666666666666
1 0.31171875 0.5208333333333334 0.0125 0.025
0 0.60234375 0.9645833333333333 0.1046875 0.07083333333333333
1 0.29765625 0.865625 0.0203125 0.01875
1 0.16796875 0.9291666666666667 0.0234375 0.016666666666666666
0 0.57890625 0.7833333333333333 0.1984375 0.17083333333333334
1 0.6125 0.775 0.025 0.027083333333333334
1 0.63984375 0.7395833333333334 0.0203125 0.014583333333333334
0 0.5921875 0.115625 0.2015625 0.21875
0 0.61796875 0.013541666666666667 0.0671875 0.027083333333333334