1 0.81015625 0.0625 0.021875 0.041666666666666664
1 0.3453125 0.13645833333333332 0.028125 0.03125
1 0.63671875 0.2833333333333333 0.0296875 0.025
1 0.62578125 0.321875 0.028125 0.035416666666666666
1 0.92265625 0.6583333333333333 0.0203125 0.020833333333333332
1 0.74140625 0.18020833333333333 0.0203125 0.027083333333333334
1 0.02421875 0.6479166666666667 0.0375 0.041666666666666664
1 0.596875 0.353125 0.0234375 0.03125
0 0.63125 0.95625 0.06875 0.0875
0 0.62890625 0.7802083333333333 0.178125 0.17083333333333334
0 0.6328125 0.10833333333333334 0.2703125 0.21666666666666667
0 0.61953125 0.42291666666666666 0.084375 0.2916666666666667
1 0.734375 0.225 0.0203125 0.027083333333333334
1 0.565625 0.6635416666666667 0.034375 0.03333333333333333
1 0.884375 0.771875 0.0171875 0.025
1 0.7390625 0.3572916666666667 0.021875 0.020833333333333332
1 0.71953125 0.32395833333333335 0.021875 0.022916666666666665
1 0.596875 0.6479166666666667 0.0265625 0.03958333333333333