1 0.896875 0.165625 0.021875 0.020833333333333332
1 0.62890625 0.284375 0.021875 0.029166666666666667
1 0.684375 0.3302083333333333 0.03125 0.07083333333333333
1 0.828125 0.48541666666666666 0.0578125 0.027083333333333334
1 0.7796875 0.6385416666666667 0.0234375 0.022916666666666665
1 0.8296875 0.7822916666666667 0.0546875 0.052083333333333336
1 0.78359375 0.840625 0.0421875 0.05
1 0.9453125 0.8104166666666667 0.025 0.025
1 0.934375 0.7572916666666667 0.0140625 0.022916666666666665
1 0.91328125 0.59375 0.075 0.12708333333333333
1 0.3921875 0.471875 0.040625 0.04791666666666667
1 0.41328125 0.8364583333333333 0.034375 0.041666666666666664
1 0.43046875 0.7739583333333333 0.0234375 0.04791666666666667
1 0.83203125 0.015625 0.0296875 0.027083333333333334
1 0.4171875 0.5458333333333333 0.0265625 0.041666666666666664
1 0.321875 0.18958333333333333 0.0171875 0.027083333333333334
1 0.44375 0.21875 0.025 0.041666666666666664
1 0.7390625 0.171875 0.046875 0.05416666666666667
1 0.4296875 0.10729166666666666 0.025 0.01875
1 0.4265625 0.15833333333333333 0.0140625 0.025
1 0.07421875 0.9072916666666667 0.0171875 0.05416666666666667
1 0.1953125 0.9239583333333333 0.0171875 0.03125
1 0.41171875 0.578125 0.03125 0.022916666666666665
1 0.40546875 0.6302083333333334 0.03125 0.029166666666666667
1 0.34609375 0.81875 0.0203125 0.03125
1 0.5609375 0.8895833333333333 0.040625 0.0375
1 0.74609375 0.9677083333333333 0.0375 0.035416666666666666
0 0.66171875 0.9416666666666667 0.13125 0.11666666666666667
0 0.63046875 0.6510416666666666 0.178125 0.10208333333333333
0 0.6140625 0.4552083333333333 0.246875 0.11041666666666666
0 0.66328125 0.1125 0.28125 0.16875
1 0.19609375 0.0875 0.015625 0.029166666666666667