1 0.955078125 0.42916666666666664 0.02890625 0.04861111111111111
0 0.124609375 0.03958333333333333 0.028125 0.07916666666666666
0 0.111328125 0.2833333333333333 0.08984375 0.2222222222222222
0 0.053515625 0.44722222222222224 0.10703125 0.3611111111111111
0 0.15859375 0.6673611111111111 0.20078125 0.3277777777777778
0 0.0765625 0.8576388888888888 0.153125 0.26944444444444443
0 0.093359375 0.9597222222222223 0.0546875 0.08055555555555556
0 0.58203125 0.8368055555555556 0.1640625 0.3263888888888889
0 0.626953125 0.6291666666666667 0.2671875 0.18194444444444444
0 0.632421875 0.4513888888888889 0.165625 0.24166666666666667
0 0.58203125 0.19652777777777777 0.12109375 0.2847222222222222
0 0.56640625 0.05763888888888889 0.04453125 0.11527777777777778
0 0.459375 0.044444444444444446 0.01484375 0.08888888888888889
1 0.06328125 0.024305555555555556 0.0171875 0.04583333333333333
1 0.058984375 0.07152777777777777 0.02421875 0.03333333333333333
1 0.09140625 0.15833333333333333 0.0140625 0.02361111111111111
1 0.123046875 0.15902777777777777 0.0328125 0.041666666666666664
1 0.164453125 0.17291666666666666 0.03125 0.05
1 0.172265625 0.2361111111111111 0.02890625 0.06527777777777778
1 0.0125 0.22152777777777777 0.021875 0.041666666666666664
1 0.054296875 0.2513888888888889 0.021875 0.027777777777777776
1 0.14140625 0.43472222222222223 0.0265625 0.058333333333333334
1 0.183984375 0.40694444444444444 0.01328125 0.025
1 0.17265625 0.5131944444444444 0.04140625 0.058333333333333334
1 0.128515625 0.53125 0.0203125 0.020833333333333332
1 0.091796875 0.44513888888888886 0.021875 0.041666666666666664
1 0.0640625 0.3416666666666667 0.015625 0.03611111111111111
1 0.076953125 0.5701388888888889 0.01953125 0.02638888888888889
1 0.06875 0.6458333333333334 0.0203125 0.03888888888888889
1 0.05859375 0.6743055555555556 0.01484375 0.022222222222222223
1 0.102734375 0.6541666666666667 0.01015625 0.029166666666666667
1 0.121875 0.6479166666666667 0.01875 0.06111111111111111
1 0.178515625 0.6944444444444444 0.02578125 0.043055555555555555
1 0.081640625 0.7180555555555556 0.028125 0.05416666666666667
1 0.18125 0.76875 0.021875 0.03888888888888889
1 0.0828125 0.7777777777777778 0.00859375 0.018055555555555554
1 0.06875 0.8208333333333333 0.0140625 0.03194444444444444
1 0.171875 0.8166666666666667 0.01015625 0.030555555555555555
1 0.221484375 0.9326388888888889 0.0234375 0.03333333333333333
1 0.053125 0.9916666666666667 0.0140625 0.016666666666666666
1 0.113671875 0.9854166666666667 0.0171875 0.022222222222222223
1 0.36328125 0.9111111111111111 0.02265625 0.041666666666666664
1 0.404296875 0.8347222222222223 0.01484375 0.030555555555555555
1 0.432421875 0.7555555555555555 0.02109375 0.04027777777777778
1 0.50390625 0.8555555555555555 0.0265625 0.06111111111111111
1 0.548828125 0.7569444444444444 0.053125 0.05138888888888889
1 0.586328125 0.7444444444444445 0.0140625 0.03194444444444444
1 0.603515625 0.7173611111111111 0.01328125 0.02638888888888889
1 0.69296875 0.7138888888888889 0.021875 0.058333333333333334
1 0.64375 0.7916666666666666 0.0140625 0.027777777777777776
1 0.635546875 0.8333333333333334 0.03125 0.07777777777777778
1 0.609375 0.9027777777777778 0.0328125 0.07222222222222222
1 0.65390625 0.9159722222222222 0.0375 0.07361111111111111
1 0.701953125 0.9201388888888888 0.040625 0.10416666666666667
1 0.563671875 0.9854166666666667 0.015625 0.020833333333333332
1 0.7765625 0.9472222222222222 0.0515625 0.10555555555555556
1 0.819921875 0.9090277777777778 0.03046875 0.11944444444444445
1 0.863671875 0.95 0.02890625 0.06666666666666667
1 0.966796875 0.9069444444444444 0.03125 0.05277777777777778
1 0.756640625 0.7076388888888889 0.021875 0.03611111111111111
1 0.825 0.6097222222222223 0.03984375 0.07222222222222222
1 0.85703125 0.6298611111111111 0.02109375 0.0375
1 0.906640625 0.6638888888888889 0.02734375 0.0875
1 0.9375 0.7340277777777777 0.0375 0.06944444444444445
1 0.960546875 0.6506944444444445 0.02265625 0.0625
1 0.937890625 0.58125 0.03046875 0.05694444444444444
1 0.96484375 0.5729166666666666 0.02265625 0.05694444444444444
1 0.898828125 0.5222222222222223 0.02578125 0.043055555555555555
1 0.86015625 0.5333333333333333 0.015625 0.027777777777777776
1 0.701953125 0.6013888888888889 0.03125 0.05277777777777778
1 0.684375 0.5111111111111111 0.0296875 0.05
1 0.63203125 0.4875 0.01171875 0.020833333333333332
1 0.583203125 0.5125 0.03046875 0.09027777777777778
1 0.55859375 0.5333333333333333 0.01484375 0.0375
1 0.49375 0.5833333333333334 0.01015625 0.019444444444444445
1 0.453515625 0.3638888888888889 0.01875 0.03194444444444444
1 0.570703125 0.3541666666666667 0.0203125 0.03611111111111111
1 0.60390625 0.24375 0.03125 0.06666666666666667
1 0.6390625 0.2986111111111111 0.0296875 0.05416666666666667
1 0.548828125 0.3229166666666667 0.0140625 0.025
1 0.40546875 0.22083333333333333 0.02109375 0.075
1 0.4703125 0.22291666666666668 0.03515625 0.08194444444444444
1 0.51484375 0.2638888888888889 0.015625 0.029166666666666667
1 0.5234375 0.1701388888888889 0.01484375 0.043055555555555555
1 0.5421875 0.1798611111111111 0.01875 0.0375
1 0.429296875 0.14305555555555555 0.03671875 0.06944444444444445
1 0.38671875 0.10625 0.01171875 0.02361111111111111
1 0.6078125 0.05694444444444444 0.03359375 0.11388888888888889
1 0.648828125 0.08541666666666667 0.0296875 0.0763888888888889
1 0.68359375 0.05625 0.028125 0.05138888888888889
1 0.753125 0.027777777777777776 0.0296875 0.05555555555555555
1 0.766015625 0.08333333333333333 0.02734375 0.034722222222222224
1 0.86015625 0.06875 0.0296875 0.09722222222222222
1 0.91484375 0.07430555555555556 0.034375 0.05
1 0.913671875 0.019444444444444445 0.02890625 0.03888888888888889
1 0.983984375 0.03819444444444445 0.03203125 0.0763888888888889
1 0.983203125 0.1423611111111111 0.03359375 0.05555555555555555
1 0.899609375 0.19305555555555556 0.0234375 0.04583333333333333
1 0.82109375 0.1736111111111111 0.03125 0.09444444444444444
1 0.7421875 0.14791666666666667 0.01953125 0.03611111111111111
1 0.831640625 0.2611111111111111 0.03671875 0.08611111111111111
1 0.926171875 0.26666666666666666 0.02578125 0.058333333333333334
1 0.980859375 0.28958333333333336 0.0375 0.06111111111111111
1 0.93828125 0.3909722222222222 0.028125 0.05694444444444444
1 0.916015625 0.4340277777777778 0.02265625 0.0375
1 0.845703125 0.3368055555555556 0.0234375 0.044444444444444446
1 0.696484375 0.2513888888888889 0.06171875 0.1638888888888889
1 0.749609375 0.25833333333333336 0.04453125 0.09027777777777778
1 0.991796875 0.6138888888888889 0.01640625 0.05277777777777778
1 0.990625 0.7090277777777778 0.01875 0.06944444444444445
1 0.983203125 0.7645833333333333 0.0203125 0.03888888888888889
1 0.996484375 0.4486111111111111 0.00703125 0.025
1 0.99375 0.4798611111111111 0.0125 0.02638888888888889
1 0.848046875 0.8819444444444444 0.0140625 0.029166666666666667