1 0.8625 0.20069444444444445 0.0171875 0.034722222222222224
1 0.223828125 0.6875 0.03359375 0.05555555555555555
1 0.251953125 0.8652777777777778 0.01796875 0.034722222222222224
1 0.19296875 0.9729166666666667 0.01640625 0.0375
1 0.144140625 0.9708333333333333 0.02734375 0.043055555555555555
0 0.585546875 0.18680555555555556 0.3578125 0.30694444444444446
0 0.6375 0.7597222222222222 0.18359375 0.48055555555555557
0 0.587109375 0.7951388888888888 0.10078125 0.4
0 0.602734375 0.4638888888888889 0.05390625 0.4097222222222222
0 0.09765625 0.08472222222222223 0.09375 0.16944444444444445
0 0.072265625 0.21666666666666667 0.14453125 0.43333333333333335
0 0.0984375 0.6118055555555556 0.196875 0.4236111111111111
0 0.076171875 0.9388888888888889 0.15234375 0.12222222222222222
1 0.873828125 0.6416666666666667 0.01484375 0.02638888888888889
1 0.98125 0.7131944444444445 0.0234375 0.03611111111111111
1 0.954296875 0.69375 0.0140625 0.02638888888888889
1 0.54921875 0.8666666666666667 0.01796875 0.034722222222222224
1 0.6171875 0.6201388888888889 0.01328125 0.043055555555555555
1 0.67890625 0.6104166666666667 0.01328125 0.034722222222222224
1 0.71875 0.4618055555555556 0.025 0.04583333333333333
1 0.681640625 0.4840277777777778 0.02578125 0.041666666666666664
1 0.9828125 0.3625 0.034375 0.06111111111111111
1 0.919921875 0.3326388888888889 0.01796875 0.022222222222222223
1 0.952734375 0.29305555555555557 0.02578125 0.043055555555555555
1 0.88984375 0.11597222222222223 0.02265625 0.034722222222222224
1 0.79609375 0.22847222222222222 0.02578125 0.06944444444444445
1 0.7140625 0.30972222222222223 0.05859375 0.07222222222222222
1 0.726953125 0.04652777777777778 0.03046875 0.05416666666666667
1 0.61328125 0.034722222222222224 0.04140625 0.06944444444444445
1 0.396875 0.37083333333333335 0.01796875 0.044444444444444446
1 0.2390625 0.015277777777777777 0.02734375 0.030555555555555555
1 0.15390625 0.02638888888888889 0.0296875 0.05277777777777778
1 0.03984375 0.1451388888888889 0.02109375 0.03888888888888889
1 0.01640625 0.2611111111111111 0.0328125 0.08611111111111111
1 0.07421875 0.3506944444444444 0.028125 0.09861111111111111
1 0.1421875 0.2847222222222222 0.021875 0.04583333333333333
1 0.20234375 0.31875 0.0265625 0.044444444444444446
1 0.20859375 0.46319444444444446 0.01796875 0.04027777777777778
1 0.05234375 0.6291666666666667 0.025 0.03888888888888889
1 0.13203125 0.7243055555555555 0.028125 0.058333333333333334
1 0.15390625 0.6923611111111111 0.01328125 0.04861111111111111
1 0.17421875 0.7069444444444445 0.02109375 0.05
1 0.19296875 0.6020833333333333 0.02109375 0.04027777777777778
1 0.1921875 0.6701388888888888 0.02734375 0.06111111111111111