1 0.4375 0.75625 0.0234375 0.025
1 0.07421875 0.515625 0.025 0.016666666666666666
1 0.05078125 0.5416666666666666 0.01875 0.025
1 0.06015625 0.5885416666666666 0.01875 0.029166666666666667
1 0.82734375 0.184375 0.034375 0.03125
1 0.7296875 0.39895833333333336 0.021875 0.029166666666666667
1 0.51640625 0.17604166666666668 0.0578125 0.035416666666666666
1 0.553125 0.14791666666666667 0.03125 0.029166666666666667
1 0.58359375 0.09166666666666666 0.0234375 0.03333333333333333
1 0.5484375 0.08645833333333333 0.0140625 0.01875
1 0.29609375 0.034375 0.0265625 0.029166666666666667
1 0.87109375 0.040625 0.040625 0.03958333333333333
1 0.84453125 0.4739583333333333 0.05 0.04791666666666667
1 0.94375 0.54375 0.021875 0.029166666666666667
1 0.87265625 0.5822916666666667 0.0234375 0.03333333333333333
1 0.825 0.7052083333333333 0.03125 0.035416666666666666
1 0.66796875 0.6229166666666667 0.053125 0.052083333333333336
1 0.5609375 0.7145833333333333 0.034375 0.041666666666666664
1 0.55703125 0.6708333333333333 0.015625 0.029166666666666667
1 0.4859375 0.640625 0.0328125 0.03333333333333333
1 0.39453125 0.6270833333333333 0.0265625 0.035416666666666666
0 0.63125 0.91875 0.2625 0.1625
0 0.61953125 0.3229166666666667 0.2234375 0.23541666666666666
1 0.17578125 0.13020833333333334 0.0359375 0.035416666666666666
1 0.1765625 0.19270833333333334 0.03125 0.041666666666666664
1 0.80234375 0.7541666666666667 0.015625 0.027083333333333334
1 0.6015625 0.825 0.021875 0.04375
1 0.02421875 0.771875 0.015625 0.022916666666666665
1 0.19609375 0.9197916666666667 0.01875 0.01875
1 0.6484375 0.5854166666666667 0.03125 0.022916666666666665
1 0.53828125 0.4197916666666667 0.028125 0.027083333333333334
1 0.70078125 0.85 0.046875 0.041666666666666664
1 0.63359375 0.9854166666666667 0.028125 0.020833333333333332
1 0.7484375 0.8260416666666667 0.028125 0.035416666666666666
1 0.34375 0.014583333333333334 0.021875 0.025
1 0.7015625 0.24479166666666666 0.0328125 0.03125
1 0.22890625 0.5822916666666667 0.0203125 0.022916666666666665
1 0.2765625 0.528125 0.05 0.03333333333333333
1 0.19609375 0.7145833333333333 0.0265625 0.03333333333333333
1 0.47421875 0.9197916666666667 0.025 0.04791666666666667
1 0.3421875 0.415625 0.03125 0.020833333333333332