1 0.7890625 0.8770833333333333 0.0234375 0.025
1 0.91015625 0.9791666666666666 0.075 0.041666666666666664
1 0.7640625 0.971875 0.028125 0.05625
1 0.54765625 0.9927083333333333 0.028125 0.014583333333333334
1 0.14453125 0.11145833333333334 0.0140625 0.01875
1 0.16328125 0.21145833333333333 0.0328125 0.058333333333333334
1 0.315625 0.21666666666666667 0.0390625 0.03958333333333333
1 0.40234375 0.18958333333333333 0.0328125 0.0375
1 0.3953125 0.32395833333333335 0.021875 0.03333333333333333
1 0.36796875 0.575 0.040625 0.03125
0 0.38515625 0.03958333333333333 0.18125 0.07916666666666666
0 0.5078125 0.2677083333333333 0.4078125 0.27708333333333335
0 0.46640625 0.503125 0.3203125 0.15208333333333332
0 0.4265625 0.8104166666666667 0.49375 0.15208333333333332
0 0.3984375 0.9010416666666666 0.13125 0.19791666666666666
1 0.43515625 0.5770833333333333 0.03125 0.027083333333333334
1 0.796875 0.6875 0.0171875 0.025
1 0.6 0.5020833333333333 0.05625 0.08125
1 0.640625 0.421875 0.0390625 0.05625
1 0.6421875 0.3385416666666667 0.0484375 0.05625
1 0.7078125 0.384375 0.0453125 0.06666666666666667
1 0.58203125 0.3625 0.0234375 0.025
1 0.51328125 0.3375 0.034375 0.04583333333333333
1 0.41015625 0.12291666666666666 0.05 0.0375
1 0.61484375 0.05625 0.028125 0.041666666666666664
1 0.64375 0.06979166666666667 0.0265625 0.03958333333333333
1 0.875 0.4114583333333333 0.071875 0.10416666666666667
1 0.86796875 0.5770833333333333 0.01875 0.01875
1 0.19296875 0.634375 0.0375 0.05
1 0.17734375 0.6135416666666667 0.01875 0.01875
1 0.0796875 0.8083333333333333 0.015625 0.016666666666666666
1 0.384375 0.871875 0.0453125 0.05
1 0.334375 0.89375 0.0203125 0.05625