1 0.952734375 0.7458333333333333 0.01015625 0.019444444444444445
1 0.815234375 0.9597222222222223 0.0078125 0.011111111111111112
1 0.7578125 0.4798611111111111 0.00625 0.019444444444444445
1 0.715234375 0.39861111111111114 0.01171875 0.0125
1 0.93046875 0.41944444444444445 0.01171875 0.027777777777777776
1 0.49609375 0.7458333333333333 0.009375 0.016666666666666666
1 0.171875 0.7791666666666667 0.009375 0.019444444444444445
1 0.1671875 0.8131944444444444 0.01015625 0.013888888888888888
1 0.308203125 0.8895833333333333 0.015625 0.016666666666666666
0 0.0921875 0.7979166666666667 0.184375 0.13055555555555556
0 0.10234375 0.7625 0.15546875 0.475
0 0.103515625 0.10902777777777778 0.20703125 0.13472222222222222
1 0.711328125 0.041666666666666664 0.01328125 0.0375
1 0.686328125 0.00625 0.01171875 0.0125
0 0.653125 0.16805555555555557 0.1359375 0.33611111111111114
0 0.60859375 0.05 0.13671875 0.1
1 0.783984375 0.45555555555555555 0.0125 0.020833333333333332
0 0.69140625 0.41875 0.28671875 0.24305555555555555
0 0.675 0.6465277777777778 0.171875 0.35
0 0.6640625 0.8736111111111111 0.11015625 0.25277777777777777
1 0.2609375 0.6548611111111111 0.015625 0.02638888888888889
1 0.079296875 0.8569444444444444 0.01171875 0.02361111111111111
1 0.132421875 0.8416666666666667 0.01484375 0.03194444444444444
1 0.103125 0.8583333333333333 0.021875 0.0375
1 0.890234375 0.40625 0.01015625 0.019444444444444445
1 0.9953125 0.8423611111111111 0.009375 0.020833333333333332
1 0.980078125 0.8930555555555556 0.0140625 0.025
1 0.92265625 0.8013888888888889 0.0265625 0.03333333333333333
1 0.900390625 0.9631944444444445 0.0203125 0.03333333333333333
1 0.87734375 0.8743055555555556 0.0265625 0.05277777777777778
1 0.996484375 0.3888888888888889 0.00703125 0.02361111111111111
1 0.96875 0.39305555555555555 0.015625 0.034722222222222224
1 0.885546875 0.3659722222222222 0.01640625 0.015277777777777777
1 0.894921875 0.5881944444444445 0.02265625 0.04027777777777778
1 0.878515625 0.6458333333333334 0.0203125 0.05138888888888889
1 0.870703125 0.5972222222222222 0.0171875 0.03888888888888889
1 0.70703125 0.5388888888888889 0.01328125 0.03611111111111111
1 0.664453125 0.5625 0.02421875 0.07222222222222222
1 0.83125 0.3736111111111111 0.02890625 0.041666666666666664
1 0.98984375 0.0125 0.0203125 0.025
1 0.878515625 0.04652777777777778 0.0171875 0.030555555555555555
1 0.875 0.10138888888888889 0.0140625 0.025
1 0.966015625 0.20277777777777778 0.0296875 0.058333333333333334
1 0.937109375 0.18888888888888888 0.028125 0.05
1 0.880078125 0.21597222222222223 0.01796875 0.019444444444444445
1 0.84609375 0.22777777777777777 0.021875 0.03888888888888889
1 0.751953125 0.23194444444444445 0.0359375 0.07222222222222222
1 0.730859375 0.3548611111111111 0.01328125 0.02361111111111111
1 0.7359375 0.31805555555555554 0.0296875 0.034722222222222224
1 0.68046875 0.38680555555555557 0.0140625 0.029166666666666667
1 0.666796875 0.4201388888888889 0.01796875 0.04027777777777778
1 0.6203125 0.3659722222222222 0.021875 0.030555555555555555
1 0.6234375 0.3333333333333333 0.025 0.029166666666666667
1 0.69140625 0.27361111111111114 0.02109375 0.03888888888888889
1 0.6578125 0.25416666666666665 0.01640625 0.025
1 0.68046875 0.1701388888888889 0.01796875 0.03611111111111111
1 0.598828125 0.1840277777777778 0.01875 0.03888888888888889
1 0.581640625 0.1527777777777778 0.015625 0.029166666666666667
1 0.619921875 0.10277777777777777 0.01171875 0.020833333333333332
1 0.621875 0.06736111111111111 0.02578125 0.05138888888888889
1 0.592578125 0.10625 0.0203125 0.07361111111111111
1 0.5625 0.06180555555555556 0.02421875 0.03888888888888889
1 0.4375 0.1125 0.015625 0.044444444444444446
1 0.38203125 0.14722222222222223 0.0265625 0.06944444444444445
1 0.288671875 0.15694444444444444 0.01171875 0.043055555555555555
1 0.32890625 0.006944444444444444 0.0203125 0.013888888888888888
1 0.294140625 0.009027777777777777 0.0125 0.018055555555555554
1 0.17734375 0.013888888888888888 0.01875 0.027777777777777776
1 0.156640625 0.12013888888888889 0.0125 0.013888888888888888
1 0.119140625 0.13194444444444445 0.009375 0.015277777777777777
1 0.101171875 0.13402777777777777 0.02421875 0.044444444444444446
1 0.064453125 0.46597222222222223 0.01953125 0.030555555555555555
1 0.03515625 0.41458333333333336 0.01640625 0.03333333333333333
1 0.19296875 0.32013888888888886 0.0140625 0.02361111111111111
1 0.1921875 0.4666666666666667 0.02890625 0.06111111111111111
1 0.211328125 0.6402777777777777 0.021875 0.0375
1 0.200390625 0.7388888888888889 0.01484375 0.03611111111111111
1 0.2390625 0.71875 0.01171875 0.019444444444444445
1 0.272265625 0.7444444444444445 0.02109375 0.027777777777777776
1 0.30078125 0.7861111111111111 0.0234375 0.034722222222222224
1 0.450390625 0.9548611111111112 0.025 0.04583333333333333
1 0.400390625 0.9715277777777778 0.0171875 0.0375
1 0.31953125 0.99375 0.01015625 0.0125
1 0.244921875 0.9555555555555556 0.028125 0.04583333333333333
1 0.2140625 0.9381944444444444 0.0203125 0.05416666666666667
1 0.408203125 0.7993055555555556 0.00859375 0.025
1 0.526953125 0.7847222222222222 0.02265625 0.03888888888888889
1 0.48046875 0.8486111111111111 0.03515625 0.058333333333333334
1 0.501953125 0.88125 0.02109375 0.05277777777777778
1 0.53046875 0.8631944444444445 0.0203125 0.03888888888888889
1 0.58046875 0.9298611111111111 0.01640625 0.029166666666666667
1 0.5515625 0.9111111111111111 0.02421875 0.04583333333333333
1 0.6453125 0.8465277777777778 0.01640625 0.03888888888888889
1 0.801953125 0.8104166666666667 0.01640625 0.025
1 0.565625 0.6506944444444445 0.01640625 0.03333333333333333
1 0.53828125 0.6979166666666666 0.0390625 0.05138888888888889
1 0.483203125 0.6673611111111111 0.0203125 0.04027777777777778
1 0.5234375 0.5569444444444445 0.0265625 0.043055555555555555
1 0.50078125 0.5840277777777778 0.0140625 0.02361111111111111
1 0.46328125 0.5840277777777778 0.02265625 0.03611111111111111
1 0.404296875 0.6006944444444444 0.01640625 0.027777777777777776
1 0.4109375 0.5701388888888889 0.01875 0.03194444444444444
1 0.391015625 0.55 0.01953125 0.03194444444444444
1 0.42265625 0.4979166666666667 0.015625 0.020833333333333332
1 0.414453125 0.45902777777777776 0.021875 0.059722222222222225
1 0.38828125 0.4513888888888889 0.02421875 0.03611111111111111
1 0.4921875 0.4465277777777778 0.02578125 0.07777777777777778
1 0.38359375 0.34375 0.02109375 0.02361111111111111
1 0.4328125 0.3701388888888889 0.01796875 0.03333333333333333
1 0.49453125 0.3715277777777778 0.0125 0.03611111111111111
1 0.509765625 0.33055555555555555 0.0171875 0.04027777777777778
1 0.419140625 0.26666666666666666 0.03828125 0.09027777777777778
1 0.47578125 0.26875 0.0171875 0.020833333333333332
1 0.59375 0.7013888888888888 0.02421875 0.04027777777777778
1 0.53671875 0.42986111111111114 0.03359375 0.09583333333333334
1 0.49453125 0.2 0.06328125 0.13194444444444445
1 0.632421875 0.7069444444444445 0.01875 0.03194444444444444
1 0.76015625 0.7416666666666667 0.06875 0.0875
1 0.690625 0.7569444444444444 0.0703125 0.09444444444444444