1 0.993359375 0.18819444444444444 0.01328125 0.022222222222222223
0 0.12109375 0.17083333333333334 0.2421875 0.24444444444444444
0 0.087109375 0.3548611111111111 0.17421875 0.15138888888888888
1 0.064453125 0.5291666666666667 0.021875 0.04861111111111111
0 0.095703125 0.9222222222222223 0.19140625 0.15555555555555556
0 0.133984375 0.9618055555555556 0.09609375 0.0763888888888889
0 0.751171875 0.9819444444444444 0.01640625 0.03611111111111111
0 0.7125 0.7881944444444444 0.19453125 0.3680555555555556
0 0.744140625 0.4409722222222222 0.16171875 0.4388888888888889
0 0.774609375 0.24513888888888888 0.15 0.49027777777777776
0 0.66875 0.10902777777777778 0.15625 0.21805555555555556
1 0.897265625 0.5083333333333333 0.02109375 0.03333333333333333
1 0.55625 0.18819444444444444 0.0390625 0.06111111111111111
1 0.554296875 0.2375 0.0171875 0.03888888888888889
1 0.5703125 0.31805555555555554 0.015625 0.030555555555555555
1 0.404296875 0.25555555555555554 0.02578125 0.05138888888888889
1 0.459375 0.044444444444444446 0.02109375 0.03611111111111111
1 0.475 0.11527777777777778 0.021875 0.041666666666666664
1 0.11640625 0.010416666666666666 0.01953125 0.020833333333333332
1 0.105078125 0.23680555555555555 0.0296875 0.05416666666666667
1 0.01171875 0.2965277777777778 0.01484375 0.030555555555555555
1 0.08828125 0.4270833333333333 0.021875 0.03611111111111111
1 0.107421875 0.3861111111111111 0.01953125 0.030555555555555555
1 0.16953125 0.5069444444444444 0.015625 0.03333333333333333
1 0.19921875 0.5479166666666667 0.02578125 0.04583333333333333
1 0.076953125 0.81875 0.01796875 0.03194444444444444
1 0.20625 0.9048611111111111 0.0140625 0.0375
1 0.250390625 0.7708333333333334 0.021875 0.03888888888888889
1 0.226171875 0.6972222222222222 0.00859375 0.019444444444444445
1 0.089453125 0.9881944444444445 0.03046875 0.02361111111111111
1 0.42265625 0.8131944444444444 0.02890625 0.0625
1 0.44375 0.7875 0.028125 0.06527777777777778
1 0.522265625 0.9277777777777778 0.0359375 0.058333333333333334
1 0.637890625 0.9173611111111111 0.025 0.03888888888888889
1 0.848828125 0.22083333333333333 0.02421875 0.04722222222222222
1 0.97890625 0.4284722222222222 0.0421875 0.09444444444444444
1 0.95546875 0.44930555555555557 0.01484375 0.03333333333333333
1 0.818359375 0.5284722222222222 0.0125 0.027777777777777776
1 0.781640625 0.5819444444444445 0.0125 0.03333333333333333