1 0.296875 0.05 0.021875 0.025
1 0.61015625 0.020833333333333332 0.021875 0.025
1 0.43828125 0.06770833333333333 0.021875 0.027083333333333334
0 0.5265625 0.16458333333333333 0.11875 0.26458333333333334
0 0.559375 0.6677083333333333 0.2640625 0.16875
1 0.26640625 0.008333333333333333 0.0171875 0.016666666666666666
1 0.31796875 0.48333333333333334 0.0140625 0.016666666666666666
1 0.33515625 0.08020833333333334 0.021875 0.022916666666666665
1 0.50390625 0.15 0.015625 0.022916666666666665
1 0.75078125 0.5197916666666667 0.021875 0.03333333333333333
1 0.80078125 0.6739583333333333 0.03125 0.041666666666666664
1 0.78203125 0.5989583333333334 0.021875 0.035416666666666666
1 0.8015625 0.3 0.0203125 0.03125
1 0.665625 0.221875 0.0359375 0.029166666666666667
1 0.3171875 0.70625 0.0375 0.029166666666666667
1 0.54921875 0.43333333333333335 0.01875 0.03125
1 0.68828125 0.9697916666666667 0.028125 0.04791666666666667