0 0.645703125 0.40625 0.1109375 0.3958333333333333
0 0.134375 0.7472222222222222 0.14609375 0.14305555555555555
0 0.206640625 0.95625 0.09296875 0.0875
0 0.17890625 0.1 0.04453125 0.09027777777777778
0 0.67421875 0.06666666666666667 0.140625 0.13333333333333333
0 0.6734375 0.11527777777777778 0.275 0.2125
0 0.671484375 0.6236111111111111 0.2390625 0.25
0 0.658203125 0.8375 0.08125 0.325
0 0.170703125 0.5465277777777777 0.0296875 0.027777777777777776
1 0.083984375 0.20416666666666666 0.015625 0.018055555555555554
1 0.0703125 0.26666666666666666 0.0203125 0.03194444444444444
1 0.069140625 0.3076388888888889 0.028125 0.029166666666666667
1 0.15234375 0.2659722222222222 0.01484375 0.02638888888888889
1 0.228125 0.14097222222222222 0.0125 0.03194444444444444
1 0.2546875 0.08680555555555555 0.0171875 0.020833333333333332
1 0.391015625 0.11458333333333333 0.01875 0.03333333333333333
1 0.434765625 0.07916666666666666 0.028125 0.041666666666666664
1 0.438671875 0.15555555555555556 0.01953125 0.04583333333333333
1 0.4859375 0.011111111111111112 0.04765625 0.022222222222222223
1 0.384375 0.28194444444444444 0.0296875 0.044444444444444446
1 0.472265625 0.2048611111111111 0.02265625 0.041666666666666664
1 0.4796875 0.3145833333333333 0.0796875 0.10416666666666667
1 0.448828125 0.4486111111111111 0.034375 0.07777777777777778
1 0.184375 0.34652777777777777 0.01015625 0.0125
1 0.17734375 0.3951388888888889 0.015625 0.03333333333333333
1 0.109765625 0.4173611111111111 0.00625 0.013888888888888888
1 0.198046875 0.575 0.015625 0.02638888888888889
1 0.1375 0.5902777777777778 0.0140625 0.030555555555555555
1 0.205078125 0.6694444444444444 0.015625 0.044444444444444446
1 0.05078125 0.6576388888888889 0.015625 0.029166666666666667
1 0.1171875 0.8006944444444445 0.0359375 0.06666666666666667
1 0.218359375 0.8048611111111111 0.015625 0.022222222222222223
1 0.203125 0.8368055555555556 0.0140625 0.019444444444444445
1 0.28203125 0.8409722222222222 0.01640625 0.030555555555555555
1 0.2015625 0.9277777777777778 0.01484375 0.030555555555555555
1 0.396484375 0.9291666666666667 0.0140625 0.03194444444444444
1 0.4296875 0.9638888888888889 0.01171875 0.030555555555555555
1 0.428515625 0.7131944444444445 0.02890625 0.05
1 0.433203125 0.625 0.0203125 0.03888888888888889
1 0.493359375 0.5729166666666666 0.01171875 0.025
1 0.526171875 0.5159722222222223 0.0265625 0.03611111111111111
1 0.54140625 0.5715277777777777 0.02109375 0.059722222222222225
1 0.573046875 0.5680555555555555 0.0375 0.11388888888888889
1 0.50234375 0.4625 0.01484375 0.03333333333333333
1 0.505859375 0.7381944444444445 0.02421875 0.04583333333333333
1 0.501171875 0.6673611111111111 0.0296875 0.05138888888888889
1 0.5078125 0.8111111111111111 0.01875 0.0375
1 0.516015625 0.8618055555555556 0.04765625 0.06805555555555555
1 0.57734375 0.9465277777777777 0.0109375 0.025
1 0.559375 0.7347222222222223 0.02578125 0.0375
1 0.573828125 0.375 0.01953125 0.05
1 0.540234375 0.3763888888888889 0.0125 0.016666666666666666
1 0.53203125 0.2361111111111111 0.04140625 0.06666666666666667
1 0.555078125 0.20416666666666666 0.0109375 0.013888888888888888
1 0.538671875 0.09305555555555556 0.01640625 0.02361111111111111
1 0.762890625 0.09791666666666667 0.025 0.044444444444444446
1 0.829296875 0.09236111111111112 0.0265625 0.05
1 0.7734375 0.23402777777777778 0.02734375 0.06111111111111111
1 0.89296875 0.11527777777777778 0.0125 0.025
1 0.89140625 0.15 0.01015625 0.04027777777777778
1 0.90546875 0.15069444444444444 0.0109375 0.029166666666666667
1 0.8859375 0.23125 0.01640625 0.025
1 0.9359375 0.2569444444444444 0.01484375 0.029166666666666667
1 0.922265625 0.3138888888888889 0.01640625 0.030555555555555555
1 0.9390625 0.33819444444444446 0.021875 0.04583333333333333
1 0.9828125 0.2881944444444444 0.03203125 0.04583333333333333
1 0.94140625 0.03125 0.01328125 0.015277777777777777
1 0.90078125 0.18680555555555556 0.0140625 0.02361111111111111
1 0.7578125 0.39305555555555555 0.0125 0.025
1 0.72109375 0.44027777777777777 0.01796875 0.029166666666666667
1 0.81640625 0.42569444444444443 0.0140625 0.019444444444444445
1 0.756640625 0.5270833333333333 0.01875 0.029166666666666667
1 0.719921875 0.5798611111111112 0.01484375 0.029166666666666667
1 0.74921875 0.5659722222222222 0.01171875 0.015277777777777777
1 0.762109375 0.5986111111111111 0.021875 0.05138888888888889
1 0.8203125 0.5923611111111111 0.01484375 0.025
1 0.872265625 0.4791666666666667 0.01171875 0.019444444444444445
1 0.955859375 0.45555555555555555 0.0125 0.029166666666666667
1 0.848046875 0.5534722222222223 0.0125 0.030555555555555555
1 0.9890625 0.5444444444444444 0.021875 0.06388888888888888
1 0.9203125 0.4791666666666667 0.01171875 0.022222222222222223
1 0.9859375 0.7138888888888889 0.028125 0.08472222222222223
1 0.9078125 0.7361111111111112 0.01953125 0.029166666666666667
1 0.742578125 0.7319444444444444 0.03046875 0.05277777777777778
1 0.698046875 0.6993055555555555 0.01796875 0.034722222222222224
1 0.825 0.8965277777777778 0.02421875 0.03888888888888889
1 0.90859375 0.8694444444444445 0.0234375 0.041666666666666664
1 0.860546875 0.8055555555555556 0.0171875 0.029166666666666667
1 0.87890625 0.7638888888888888 0.01484375 0.025
1 0.89140625 0.7340277777777777 0.0109375 0.018055555555555554
1 0.940234375 0.9888888888888889 0.02578125 0.022222222222222223
1 0.781640625 0.9861111111111112 0.0203125 0.027777777777777776
1 0.847265625 0.69375 0.0328125 0.07083333333333333
1 0.851171875 0.7604166666666666 0.01875 0.044444444444444446
1 0.96328125 0.6256944444444444 0.0078125 0.016666666666666666
1 0.133984375 0.13819444444444445 0.01015625 0.018055555555555554
1 0.218359375 0.07847222222222222 0.009375 0.018055555555555554