0 0.6578125 0.3854166666666667 0.09140625 0.5111111111111111
0 0.13359375 0.09722222222222222 0.11796875 0.19166666666666668
1 0.120703125 0.9083333333333333 0.0171875 0.034722222222222224
1 0.210546875 0.875 0.01171875 0.019444444444444445
1 0.170703125 0.8416666666666667 0.03046875 0.075
1 0.25546875 0.8298611111111112 0.0203125 0.034722222222222224
1 0.198828125 0.7368055555555556 0.01484375 0.030555555555555555
1 0.195703125 0.7972222222222223 0.0125 0.02638888888888889
1 0.140234375 0.5520833333333334 0.01953125 0.03611111111111111
1 0.326953125 0.6152777777777778 0.01171875 0.027777777777777776
1 0.33984375 0.5006944444444444 0.0078125 0.019444444444444445
1 0.35078125 0.5375 0.01328125 0.05
1 0.337109375 0.5305555555555556 0.00859375 0.02638888888888889
1 0.262890625 0.5652777777777778 0.01875 0.0375
1 0.224609375 0.45902777777777776 0.0390625 0.05694444444444444
1 0.137109375 0.4166666666666667 0.02421875 0.05416666666666667
1 0.090625 0.34375 0.015625 0.029166666666666667
1 0.275390625 0.24583333333333332 0.009375 0.022222222222222223
1 0.20546875 0.3034722222222222 0.02578125 0.08055555555555556
1 0.028515625 0.14375 0.0125 0.027777777777777776
1 0.101953125 0.021527777777777778 0.01171875 0.019444444444444445
1 0.188671875 0.06319444444444444 0.01953125 0.03333333333333333
1 0.243359375 0.06458333333333334 0.0296875 0.05416666666666667
1 0.24453125 0.021527777777777778 0.021875 0.041666666666666664
0 0.655859375 0.05625 0.02421875 0.1125
1 0.284765625 0.9784722222222222 0.02578125 0.043055555555555555
1 0.13984375 0.9340277777777778 0.01171875 0.02361111111111111
1 0.6359375 0.9604166666666667 0.025 0.044444444444444446
1 0.808984375 0.9118055555555555 0.01484375 0.022222222222222223
1 0.7734375 0.7993055555555556 0.0265625 0.0375
1 0.75859375 0.83125 0.01640625 0.02361111111111111
1 0.615625 0.8097222222222222 0.01796875 0.03611111111111111
1 0.881640625 0.8145833333333333 0.00546875 0.018055555555555554
1 0.8671875 0.7770833333333333 0.01640625 0.027777777777777776
1 0.830078125 0.6972222222222222 0.02578125 0.04861111111111111
1 0.98828125 0.3402777777777778 0.0234375 0.0763888888888889
1 0.803515625 0.24375 0.01640625 0.029166666666666667
1 0.7484375 0.20694444444444443 0.0171875 0.03888888888888889
1 0.615625 0.37222222222222223 0.03515625 0.06388888888888888
1 0.5671875 0.5666666666666667 0.03828125 0.07222222222222222
1 0.525390625 0.6423611111111112 0.01875 0.04027777777777778
1 0.341796875 0.29583333333333334 0.03046875 0.059722222222222225
0 0.155078125 0.3659722222222222 0.1875 0.2875
0 0.69921875 0.2048611111111111 0.10625 0.40555555555555556
0 0.10703125 0.6361111111111111 0.2140625 0.16666666666666666
0 0.18125 0.98125 0.04765625 0.0375
0 0.69921875 0.9215277777777777 0.09140625 0.15694444444444444
0 0.6953125 0.7763888888888889 0.140625 0.2916666666666667
0 0.75390625 0.5409722222222222 0.18828125 0.6013888888888889