1 0.3359375 0.6947916666666667 0.0234375 0.029166666666666667
1 0.271875 0.016666666666666666 0.03125 0.03333333333333333
1 0.32265625 0.016666666666666666 0.0328125 0.03333333333333333
1 0.3359375 0.121875 0.0421875 0.05416666666666667
1 0.3671875 0.20208333333333334 0.0390625 0.05416666666666667
1 0.36796875 0.28854166666666664 0.0296875 0.03958333333333333
1 0.46171875 0.3333333333333333 0.0234375 0.027083333333333334
1 0.58203125 0.3104166666666667 0.0265625 0.029166666666666667
1 0.60390625 0.3729166666666667 0.0296875 0.04791666666666667
1 0.63359375 0.371875 0.025 0.04583333333333333
1 0.73359375 0.39791666666666664 0.01875 0.016666666666666666
1 0.78125 0.37395833333333334 0.0421875 0.052083333333333336
1 0.81953125 0.5291666666666667 0.046875 0.07916666666666666
1 0.7 0.5677083333333334 0.053125 0.04583333333333333
1 0.7140625 0.6447916666666667 0.05625 0.04791666666666667
1 0.51953125 0.6114583333333333 0.0421875 0.05
1 0.3765625 0.671875 0.040625 0.04375
1 0.30234375 0.6145833333333334 0.03125 0.0625
1 0.29921875 0.7697916666666667 0.034375 0.041666666666666664
1 0.2359375 0.8385416666666666 0.0375 0.06666666666666667
1 0.17421875 0.6708333333333333 0.03125 0.029166666666666667
1 0.4375 0.9208333333333333 0.078125 0.07916666666666666
1 0.4734375 0.875 0.028125 0.03333333333333333
1 0.53515625 0.825 0.0484375 0.04791666666666667
1 0.7140625 0.884375 0.034375 0.04583333333333333
1 0.67421875 0.990625 0.0359375 0.01875
1 0.84921875 0.9197916666666667 0.05 0.052083333333333336
1 0.88359375 0.9104166666666667 0.0234375 0.029166666666666667
1 0.9078125 0.871875 0.0453125 0.04583333333333333
1 0.90703125 0.9802083333333333 0.028125 0.03958333333333333
1 0.9859375 0.8375 0.028125 0.03958333333333333
1 0.790625 0.8885416666666667 0.0140625 0.016666666666666666
1 0.87578125 0.796875 0.034375 0.07083333333333333
1 0.925 0.5885416666666666 0.0203125 0.025
1 0.98125 0.6854166666666667 0.03125 0.03333333333333333
1 0.96953125 0.7833333333333333 0.015625 0.0125
1 0.8703125 0.5895833333333333 0.015625 0.020833333333333332
1 0.8640625 0.49375 0.0265625 0.029166666666666667
1 0.9796875 0.5270833333333333 0.040625 0.07083333333333333
1 0.9265625 0.39479166666666665 0.0296875 0.03333333333333333
1 0.7375 0.25104166666666666 0.0546875 0.06458333333333334
1 0.66015625 0.21666666666666667 0.0140625 0.016666666666666666
1 0.71953125 0.096875 0.0359375 0.03958333333333333
1 0.81328125 0.171875 0.03125 0.041666666666666664
1 0.9140625 0.17916666666666667 0.034375 0.06041666666666667
1 0.990625 0.16458333333333333 0.01875 0.03958333333333333
1 0.94140625 0.121875 0.0234375 0.03333333333333333
1 0.88515625 0.134375 0.0234375 0.03125
1 0.9734375 0.022916666666666665 0.0375 0.04583333333333333
1 0.4953125 0.01875 0.0640625 0.0375
1 0.528125 0.08125 0.0359375 0.03958333333333333
1 0.47578125 0.078125 0.065625 0.06875
1 0.42890625 0.12083333333333333 0.0296875 0.03958333333333333
1 0.4859375 0.4739583333333333 0.0234375 0.0375
1 0.6296875 0.6125 0.0203125 0.016666666666666666
0 0.69296875 0.196875 0.240625 0.39375
0 0.628125 0.42083333333333334 0.375 0.32916666666666666
0 0.7171875 0.8208333333333333 0.4171875 0.35833333333333334
0 0.72265625 0.9604166666666667 0.2703125 0.07916666666666666
1 0.68203125 0.946875 0.0171875 0.016666666666666666