1 0.6375 0.019791666666666666 0.0328125 0.035416666666666666
1 0.6171875 0.15 0.025 0.035416666666666666
1 0.1109375 0.15729166666666666 0.0125 0.020833333333333332
1 0.5609375 0.39375 0.028125 0.020833333333333332
1 0.70625 0.15416666666666667 0.040625 0.06041666666666667
1 0.69921875 0.05625 0.0453125 0.07291666666666667
1 0.815625 0.325 0.0671875 0.07291666666666667
1 0.60625 0.825 0.0171875 0.025
1 0.6984375 0.6385416666666667 0.0203125 0.022916666666666665
1 0.48828125 0.4239583333333333 0.0234375 0.016666666666666666
1 0.41875 0.10625 0.015625 0.016666666666666666
1 0.78203125 0.8322916666666667 0.015625 0.025
1 0.92265625 0.503125 0.053125 0.0875
1 0.43046875 0.7208333333333333 0.025 0.025
1 0.9296875 0.17291666666666666 0.0328125 0.06041666666666667
1 0.78671875 0.8760416666666667 0.025 0.04791666666666667
1 0.53671875 0.8520833333333333 0.0296875 0.03333333333333333
1 0.221875 0.740625 0.040625 0.035416666666666666
1 0.65859375 0.26666666666666666 0.0234375 0.022916666666666665
1 0.7734375 0.3145833333333333 0.0234375 0.0375
1 0.7 0.515625 0.025 0.03333333333333333
1 0.77265625 0.7645833333333333 0.028125 0.03125
1 0.596875 0.6427083333333333 0.0140625 0.025
1 0.84296875 0.715625 0.0625 0.075
1 0.69921875 0.7635416666666667 0.0234375 0.01875
1 0.51953125 0.6697916666666667 0.0203125 0.022916666666666665
1 0.0984375 0.6427083333333333 0.0234375 0.022916666666666665
1 0.234375 0.79375 0.03125 0.027083333333333334
1 0.67578125 0.43020833333333336 0.0390625 0.041666666666666664
1 0.2734375 0.9135416666666667 0.03125 0.05
1 0.99140625 0.7270833333333333 0.0171875 0.022916666666666665
1 0.5890625 0.5927083333333333 0.0171875 0.027083333333333334
1 0.5578125 0.49166666666666664 0.040625 0.03125
1 0.81875 0.27395833333333336 0.01875 0.025
1 0.5375 0.31666666666666665 0.0265625 0.058333333333333334
0 0.5984375 0.896875 0.165625 0.18125
1 0.6421875 0.9447916666666667 0.025 0.025
1 0.2859375 0.9729166666666667 0.065625 0.05416666666666667
1 0.94921875 0.6885416666666667 0.0546875 0.03333333333333333
1 0.7359375 0.7989583333333333 0.0203125 0.029166666666666667
1 0.71875 0.5760416666666667 0.040625 0.05
1 0.934375 0.029166666666666667 0.0375 0.058333333333333334
1 0.27890625 0.73125 0.0140625 0.029166666666666667
1 0.75703125 0.8625 0.01875 0.01875
1 0.79375 0.41354166666666664 0.0234375 0.03958333333333333
1 0.5671875 0.3072916666666667 0.01875 0.016666666666666666
1 0.40703125 0.253125 0.01875 0.025
1 0.1796875 0.865625 0.0171875 0.0375
1 0.1609375 0.4395833333333333 0.0171875 0.020833333333333332
1 0.62578125 0.6895833333333333 0.0265625 0.05
1 0.3890625 0.7822916666666667 0.0234375 0.03958333333333333
1 0.7265625 0.9427083333333334 0.04375 0.04791666666666667
1 0.6390625 0.09895833333333333 0.028125 0.0375
1 0.73984375 0.28854166666666664 0.0234375 0.035416666666666666
1 0.3515625 0.784375 0.034375 0.03958333333333333
0 0.61640625 0.6572916666666667 0.1890625 0.23541666666666666
0 0.56171875 0.12916666666666668 0.1234375 0.25833333333333336