1 0.84140625 0.8416666666666667 0.015625 0.01875
1 0.33984375 0.7197916666666667 0.0703125 0.11875
1 0.2859375 0.721875 0.03125 0.029166666666666667
1 0.25625 0.7385416666666667 0.0171875 0.01875
1 0.25703125 0.61875 0.0484375 0.08541666666666667
1 0.33828125 0.6104166666666667 0.05625 0.07916666666666666
1 0.38671875 0.5322916666666667 0.025 0.025
1 0.453125 0.5041666666666667 0.0875 0.13125
1 0.19765625 0.471875 0.053125 0.08541666666666667
1 0.13671875 0.40729166666666666 0.028125 0.020833333333333332
1 0.03828125 0.3489583333333333 0.0265625 0.022916666666666665
1 0.1375 0.2677083333333333 0.0296875 0.0375
1 0.2015625 0.23020833333333332 0.021875 0.03333333333333333
1 0.0140625 0.24166666666666667 0.028125 0.025
1 0.01328125 0.2125 0.015625 0.03333333333333333
1 0.0515625 0.24270833333333333 0.0234375 0.022916666666666665
1 0.01796875 0.15833333333333333 0.015625 0.020833333333333332
1 0.05 0.15520833333333334 0.0515625 0.05
1 0.08671875 0.19166666666666668 0.0328125 0.05
1 0.22578125 0.05625 0.065625 0.08125
1 0.27421875 0.18125 0.0375 0.07291666666666667
1 0.3578125 0.18333333333333332 0.0390625 0.03958333333333333
1 0.41171875 0.17916666666666667 0.028125 0.029166666666666667
1 0.425 0.21770833333333334 0.028125 0.03125
1 0.51328125 0.21458333333333332 0.025 0.0375
1 0.55625 0.11354166666666667 0.04375 0.03958333333333333
1 0.49453125 0.017708333333333333 0.0203125 0.035416666666666666
1 0.39375 0.05 0.0171875 0.0375
1 0.31328125 0.040625 0.028125 0.020833333333333332
1 0.70078125 0.022916666666666665 0.025 0.020833333333333332
1 0.78671875 0.08020833333333334 0.025 0.027083333333333334
1 0.82890625 0.159375 0.009375 0.020833333333333332
1 0.98125 0.09791666666666667 0.0375 0.05
1 0.53515625 0.33958333333333335 0.04375 0.058333333333333334
1 0.5875 0.2833333333333333 0.028125 0.025
1 0.58515625 0.3302083333333333 0.0203125 0.022916666666666665
1 0.63671875 0.38958333333333334 0.0765625 0.058333333333333334
1 0.64921875 0.48125 0.028125 0.03958333333333333
1 0.7125 0.475 0.028125 0.052083333333333336
1 0.81796875 0.515625 0.0203125 0.027083333333333334
1 0.8375 0.440625 0.028125 0.022916666666666665
1 0.72890625 0.65625 0.0328125 0.06875
1 0.765625 0.6427083333333333 0.0203125 0.020833333333333332
1 0.64921875 0.8239583333333333 0.03125 0.052083333333333336
1 0.6625 0.7677083333333333 0.0328125 0.035416666666666666
1 0.79765625 0.8302083333333333 0.03125 0.041666666666666664
1 0.8265625 0.88125 0.0171875 0.03333333333333333
1 0.97578125 0.9166666666666666 0.0484375 0.0375
1 0.91796875 0.959375 0.0171875 0.020833333333333332
1 0.9640625 0.8229166666666666 0.025 0.052083333333333336
0 0.44296875 0.08645833333333333 0.2625 0.17291666666666666
0 0.45234375 0.3489583333333333 0.28125 0.275
0 0.51484375 0.678125 0.125 0.31875
0 0.44140625 0.9385416666666667 0.1109375 0.10833333333333334
1 0.196875 0.9083333333333333 0.015625 0.05416666666666667
1 0.12734375 0.16354166666666667 0.0578125 0.08125
1 0.73671875 0.16354166666666667 0.028125 0.03958333333333333
1 0.1078125 0.6322916666666667 0.0359375 0.07916666666666666
1 0.375 0.9166666666666666 0.015625 0.035416666666666666
1 0.34453125 0.9760416666666667 0.0203125 0.025
1 0.30546875 0.9385416666666667 0.0203125 0.04791666666666667
1 0.3984375 0.8520833333333333 0.03125 0.04583333333333333
1 0.4703125 0.8729166666666667 0.0125 0.022916666666666665
1 0.58671875 0.9885416666666667 0.0296875 0.022916666666666665
1 0.734375 0.9760416666666667 0.01875 0.020833333333333332
1 0.025 0.26979166666666665 0.0203125 0.029166666666666667
1 0.01328125 0.4375 0.0265625 0.04583333333333333
1 0.178125 0.5989583333333334 0.0390625 0.04791666666666667
1 0.875 0.39375 0.01875 0.016666666666666666
1 0.55 0.7916666666666666 0.025 0.01875
1 0.0125 0.015625 0.025 0.014583333333333334
1 0.1625 0.3072916666666667 0.025 0.016666666666666666
1 0.3046875 0.290625 0.015625 0.01875
1 0.01015625 0.38958333333333334 0.0171875 0.01875
1 0.0046875 0.3177083333333333 0.009375 0.03333333333333333
1 0.13671875 0.59375 0.0234375 0.016666666666666666
1 0.05546875 0.6541666666666667 0.0375 0.03125
1 0.24375 0.85625 0.0140625 0.025
1 0.08828125 0.89375 0.028125 0.01875
1 0.03046875 0.5625 0.01875 0.035416666666666666
1 0.0875 0.54375 0.0265625 0.020833333333333332
1 0.19453125 0.12708333333333333 0.0140625 0.022916666666666665
1 0.7046875 0.165625 0.01875 0.0375