1 0.52265625 0.315625 0.0203125 0.03125
1 0.4890625 0.0875 0.01875 0.020833333333333332
1 0.71875 0.26145833333333335 0.021875 0.020833333333333332
1 0.63828125 0.23854166666666668 0.015625 0.01875
1 0.38984375 0.23020833333333332 0.040625 0.05
1 0.465625 0.4583333333333333 0.01875 0.020833333333333332
1 0.43515625 0.56875 0.025 0.022916666666666665
1 0.61640625 0.5989583333333334 0.025 0.029166666666666667
1 0.69296875 0.634375 0.015625 0.03125
1 0.84453125 0.7 0.0234375 0.020833333333333332
1 0.83671875 0.7354166666666667 0.0140625 0.03333333333333333
0 0.64296875 0.7697916666666667 0.2171875 0.46041666666666664
0 0.6109375 0.5458333333333333 0.140625 0.3
0 0.6140625 0.4125 0.228125 0.29375
0 0.60703125 0.13020833333333334 0.190625 0.2604166666666667
1 0.38203125 0.6375 0.0234375 0.0375
1 0.43671875 0.6270833333333333 0.0296875 0.0375
1 0.41953125 0.7739583333333333 0.0140625 0.01875
1 0.53125 0.8395833333333333 0.01875 0.020833333333333332
1 0.61640625 0.7239583333333334 0.01875 0.05
1 0.4359375 0.9802083333333333 0.0203125 0.027083333333333334
1 0.7796875 0.7802083333333333 0.0359375 0.035416666666666666
1 0.36171875 0.9520833333333333 0.021875 0.022916666666666665
1 0.721875 0.9427083333333334 0.028125 0.022916666666666665
1 0.8078125 0.4625 0.01875 0.027083333333333334
1 0.0046875 0.890625 0.009375 0.020833333333333332
1 0.5328125 0.3875 0.01875 0.029166666666666667
1 0.13828125 0.35625 0.03125 0.020833333333333332
1 0.3 0.11770833333333333 0.0234375 0.01875
1 0.74375 0.20520833333333333 0.0109375 0.016666666666666666
1 0.7625 0.027083333333333334 0.028125 0.025
1 0.8609375 0.11979166666666667 0.0171875 0.035416666666666666
1 0.7890625 0.103125 0.0234375 0.022916666666666665
1 0.5125 0.13333333333333333 0.0203125 0.029166666666666667