1 0.93671875 0.027083333333333334 0.0140625 0.016666666666666666
1 0.89375 0.303125 0.0265625 0.041666666666666664
1 0.86015625 0.3 0.0390625 0.04583333333333333
1 0.91328125 0.1875 0.025 0.029166666666666667
1 0.93671875 0.171875 0.021875 0.03958333333333333
1 0.89140625 0.209375 0.021875 0.03958333333333333
1 0.72890625 0.22083333333333333 0.0203125 0.05
1 0.75 0.22291666666666668 0.01875 0.029166666666666667
1 0.709375 0.21875 0.0125 0.027083333333333334
1 0.778125 0.13020833333333334 0.0296875 0.03333333333333333
1 0.82578125 0.146875 0.0203125 0.041666666666666664
1 0.665625 0.39166666666666666 0.025 0.029166666666666667
1 0.7875 0.37083333333333335 0.0203125 0.03333333333333333
1 0.81328125 0.378125 0.0234375 0.0375
1 0.96328125 0.5364583333333334 0.0296875 0.029166666666666667
1 0.95234375 0.678125 0.01875 0.01875
1 0.88359375 0.7510416666666667 0.021875 0.027083333333333334
1 0.853125 0.6864583333333333 0.021875 0.03125
1 0.8296875 0.6166666666666667 0.01875 0.022916666666666665
1 0.94453125 0.47708333333333336 0.0171875 0.029166666666666667
1 0.93671875 0.440625 0.034375 0.04791666666666667
1 0.9359375 0.25729166666666664 0.01875 0.022916666666666665
1 0.17265625 0.24166666666666667 0.015625 0.01875
1 0.475 0.384375 0.053125 0.03958333333333333
1 0.2640625 0.890625 0.0203125 0.025
1 0.390625 0.89375 0.015625 0.016666666666666666
1 0.359375 0.990625 0.01875 0.016666666666666666
1 0.34140625 0.9875 0.0109375 0.014583333333333334
1 0.21953125 0.9541666666666667 0.0078125 0.01875
1 0.45078125 0.9552083333333333 0.0234375 0.035416666666666666
1 0.99140625 0.7520833333333333 0.0171875 0.07291666666666667
1 0.88359375 0.9177083333333333 0.0359375 0.08541666666666667
1 0.8140625 0.8802083333333334 0.0125 0.014583333333333334
1 0.99140625 0.9770833333333333 0.0171875 0.020833333333333332
1 0.7578125 0.9354166666666667 0.0140625 0.03125
1 0.75546875 0.9791666666666666 0.03125 0.0375
1 0.7234375 0.9427083333333334 0.0203125 0.027083333333333334
1 0.64765625 0.8125 0.0125 0.01875
1 0.6765625 0.746875 0.0234375 0.022916666666666665
0 0.75703125 0.15208333333333332 0.2796875 0.30416666666666664
1 0.5296875 0.8729166666666667 0.0203125 0.022916666666666665
1 0.29765625 0.9385416666666667 0.0140625 0.010416666666666666
1 0.28984375 0.959375 0.021875 0.020833333333333332
1 0.3171875 0.928125 0.0140625 0.027083333333333334
1 0.3390625 0.8541666666666666 0.01875 0.020833333333333332
1 0.31953125 0.8375 0.0234375 0.03333333333333333
1 0.3296875 0.7375 0.0125 0.01875
1 0.3796875 0.6489583333333333 0.0203125 0.01875
1 0.5 0.6666666666666666 0.028125 0.029166666666666667
1 0.59140625 0.5947916666666667 0.021875 0.01875
1 0.92734375 0.7770833333333333 0.0265625 0.035416666666666666
1 0.93359375 0.8583333333333333 0.0296875 0.04791666666666667
0 0.7765625 0.8614583333333333 0.44375 0.27708333333333335
0 0.59765625 0.6677083333333333 0.4609375 0.23541666666666666
0 0.63828125 0.3302083333333333 0.34375 0.5520833333333334
1 0.62109375 0.6145833333333334 0.0234375 0.01875
1 0.6140625 0.5885416666666666 0.0234375 0.01875
1 0.12890625 0.041666666666666664 0.021875 0.027083333333333334
1 0.35390625 0.00625 0.0140625 0.0125
1 0.2375 0.023958333333333335 0.0203125 0.035416666666666666
1 0.21640625 0.042708333333333334 0.0140625 0.04583333333333333
1 0.928125 0.04479166666666667 0.021875 0.020833333333333332