1 0.77578125 0.6770833333333334 0.0453125 0.052083333333333336
1 0.50078125 0.359375 0.0296875 0.025
1 0.6 0.7885416666666667 0.0328125 0.04791666666666667
1 0.63984375 0.290625 0.0171875 0.01875
0 0.50390625 0.93125 0.0625 0.1375
0 0.49609375 0.825 0.2421875 0.12291666666666666
0 0.496875 0.20104166666666667 0.0734375 0.40208333333333335
0 0.48046875 0.04583333333333333 0.1078125 0.09166666666666666
1 0.55390625 0.6822916666666666 0.0296875 0.03333333333333333
1 0.34375 0.021875 0.0203125 0.027083333333333334
1 0.028125 0.7645833333333333 0.05625 0.1125
1 0.36484375 0.14479166666666668 0.03125 0.029166666666666667
1 0.2390625 0.7166666666666667 0.01875 0.022916666666666665
1 0.31171875 0.3 0.0140625 0.01875
1 0.5234375 0.425 0.0140625 0.016666666666666666
1 0.39765625 0.5270833333333333 0.01875 0.025
1 0.625 0.48125 0.0265625 0.01875
1 0.9859375 0.7583333333333333 0.0265625 0.027083333333333334
0 0.4921875 0.5458333333333333 0.05 0.0625
0 0.55 0.47291666666666665 0.10625 0.11458333333333333
1 0.01875 0.03958333333333333 0.0171875 0.01875
1 0.3 0.86875 0.0546875 0.0375