1 0.818359375 0.2701388888888889 0.01953125 0.044444444444444446
1 0.9078125 0.05 0.02890625 0.05277777777777778
1 0.981640625 0.041666666666666664 0.01640625 0.03611111111111111
1 0.78359375 0.10069444444444445 0.040625 0.06527777777777778
1 0.773046875 0.27152777777777776 0.02890625 0.07083333333333333
1 0.791796875 0.38263888888888886 0.01171875 0.019444444444444445
1 0.717578125 0.03888888888888889 0.0109375 0.009722222222222222
1 0.69140625 0.027083333333333334 0.01953125 0.02361111111111111
1 0.591796875 0.02847222222222222 0.0109375 0.02361111111111111
1 0.581640625 0.10625 0.01171875 0.03333333333333333
1 0.55234375 0.08958333333333333 0.015625 0.02638888888888889
1 0.546484375 0.2638888888888889 0.06484375 0.12361111111111112
1 0.5828125 0.3798611111111111 0.0109375 0.015277777777777777
1 0.52109375 0.41597222222222224 0.01953125 0.06111111111111111
1 0.5328125 0.5534722222222223 0.02734375 0.06666666666666667
1 0.586328125 0.5090277777777777 0.01484375 0.030555555555555555
1 0.730078125 0.28125 0.01640625 0.020833333333333332
1 0.7234375 0.1986111111111111 0.0109375 0.020833333333333332
1 0.678515625 0.2972222222222222 0.0125 0.0375
1 0.691015625 0.25 0.0140625 0.029166666666666667
1 0.696875 0.28958333333333336 0.0171875 0.043055555555555555
1 0.6578125 0.2902777777777778 0.01171875 0.03888888888888889
1 0.589453125 0.4548611111111111 0.021875 0.034722222222222224
1 0.6640625 0.4638888888888889 0.02109375 0.06388888888888888
1 0.690625 0.51875 0.02109375 0.03194444444444444
0 0.16484375 0.06180555555555556 0.11328125 0.12361111111111112
0 0.09609375 0.28680555555555554 0.12890625 0.4
0 0.115234375 0.45625 0.23046875 0.1388888888888889
0 0.094140625 0.6673611111111111 0.1875 0.32083333333333336
0 0.098828125 0.9069444444444444 0.196875 0.10972222222222222
0 0.63359375 0.9166666666666666 0.26875 0.16666666666666666
0 0.72265625 0.9625 0.025 0.075
0 0.67109375 0.5534722222222223 0.2875 0.3347222222222222
0 0.6265625 0.39861111111111114 0.09609375 0.3236111111111111
0 0.66953125 0.21666666666666667 0.2046875 0.4305555555555556
0 0.67578125 0.13402777777777777 0.19609375 0.26805555555555555
1 0.10859375 0.06041666666666667 0.015625 0.027777777777777776
1 0.1296875 0.12291666666666666 0.01796875 0.030555555555555555
1 0.253125 0.03125 0.021875 0.05
1 0.26328125 0.1125 0.01953125 0.025
1 0.601953125 0.5951388888888889 0.02421875 0.04722222222222222
1 0.37734375 0.03819444444444445 0.01796875 0.03194444444444444
1 0.471484375 0.009722222222222222 0.0234375 0.019444444444444445
1 0.24296875 0.27291666666666664 0.0234375 0.030555555555555555
1 0.245703125 0.3347222222222222 0.02421875 0.04861111111111111
1 0.1140625 0.32222222222222224 0.0203125 0.04027777777777778
1 0.128515625 0.2833333333333333 0.0375 0.03194444444444444
1 0.25703125 0.40694444444444444 0.02734375 0.04861111111111111
1 0.25078125 0.48194444444444445 0.01328125 0.02361111111111111
1 0.24765625 0.5784722222222223 0.0125 0.027777777777777776
1 0.259765625 0.7111111111111111 0.028125 0.0763888888888889
1 0.078125 0.42430555555555555 0.009375 0.013888888888888888
1 0.4265625 0.8423611111111111 0.00703125 0.016666666666666666
1 0.502734375 0.7534722222222222 0.009375 0.020833333333333332
1 0.53515625 0.6986111111111111 0.0046875 0.013888888888888888
1 0.612109375 0.7951388888888888 0.0484375 0.06805555555555555
1 0.700390625 0.7951388888888888 0.059375 0.10694444444444444
1 0.671484375 0.7138888888888889 0.02109375 0.04583333333333333
1 0.649609375 0.7131944444444445 0.01875 0.0375
1 0.616015625 0.7458333333333333 0.01328125 0.029166666666666667
1 0.56484375 0.9375 0.021875 0.04027777777777778
1 0.569921875 0.9659722222222222 0.0125 0.022222222222222223
1 0.796484375 0.9354166666666667 0.02421875 0.0375
1 0.829296875 0.9319444444444445 0.01640625 0.02638888888888889
1 0.85859375 0.9604166666666667 0.0125 0.030555555555555555
1 0.794921875 0.8 0.02265625 0.05
1 0.851171875 0.6986111111111111 0.02578125 0.04861111111111111
1 0.9578125 0.9270833333333334 0.02890625 0.05138888888888889
1 0.99453125 0.8875 0.0109375 0.06111111111111111
1 0.75859375 0.6395833333333333 0.02578125 0.04027777777777778
1 0.76953125 0.6020833333333333 0.0109375 0.0375
1 0.834765625 0.5743055555555555 0.0140625 0.025
1 0.812890625 0.51875 0.015625 0.03194444444444444
1 0.909765625 0.5680555555555555 0.01796875 0.04027777777777778
1 0.95625 0.58125 0.0109375 0.02361111111111111
1 0.877734375 0.5263888888888889 0.0078125 0.015277777777777777
1 0.82890625 0.6152777777777778 0.02265625 0.058333333333333334
1 0.87421875 0.48125 0.04375 0.06944444444444445
1 0.93515625 0.42430555555555555 0.01328125 0.020833333333333332
1 0.979296875 0.42777777777777776 0.04140625 0.08333333333333333
1 0.761328125 0.4548611111111111 0.021875 0.04861111111111111
1 0.751171875 0.5201388888888889 0.02421875 0.030555555555555555
1 0.730859375 0.40694444444444444 0.01875 0.027777777777777776
1 0.72265625 0.44375 0.021875 0.04027777777777778
1 0.989453125 0.32708333333333334 0.02109375 0.05277777777777778
1 0.959765625 0.25833333333333336 0.0296875 0.043055555555555555
1 0.92265625 0.2326388888888889 0.05078125 0.1
1 0.905078125 0.29097222222222224 0.02421875 0.05555555555555555
1 0.9625 0.18333333333333332 0.01875 0.03888888888888889
1 0.89140625 0.18055555555555555 0.021875 0.04583333333333333
1 0.85234375 0.17847222222222223 0.01796875 0.027777777777777776
1 0.878125 0.27291666666666664 0.0140625 0.019444444444444445
1 0.84375 0.28680555555555554 0.01328125 0.029166666666666667