0 0.08359375 0.23402777777777778 0.146875 0.4444444444444444
0 0.6859375 0.22083333333333333 0.228125 0.44166666666666665
0 0.658203125 0.3506944444444444 0.14375 0.17916666666666667
0 0.6921875 0.7333333333333333 0.2109375 0.46944444444444444
0 0.7265625 0.8458333333333333 0.2234375 0.30833333333333335
0 0.483984375 0.05416666666666667 0.03046875 0.10833333333333334
1 0.217578125 0.5180555555555556 0.03828125 0.0763888888888889
1 0.124609375 0.6819444444444445 0.02109375 0.029166666666666667
1 0.25390625 0.6631944444444444 0.02421875 0.030555555555555555
1 0.257421875 0.7069444444444445 0.02109375 0.030555555555555555
1 0.2265625 0.7902777777777777 0.0109375 0.02361111111111111
1 0.209765625 0.7486111111111111 0.02109375 0.04583333333333333
1 0.185546875 0.9465277777777777 0.015625 0.02638888888888889
1 0.232421875 0.9631944444444445 0.01328125 0.025
1 0.264453125 0.9548611111111112 0.0390625 0.05694444444444444
1 0.062890625 0.39652777777777776 0.0140625 0.02361111111111111
1 0.03671875 0.43333333333333335 0.01796875 0.029166666666666667
1 0.246484375 0.4173611111111111 0.03984375 0.08333333333333333
1 0.18671875 0.32708333333333334 0.02265625 0.04583333333333333
1 0.163671875 0.2951388888888889 0.02421875 0.03333333333333333
1 0.030859375 0.2569444444444444 0.01875 0.03333333333333333
1 0.2453125 0.2743055555555556 0.04453125 0.12083333333333333
1 0.19375 0.03819444444444445 0.028125 0.041666666666666664
1 0.271484375 0.017361111111111112 0.04140625 0.034722222222222224
1 0.4359375 0.2263888888888889 0.03359375 0.059722222222222225
1 0.60234375 0.035416666666666666 0.0265625 0.07083333333333333
1 0.59296875 0.49444444444444446 0.025 0.04861111111111111
1 0.672265625 0.48055555555555557 0.02265625 0.034722222222222224
1 0.75625 0.42083333333333334 0.015625 0.029166666666666667
1 0.7875 0.3263888888888889 0.0359375 0.09027777777777778
1 0.763671875 0.20694444444444443 0.0125 0.020833333333333332
1 0.83515625 0.13055555555555556 0.02421875 0.059722222222222225
1 0.93671875 0.025694444444444443 0.03046875 0.05138888888888889
1 0.949609375 0.26666666666666666 0.02578125 0.07083333333333333
1 0.97265625 0.3277777777777778 0.03203125 0.04027777777777778
1 0.89453125 0.3194444444444444 0.02578125 0.034722222222222224
1 0.87734375 0.5166666666666667 0.02578125 0.043055555555555555
1 0.96015625 0.5458333333333333 0.03828125 0.04861111111111111
1 0.85859375 0.6055555555555555 0.0140625 0.03333333333333333
1 0.85078125 0.5375 0.02109375 0.030555555555555555
1 0.778515625 0.6347222222222222 0.02109375 0.043055555555555555
1 0.778125 0.7541666666666667 0.02578125 0.05694444444444444
1 0.86953125 0.8888888888888888 0.03671875 0.06666666666666667
1 0.90078125 0.9291666666666667 0.025 0.03333333333333333
1 0.89140625 0.9736111111111111 0.02734375 0.04027777777777778
1 0.92734375 0.8736111111111111 0.01953125 0.03194444444444444
1 0.94453125 0.9111111111111111 0.03515625 0.04027777777777778
1 0.757421875 0.8541666666666666 0.02890625 0.03333333333333333
1 0.586328125 0.7451388888888889 0.03359375 0.06666666666666667
0 0.09921875 0.9645833333333333 0.1984375 0.07083333333333333
0 0.115625 0.8145833333333333 0.1640625 0.37083333333333335
0 0.116015625 0.6138888888888889 0.23203125 0.23194444444444445
0 0.131640625 0.44583333333333336 0.14609375 0.37222222222222223
0 0.147265625 0.09583333333333334 0.13046875 0.19166666666666668
0 0.608984375 0.9805555555555555 0.046875 0.03888888888888889