1 0.7265625 0.7770833333333333 0.01484375 0.027777777777777776
1 0.753125 0.7479166666666667 0.015625 0.03888888888888889
1 0.79921875 0.7777777777777778 0.01328125 0.03333333333333333
1 0.835546875 0.8111111111111111 0.01640625 0.03194444444444444
1 0.85 0.8652777777777778 0.0375 0.06944444444444445
1 0.880859375 0.7479166666666667 0.04296875 0.05416666666666667
1 0.88125 0.7020833333333333 0.0140625 0.02361111111111111
1 0.85390625 0.6520833333333333 0.01875 0.03611111111111111
1 0.825390625 0.5979166666666667 0.0375 0.06944444444444445
1 0.723828125 0.5569444444444445 0.0296875 0.06805555555555555
1 0.641015625 0.6041666666666666 0.03125 0.07083333333333333
1 0.66484375 0.6243055555555556 0.04375 0.05138888888888889
1 0.69140625 0.48194444444444445 0.0421875 0.04722222222222222
1 0.718359375 0.49166666666666664 0.01640625 0.041666666666666664
1 0.688671875 0.5291666666666667 0.01015625 0.03194444444444444
1 0.534375 0.3347222222222222 0.07890625 0.09166666666666666
1 0.5328125 0.4166666666666667 0.0265625 0.06805555555555555
1 0.072265625 0.22291666666666668 0.05859375 0.15694444444444444
1 0.032421875 0.25277777777777777 0.0296875 0.04861111111111111
1 0.128125 0.23819444444444443 0.02421875 0.041666666666666664
1 0.146484375 0.2673611111111111 0.02109375 0.034722222222222224
1 0.121484375 0.29097222222222224 0.0296875 0.05138888888888889
1 0.18046875 0.34652777777777777 0.02578125 0.05555555555555555
1 0.215625 0.31875 0.0359375 0.13472222222222222
1 0.196484375 0.4722222222222222 0.05234375 0.12361111111111112
1 0.089453125 0.5263888888888889 0.025 0.03194444444444444
0 0.631640625 0.08888888888888889 0.0578125 0.11527777777777778
0 0.60546875 0.3819444444444444 0.1734375 0.1388888888888889
0 0.6484375 0.5694444444444444 0.22265625 0.35833333333333334
0 0.646484375 0.9006944444444445 0.09609375 0.1986111111111111
0 0.112109375 0.9173611111111111 0.12578125 0.16527777777777777
0 0.0796875 0.7263888888888889 0.159375 0.3125
0 0.08984375 0.6388888888888888 0.1796875 0.2125
0 0.083984375 0.3736111111111111 0.16796875 0.3388888888888889
0 0.08515625 0.12708333333333333 0.1703125 0.25416666666666665
1 0.50859375 0.45 0.02734375 0.029166666666666667
1 0.540625 0.5020833333333333 0.0484375 0.09305555555555556
1 0.539453125 0.2798611111111111 0.015625 0.030555555555555555
1 0.559765625 0.2777777777777778 0.0203125 0.07083333333333333
1 0.59453125 0.013194444444444444 0.00703125 0.011111111111111112
1 0.504296875 0.10833333333333334 0.01171875 0.02361111111111111
1 0.267578125 0.84375 0.0078125 0.013888888888888888
1 0.151171875 0.5229166666666667 0.00859375 0.03194444444444444
1 0.3828125 0.3784722222222222 0.00859375 0.019444444444444445
1 0.419921875 0.95625 0.00859375 0.015277777777777777
1 0.723828125 0.9631944444444445 0.0140625 0.02361111111111111
1 0.83203125 0.9902777777777778 0.02109375 0.019444444444444445
1 0.88828125 0.9777777777777777 0.02578125 0.044444444444444446
1 0.98125 0.7388888888888889 0.0125 0.015277777777777777
1 0.955859375 0.78125 0.0171875 0.03194444444444444
1 0.915625 0.8555555555555555 0.01796875 0.027777777777777776
1 0.95 0.8819444444444444 0.01171875 0.020833333333333332
1 0.94921875 0.8333333333333334 0.028125 0.05694444444444444
1 0.856640625 0.5368055555555555 0.009375 0.015277777777777777
1 0.98359375 0.5340277777777778 0.0328125 0.06527777777777778
1 0.95546875 0.4513888888888889 0.01796875 0.030555555555555555
1 0.896875 0.6458333333333334 0.01171875 0.027777777777777776
1 0.92734375 0.7159722222222222 0.01328125 0.020833333333333332
1 0.93515625 0.6631944444444444 0.03515625 0.08194444444444444
1 0.923046875 0.5722222222222222 0.04140625 0.05555555555555555
1 0.809375 0.11388888888888889 0.01484375 0.015277777777777777
1 0.99296875 0.12361111111111112 0.0140625 0.041666666666666664
1 0.980859375 0.06180555555555556 0.03828125 0.10833333333333334
1 0.641015625 0.3923611111111111 0.01328125 0.020833333333333332
1 0.698046875 0.33194444444444443 0.04296875 0.07083333333333333
1 0.726171875 0.27847222222222223 0.0375 0.06527777777777778
1 0.71171875 0.39375 0.01640625 0.019444444444444445
1 0.74609375 0.38472222222222224 0.00703125 0.0125
1 0.789453125 0.51875 0.02734375 0.05
1 0.8453125 0.43194444444444446 0.0265625 0.03333333333333333
1 0.8515625 0.4652777777777778 0.0140625 0.019444444444444445
1 0.85546875 0.3875 0.01640625 0.030555555555555555
1 0.762109375 0.3173611111111111 0.0171875 0.030555555555555555
1 0.81640625 0.32569444444444445 0.06796875 0.10277777777777777
1 0.799609375 0.3902777777777778 0.0140625 0.018055555555555554
1 0.82578125 0.39375 0.0109375 0.022222222222222223
1 0.801953125 0.2798611111111111 0.02109375 0.034722222222222224
1 0.828515625 0.25416666666666665 0.0203125 0.0375
1 0.9046875 0.29444444444444445 0.01171875 0.022222222222222223
1 0.92109375 0.3784722222222222 0.03203125 0.08194444444444444
1 0.948828125 0.2659722222222222 0.0234375 0.04722222222222222
1 0.983984375 0.18333333333333332 0.02734375 0.06527777777777778
1 0.90625 0.12361111111111112 0.0234375 0.044444444444444446
1 0.93046875 0.16319444444444445 0.0375 0.04722222222222222
1 0.891796875 0.16944444444444445 0.01484375 0.02638888888888889
1 0.867578125 0.12986111111111112 0.02265625 0.03611111111111111
1 0.79140625 0.16666666666666666 0.0375 0.06666666666666667
1 0.8171875 0.02361111111111111 0.0328125 0.04722222222222222
1 0.861328125 0.08958333333333333 0.01640625 0.03333333333333333
1 0.869140625 0.034722222222222224 0.0203125 0.05555555555555555
1 0.89375 0.04027777777777778 0.0234375 0.041666666666666664
1 0.921875 0.022222222222222223 0.02734375 0.044444444444444446
1 0.9359375 0.08958333333333333 0.0171875 0.02638888888888889
1 0.24140625 0.6208333333333333 0.01015625 0.0125
1 0.230859375 0.6638888888888889 0.025 0.041666666666666664
1 0.579296875 0.18611111111111112 0.0140625 0.02361111111111111
1 0.604296875 0.1625 0.01640625 0.025
1 0.213671875 0.625 0.025 0.0375
1 0.1265625 0.6923611111111111 0.0125 0.029166666666666667
1 0.22734375 0.7166666666666667 0.0234375 0.06388888888888888
1 0.246484375 0.9493055555555555 0.0109375 0.03194444444444444
1 0.17421875 0.8979166666666667 0.0125 0.025
1 0.09453125 0.9583333333333334 0.03984375 0.05
1 0.115625 0.8645833333333334 0.03984375 0.09583333333333334
1 0.071484375 0.81875 0.04140625 0.058333333333333334
1 0.14375 0.8354166666666667 0.0265625 0.043055555555555555
1 0.13125 0.7722222222222223 0.02265625 0.041666666666666664
1 0.084375 0.6791666666666667 0.0359375 0.0625
1 0.1046875 0.6381944444444444 0.01328125 0.02361111111111111
1 0.06484375 0.5645833333333333 0.01328125 0.018055555555555554
1 0.126171875 0.5152777777777777 0.01484375 0.030555555555555555
1 0.173046875 0.5388888888888889 0.01953125 0.027777777777777776
1 0.165625 0.1673611111111111 0.0390625 0.08055555555555556
1 0.130078125 0.09305555555555556 0.01171875 0.018055555555555554
1 0.134765625 0.06736111111111111 0.015625 0.018055555555555554
1 0.080078125 0.027777777777777776 0.0140625 0.02638888888888889
1 0.19140625 0.025 0.0421875 0.05
1 0.24140625 0.08541666666666667 0.04453125 0.0875
1 0.372265625 0.24930555555555556 0.0234375 0.04583333333333333
1 0.399609375 0.20625 0.01875 0.0375
1 0.429296875 0.19375 0.021875 0.06111111111111111
1 0.421484375 0.24930555555555556 0.0140625 0.029166666666666667
1 0.408984375 0.1527777777777778 0.02890625 0.04722222222222222
1 0.63515625 0.16805555555555557 0.0125 0.02638888888888889
1 0.6171875 0.09236111111111112 0.00703125 0.011111111111111112
1 0.65546875 0.04583333333333333 0.0265625 0.044444444444444446
1 0.68828125 0.04861111111111111 0.009375 0.018055555555555554
1 0.725390625 0.0375 0.01796875 0.034722222222222224
1 0.750390625 0.05625 0.01640625 0.02638888888888889
1 0.47890625 0.13680555555555557 0.0515625 0.06527777777777778
1 0.4546875 0.015277777777777777 0.03984375 0.030555555555555555
1 0.521484375 0.034027777777777775 0.0203125 0.027777777777777776
1 0.534375 0.009722222222222222 0.0265625 0.019444444444444445
1 0.56796875 0.02013888888888889 0.034375 0.04027777777777778
1 0.478515625 0.0763888888888889 0.025 0.0375
1 0.47578125 0.23125 0.04375 0.0875
1 0.48046875 0.3819444444444444 0.07734375 0.1375
1 0.44921875 0.4527777777777778 0.0421875 0.041666666666666664
1 0.758203125 0.11319444444444444 0.02890625 0.0625
1 0.59296875 0.2013888888888889 0.01015625 0.0125
1 0.699609375 0.19652777777777777 0.0171875 0.03333333333333333
1 0.726953125 0.17708333333333334 0.0140625 0.030555555555555555
1 0.660546875 0.24305555555555555 0.01796875 0.034722222222222224
1 0.660546875 0.32222222222222224 0.02734375 0.06666666666666667
1 0.464453125 0.4986111111111111 0.01953125 0.05
1 0.441015625 0.5479166666666667 0.03203125 0.05277777777777778
1 0.414453125 0.6180555555555556 0.0265625 0.044444444444444446
1 0.453125 0.6618055555555555 0.040625 0.07361111111111111
1 0.308203125 0.5819444444444445 0.015625 0.03333333333333333
1 0.321484375 0.4847222222222222 0.021875 0.03333333333333333
1 0.27421875 0.45208333333333334 0.01484375 0.015277777777777777
1 0.3015625 0.4777777777777778 0.0078125 0.013888888888888888
1 0.324609375 0.6493055555555556 0.02265625 0.034722222222222224
1 0.41640625 0.8402777777777778 0.06953125 0.0763888888888889
1 0.471875 0.8402777777777778 0.02890625 0.07083333333333333
1 0.444140625 0.9069444444444444 0.03828125 0.05138888888888889
1 0.494140625 0.9263888888888889 0.04765625 0.10138888888888889
1 0.471875 0.9909722222222223 0.01484375 0.018055555555555554
1 0.503515625 0.9909722222222223 0.02734375 0.018055555555555554
1 0.5203125 0.8298611111111112 0.04296875 0.07361111111111111
1 0.48359375 0.7680555555555556 0.02734375 0.043055555555555555
1 0.516796875 0.7444444444444445 0.02578125 0.04027777777777778
1 0.49453125 0.7055555555555556 0.01484375 0.03333333333333333
1 0.40703125 0.7493055555555556 0.01953125 0.043055555555555555
1 0.432421875 0.7423611111111111 0.03046875 0.04027777777777778
1 0.5 0.6076388888888888 0.02734375 0.05694444444444444
1 0.56328125 0.6777777777777778 0.06015625 0.09444444444444444
1 0.574609375 0.7604166666666666 0.0265625 0.05277777777777778
1 0.562890625 0.8326388888888889 0.02265625 0.043055555555555555
1 0.605859375 0.9270833333333334 0.0328125 0.058333333333333334
1 0.586328125 0.9763888888888889 0.05234375 0.04722222222222222
1 0.611328125 0.8180555555555555 0.02421875 0.05
1 0.681640625 0.89375 0.01796875 0.0375
1 0.660546875 0.7305555555555555 0.0296875 0.044444444444444446
1 0.696875 0.7534722222222222 0.040625 0.13194444444444445
1 0.705859375 0.8395833333333333 0.01953125 0.044444444444444446
1 0.627734375 0.7395833333333334 0.0078125 0.013888888888888888