1 0.783203125 0.7930555555555555 0.01796875 0.0375
1 0.807421875 0.98125 0.0078125 0.015277777777777777
1 0.795703125 0.9729166666666667 0.00859375 0.0125
1 0.802734375 0.9423611111111111 0.0203125 0.029166666666666667
1 0.805078125 0.9027777777777778 0.03359375 0.058333333333333334
1 0.705859375 0.9513888888888888 0.0578125 0.09722222222222222
1 0.6734375 0.9923611111111111 0.025 0.015277777777777777
1 0.654296875 0.9555555555555556 0.03515625 0.075
1 0.5921875 0.9375 0.03203125 0.05555555555555555
1 0.6125 0.7208333333333333 0.0234375 0.034722222222222224
1 0.695703125 0.69375 0.01953125 0.030555555555555555
1 0.67265625 0.7097222222222223 0.01484375 0.034722222222222224
1 0.696484375 0.4888888888888889 0.00703125 0.011111111111111112
1 0.7875 0.5243055555555556 0.0328125 0.0625
1 0.7359375 0.5006944444444444 0.0578125 0.1486111111111111
1 0.723828125 0.3388888888888889 0.015625 0.04722222222222222
1 0.710546875 0.38819444444444445 0.04765625 0.058333333333333334
1 0.773828125 0.37777777777777777 0.015625 0.030555555555555555
1 0.796484375 0.35138888888888886 0.0296875 0.03333333333333333
1 0.56796875 0.6479166666666667 0.00703125 0.011111111111111112
1 0.180078125 0.6923611111111111 0.00625 0.009722222222222222
1 0.31015625 0.7680555555555556 0.015625 0.06111111111111111
1 0.996484375 0.08194444444444444 0.00703125 0.030555555555555555
1 0.802734375 0.2798611111111111 0.0078125 0.008333333333333333
1 0.842578125 0.26180555555555557 0.02578125 0.03888888888888889
1 0.821484375 0.20277777777777778 0.01484375 0.04027777777777778
1 0.856640625 0.013194444444444444 0.01875 0.02638888888888889
1 0.809765625 0.004166666666666667 0.00546875 0.008333333333333333
1 0.7453125 0.05138888888888889 0.0125 0.02361111111111111
1 0.7625 0.1375 0.009375 0.03611111111111111
1 0.737109375 0.2590277777777778 0.01015625 0.019444444444444445
1 0.716015625 0.20902777777777778 0.0375 0.11805555555555555
1 0.6890625 0.2111111111111111 0.02265625 0.04583333333333333
1 0.6671875 0.22569444444444445 0.02109375 0.05138888888888889
1 0.673046875 0.3013888888888889 0.01875 0.03194444444444444
1 0.60625 0.34375 0.01953125 0.03333333333333333
1 0.572265625 0.29375 0.01484375 0.029166666666666667
1 0.5484375 0.27152777777777776 0.0078125 0.013888888888888888
1 0.5578125 0.23402777777777778 0.00859375 0.020833333333333332
1 0.601953125 0.18541666666666667 0.0125 0.016666666666666666
1 0.676171875 0.06805555555555555 0.009375 0.016666666666666666
1 0.64609375 0.09652777777777778 0.03046875 0.07361111111111111
1 0.5734375 0.02847222222222222 0.0125 0.02638888888888889
1 0.56640625 0.011805555555555555 0.01171875 0.02361111111111111
1 0.194140625 0.3090277777777778 0.0046875 0.009722222222222222
1 0.1921875 0.2763888888888889 0.01015625 0.011111111111111112
1 0.2625 0.29305555555555557 0.00625 0.008333333333333333
1 0.2359375 0.26805555555555555 0.0078125 0.018055555555555554
1 0.171875 0.26666666666666666 0.01328125 0.018055555555555554
1 0.14375 0.27361111111111114 0.0171875 0.03611111111111111
1 0.11953125 0.3263888888888889 0.0171875 0.03333333333333333
1 0.25234375 0.38472222222222224 0.02890625 0.027777777777777776
1 0.24140625 0.4375 0.0359375 0.05416666666666667
1 0.212890625 0.4048611111111111 0.02109375 0.05277777777777778
1 0.15390625 0.4986111111111111 0.0125 0.027777777777777776
1 0.14765625 0.46458333333333335 0.0125 0.025
1 0.16328125 0.4527777777777778 0.01796875 0.03194444444444444
1 0.235546875 0.5861111111111111 0.0171875 0.02361111111111111
1 0.1828125 0.6173611111111111 0.0078125 0.018055555555555554
1 0.2140625 0.6590277777777778 0.01640625 0.03333333333333333
1 0.17578125 0.7486111111111111 0.01171875 0.020833333333333332
1 0.147265625 0.7236111111111111 0.015625 0.041666666666666664
1 0.246484375 0.6895833333333333 0.02578125 0.034722222222222224
1 0.2921875 0.6979166666666666 0.03125 0.06527777777777778
1 0.28125 0.8597222222222223 0.01484375 0.02361111111111111
1 0.2296875 0.93125 0.00625 0.009722222222222222
1 0.223046875 0.9534722222222223 0.0203125 0.03611111111111111
1 0.24765625 0.93125 0.01875 0.03611111111111111
1 0.204296875 0.8472222222222222 0.009375 0.018055555555555554
1 0.217578125 0.8756944444444444 0.01328125 0.02361111111111111
1 0.20078125 0.9 0.02109375 0.03194444444444444
1 0.07734375 0.03263888888888889 0.03203125 0.06527777777777778
0 0.68125 0.2965277777777778 0.21015625 0.4875
0 0.692578125 0.09513888888888888 0.15234375 0.19027777777777777
0 0.71640625 0.54375 0.259375 0.26666666666666666
0 0.725 0.8361111111111111 0.246875 0.3277777777777778
0 0.135546875 0.9548611111111112 0.11484375 0.09027777777777778
0 0.132421875 0.8118055555555556 0.11328125 0.3763888888888889
0 0.1015625 0.6777777777777778 0.17265625 0.49722222222222223
0 0.144140625 0.3972222222222222 0.09140625 0.3486111111111111
1 0.684375 0.8611111111111112 0.0125 0.022222222222222223
1 0.149609375 0.12986111111111112 0.0078125 0.018055555555555554
1 0.9734375 0.06666666666666667 0.02109375 0.034722222222222224
1 0.9546875 0.07291666666666667 0.0109375 0.019444444444444445
1 0.937890625 0.08958333333333333 0.015625 0.030555555555555555
1 0.951171875 0.24027777777777778 0.02421875 0.03888888888888889
1 0.928125 0.23402777777777778 0.01328125 0.030555555555555555
1 0.935546875 0.18263888888888888 0.01640625 0.02361111111111111
1 0.920703125 0.17847222222222223 0.0171875 0.03333333333333333
1 0.9828125 0.36180555555555555 0.0078125 0.018055555555555554
1 0.923046875 0.5444444444444444 0.01484375 0.027777777777777776
1 0.99453125 0.45416666666666666 0.0109375 0.02638888888888889
1 0.994921875 0.41875 0.01015625 0.027777777777777776
1 0.966796875 0.4340277777777778 0.02109375 0.04027777777777778
1 0.86875 0.33402777777777776 0.01875 0.03333333333333333
1 0.837109375 0.3298611111111111 0.0078125 0.018055555555555554
1 0.240625 0.00625 0.01015625 0.0125
1 0.970703125 0.11666666666666667 0.015625 0.034722222222222224
1 0.190625 0.05555555555555555 0.0125 0.041666666666666664
1 0.158203125 0.10347222222222222 0.0109375 0.016666666666666666
1 0.13203125 0.13125 0.015625 0.02638888888888889
1 0.62265625 0.49236111111111114 0.0140625 0.027777777777777776
1 0.537109375 0.575 0.009375 0.020833333333333332
1 0.46875 0.5298611111111111 0.0109375 0.0125
1 0.820703125 0.7118055555555556 0.00546875 0.009722222222222222
1 0.79296875 0.6930555555555555 0.00703125 0.0125
1 0.8578125 0.6506944444444445 0.00703125 0.018055555555555554
1 0.913671875 0.6611111111111111 0.01015625 0.011111111111111112
1 0.959765625 0.71875 0.0171875 0.041666666666666664
1 0.971484375 0.6895833333333333 0.01875 0.0375
1 0.94921875 0.9854166666666667 0.01328125 0.022222222222222223
1 0.9375 0.9465277777777777 0.02265625 0.03611111111111111
1 0.86171875 0.9055555555555556 0.00703125 0.011111111111111112