1 0.459375 0.15 0.065625 0.07708333333333334
1 0.5015625 0.016666666666666666 0.0234375 0.020833333333333332
1 0.4640625 0.013541666666666667 0.0203125 0.022916666666666665
1 0.28671875 0.3875 0.0546875 0.13125
1 0.24140625 0.41875 0.0296875 0.05
1 0.1640625 0.55625 0.08125 0.075
1 0.2890625 0.925 0.046875 0.052083333333333336
1 0.72890625 0.925 0.0203125 0.029166666666666667
1 0.45 0.7166666666666667 0.0484375 0.0375
1 0.57890625 0.5697916666666667 0.028125 0.03958333333333333
1 0.24140625 0.19583333333333333 0.03125 0.041666666666666664
1 0.28203125 0.035416666666666666 0.053125 0.03125
1 0.63359375 0.03958333333333333 0.0375 0.04375
0 0.57734375 0.19166666666666668 0.346875 0.2625
0 0.61015625 0.7020833333333333 0.3609375 0.3104166666666667
0 0.53203125 0.934375 0.0765625 0.12083333333333333
1 0.8359375 0.08229166666666667 0.0859375 0.0875
1 0.8765625 0.23020833333333332 0.0265625 0.04583333333333333
1 0.78203125 0.3302083333333333 0.0421875 0.035416666666666666
1 0.8203125 0.4239583333333333 0.0375 0.06666666666666667
1 0.7515625 0.43020833333333336 0.0296875 0.04583333333333333
1 0.93359375 0.3802083333333333 0.0203125 0.04583333333333333
1 0.9421875 0.478125 0.0375 0.06458333333333334
1 0.9640625 0.5229166666666667 0.028125 0.05416666666666667
1 0.78203125 0.58125 0.0515625 0.04583333333333333
1 0.7421875 0.7583333333333333 0.05 0.08333333333333333
1 0.41796875 0.5489583333333333 0.059375 0.0875
1 0.54921875 0.4552083333333333 0.0453125 0.05
1 0.65234375 0.190625 0.0328125 0.04583333333333333