1 0.64140625 0.06979166666666667 0.034375 0.025
1 0.71484375 0.035416666666666666 0.0125 0.025
1 0.8421875 0.5822916666666667 0.0125 0.020833333333333332
1 0.47734375 0.17083333333333334 0.0140625 0.020833333333333332
1 0.72890625 0.8166666666666667 0.015625 0.01875
1 0.62421875 0.6322916666666667 0.03125 0.025
1 0.303125 0.6260416666666667 0.034375 0.04375
1 0.0828125 0.9927083333333333 0.040625 0.014583333333333334
1 0.15859375 0.8333333333333334 0.028125 0.029166666666666667
1 0.53828125 0.9302083333333333 0.028125 0.027083333333333334
1 0.47265625 0.903125 0.0140625 0.03333333333333333
1 0.4765625 0.6958333333333333 0.0390625 0.0375
1 0.4734375 0.6197916666666666 0.0421875 0.05
1 0.41953125 0.5520833333333334 0.0390625 0.06458333333333334
1 0.53515625 0.69375 0.040625 0.052083333333333336
1 0.27578125 0.8666666666666667 0.0328125 0.035416666666666666
1 0.05078125 0.609375 0.0109375 0.014583333333333334
1 0.0234375 0.625 0.021875 0.020833333333333332
1 0.00703125 0.20520833333333333 0.0140625 0.03333333333333333
1 0.20546875 0.26875 0.0140625 0.03333333333333333
1 0.153125 0.20833333333333334 0.0203125 0.029166666666666667
1 0.09296875 0.32395833333333335 0.0359375 0.022916666666666665
1 0.64453125 0.27708333333333335 0.021875 0.025
1 0.540625 0.3 0.0328125 0.05
0 0.3828125 0.11770833333333333 0.253125 0.08958333333333333
0 0.41640625 0.34479166666666666 0.2953125 0.18541666666666667
0 0.37421875 0.6541666666666667 0.1375 0.24791666666666667
0 0.40546875 0.884375 0.06875 0.23125
1 0.2328125 0.365625 0.046875 0.05
1 0.70078125 0.5010416666666667 0.040625 0.04583333333333333
1 0.65703125 0.559375 0.0265625 0.05
1 0.70703125 0.60625 0.0578125 0.03958333333333333
1 0.85390625 0.21666666666666667 0.021875 0.029166666666666667
1 0.940625 0.03958333333333333 0.028125 0.022916666666666665