1 0.994921875 0.96875 0.01015625 0.027777777777777776
1 0.21953125 0.6881944444444444 0.03046875 0.06944444444444445
1 0.248828125 0.7777777777777778 0.028125 0.0625
1 0.31015625 0.7083333333333334 0.0203125 0.03611111111111111
1 0.28984375 0.925 0.04609375 0.06666666666666667
1 0.16796875 0.9055555555555556 0.0140625 0.016666666666666666
1 0.16015625 0.4861111111111111 0.0203125 0.027777777777777776
1 0.15859375 0.6097222222222223 0.00859375 0.015277777777777777
1 0.146484375 0.3368055555555556 0.0203125 0.03888888888888889
1 0.12265625 0.12222222222222222 0.02109375 0.029166666666666667
1 0.2625 0.04097222222222222 0.02578125 0.043055555555555555
1 0.719140625 0.10833333333333334 0.0125 0.02638888888888889
1 0.706640625 0.21458333333333332 0.00703125 0.018055555555555554
1 0.718359375 0.2951388888888889 0.01015625 0.016666666666666666
1 0.724609375 0.32083333333333336 0.009375 0.025
1 0.73125 0.3729166666666667 0.03828125 0.0763888888888889
1 0.70703125 0.4486111111111111 0.0140625 0.03333333333333333
1 0.63125 0.43333333333333335 0.01953125 0.03888888888888889
1 0.671484375 0.5138888888888888 0.03125 0.03611111111111111
1 0.589453125 0.525 0.01640625 0.034722222222222224
1 0.565234375 0.4618055555555556 0.01640625 0.0375
1 0.490234375 0.46597222222222223 0.021875 0.04722222222222222
1 0.78125 0.4847222222222222 0.0140625 0.03194444444444444
1 0.887109375 0.3875 0.01328125 0.02638888888888889
1 0.918359375 0.2965277777777778 0.01328125 0.030555555555555555
1 0.92890625 0.34930555555555554 0.0109375 0.013888888888888888
1 0.794921875 0.30277777777777776 0.0328125 0.06527777777777778
1 0.803515625 0.08055555555555556 0.04453125 0.12083333333333333
1 0.966796875 0.4354166666666667 0.01796875 0.03611111111111111
1 0.933203125 0.5131944444444444 0.04609375 0.08333333333333333
1 0.89296875 0.6430555555555556 0.015625 0.04027777777777778
1 0.951171875 0.7166666666666667 0.03125 0.041666666666666664
1 0.84140625 0.7972222222222223 0.02109375 0.025
1 0.7953125 0.6694444444444444 0.04375 0.06111111111111111
1 0.9453125 0.8409722222222222 0.0125 0.02361111111111111
1 0.95859375 0.9048611111111111 0.02578125 0.06388888888888888
1 0.935546875 0.9763888888888889 0.0140625 0.020833333333333332
1 0.959375 0.9881944444444445 0.00859375 0.015277777777777777
1 0.748828125 0.9902777777777778 0.0140625 0.019444444444444445
1 0.891015625 0.9923611111111111 0.01640625 0.015277777777777777
1 0.575 0.9125 0.01328125 0.03333333333333333
1 0.58359375 0.9576388888888889 0.02109375 0.03888888888888889
1 0.580859375 0.7083333333333334 0.01484375 0.034722222222222224
1 0.697265625 0.8319444444444445 0.01640625 0.0375
1 0.944140625 0.24930555555555556 0.0078125 0.015277777777777777
1 0.8390625 0.004861111111111111 0.00625 0.009722222222222222
1 0.1203125 0.004861111111111111 0.01015625 0.009722222222222222
0 0.082421875 0.04722222222222222 0.16484375 0.09444444444444444
0 0.13359375 0.19791666666666666 0.17578125 0.2861111111111111
0 0.11640625 0.4826388888888889 0.2328125 0.17916666666666667
0 0.125 0.6826388888888889 0.175 0.4930555555555556
0 0.1015625 0.8868055555555555 0.203125 0.2263888888888889
0 0.66171875 0.8875 0.15546875 0.225
0 0.6421875 0.7798611111111111 0.1265625 0.44027777777777777
0 0.637890625 0.49236111111111114 0.16953125 0.5388888888888889
0 0.641015625 0.075 0.1078125 0.15
0 0.65625 0.2951388888888889 0.1875 0.45694444444444443