1 0.70703125 0.004166666666666667 0.01484375 0.008333333333333333
1 0.950390625 0.14166666666666666 0.0359375 0.0875
1 0.987109375 0.11805555555555555 0.02578125 0.04722222222222222
1 0.97109375 0.4979166666666667 0.0140625 0.02638888888888889
1 0.97890625 0.4131944444444444 0.03046875 0.06388888888888888
1 0.815234375 0.27291666666666664 0.053125 0.06805555555555555
1 0.617578125 0.40069444444444446 0.0296875 0.03333333333333333
1 0.705859375 0.44722222222222224 0.02578125 0.05138888888888889
1 0.723046875 0.36944444444444446 0.0171875 0.02638888888888889
1 0.815625 0.3416666666666667 0.0109375 0.015277777777777777
1 0.8546875 0.45555555555555555 0.01875 0.030555555555555555
1 0.19453125 0.44930555555555557 0.02109375 0.03611111111111111
1 0.1703125 0.48194444444444445 0.0203125 0.043055555555555555
1 0.19140625 0.5145833333333333 0.02734375 0.04722222222222222
1 0.180078125 0.6229166666666667 0.01640625 0.03194444444444444
1 0.196875 0.6361111111111111 0.01640625 0.02361111111111111
1 0.2328125 0.6215277777777778 0.0109375 0.019444444444444445
1 0.232421875 0.7006944444444444 0.0203125 0.0375
1 0.2875 0.6708333333333333 0.01875 0.0375
0 0.133984375 0.13402777777777777 0.16171875 0.26805555555555555
0 0.105859375 0.20277777777777778 0.21171875 0.2361111111111111
0 0.12421875 0.6166666666666667 0.109375 0.5402777777777777
1 0.25078125 0.5597222222222222 0.01328125 0.025
1 0.18515625 0.050694444444444445 0.02421875 0.059722222222222225
1 0.2109375 0.050694444444444445 0.0140625 0.03611111111111111
1 0.23203125 0.08888888888888889 0.01640625 0.034722222222222224
1 0.1890625 0.13055555555555556 0.01796875 0.03333333333333333
1 0.10390625 0.19166666666666668 0.01328125 0.025
1 0.15390625 0.0020833333333333333 0.00703125 0.004166666666666667
1 0.11796875 0.26875 0.01875 0.02361111111111111
1 0.913671875 0.7361111111111112 0.03359375 0.059722222222222225
1 0.1109375 0.3416666666666667 0.01796875 0.04027777777777778
1 0.188671875 0.3729166666666667 0.01640625 0.025
1 0.202734375 0.41805555555555557 0.02265625 0.034722222222222224
1 0.25625 0.22916666666666666 0.00703125 0.008333333333333333
1 0.333984375 0.3368055555555556 0.01328125 0.022222222222222223
1 0.100390625 0.125 0.01171875 0.015277777777777777
1 0.052734375 0.5180555555555556 0.00703125 0.011111111111111112
1 0.225390625 0.6722222222222223 0.00859375 0.009722222222222222
1 0.550390625 0.7125 0.0109375 0.013888888888888888
1 0.775390625 0.17291666666666666 0.009375 0.013888888888888888
1 0.253125 0.9965277777777778 0.00546875 0.006944444444444444
1 0.29375 0.8020833333333334 0.01171875 0.030555555555555555
1 0.20234375 0.7951388888888888 0.01875 0.05
1 0.16328125 0.86875 0.01796875 0.02361111111111111
1 0.23671875 0.8638888888888889 0.01484375 0.03333333333333333
1 0.213671875 0.85 0.03984375 0.0375
1 0.23203125 0.9277777777777778 0.03125 0.0375
1 0.131640625 0.8909722222222223 0.0171875 0.029166666666666667
1 0.040234375 0.7944444444444444 0.01875 0.043055555555555555
1 0.466796875 0.6006944444444444 0.015625 0.04583333333333333
1 0.94609375 0.4131944444444444 0.009375 0.015277777777777777
1 0.744140625 0.5388888888888889 0.01875 0.027777777777777776
1 0.624609375 0.5013888888888889 0.01953125 0.034722222222222224
1 0.569921875 0.5645833333333333 0.0125 0.02361111111111111
1 0.632421875 0.6194444444444445 0.01015625 0.016666666666666666
1 0.60625 0.5888888888888889 0.0265625 0.06388888888888888
1 0.709765625 0.6986111111111111 0.0234375 0.04722222222222222
1 0.649609375 0.8777777777777778 0.01328125 0.02638888888888889
1 0.628515625 0.8361111111111111 0.025 0.04583333333333333
1 0.60390625 0.775 0.02890625 0.06111111111111111
1 0.71328125 0.8694444444444445 0.01171875 0.022222222222222223
1 0.915234375 0.9166666666666666 0.0203125 0.05
1 0.879296875 0.8048611111111111 0.04921875 0.1
1 0.9609375 0.7340277777777777 0.0203125 0.029166666666666667
0 0.158984375 0.7048611111111112 0.23125 0.1736111111111111
0 0.16640625 0.9076388888888889 0.13515625 0.18472222222222223
0 0.6390625 0.09652777777777778 0.084375 0.19305555555555556
0 0.594140625 0.25416666666666665 0.2640625 0.25972222222222224
1 0.9390625 0.68125 0.021875 0.041666666666666664
1 0.92578125 0.55 0.01484375 0.03888888888888889
0 0.703515625 0.4125 0.1546875 0.43333333333333335
0 0.588671875 0.7375 0.23359375 0.2791666666666667
1 0.94609375 0.58125 0.009375 0.018055555555555554
1 0.928515625 0.5104166666666666 0.0109375 0.020833333333333332
0 0.690234375 0.9506944444444444 0.22578125 0.09861111111111111
0 0.7140625 0.9402777777777778 0.13203125 0.11944444444444445
1 0.473828125 0.1076388888888889 0.015625 0.03194444444444444
1 0.583984375 0.14305555555555555 0.02578125 0.058333333333333334
1 0.659765625 0.17152777777777778 0.0265625 0.030555555555555555