1 0.78828125 0.8572916666666667 0.015625 0.016666666666666666
0 0.47890625 0.8125 0.2421875 0.375
1 0.11328125 0.8385416666666666 0.01875 0.025
1 0.0140625 0.09791666666666667 0.028125 0.020833333333333332
1 0.1328125 0.019791666666666666 0.021875 0.022916666666666665
1 0.17734375 0.10833333333333334 0.0328125 0.025
1 0.30859375 0.425 0.0328125 0.04791666666666667
1 0.50703125 0.3802083333333333 0.015625 0.01875
1 0.41796875 0.41770833333333335 0.021875 0.029166666666666667
1 0.3671875 0.35833333333333334 0.053125 0.075
1 0.275 0.2947916666666667 0.0265625 0.05
1 0.26953125 0.22395833333333334 0.028125 0.0375
0 0.53125 0.06041666666666667 0.3546875 0.11666666666666667
1 0.403125 0.23125 0.0359375 0.03958333333333333
1 0.94375 0.013541666666666667 0.0515625 0.025
1 0.7453125 0.10729166666666666 0.0390625 0.07916666666666666
1 0.64296875 0.18333333333333332 0.05 0.04791666666666667
1 0.69921875 0.19270833333333334 0.0265625 0.03125
1 0.90234375 0.37604166666666666 0.0171875 0.016666666666666666
1 0.90703125 0.490625 0.0203125 0.027083333333333334
1 0.9484375 0.48125 0.0265625 0.0375
1 0.9390625 0.4083333333333333 0.0515625 0.10625
1 0.690625 0.4708333333333333 0.0328125 0.041666666666666664
1 0.84140625 0.590625 0.025 0.03125
1 0.86953125 0.5677083333333334 0.03125 0.025
1 0.9578125 0.6177083333333333 0.021875 0.022916666666666665
1 0.98125 0.6302083333333334 0.0375 0.058333333333333334
1 0.640625 0.78125 0.0109375 0.020833333333333332
1 0.615625 0.8333333333333334 0.0265625 0.0375
1 0.59765625 0.5739583333333333 0.046875 0.05
1 0.4625 0.63125 0.065625 0.04375
1 0.38984375 0.6552083333333333 0.0234375 0.041666666666666664
1 0.16796875 0.5645833333333333 0.0375 0.03125
1 0.134375 0.5802083333333333 0.021875 0.029166666666666667
0 0.54765625 0.5333333333333333 0.109375 0.23125
0 0.52265625 0.3072916666666667 0.3234375 0.09166666666666666
0 0.7375 0.9739583333333334 0.14375 0.052083333333333336
1 0.7484375 0.9177083333333333 0.0640625 0.06458333333333334
1 0.28046875 0.675 0.1 0.12083333333333333
0 0.51796875 0.9625 0.0234375 0.075