0 0.56484375 0.49583333333333335 0.2859375 0.07291666666666667
0 0.58125 0.7760416666666666 0.0453125 0.2604166666666667
0 0.59296875 0.225 0.0515625 0.2625
1 0.7875 0.5958333333333333 0.0234375 0.029166666666666667
1 0.46328125 0.7927083333333333 0.01875 0.022916666666666665
1 0.30859375 0.7385416666666667 0.034375 0.01875
1 0.2015625 0.8864583333333333 0.03125 0.027083333333333334
1 0.52421875 0.016666666666666666 0.0359375 0.03333333333333333
1 0.37421875 0.10625 0.028125 0.029166666666666667
1 0.2390625 0.025 0.0296875 0.05
1 0.14296875 0.03125 0.0375 0.04583333333333333
1 0.5375 0.625 0.0203125 0.022916666666666665
1 0.82890625 0.8197916666666667 0.0171875 0.03333333333333333
1 0.74453125 0.9302083333333333 0.025 0.025
1 0.775 0.953125 0.021875 0.035416666666666666
0 0.59609375 0.059375 0.084375 0.11875
1 0.828125 0.7552083333333334 0.0359375 0.04583333333333333
1 0.54375 0.7510416666666667 0.01875 0.025
1 0.5125 0.84375 0.0234375 0.022916666666666665
1 0.4515625 0.8614583333333333 0.021875 0.027083333333333334
1 0.4953125 0.871875 0.021875 0.025
1 0.33359375 0.7791666666666667 0.0265625 0.035416666666666666
1 0.41171875 0.7125 0.025 0.029166666666666667
1 0.3875 0.771875 0.0203125 0.025
1 0.64453125 0.5864583333333333 0.0390625 0.03333333333333333
1 0.565625 0.415625 0.0203125 0.03125
1 0.26875 0.2552083333333333 0.0234375 0.025
1 0.709375 0.234375 0.0390625 0.041666666666666664
1 0.76484375 0.8041666666666667 0.015625 0.016666666666666666
1 0.17578125 0.38333333333333336 0.0328125 0.03958333333333333
1 0.40546875 0.42291666666666666 0.021875 0.0375
1 0.39609375 0.007291666666666667 0.021875 0.014583333333333334
1 0.6515625 0.33541666666666664 0.0453125 0.041666666666666664
1 0.478125 0.15625 0.0296875 0.05
1 0.378125 0.20416666666666666 0.0421875 0.05
1 0.296875 0.965625 0.0359375 0.058333333333333334