1 0.63203125 0.11875 0.040625 0.041666666666666664
0 0.55390625 0.1375 0.0921875 0.2708333333333333
0 0.5625 0.4083333333333333 0.21875 0.21041666666666667
0 0.53046875 0.60625 0.2078125 0.10208333333333333
0 0.534375 0.8739583333333333 0.1296875 0.2520833333333333
1 0.2671875 0.33541666666666664 0.03125 0.052083333333333336
1 0.43671875 0.23229166666666667 0.0515625 0.052083333333333336
1 0.740625 0.115625 0.065625 0.09166666666666666
1 0.8234375 0.040625 0.0953125 0.08125
1 0.9046875 0.17291666666666666 0.01875 0.022916666666666665
1 0.86796875 0.13645833333333332 0.0140625 0.022916666666666665
1 0.76328125 0.20625 0.0359375 0.05
1 0.728125 0.6041666666666666 0.0578125 0.06666666666666667
1 0.61875 0.18125 0.0265625 0.03125
1 0.7140625 0.25416666666666665 0.025 0.06041666666666667
1 0.7359375 0.31666666666666665 0.015625 0.01875
1 0.775 0.35 0.0203125 0.035416666666666666
1 0.34453125 0.5645833333333333 0.03125 0.035416666666666666
1 0.34765625 0.49166666666666664 0.0328125 0.041666666666666664
1 0.4484375 0.5125 0.025 0.04375
1 0.58359375 0.49270833333333336 0.03125 0.04375
1 0.76015625 0.4510416666666667 0.034375 0.041666666666666664
1 0.81875 0.425 0.0203125 0.03125
1 0.78984375 0.49166666666666664 0.0203125 0.020833333333333332
1 0.771875 0.5177083333333333 0.0140625 0.01875
1 0.79921875 0.553125 0.0203125 0.027083333333333334
1 0.25859375 0.6927083333333334 0.040625 0.04583333333333333
1 0.2671875 0.753125 0.028125 0.04583333333333333
1 0.33828125 0.7614583333333333 0.028125 0.041666666666666664
1 0.403125 0.7333333333333333 0.03125 0.035416666666666666
1 0.45390625 0.884375 0.028125 0.035416666666666666
1 0.371875 0.925 0.0765625 0.07916666666666666
1 0.22890625 0.8458333333333333 0.025 0.029166666666666667
1 0.7765625 0.675 0.025 0.029166666666666667
1 0.8546875 0.9729166666666667 0.0546875 0.05416666666666667
1 0.05625 0.253125 0.0296875 0.029166666666666667
1 0.01484375 0.04583333333333333 0.0296875 0.03125
1 0.1484375 0.09166666666666666 0.0265625 0.03333333333333333
1 0.1640625 0.13645833333333332 0.0140625 0.022916666666666665
1 0.2171875 0.23645833333333333 0.021875 0.020833333333333332
1 0.15625 0.23645833333333333 0.0140625 0.014583333333333334
1 0.21796875 0.17916666666666667 0.0171875 0.01875
1 0.31328125 0.41354166666666664 0.01875 0.027083333333333334
1 0.175 0.425 0.0296875 0.027083333333333334
1 0.25703125 0.8104166666666667 0.03125 0.0375
1 0.27421875 0.8833333333333333 0.0140625 0.03125
1 0.31796875 0.8864583333333333 0.025 0.025
1 0.38671875 0.8395833333333333 0.0234375 0.058333333333333334
1 0.0375 0.36875 0.0234375 0.03333333333333333
1 0.15 0.35625 0.0453125 0.029166666666666667
1 0.08046875 0.19479166666666667 0.021875 0.0375
1 0.08671875 0.052083333333333336 0.0140625 0.020833333333333332
1 0.00390625 0.19166666666666668 0.0078125 0.020833333333333332
1 0.62890625 0.7447916666666666 0.034375 0.041666666666666664
1 0.6453125 0.8520833333333333 0.01875 0.029166666666666667
1 0.74609375 0.696875 0.0171875 0.020833333333333332
1 0.96875 0.38958333333333334 0.015625 0.025
1 0.9703125 0.353125 0.0078125 0.016666666666666666
1 0.97265625 0.2989583333333333 0.0078125 0.008333333333333333
1 0.140625 0.8864583333333333 0.03125 0.03125
1 0.06796875 0.8916666666666667 0.021875 0.06666666666666667
1 0.76875 0.9395833333333333 0.015625 0.025
1 0.79609375 0.94375 0.0125 0.01875
1 0.69765625 0.28229166666666666 0.0203125 0.01875
1 0.51328125 0.3145833333333333 0.040625 0.035416666666666666
1 0.62421875 0.39791666666666664 0.040625 0.05625
1 0.596875 0.6427083333333333 0.0390625 0.04375
1 0.615625 0.028125 0.01875 0.029166666666666667
1 0.7359375 0.1875 0.0265625 0.027083333333333334
1 0.1953125 0.778125 0.0109375 0.029166666666666667
1 0.190625 0.9552083333333333 0.0140625 0.014583333333333334
1 0.70546875 0.3697916666666667 0.0265625 0.020833333333333332