1 0.50546875 0.38333333333333336 0.01328125 0.02638888888888889
1 0.506640625 0.34305555555555556 0.0109375 0.018055555555555554
1 0.484375 0.34444444444444444 0.01328125 0.025
1 0.410546875 0.38125 0.01953125 0.03194444444444444
1 0.390625 0.3 0.03203125 0.05416666666666667
1 0.2375 0.33541666666666664 0.01171875 0.019444444444444445
1 0.106640625 0.25069444444444444 0.01328125 0.019444444444444445
1 0.110546875 0.3798611111111111 0.0171875 0.025
1 0.08046875 0.36527777777777776 0.025 0.04722222222222222
1 0.31953125 0.6673611111111111 0.01015625 0.02361111111111111
1 0.26640625 0.7534722222222222 0.03046875 0.04722222222222222
1 0.237890625 0.7701388888888889 0.03125 0.07916666666666666
1 0.204296875 0.6680555555555555 0.02734375 0.05416666666666667
1 0.06796875 0.5743055555555555 0.0125 0.02638888888888889
1 0.05859375 0.6125 0.01953125 0.02361111111111111
1 0.098046875 0.6847222222222222 0.0125 0.018055555555555554
1 0.132421875 0.7027777777777777 0.01171875 0.022222222222222223
1 0.12265625 0.7291666666666666 0.00859375 0.015277777777777777
1 0.10078125 0.7194444444444444 0.0140625 0.02361111111111111
1 0.06171875 0.9541666666666667 0.05234375 0.05
1 0.115625 0.9208333333333333 0.04375 0.07222222222222222
1 0.18515625 0.9777777777777777 0.03125 0.044444444444444446
1 0.258203125 0.9423611111111111 0.03359375 0.05694444444444444
1 0.30703125 0.8805555555555555 0.0265625 0.05277777777777778
1 0.377734375 0.8 0.01953125 0.044444444444444446
1 0.450390625 0.8340277777777778 0.0265625 0.04861111111111111
1 0.403515625 0.9777777777777777 0.02421875 0.044444444444444446
1 0.446484375 0.93125 0.0453125 0.1375
1 0.49765625 0.9923611111111111 0.0140625 0.015277777777777777
1 0.591015625 0.9395833333333333 0.0203125 0.034722222222222224
1 0.496875 0.9284722222222223 0.04453125 0.08333333333333333
1 0.523828125 0.8263888888888888 0.025 0.05416666666666667
1 0.62265625 0.8361111111111111 0.01015625 0.018055555555555554
1 0.58828125 0.8340277777777778 0.059375 0.09027777777777778
1 0.62109375 0.7770833333333333 0.0171875 0.025
1 0.583984375 0.7152777777777778 0.009375 0.015277777777777777
1 0.765625 0.33541666666666664 0.01171875 0.020833333333333332
1 0.7640625 0.2826388888888889 0.0140625 0.015277777777777777
0 0.10234375 0.5479166666666667 0.1546875 0.4527777777777778
0 0.087109375 0.3111111111111111 0.17421875 0.26805555555555555
0 0.07734375 0.08125 0.1546875 0.1625
0 0.690625 0.07569444444444444 0.2375 0.15138888888888888
0 0.6578125 0.24027777777777778 0.0671875 0.23194444444444445
1 0.54921875 0.7472222222222222 0.04921875 0.075
1 0.51640625 0.7243055555555555 0.02265625 0.03333333333333333
1 0.3875 0.7048611111111112 0.028125 0.05694444444444444
1 0.4484375 0.7291666666666666 0.021875 0.030555555555555555
1 0.44140625 0.6895833333333333 0.03046875 0.03888888888888889
1 0.432421875 0.6145833333333334 0.0203125 0.03611111111111111
1 0.42734375 0.5548611111111111 0.015625 0.027777777777777776
1 0.3265625 0.5388888888888889 0.0171875 0.030555555555555555
1 0.34375 0.5069444444444444 0.01484375 0.03333333333333333
1 0.330859375 0.45555555555555555 0.00859375 0.02638888888888889
1 0.26171875 0.44375 0.0296875 0.04861111111111111
1 0.269140625 0.3090277777777778 0.01796875 0.0375
1 0.287890625 0.2722222222222222 0.01953125 0.05
1 0.2609375 0.23541666666666666 0.04453125 0.07777777777777778
1 0.221484375 0.14722222222222223 0.0234375 0.0375
1 0.158984375 0.019444444444444445 0.01875 0.03888888888888889
1 0.0359375 0.022222222222222223 0.02578125 0.044444444444444446
1 0.1265625 0.15 0.01875 0.03611111111111111
1 0.095703125 0.14930555555555555 0.03125 0.05694444444444444
1 0.05546875 0.11944444444444445 0.02265625 0.018055555555555554
0 0.6421875 0.5548611111111111 0.13671875 0.2708333333333333
0 0.7421875 0.8145833333333333 0.234375 0.3138888888888889
1 0.720703125 0.13541666666666666 0.01796875 0.043055555555555555
0 0.674609375 0.9208333333333333 0.20546875 0.15833333333333333
1 0.69609375 0.09722222222222222 0.01875 0.027777777777777776
1 0.485546875 0.04583333333333333 0.0171875 0.03194444444444444
1 0.55625 0.28055555555555556 0.0296875 0.059722222222222225
0 0.137890625 0.9256944444444445 0.13125 0.1486111111111111
1 0.47578125 0.2326388888888889 0.0375 0.10277777777777777
1 0.609765625 0.43333333333333335 0.0203125 0.05555555555555555
1 0.969921875 0.010416666666666666 0.0203125 0.020833333333333332
1 0.801171875 0.16111111111111112 0.028125 0.059722222222222225
1 0.944140625 0.1763888888888889 0.0140625 0.025
1 0.8828125 0.16458333333333333 0.02109375 0.04583333333333333
1 0.8375 0.1388888888888889 0.0265625 0.0625
1 0.946484375 0.31666666666666665 0.02265625 0.04027777777777778
1 0.964453125 0.5090277777777777 0.02109375 0.02638888888888889
1 0.916015625 0.5493055555555556 0.0203125 0.0375
1 0.96171875 0.6208333333333333 0.021875 0.029166666666666667
1 0.99375 0.7263888888888889 0.0125 0.03611111111111111
1 0.994140625 0.7861111111111111 0.01171875 0.0375
1 0.98046875 0.8583333333333333 0.015625 0.030555555555555555
1 0.9171875 0.7708333333333334 0.01015625 0.018055555555555554
1 0.908203125 0.7402777777777778 0.01171875 0.022222222222222223
1 0.901953125 0.9298611111111111 0.02890625 0.06388888888888888
1 0.846875 0.9041666666666667 0.03359375 0.06944444444444445
1 0.789453125 0.9138888888888889 0.03203125 0.05277777777777778
1 0.60859375 0.9590277777777778 0.0109375 0.011111111111111112
1 0.64375 0.9215277777777777 0.0171875 0.03194444444444444
1 0.6328125 0.9861111111111112 0.0171875 0.027777777777777776
1 0.3203125 0.6354166666666666 0.01015625 0.025
1 0.402734375 0.6034722222222222 0.0078125 0.015277777777777777
1 0.4859375 0.6256944444444444 0.00625 0.011111111111111112
1 0.07265625 0.8618055555555556 0.0109375 0.020833333333333332
1 0.5609375 0.6201388888888889 0.0234375 0.03333333333333333
1 0.522265625 0.4777777777777778 0.00703125 0.019444444444444445
1 0.474609375 0.5145833333333333 0.02890625 0.05694444444444444
1 0.851171875 0.7625 0.05078125 0.09027777777777778
1 0.81875 0.7395833333333334 0.015625 0.022222222222222223
1 0.745703125 0.8465277777777778 0.01953125 0.029166666666666667
1 0.80390625 0.7986111111111112 0.059375 0.10694444444444444
1 0.691796875 0.6770833333333334 0.015625 0.025
1 0.673828125 0.6284722222222222 0.0109375 0.018055555555555554
1 0.643359375 0.5722222222222222 0.03046875 0.041666666666666664
1 0.78828125 0.6465277777777778 0.0234375 0.03611111111111111
1 0.723828125 0.6152777777777778 0.025 0.03888888888888889
1 0.79375 0.5854166666666667 0.0140625 0.02361111111111111
1 0.862890625 0.5715277777777777 0.01875 0.029166666666666667
1 0.870703125 0.53125 0.015625 0.022222222222222223
1 0.778515625 0.5104166666666666 0.0203125 0.04583333333333333
1 0.710546875 0.4576388888888889 0.021875 0.03194444444444444
1 0.759765625 0.42777777777777776 0.0234375 0.03333333333333333
1 0.905859375 0.36180555555555555 0.0203125 0.04583333333333333
1 0.5234375 0.20416666666666666 0.021875 0.04027777777777778
1 0.416796875 0.2298611111111111 0.0265625 0.04583333333333333
1 0.86875 0.3736111111111111 0.0296875 0.0375
1 0.9046875 0.28402777777777777 0.0171875 0.019444444444444445
1 0.875 0.2951388888888889 0.01875 0.041666666666666664
1 0.028515625 0.08611111111111111 0.03203125 0.06805555555555555
1 0.812109375 0.35833333333333334 0.025 0.044444444444444446
1 0.831640625 0.25069444444444444 0.02421875 0.04722222222222222
1 0.821875 0.3229166666666667 0.009375 0.022222222222222223
1 0.811328125 0.29583333333333334 0.0234375 0.04027777777777778
1 0.773046875 0.37916666666666665 0.00859375 0.018055555555555554