1 0.748828125 0.6145833333333334 0.01328125 0.029166666666666667
1 0.70625 0.5020833333333333 0.021875 0.04583333333333333
1 0.21796875 0.9618055555555556 0.0171875 0.03333333333333333
1 0.230078125 0.8666666666666667 0.0203125 0.030555555555555555
1 0.053515625 0.4479166666666667 0.0140625 0.018055555555555554
1 0.969140625 0.39444444444444443 0.05390625 0.075
1 0.85390625 0.9659722222222222 0.015625 0.029166666666666667
1 0.402734375 0.4986111111111111 0.01953125 0.03888888888888889
1 0.884375 0.5784722222222223 0.015625 0.03611111111111111
1 0.659375 0.35625 0.01953125 0.034722222222222224
1 0.726171875 0.46458333333333335 0.02421875 0.041666666666666664
1 0.572265625 0.5423611111111111 0.0234375 0.05
1 0.409375 0.875 0.0140625 0.025
1 0.18984375 0.6854166666666667 0.02421875 0.04583333333333333
1 0.628515625 0.6916666666666667 0.01875 0.04027777777777778
1 0.698046875 0.7368055555555556 0.028125 0.05416666666666667
1 0.96953125 0.7666666666666667 0.02109375 0.04027777777777778
1 0.190625 0.04375 0.01484375 0.02638888888888889
1 0.6265625 0.16666666666666666 0.02109375 0.022222222222222223
1 0.124609375 0.31180555555555556 0.02109375 0.041666666666666664
1 0.551953125 0.55625 0.02109375 0.04861111111111111
1 0.929296875 0.5152777777777777 0.021875 0.04583333333333333
1 0.6578125 0.7708333333333334 0.05625 0.08055555555555556
1 0.58359375 0.48194444444444445 0.021875 0.03888888888888889
1 0.56796875 0.6993055555555555 0.0171875 0.05
1 0.571484375 0.5208333333333334 0.0234375 0.043055555555555555
1 0.679296875 0.78125 0.0296875 0.05138888888888889
1 0.01171875 0.24166666666666667 0.01875 0.04583333333333333
1 0.870703125 0.008333333333333333 0.0140625 0.016666666666666666
1 0.252734375 0.3125 0.01640625 0.043055555555555555
1 0.715625 0.04722222222222222 0.01328125 0.025
1 0.2453125 0.08680555555555555 0.01640625 0.034722222222222224
1 0.41328125 0.3875 0.0203125 0.043055555555555555
1 0.9375 0.23333333333333334 0.0203125 0.03194444444444444
1 0.23359375 0.24930555555555556 0.021875 0.029166666666666667
1 0.9328125 0.34652777777777777 0.02109375 0.030555555555555555
0 0.109375 0.37569444444444444 0.21875 0.24583333333333332
1 0.453125 0.3638888888888889 0.02265625 0.03194444444444444
1 0.708203125 0.6701388888888888 0.01953125 0.029166666666666667
1 0.21484375 0.9909722222222223 0.01640625 0.015277777777777777
1 0.694921875 0.3347222222222222 0.0265625 0.04722222222222222
0 0.626953125 0.1625 0.184375 0.2833333333333333
1 0.97578125 0.044444444444444446 0.03984375 0.0763888888888889
0 0.670703125 0.9604166666666667 0.05078125 0.07777777777777778
1 0.972265625 0.9729166666666667 0.03046875 0.05138888888888889
1 0.97578125 0.2 0.04609375 0.11388888888888889
1 0.094921875 0.6597222222222222 0.0234375 0.03888888888888889
1 0.2296875 0.9104166666666667 0.015625 0.022222222222222223
0 0.100390625 0.022222222222222223 0.0421875 0.044444444444444446
1 0.642578125 0.12777777777777777 0.01640625 0.04027777777777778
1 0.165625 0.12222222222222222 0.01796875 0.043055555555555555
1 0.15546875 0.20208333333333334 0.0484375 0.058333333333333334
0 0.071484375 0.12013888888888889 0.14296875 0.24027777777777778
1 0.775 0.9104166666666667 0.01640625 0.03194444444444444
0 0.653125 0.37777777777777777 0.2140625 0.3861111111111111
1 0.55234375 0.4048611111111111 0.01328125 0.02638888888888889
1 0.148046875 0.46597222222222223 0.015625 0.027777777777777776
0 0.6453125 0.6743055555555556 0.134375 0.3111111111111111
0 0.684375 0.8479166666666667 0.24296875 0.28888888888888886
1 0.5640625 0.7861111111111111 0.01328125 0.027777777777777776
1 0.06328125 0.2569444444444444 0.02734375 0.04722222222222222
0 0.09609375 0.5895833333333333 0.1921875 0.28888888888888886
1 0.96171875 0.38263888888888886 0.06484375 0.09305555555555556
1 0.4203125 0.7569444444444444 0.0203125 0.03194444444444444
1 0.196484375 0.8069444444444445 0.04375 0.12916666666666668
1 0.775390625 0.21736111111111112 0.04296875 0.07777777777777778
1 0.16015625 0.03680555555555556 0.028125 0.05416666666666667
1 0.3890625 0.28194444444444444 0.0359375 0.044444444444444446
1 0.733203125 0.9340277777777778 0.01875 0.029166666666666667
1 0.6359375 0.8159722222222222 0.02265625 0.04583333333333333
1 0.400390625 0.9548611111111112 0.021875 0.03194444444444444
1 0.826953125 0.5666666666666667 0.0375 0.05138888888888889
1 0.529296875 0.15347222222222223 0.015625 0.027777777777777776
1 0.162109375 0.9180555555555555 0.028125 0.0763888888888889
0 0.0953125 0.8743055555555556 0.1890625 0.2513888888888889
1 0.944921875 0.8888888888888888 0.015625 0.027777777777777776
1 0.84609375 0.17430555555555555 0.0171875 0.030555555555555555
1 0.94765625 0.9520833333333333 0.0140625 0.02638888888888889
1 0.15546875 0.6076388888888888 0.02578125 0.044444444444444446
1 0.475 0.2652777777777778 0.0125 0.019444444444444445
1 0.116015625 0.8194444444444444 0.01796875 0.03611111111111111
1 0.537109375 0.09791666666666667 0.021875 0.03888888888888889
1 0.925390625 0.15625 0.03359375 0.05277777777777778
1 0.973046875 0.325 0.03359375 0.04722222222222222
1 0.670703125 0.9604166666666667 0.040625 0.06805555555555555
1 0.54765625 0.85 0.0140625 0.02638888888888889
0 0.557421875 0.09027777777777778 0.05703125 0.17916666666666667
1 0.827734375 0.8368055555555556 0.01796875 0.05277777777777778