1 0.21015625 0.9243055555555556 0.0140625 0.0375
1 0.163671875 0.7201388888888889 0.0203125 0.03333333333333333
1 0.94765625 0.35555555555555557 0.015625 0.0375
1 0.97734375 0.35625 0.021875 0.0375
1 0.98515625 0.37430555555555556 0.01953125 0.027777777777777776
1 0.901171875 0.1486111111111111 0.00859375 0.016666666666666666
1 0.92109375 0.12083333333333333 0.0109375 0.020833333333333332
1 0.8953125 0.10208333333333333 0.05546875 0.058333333333333334
1 0.76796875 0.035416666666666666 0.0203125 0.0375
1 0.68984375 0.19375 0.01484375 0.03611111111111111
1 0.975 0.5520833333333334 0.03203125 0.05277777777777778
1 0.95703125 0.6305555555555555 0.0140625 0.02638888888888889
1 0.94765625 0.7027777777777777 0.01484375 0.034722222222222224
1 0.792578125 0.5409722222222222 0.01796875 0.027777777777777776
1 0.902734375 0.9895833333333334 0.01171875 0.020833333333333332
1 0.99140625 0.8361111111111111 0.01015625 0.020833333333333332
1 0.28984375 0.09722222222222222 0.015625 0.030555555555555555
0 0.163671875 0.93125 0.0546875 0.1375
0 0.10546875 0.7395833333333334 0.2109375 0.38055555555555554
0 0.104296875 0.7 0.178125 0.475
0 0.08671875 0.3763888888888889 0.1734375 0.4722222222222222
0 0.11484375 0.13472222222222222 0.18203125 0.26666666666666666
1 0.462890625 0.3638888888888889 0.01328125 0.025
1 0.735546875 0.8229166666666666 0.009375 0.018055555555555554
1 0.663671875 0.6694444444444444 0.0125 0.027777777777777776
1 0.674609375 0.5826388888888889 0.00859375 0.013888888888888888
1 0.23359375 0.1909722222222222 0.01171875 0.018055555555555554
1 0.157421875 0.20833333333333334 0.01171875 0.019444444444444445
1 0.182421875 0.24166666666666667 0.0140625 0.03888888888888889
1 0.337890625 0.03888888888888889 0.0078125 0.034722222222222224
1 0.445703125 0.00625 0.00859375 0.0125
1 0.56328125 0.07083333333333333 0.01171875 0.058333333333333334
1 0.58359375 0.11319444444444444 0.02421875 0.04583333333333333
1 0.63984375 0.09652777777777778 0.02109375 0.05277777777777778
1 0.64609375 0.009722222222222222 0.01171875 0.019444444444444445
1 0.577734375 0.27569444444444446 0.0453125 0.07222222222222222
1 0.608203125 0.3638888888888889 0.02734375 0.03611111111111111
1 0.5671875 0.40069444444444446 0.01484375 0.022222222222222223
1 0.51953125 0.31875 0.01953125 0.03333333333333333
1 0.4734375 0.2708333333333333 0.01171875 0.02638888888888889
1 0.24609375 0.9826388888888888 0.02109375 0.034722222222222224
1 0.666796875 0.9159722222222222 0.03125 0.08333333333333333
1 0.751953125 0.9013888888888889 0.03984375 0.09722222222222222
1 0.770703125 0.9555555555555556 0.01171875 0.025
1 0.8984375 0.8798611111111111 0.025 0.05
1 0.8921875 0.93125 0.03515625 0.05277777777777778
1 0.96640625 0.83125 0.02265625 0.03611111111111111
1 0.873046875 0.7027777777777777 0.02890625 0.06111111111111111
1 0.74140625 0.64375 0.05390625 0.10833333333333334
1 0.720703125 0.6784722222222223 0.0203125 0.041666666666666664
1 0.687890625 0.7638888888888888 0.01796875 0.041666666666666664
1 0.721875 0.75 0.0125 0.02361111111111111
1 0.619921875 0.7868055555555555 0.053125 0.1
1 0.607421875 0.8708333333333333 0.02890625 0.06666666666666667
1 0.6046875 0.9270833333333334 0.0109375 0.020833333333333332
1 0.587109375 0.9486111111111111 0.01640625 0.034722222222222224
1 0.421484375 0.7048611111111112 0.01328125 0.022222222222222223
1 0.4703125 0.7868055555555555 0.0140625 0.022222222222222223
1 0.438671875 0.7506944444444444 0.01171875 0.025
1 0.43984375 0.71875 0.00546875 0.015277777777777777
1 0.432421875 0.6854166666666667 0.0109375 0.020833333333333332
1 0.664453125 0.8069444444444445 0.01171875 0.027777777777777776
1 0.569921875 0.5930555555555556 0.0109375 0.025
1 0.617578125 0.5847222222222223 0.0125 0.041666666666666664
1 0.612109375 0.6680555555555555 0.01484375 0.03194444444444444
1 0.673046875 0.5520833333333334 0.00859375 0.04027777777777778
1 0.6921875 0.4548611111111111 0.02265625 0.058333333333333334
1 0.723046875 0.4388888888888889 0.03046875 0.1
1 0.163671875 0.15347222222222223 0.00859375 0.022222222222222223
1 0.767578125 0.4965277777777778 0.0484375 0.09166666666666666
1 0.93671875 0.42916666666666664 0.025 0.029166666666666667
1 0.50234375 0.5673611111111111 0.0078125 0.016666666666666666
1 0.7328125 0.3451388888888889 0.0125 0.03333333333333333
1 0.718359375 0.3277777777777778 0.01875 0.04027777777777778
1 0.776171875 0.1701388888888889 0.01640625 0.03194444444444444
1 0.790234375 0.3229166666666667 0.0171875 0.020833333333333332
1 0.820703125 0.37222222222222223 0.0765625 0.14027777777777778
1 0.78125 0.42291666666666666 0.015625 0.03194444444444444
1 0.88359375 0.47638888888888886 0.0140625 0.02361111111111111
1 0.1828125 0.04236111111111111 0.0109375 0.029166666666666667
1 0.230859375 0.018055555555555554 0.0515625 0.03611111111111111
1 0.269921875 0.05347222222222222 0.0375 0.0625
1 0.205078125 0.09861111111111111 0.03125 0.04722222222222222
0 0.72578125 0.15625 0.17734375 0.3125
0 0.666015625 0.41805555555555557 0.07421875 0.6388888888888888
0 0.621484375 0.6263888888888889 0.19453125 0.2708333333333333
0 0.618359375 0.9486111111111111 0.0265625 0.10277777777777777
1 0.290625 0.3055555555555556 0.0140625 0.0375
1 0.147265625 0.3104166666666667 0.02265625 0.043055555555555555
1 0.25546875 0.39861111111111114 0.0171875 0.03611111111111111
1 0.2671875 0.43680555555555556 0.0171875 0.041666666666666664
1 0.212890625 0.3888888888888889 0.0140625 0.02638888888888889
1 0.190234375 0.425 0.02265625 0.05
1 0.20234375 0.47430555555555554 0.028125 0.0625
1 0.16875 0.5083333333333333 0.0109375 0.016666666666666666
1 0.2796875 0.7229166666666667 0.0203125 0.03194444444444444
1 0.27109375 0.8909722222222223 0.02578125 0.041666666666666664
1 0.37890625 0.86875 0.0078125 0.016666666666666666
1 0.4984375 0.8784722222222222 0.015625 0.025