0 0.69609375 0.2875 0.228125 0.10416666666666667
1 0.75703125 0.8489583333333334 0.0625 0.0375
1 0.82421875 0.740625 0.0203125 0.020833333333333332
1 0.8890625 0.796875 0.028125 0.029166666666666667
1 0.93359375 0.8572916666666667 0.040625 0.04375
1 0.54609375 0.853125 0.0296875 0.04375
1 0.7015625 0.5447916666666667 0.0453125 0.07083333333333333
1 0.79296875 0.628125 0.0390625 0.03958333333333333
1 0.88125 0.5979166666666667 0.01875 0.035416666666666666
1 0.93046875 0.46979166666666666 0.0296875 0.03958333333333333
1 0.9125 0.35520833333333335 0.0328125 0.029166666666666667
1 0.775 0.371875 0.0328125 0.04583333333333333
1 0.90859375 0.19479166666666667 0.0203125 0.0375
1 0.9328125 0.121875 0.0234375 0.03333333333333333
1 0.85546875 0.18854166666666666 0.015625 0.04791666666666667
1 0.77421875 0.040625 0.05625 0.07916666666666666
1 0.728125 0.016666666666666666 0.0453125 0.03125
1 0.46328125 0.029166666666666667 0.1171875 0.058333333333333334
1 0.61484375 0.014583333333333334 0.0234375 0.029166666666666667
1 0.45703125 0.159375 0.0390625 0.04791666666666667
1 0.3453125 0.3375 0.015625 0.025
1 0.47578125 0.24270833333333333 0.025 0.041666666666666664
1 0.53203125 0.24583333333333332 0.0234375 0.027083333333333334
1 0.484375 0.31979166666666664 0.021875 0.022916666666666665
1 0.19453125 0.17083333333333334 0.01875 0.016666666666666666
1 0.0671875 0.5510416666666667 0.0296875 0.041666666666666664
1 0.22265625 0.653125 0.028125 0.025
1 0.36953125 0.5333333333333333 0.065625 0.05
1 0.46328125 0.45 0.03125 0.029166666666666667
1 0.45546875 0.6020833333333333 0.0171875 0.0375
1 0.52734375 0.5322916666666667 0.0390625 0.03125
1 0.6140625 0.6145833333333334 0.0234375 0.03125
1 0.5640625 0.4114583333333333 0.03125 0.0375
1 0.525 0.6302083333333334 0.04375 0.029166666666666667
1 0.290625 0.7125 0.025 0.025
1 0.08046875 0.9666666666666667 0.0328125 0.035416666666666666
1 0.22734375 0.784375 0.015625 0.03333333333333333
1 0.34296875 0.9177083333333333 0.025 0.0375
1 0.6359375 0.5364583333333334 0.0140625 0.020833333333333332
1 0.69609375 0.146875 0.0109375 0.025
0 0.66171875 0.915625 0.1859375 0.16875
0 0.65703125 0.7322916666666667 0.1953125 0.17083333333333334
0 0.671875 0.017708333333333333 0.0671875 0.035416666666666666