1 0.5015625 0.6791666666666667 0.0234375 0.035416666666666666
1 0.59375 0.8145833333333333 0.1421875 0.22291666666666668
1 0.70703125 0.85 0.015625 0.020833333333333332
1 0.721875 0.6895833333333333 0.015625 0.016666666666666666
1 0.83359375 0.6864583333333333 0.015625 0.020833333333333332
1 0.9640625 0.6854166666666667 0.034375 0.0625
1 0.9171875 0.8302083333333333 0.0296875 0.058333333333333334
1 0.96015625 0.9239583333333333 0.0109375 0.025
1 0.89921875 0.9333333333333333 0.06875 0.09791666666666667
1 0.83671875 0.85625 0.025 0.03333333333333333
1 0.78203125 0.9458333333333333 0.0234375 0.027083333333333334
1 0.809375 0.978125 0.0734375 0.04375
1 0.76640625 0.8135416666666667 0.0328125 0.06041666666666667
1 0.515625 0.8479166666666667 0.028125 0.05
1 0.12421875 0.7229166666666667 0.0390625 0.07708333333333334
1 0.0859375 0.7854166666666667 0.028125 0.058333333333333334
1 0.22734375 0.6802083333333333 0.03125 0.03125
1 0.278125 0.7125 0.04375 0.05
1 0.36484375 0.6666666666666666 0.1109375 0.08125
1 0.43203125 0.7708333333333334 0.06875 0.06666666666666667
1 0.278125 0.9822916666666667 0.0765625 0.035416666666666666
1 0.3359375 0.45 0.0328125 0.03333333333333333
1 0.29921875 0.50625 0.0515625 0.09375
1 0.24296875 0.5239583333333333 0.0453125 0.04583333333333333
1 0.22890625 0.6020833333333333 0.0296875 0.06041666666666667
1 0.20625 0.4666666666666667 0.0140625 0.022916666666666665
1 0.00625 0.446875 0.0125 0.029166666666666667
1 0.07890625 0.5270833333333333 0.021875 0.035416666666666666
1 0.10859375 0.5604166666666667 0.0140625 0.03125
1 0.1390625 0.5625 0.021875 0.01875
1 0.02734375 0.13125 0.0203125 0.022916666666666665
0 0.36640625 0.128125 0.1546875 0.2520833333333333
0 0.45078125 0.25104166666666666 0.2578125 0.5020833333333333
0 0.41875 0.5260416666666666 0.4609375 0.20833333333333334
0 0.41484375 0.9104166666666667 0.3046875 0.17916666666666667
1 0.19375 0.051041666666666666 0.0328125 0.04791666666666667
1 0.32890625 0.05625 0.0328125 0.04375
1 0.315625 0.011458333333333333 0.0171875 0.022916666666666665
1 0.4390625 0.008333333333333333 0.01875 0.016666666666666666
1 0.5203125 0.15729166666666666 0.0578125 0.09583333333333334
1 0.534375 0.23645833333333333 0.0265625 0.035416666666666666
1 0.5 0.2833333333333333 0.046875 0.04791666666666667
1 0.50859375 0.340625 0.03125 0.0375
1 0.55234375 0.3770833333333333 0.0484375 0.058333333333333334
1 0.50078125 0.3802083333333333 0.025 0.035416666666666666
1 0.28203125 0.246875 0.0265625 0.03333333333333333
1 0.3203125 0.225 0.025 0.03958333333333333
1 0.17265625 0.2708333333333333 0.0390625 0.07291666666666667
1 0.29296875 0.36770833333333336 0.0375 0.04791666666666667
1 0.1109375 0.3145833333333333 0.05625 0.06666666666666667
1 0.64921875 0.09895833333333333 0.121875 0.17916666666666667
1 0.603125 0.20520833333333333 0.01875 0.025
1 0.66875 0.3072916666666667 0.1125 0.19583333333333333
1 0.5734375 0.45 0.0640625 0.06041666666666667
1 0.653125 0.47708333333333336 0.125 0.12291666666666666
1 0.79453125 0.28958333333333336 0.03125 0.05
1 0.84296875 0.34791666666666665 0.021875 0.06041666666666667
1 0.82265625 0.153125 0.03125 0.0375
1 0.790625 0.18229166666666666 0.025 0.03958333333333333
1 0.92734375 0.2375 0.034375 0.06041666666666667
1 0.81640625 0.4479166666666667 0.0140625 0.01875
1 0.80625 0.496875 0.0140625 0.01875
1 0.7296875 0.5739583333333333 0.01875 0.016666666666666666
1 0.615625 0.56875 0.0390625 0.04375
1 0.54765625 0.6260416666666667 0.0515625 0.04791666666666667
1 0.46796875 0.61875 0.0296875 0.027083333333333334