1 0.2125 0.240625 0.0515625 0.07708333333333334
0 0.42109375 0.034375 0.2015625 0.06875
1 0.97109375 0.115625 0.0578125 0.19583333333333333
1 0.96015625 0.215625 0.0296875 0.05625
1 0.9953125 0.21458333333333332 0.009375 0.0375
1 0.9421875 0.31354166666666666 0.034375 0.0375
1 0.68828125 0.49583333333333335 0.053125 0.07291666666666667
1 0.7359375 0.5541666666666667 0.065625 0.07291666666666667
1 0.83046875 0.565625 0.0265625 0.03958333333333333
1 0.75703125 0.75625 0.0265625 0.0375
1 0.828125 0.984375 0.0390625 0.03125
1 0.84296875 0.9239583333333333 0.0296875 0.035416666666666666
1 0.96875 0.9625 0.0546875 0.05625
0 0.4296875 0.209375 0.23125 0.41041666666666665
0 0.434375 0.46458333333333335 0.3265625 0.14583333333333334
0 0.46484375 0.8208333333333333 0.1328125 0.35833333333333334
0 0.44609375 0.9270833333333334 0.0546875 0.14583333333333334
1 0.91328125 0.834375 0.03125 0.0375
1 0.93671875 0.825 0.0125 0.016666666666666666
1 0.928125 0.7625 0.0328125 0.025
1 0.93359375 0.7125 0.0296875 0.03125
1 0.403125 0.8333333333333334 0.0203125 0.014583333333333334
1 0.065625 0.8760416666666667 0.0140625 0.022916666666666665
1 0.15078125 0.7229166666666667 0.046875 0.052083333333333336
1 0.20234375 0.578125 0.0484375 0.04375
1 0.32109375 0.6697916666666667 0.0265625 0.03333333333333333
1 0.47109375 0.6010416666666667 0.03125 0.03333333333333333
1 0.4046875 0.42083333333333334 0.0234375 0.0375
1 0.2703125 0.21458333333333332 0.0390625 0.07083333333333333
1 0.31953125 0.20625 0.0296875 0.03333333333333333
1 0.0140625 0.265625 0.0203125 0.029166666666666667
1 0.12109375 0.19895833333333332 0.0109375 0.035416666666666666
1 0.159375 0.14895833333333333 0.04375 0.04375
1 0.30546875 0.05520833333333333 0.04375 0.05416666666666667
1 0.5015625 0.228125 0.04375 0.06041666666666667
1 0.61953125 0.39791666666666664 0.0515625 0.05
1 0.54375 0.042708333333333334 0.0609375 0.07291666666666667
1 0.63984375 0.06041666666666667 0.0453125 0.05625
1 0.771875 0.17916666666666667 0.0234375 0.027083333333333334
1 0.83046875 0.21354166666666666 0.0203125 0.022916666666666665
1 0.84140625 0.3145833333333333 0.0140625 0.016666666666666666
1 0.340625 0.99375 0.028125 0.0125
1 0.88125 0.08333333333333333 0.0359375 0.04583333333333333
1 0.12890625 0.7958333333333333 0.009375 0.014583333333333334