0 0.125390625 0.7444444444444445 0.2171875 0.13055555555555556
1 0.903515625 0.7729166666666667 0.040625 0.09166666666666666
0 0.702734375 0.9666666666666667 0.11953125 0.06666666666666667
1 0.52265625 0.9826388888888888 0.02890625 0.030555555555555555
1 0.640234375 0.5944444444444444 0.04765625 0.07083333333333333
1 0.171875 0.2833333333333333 0.02421875 0.05277777777777778
1 0.6765625 0.5041666666666667 0.0390625 0.12083333333333333
1 0.73515625 0.35 0.0203125 0.0375
0 0.676171875 0.8236111111111111 0.25234375 0.1625
1 0.666015625 0.8555555555555555 0.03671875 0.09583333333333334
1 0.72109375 0.7506944444444444 0.0265625 0.04722222222222222
1 0.759765625 0.6055555555555555 0.0609375 0.09027777777777778
1 0.9046875 0.05 0.03984375 0.0625
0 0.1578125 0.9451388888888889 0.17421875 0.10555555555555556
1 0.14140625 0.2263888888888889 0.02578125 0.041666666666666664
1 0.3046875 0.38680555555555557 0.0421875 0.08472222222222223
1 0.967578125 0.7597222222222222 0.0390625 0.07222222222222222
0 0.690234375 0.33125 0.20390625 0.225
1 0.98203125 0.2388888888888889 0.0328125 0.03194444444444444
0 0.6640625 0.6375 0.16796875 0.30833333333333335
0 0.72421875 0.21458333333333332 0.1796875 0.42916666666666664
1 0.04140625 0.2569444444444444 0.03828125 0.0625
1 0.78828125 0.7513888888888889 0.04453125 0.10416666666666667
0 0.640234375 0.029166666666666667 0.03046875 0.058333333333333334
0 0.1234375 0.16597222222222222 0.20546875 0.33194444444444443
1 0.28046875 0.09583333333333334 0.03671875 0.07361111111111111
1 0.698828125 0.2743055555555556 0.03046875 0.044444444444444446
1 0.634765625 0.9354166666666667 0.05 0.058333333333333334
1 0.297265625 0.7138888888888889 0.01875 0.034722222222222224
1 0.271484375 0.8993055555555556 0.01953125 0.05694444444444444
1 0.8328125 0.3215277777777778 0.03984375 0.07083333333333333
1 0.898046875 0.8951388888888889 0.0203125 0.0375
1 0.274609375 0.5611111111111111 0.028125 0.041666666666666664
1 0.0390625 0.8173611111111111 0.01484375 0.06388888888888888
1 0.93984375 0.425 0.021875 0.04027777777777778
0 0.1984375 0.48819444444444443 0.10703125 0.14583333333333334
1 0.3125 0.24722222222222223 0.03359375 0.05555555555555555
1 0.80546875 0.11458333333333333 0.01171875 0.022222222222222223
1 0.890625 0.5618055555555556 0.01640625 0.025
1 0.252734375 0.9361111111111111 0.01484375 0.03333333333333333
1 0.523828125 0.04652777777777778 0.0125 0.02361111111111111
1 0.162109375 0.17708333333333334 0.02109375 0.03888888888888889
1 0.933203125 0.8104166666666667 0.0171875 0.03194444444444444
1 0.831640625 0.6548611111111111 0.02109375 0.043055555555555555
1 0.9875 0.4986111111111111 0.02109375 0.043055555555555555
1 0.61875 0.32916666666666666 0.01796875 0.043055555555555555
1 0.613671875 0.11319444444444444 0.02109375 0.03333333333333333
1 0.6296875 0.18958333333333333 0.01796875 0.041666666666666664
1 0.989453125 0.6243055555555556 0.01484375 0.03888888888888889
1 0.192578125 0.925 0.0203125 0.029166666666666667
1 0.57734375 0.5215277777777778 0.015625 0.0375
1 0.962890625 0.6138888888888889 0.0234375 0.041666666666666664
1 0.987109375 0.28541666666666665 0.02421875 0.03888888888888889
1 0.91015625 0.9784722222222222 0.02421875 0.0375
1 0.946875 0.1673611111111111 0.0203125 0.03611111111111111
1 0.92421875 0.21736111111111112 0.02421875 0.04583333333333333
1 0.559765625 0.08472222222222223 0.01328125 0.02638888888888889
1 0.1234375 0.7340277777777777 0.02890625 0.04722222222222222
1 0.73203125 0.875 0.02421875 0.03888888888888889
1 0.233984375 0.96875 0.0234375 0.03611111111111111
1 0.971484375 0.20069444444444445 0.0265625 0.041666666666666664
1 0.01875 0.2111111111111111 0.034375 0.06527777777777778
1 0.8375 0.07361111111111111 0.02734375 0.03888888888888889
1 0.877734375 0.6222222222222222 0.025 0.044444444444444446
1 0.225390625 0.1638888888888889 0.03046875 0.05555555555555555
1 0.7921875 0.09583333333333334 0.015625 0.034722222222222224
1 0.887890625 0.4388888888888889 0.02421875 0.04722222222222222
1 0.68828125 0.7256944444444444 0.0296875 0.05555555555555555