1 0.99453125 0.8180555555555555 0.0109375 0.044444444444444446
1 0.18046875 0.5743055555555555 0.0234375 0.041666666666666664
1 0.196484375 0.5229166666666667 0.01953125 0.03611111111111111
1 0.196875 0.6576388888888889 0.0171875 0.03888888888888889
1 0.129296875 0.5118055555555555 0.025 0.034722222222222224
1 0.170703125 0.46875 0.015625 0.034722222222222224
1 0.179296875 0.7388888888888889 0.0140625 0.027777777777777776
1 0.248046875 0.7618055555555555 0.01640625 0.03611111111111111
1 0.2828125 0.8583333333333333 0.01796875 0.03611111111111111
1 0.19296875 0.8916666666666667 0.02734375 0.08055555555555556
1 0.06484375 0.9305555555555556 0.02265625 0.0375
1 0.0703125 0.7833333333333333 0.01875 0.0375
1 0.083984375 0.7618055555555555 0.009375 0.02361111111111111
1 0.100390625 0.4895833333333333 0.0265625 0.0625
1 0.203515625 0.3125 0.0296875 0.044444444444444446
1 0.228125 0.2902777777777778 0.0234375 0.041666666666666664
1 0.200390625 0.23680555555555555 0.01875 0.025
1 0.065625 0.2951388888888889 0.01015625 0.018055555555555554
1 0.014453125 0.30486111111111114 0.01171875 0.015277777777777777
1 0.083984375 0.2659722222222222 0.021875 0.029166666666666667
1 0.10625 0.2520833333333333 0.01328125 0.022222222222222223
1 0.18125 0.1111111111111111 0.01875 0.04583333333333333
1 0.198828125 0.12222222222222222 0.0203125 0.04861111111111111
1 0.36015625 0.04583333333333333 0.01640625 0.041666666666666664
1 0.089453125 0.18819444444444444 0.028125 0.07083333333333333
1 0.111328125 0.14652777777777778 0.025 0.043055555555555555
1 0.414453125 0.40347222222222223 0.0171875 0.05277777777777778
1 0.508203125 0.89375 0.0328125 0.07916666666666666
1 0.559765625 0.8888888888888888 0.0234375 0.04861111111111111
1 0.608203125 0.9 0.01953125 0.04583333333333333
1 0.7484375 0.9875 0.0171875 0.025
1 0.743359375 0.8368055555555556 0.00859375 0.013888888888888888
1 0.84921875 0.9215277777777777 0.01484375 0.027777777777777776
1 0.926953125 0.9041666666666667 0.0234375 0.04583333333333333
1 0.957421875 0.9597222222222223 0.01484375 0.027777777777777776
1 0.951171875 0.9909722222222223 0.01484375 0.016666666666666666
1 0.993359375 0.9416666666666667 0.01328125 0.044444444444444446
1 0.953515625 0.7798611111111111 0.02734375 0.05138888888888889
1 0.858203125 0.7930555555555555 0.021875 0.043055555555555555
1 0.892578125 0.7125 0.01875 0.04861111111111111
1 0.858984375 0.6298611111111111 0.02265625 0.041666666666666664
1 0.759375 0.6145833333333334 0.01328125 0.022222222222222223
1 0.71328125 0.68125 0.01640625 0.02361111111111111
1 0.7015625 0.6541666666666667 0.02578125 0.027777777777777776
1 0.69765625 0.5895833333333333 0.01796875 0.043055555555555555
1 0.91796875 0.5833333333333334 0.02734375 0.04583333333333333
1 0.965234375 0.5576388888888889 0.0203125 0.04722222222222222
1 0.866015625 0.475 0.02265625 0.0375
1 0.82734375 0.4444444444444444 0.021875 0.0375
1 0.92734375 0.4270833333333333 0.01875 0.030555555555555555
1 0.94296875 0.3909722222222222 0.05234375 0.06527777777777778
1 0.7703125 0.4076388888888889 0.01953125 0.029166666666666667
1 0.743359375 0.35208333333333336 0.05234375 0.09583333333333334
1 0.78359375 0.2861111111111111 0.03515625 0.05138888888888889
1 0.722265625 0.27847222222222223 0.0453125 0.06388888888888888
1 0.70078125 0.23125 0.0203125 0.02638888888888889
1 0.93671875 0.175 0.02421875 0.03888888888888889
1 0.939453125 0.10902777777777778 0.02578125 0.04583333333333333
1 0.8578125 0.06527777777777778 0.01953125 0.034722222222222224
1 0.84609375 0.2013888888888889 0.03359375 0.022222222222222223
0 0.713671875 0.05 0.05859375 0.1
0 0.53359375 0.1076388888888889 0.07109375 0.21388888888888888
0 0.65625 0.14930555555555555 0.19453125 0.15
0 0.6546875 0.30486111111111114 0.115625 0.6097222222222223
0 0.665234375 0.6138888888888889 0.14609375 0.18055555555555555
0 0.609375 0.8291666666666667 0.19375 0.3416666666666667
0 0.662890625 0.9597222222222223 0.1546875 0.08055555555555556
0 0.0828125 0.075 0.0390625 0.15
0 0.101171875 0.40347222222222223 0.20234375 0.15
0 0.173046875 0.8777777777777778 0.1765625 0.24166666666666667
0 0.083984375 0.6875 0.16796875 0.30277777777777776
1 0.540625 0.75 0.0171875 0.04583333333333333
1 0.428125 0.4048611111111111 0.009375 0.022222222222222223
1 0.55234375 0.47430555555555554 0.0234375 0.0375
1 0.58515625 0.4486111111111111 0.01328125 0.025
1 0.544140625 0.35694444444444445 0.01484375 0.04583333333333333
1 0.55390625 0.2652777777777778 0.02578125 0.04722222222222222
1 0.617578125 0.010416666666666666 0.01484375 0.020833333333333332
1 0.6546875 0.03263888888888889 0.02109375 0.06527777777777778
1 0.759765625 0.18472222222222223 0.0171875 0.041666666666666664
1 0.78828125 0.1451388888888889 0.0625 0.09305555555555556