1 0.919140625 0.018055555555555554 0.02265625 0.03611111111111111
1 0.543359375 0.5631944444444444 0.02734375 0.0375
1 0.5453125 0.7361111111111112 0.0234375 0.0375
1 0.485546875 0.7840277777777778 0.015625 0.019444444444444445
1 0.467578125 0.7868055555555555 0.01015625 0.020833333333333332
1 0.123828125 0.9881944444444445 0.0234375 0.02361111111111111
1 0.040625 0.9673611111111111 0.01875 0.06527777777777778
1 0.19140625 0.8298611111111112 0.00859375 0.016666666666666666
1 0.0453125 0.8 0.01640625 0.0375
1 0.034765625 0.7541666666666667 0.0109375 0.027777777777777776
1 0.0625 0.6409722222222223 0.01328125 0.02361111111111111
1 0.127734375 0.6631944444444444 0.0109375 0.015277777777777777
1 0.1375 0.6236111111111111 0.00859375 0.016666666666666666
1 0.14453125 0.5597222222222222 0.0125 0.020833333333333332
1 0.221875 0.5527777777777778 0.01953125 0.03611111111111111
1 0.182421875 0.4798611111111111 0.034375 0.06527777777777778
1 0.08984375 0.3729166666666667 0.01875 0.04027777777777778
1 0.0859375 0.3159722222222222 0.02578125 0.03333333333333333
1 0.087890625 0.035416666666666666 0.01484375 0.04027777777777778
1 0.06875 0.027777777777777776 0.0109375 0.03333333333333333
1 0.17109375 0.2833333333333333 0.015625 0.03888888888888889
1 0.13046875 0.2611111111111111 0.034375 0.05694444444444444
1 0.1890625 0.24027777777777778 0.01328125 0.03333333333333333
1 0.203515625 0.14652777777777778 0.02578125 0.03194444444444444
1 0.13984375 0.12152777777777778 0.03203125 0.05416666666666667
0 0.053515625 0.09583333333333334 0.10703125 0.19166666666666668
0 0.05234375 0.24722222222222223 0.1046875 0.34305555555555556
0 0.091796875 0.5555555555555556 0.18359375 0.22361111111111112
0 0.058203125 0.7368055555555556 0.071875 0.2833333333333333
0 0.569921875 0.8784722222222222 0.096875 0.24305555555555555
1 0.589453125 0.7340277777777777 0.02734375 0.03333333333333333
0 0.565234375 0.70625 0.23984375 0.20555555555555555
1 0.572265625 0.5881944444444445 0.01328125 0.030555555555555555
1 0.562109375 0.6263888888888889 0.0078125 0.013888888888888888
1 0.620703125 0.42291666666666666 0.01171875 0.022222222222222223
0 0.559765625 0.4326388888888889 0.175 0.17777777777777778
0 0.56875 0.23472222222222222 0.15234375 0.46944444444444444
0 0.573828125 0.1125 0.06640625 0.225
1 0.6984375 0.6631944444444444 0.02890625 0.041666666666666664
1 0.693359375 0.6138888888888889 0.01796875 0.027777777777777776
1 0.72734375 0.4361111111111111 0.01796875 0.03333333333333333
1 0.801953125 0.4527777777777778 0.01953125 0.041666666666666664
1 0.86171875 0.42569444444444443 0.01640625 0.02361111111111111
1 0.904296875 0.4 0.025 0.03194444444444444
1 0.896875 0.3486111111111111 0.0359375 0.07083333333333333
1 0.941015625 0.5659722222222222 0.0171875 0.03333333333333333
1 0.905078125 0.5298611111111111 0.0328125 0.09583333333333334
1 0.838671875 0.58125 0.021875 0.06111111111111111
1 0.983203125 0.7034722222222223 0.00859375 0.018055555555555554
1 0.96015625 0.68125 0.01171875 0.02361111111111111
1 0.953125 0.8708333333333333 0.01171875 0.02638888888888889
1 0.98671875 0.8597222222222223 0.0203125 0.025
1 0.983203125 0.8972222222222223 0.0265625 0.05
1 0.7125 0.9659722222222222 0.0390625 0.06805555555555555
1 0.68515625 0.9534722222222223 0.01171875 0.022222222222222223
1 0.634765625 0.9791666666666666 0.03203125 0.041666666666666664
1 0.465234375 0.9118055555555555 0.01015625 0.015277777777777777
1 0.325390625 0.48819444444444443 0.015625 0.025
1 0.6625 0.14375 0.0171875 0.030555555555555555
1 0.8109375 0.1701388888888889 0.0203125 0.041666666666666664
1 0.801171875 0.23055555555555557 0.009375 0.018055555555555554
1 0.928125 0.2076388888888889 0.01953125 0.03333333333333333
1 0.983984375 0.25 0.03203125 0.05
1 0.51875 0.07777777777777778 0.01171875 0.034722222222222224
1 0.374609375 0.3798611111111111 0.059375 0.18611111111111112
1 0.4578125 0.07361111111111111 0.01875 0.025