1 0.14140625 0.30416666666666664 0.01875 0.04027777777777778
1 0.171875 0.3611111111111111 0.01015625 0.018055555555555554
1 0.143359375 0.3590277777777778 0.04140625 0.07222222222222222
1 0.220703125 0.48680555555555555 0.025 0.05416666666666667
1 0.210546875 0.4354166666666667 0.02265625 0.058333333333333334
1 0.245703125 0.3902777777777778 0.0125 0.020833333333333332
1 0.233984375 0.36736111111111114 0.0203125 0.03194444444444444
1 0.21640625 0.32569444444444445 0.0359375 0.03194444444444444
1 0.285546875 0.30694444444444446 0.01796875 0.027777777777777776
1 0.301171875 0.06736111111111111 0.01640625 0.044444444444444446
1 0.27421875 0.09652777777777778 0.0171875 0.027777777777777776
1 0.2984375 0.17291666666666666 0.0265625 0.05
1 0.258984375 0.2111111111111111 0.02265625 0.03194444444444444
1 0.22109375 0.16111111111111112 0.04765625 0.08888888888888889
1 0.142578125 0.12013888888888889 0.01171875 0.016666666666666666
0 0.2375 0.9895833333333334 0.0125 0.020833333333333332
0 0.70546875 0.019444444444444445 0.0921875 0.03888888888888889
0 0.608203125 0.020833333333333332 0.03203125 0.041666666666666664
0 0.671875 0.21597222222222223 0.10703125 0.43194444444444446
0 0.653125 0.4354166666666667 0.2890625 0.2791666666666667
0 0.626953125 0.5993055555555555 0.19296875 0.26805555555555555
0 0.82578125 0.9805555555555555 0.04375 0.03888888888888889
0 0.669921875 0.9347222222222222 0.071875 0.13055555555555556
0 0.663671875 0.8055555555555556 0.1953125 0.1986111111111111
0 0.125 0.7541666666666667 0.146875 0.3472222222222222
0 0.130859375 0.4131944444444444 0.2046875 0.3333333333333333
0 0.13671875 0.2875 0.2453125 0.1638888888888889
0 0.118359375 0.06041666666666667 0.228125 0.11944444444444445
1 0.82578125 0.8291666666666667 0.009375 0.013888888888888888
1 0.59921875 0.8486111111111111 0.0234375 0.0625
1 0.62265625 0.9923611111111111 0.0109375 0.015277777777777777
1 0.5984375 0.9930555555555556 0.01796875 0.013888888888888888
1 0.598828125 0.7013888888888888 0.04296875 0.06805555555555555
1 0.578515625 0.7506944444444444 0.01640625 0.022222222222222223
1 0.6515625 0.6118055555555556 0.0109375 0.019444444444444445
1 0.60078125 0.5368055555555555 0.02109375 0.027777777777777776
1 0.553125 0.19305555555555556 0.0078125 0.0125
1 0.54375 0.2076388888888889 0.01015625 0.015277777777777777
1 0.09609375 0.27569444444444446 0.0171875 0.018055555555555554
1 0.60234375 0.18819444444444444 0.0125 0.027777777777777776
1 0.4140625 0.009027777777777777 0.01015625 0.018055555555555554
1 0.464453125 0.09097222222222222 0.01796875 0.027777777777777776
1 0.696484375 0.04791666666666667 0.0078125 0.025
1 0.66015625 0.03125 0.0140625 0.02638888888888889
1 0.587109375 0.07291666666666667 0.02421875 0.03611111111111111
1 0.5921875 0.035416666666666666 0.0234375 0.03611111111111111
1 0.565625 0.006944444444444444 0.0078125 0.008333333333333333
1 0.04609375 0.6569444444444444 0.0203125 0.029166666666666667
1 0.221484375 0.9548611111111112 0.01484375 0.027777777777777776
1 0.234375 0.9236111111111112 0.015625 0.016666666666666666
1 0.230078125 0.8673611111111111 0.015625 0.029166666666666667
1 0.299609375 0.8659722222222223 0.01484375 0.02361111111111111
1 0.305078125 0.7048611111111112 0.0203125 0.04722222222222222
1 0.24765625 0.7791666666666667 0.0140625 0.029166666666666667
1 0.18828125 0.7895833333333333 0.025 0.04861111111111111
1 0.219140625 0.7444444444444445 0.015625 0.027777777777777776
1 0.151953125 0.6680555555555555 0.01640625 0.03888888888888889
1 0.18515625 0.6930555555555555 0.01796875 0.03333333333333333
1 0.20703125 0.6923611111111111 0.01171875 0.015277777777777777
1 0.20546875 0.6680555555555555 0.0140625 0.018055555555555554
1 0.203125 0.6465277777777778 0.00703125 0.02361111111111111
1 0.123828125 0.5451388888888888 0.02109375 0.034722222222222224
1 0.153125 0.5986111111111111 0.0359375 0.07916666666666666
1 0.190625 0.5395833333333333 0.02265625 0.029166666666666667
1 0.240234375 0.5652777777777778 0.0296875 0.06805555555555555
1 0.26796875 0.5347222222222222 0.015625 0.027777777777777776
1 0.178515625 0.24444444444444444 0.02421875 0.018055555555555554
1 0.116015625 0.2013888888888889 0.0140625 0.022222222222222223
1 0.112109375 0.28888888888888886 0.01953125 0.016666666666666666
1 0.961328125 0.009722222222222222 0.04296875 0.019444444444444445
1 0.960546875 0.06944444444444445 0.02421875 0.041666666666666664
1 0.894140625 0.18888888888888888 0.01640625 0.020833333333333332
1 0.60234375 0.9201388888888888 0.01796875 0.02638888888888889
1 0.686328125 0.3055555555555556 0.01640625 0.034722222222222224
1 0.721875 0.2590277777777778 0.0078125 0.019444444444444445
1 0.644140625 0.4736111111111111 0.01640625 0.030555555555555555
1 0.988671875 0.9173611111111111 0.02265625 0.043055555555555555
1 0.950390625 0.8923611111111112 0.0625 0.1125
1 0.986328125 0.825 0.0171875 0.020833333333333332
1 0.954296875 0.8194444444444444 0.01875 0.02361111111111111
1 0.96328125 0.7708333333333334 0.0078125 0.013888888888888888
1 0.981640625 0.7527777777777778 0.01875 0.03888888888888889
1 0.901171875 0.7388888888888889 0.021875 0.04722222222222222
1 0.771875 0.5993055555555555 0.05234375 0.11388888888888889
1 0.744140625 0.5611111111111111 0.009375 0.0125
1 0.96328125 0.6034722222222222 0.02578125 0.044444444444444446
1 0.966015625 0.5111111111111111 0.01796875 0.03333333333333333
1 0.843359375 0.5125 0.0109375 0.019444444444444445
1 0.807421875 0.44027777777777777 0.0109375 0.019444444444444445
1 0.892578125 0.4861111111111111 0.0125 0.0125
1 0.86015625 0.44513888888888886 0.01484375 0.02361111111111111
1 0.99609375 0.44027777777777777 0.0078125 0.03611111111111111
1 0.98671875 0.46458333333333335 0.015625 0.03333333333333333
1 0.94765625 0.37777777777777777 0.0125 0.016666666666666666
1 0.976171875 0.3729166666666667 0.01171875 0.016666666666666666
1 0.869921875 0.34791666666666665 0.021875 0.041666666666666664
1 0.926171875 0.1527777777777778 0.03203125 0.0625
1 0.963671875 0.2743055555555556 0.0390625 0.09166666666666666
1 0.871875 0.2638888888888889 0.021875 0.03888888888888889
1 0.8265625 0.1909722222222222 0.025 0.03888888888888889
1 0.8203125 0.07569444444444444 0.00625 0.016666666666666666
1 0.580859375 0.33958333333333335 0.0125 0.044444444444444446