1 0.37890625 0.26458333333333334 0.034375 0.029166666666666667
1 0.2375 0.15729166666666666 0.0328125 0.041666666666666664
1 0.3734375 0.915625 0.0296875 0.0375
1 0.046875 0.8489583333333334 0.059375 0.07916666666666666
1 0.14453125 0.703125 0.0390625 0.04583333333333333
1 0.3015625 0.6885416666666667 0.04375 0.04375
1 0.459375 0.8760416666666667 0.01875 0.020833333333333332
1 0.45703125 0.990625 0.025 0.01875
0 0.45234375 0.303125 0.1 0.3458333333333333
0 0.44921875 0.06666666666666667 0.1359375 0.13333333333333333
0 0.4234375 0.8625 0.075 0.275
0 0.471875 0.5260416666666666 0.1625 0.2833333333333333
1 0.45546875 0.596875 0.0328125 0.016666666666666666
1 0.59296875 0.2760416666666667 0.015625 0.020833333333333332
1 0.4609375 0.05625 0.015625 0.016666666666666666
1 0.378125 0.03958333333333333 0.0109375 0.016666666666666666
1 0.371875 0.014583333333333334 0.0078125 0.020833333333333332
1 0.353125 0.015625 0.0125 0.03125
1 0.0375 0.25729166666666664 0.021875 0.020833333333333332
1 0.96875 0.8166666666666667 0.015625 0.020833333333333332
1 0.91171875 0.7916666666666666 0.028125 0.022916666666666665
1 0.8859375 0.9458333333333333 0.025 0.027083333333333334
1 0.6890625 0.9177083333333333 0.025 0.03333333333333333
1 0.9625 0.159375 0.0265625 0.01875
1 0.453125 0.31875 0.025 0.041666666666666664
1 0.64375 0.659375 0.0171875 0.020833333333333332
1 0.7375 0.490625 0.0296875 0.041666666666666664
1 0.68671875 0.46979166666666666 0.0265625 0.03125
1 0.71953125 0.38125 0.0140625 0.01875
1 0.77890625 0.39166666666666666 0.025 0.05625
1 0.859375 0.36354166666666665 0.0234375 0.041666666666666664
1 0.78671875 0.11666666666666667 0.021875 0.035416666666666666
1 0.68515625 0.20208333333333334 0.01875 0.020833333333333332
1 0.69375 0.17395833333333333 0.0171875 0.020833333333333332
1 0.5265625 0.025 0.05 0.022916666666666665
1 0.51171875 0.08229166666666667 0.0296875 0.03958333333333333
1 0.5390625 0.13958333333333334 0.028125 0.05416666666666667
1 0.29375 0.196875 0.0140625 0.027083333333333334
1 0.24296875 0.11875 0.0171875 0.029166666666666667
1 0.9390625 0.7104166666666667 0.06875 0.08333333333333333
1 0.98671875 0.621875 0.025 0.05
1 0.36796875 0.6333333333333333 0.0359375 0.06666666666666667
1 0.9125 0.553125 0.03125 0.022916666666666665
1 0.82421875 0.6552083333333333 0.03125 0.025
1 0.6765625 0.7416666666666667 0.0265625 0.05
1 0.60859375 0.7083333333333334 0.0171875 0.020833333333333332
1 0.50234375 0.703125 0.0578125 0.058333333333333334
1 0.23671875 0.5958333333333333 0.0140625 0.027083333333333334
1 0.01328125 0.56875 0.0265625 0.041666666666666664
1 0.025 0.3541666666666667 0.021875 0.04583333333333333
1 0.1265625 0.3177083333333333 0.025 0.0375
1 0.39296875 0.8614583333333333 0.01875 0.016666666666666666
1 0.48125 0.796875 0.0375 0.052083333333333336
1 0.55625 0.7739583333333333 0.040625 0.04375
1 0.24375 0.28541666666666665 0.0390625 0.041666666666666664
1 0.19609375 0.30520833333333336 0.0375 0.020833333333333332
1 0.346875 0.296875 0.0296875 0.035416666666666666