1 0.35390625 0.7229166666666667 0.0125 0.020833333333333332
0 0.56640625 0.9135416666666667 0.1578125 0.17291666666666666
0 0.665625 0.8604166666666667 0.484375 0.2791666666666667
0 0.82109375 0.4822916666666667 0.3578125 0.5291666666666667
0 0.6484375 0.2635416666666667 0.090625 0.46041666666666664
0 0.69921875 0.041666666666666664 0.03125 0.08333333333333333
1 0.34609375 0.37083333333333335 0.0140625 0.022916666666666665
1 0.28203125 0.50625 0.0140625 0.025
1 0.371875 0.7041666666666667 0.015625 0.016666666666666666
1 0.31328125 0.984375 0.015625 0.016666666666666666
1 0.58828125 0.9875 0.0140625 0.020833333333333332
1 0.57265625 0.9822916666666667 0.0109375 0.0125
1 0.54921875 0.990625 0.0109375 0.016666666666666666
1 0.63671875 0.8645833333333334 0.0171875 0.01875
1 0.65859375 0.978125 0.0140625 0.020833333333333332
1 0.6875 0.9895833333333334 0.0203125 0.01875
1 0.81484375 0.9885416666666667 0.015625 0.014583333333333334
1 0.82578125 0.9072916666666667 0.025 0.0375
1 0.89609375 0.96875 0.025 0.035416666666666666
1 0.9890625 0.4083333333333333 0.01875 0.03125
1 0.84453125 0.4979166666666667 0.0171875 0.022916666666666665
1 0.98203125 0.01875 0.0171875 0.01875
1 0.7390625 0.11354166666666667 0.015625 0.025
1 0.71171875 0.1375 0.034375 0.05
1 0.71484375 0.09895833333333333 0.0265625 0.020833333333333332
1 0.53203125 0.00625 0.03125 0.0125
1 0.35859375 0.18333333333333332 0.0171875 0.020833333333333332
1 0.3875 0.09791666666666667 0.0234375 0.035416666666666666
1 0.559375 0.24791666666666667 0.0140625 0.025
1 0.60078125 0.28958333333333336 0.01875 0.03125
1 0.4171875 0.315625 0.028125 0.04583333333333333
1 0.43359375 0.27291666666666664 0.015625 0.0375
1 0.50703125 0.38333333333333336 0.015625 0.016666666666666666
1 0.6203125 0.44166666666666665 0.015625 0.01875
1 0.62578125 0.515625 0.0234375 0.03958333333333333
1 0.721875 0.5458333333333333 0.025 0.03333333333333333
1 0.96953125 0.39791666666666664 0.015625 0.03125
1 0.921875 0.13541666666666666 0.01875 0.027083333333333334
1 0.8890625 0.234375 0.0203125 0.025
1 0.8046875 0.23020833333333332 0.03125 0.05416666666666667
1 0.7921875 0.190625 0.025 0.03125
1 0.5796875 0.17083333333333334 0.040625 0.05
1 0.5296875 0.21770833333333334 0.040625 0.05
1 0.459375 0.3 0.0296875 0.022916666666666665
1 0.25 0.7677083333333333 0.0234375 0.035416666666666666
1 0.34765625 0.5552083333333333 0.021875 0.027083333333333334
1 0.36484375 0.56875 0.021875 0.025
1 0.4578125 0.625 0.0359375 0.04791666666666667
1 0.4609375 0.5510416666666667 0.025 0.035416666666666666