1 0.300390625 0.07361111111111111 0.0125 0.020833333333333332
1 0.280859375 0.17569444444444443 0.00859375 0.013888888888888888
1 0.2890625 0.2659722222222222 0.01015625 0.016666666666666666
1 0.2796875 0.28055555555555556 0.00703125 0.013888888888888888
1 0.3234375 0.6527777777777778 0.01015625 0.03194444444444444
1 0.387890625 0.5111111111111111 0.01171875 0.027777777777777776
1 0.72578125 0.5131944444444444 0.0171875 0.027777777777777776
1 0.69765625 0.44583333333333336 0.0078125 0.0125
1 0.708984375 0.6402777777777777 0.01875 0.027777777777777776
1 0.687109375 0.7611111111111111 0.0171875 0.043055555555555555
1 0.92421875 0.3958333333333333 0.046875 0.0625
0 0.140234375 0.01875 0.04765625 0.0375
0 0.125 0.19166666666666668 0.25 0.1875
0 0.12265625 0.6444444444444445 0.23359375 0.17222222222222222
0 0.14765625 0.8694444444444445 0.16484375 0.2611111111111111
0 0.636328125 0.05763888888888889 0.125 0.11527777777777778
0 0.68125 0.5430555555555555 0.175 0.5166666666666667
0 0.616796875 0.6034722222222222 0.13046875 0.3194444444444444
0 0.70546875 0.7881944444444444 0.12578125 0.4236111111111111
1 0.52421875 0.4201388888888889 0.00703125 0.008333333333333333
1 0.637109375 0.07847222222222222 0.01953125 0.05555555555555555
1 0.654296875 0.125 0.021875 0.03611111111111111
1 0.65 0.17916666666666667 0.01015625 0.018055555555555554
1 0.699609375 0.16458333333333333 0.03515625 0.07083333333333333
1 0.72109375 0.22916666666666666 0.03671875 0.058333333333333334
1 0.72109375 0.26458333333333334 0.00859375 0.0125
1 0.773046875 0.1388888888888889 0.015625 0.02361111111111111
1 0.81328125 0.20833333333333334 0.00859375 0.0125
1 0.88984375 0.35625 0.01640625 0.02638888888888889
1 0.899609375 0.3229166666666667 0.01328125 0.015277777777777777
1 0.96484375 0.2763888888888889 0.025 0.0375
1 0.9921875 0.28958333333333336 0.015625 0.02638888888888889
1 0.92421875 0.1986111111111111 0.01640625 0.03194444444444444
1 0.91796875 0.25277777777777777 0.01171875 0.016666666666666666
1 0.953125 0.19722222222222222 0.02890625 0.08194444444444444
1 0.994140625 0.16319444444444445 0.01171875 0.05694444444444444
1 0.97578125 0.1527777777777778 0.02421875 0.034722222222222224
1 0.846875 0.13402777777777777 0.01640625 0.025
1 0.873828125 0.16458333333333333 0.015625 0.043055555555555555
1 0.851953125 0.10138888888888889 0.01328125 0.02638888888888889
1 0.795703125 0.004166666666666667 0.00625 0.008333333333333333
1 0.857421875 0.016666666666666666 0.0328125 0.03333333333333333
1 0.928515625 0.011111111111111112 0.01015625 0.022222222222222223
1 0.280859375 0.21875 0.01953125 0.059722222222222225
1 0.33828125 0.4409722222222222 0.01015625 0.02638888888888889
1 0.126953125 0.3159722222222222 0.0234375 0.043055555555555555
1 0.137109375 0.28541666666666665 0.0125 0.027777777777777776
1 0.1859375 0.26944444444444443 0.025 0.030555555555555555
1 0.191015625 0.3277777777777778 0.02734375 0.07777777777777778
1 0.23046875 0.3034722222222222 0.00859375 0.018055555555555554
1 0.25546875 0.3472222222222222 0.0265625 0.059722222222222225
1 0.141015625 0.4166666666666667 0.0203125 0.034722222222222224
1 0.10234375 0.48680555555555555 0.01484375 0.03888888888888889
1 0.0890625 0.5270833333333333 0.01875 0.03333333333333333
1 0.120703125 0.5118055555555555 0.0234375 0.0375
1 0.11015625 0.55 0.01796875 0.027777777777777776
1 0.16796875 0.5548611111111111 0.0328125 0.022222222222222223
1 0.122265625 0.6847222222222222 0.02578125 0.058333333333333334
1 0.1546875 0.6923611111111111 0.03046875 0.05
1 0.17734375 0.6326388888888889 0.01328125 0.030555555555555555
1 0.11484375 0.7506944444444444 0.0140625 0.030555555555555555
1 0.215234375 0.6576388888888889 0.04765625 0.08333333333333333
1 0.2390625 0.7222222222222222 0.01796875 0.04583333333333333
1 0.216015625 0.8069444444444445 0.03671875 0.04583333333333333
1 0.23359375 0.8402777777777778 0.025 0.05
1 0.1875 0.8777777777777778 0.028125 0.04583333333333333
1 0.131640625 0.8923611111111112 0.01875 0.03333333333333333
1 0.16015625 0.9319444444444445 0.02578125 0.07361111111111111
1 0.203515625 0.9652777777777778 0.02109375 0.03611111111111111
1 0.267578125 0.9763888888888889 0.01640625 0.02638888888888889
1 0.27109375 0.7006944444444444 0.01875 0.043055555555555555
1 0.292578125 0.68125 0.03359375 0.06944444444444445
1 0.245703125 0.5965277777777778 0.01953125 0.05
1 0.287109375 0.38680555555555557 0.01484375 0.025
1 0.316796875 0.3784722222222222 0.02421875 0.041666666666666664
1 0.33515625 0.29375 0.00859375 0.030555555555555555
1 0.1921875 0.03611111111111111 0.0171875 0.018055555555555554
1 0.2109375 0.007638888888888889 0.0171875 0.013888888888888888
1 0.2375 0.034722222222222224 0.0296875 0.05416666666666667
1 0.007421875 0.07916666666666666 0.01171875 0.013888888888888888
1 0.146875 0.18611111111111112 0.025 0.04027777777777778
1 0.3421875 0.5840277777777778 0.01484375 0.04027777777777778
1 0.369140625 0.5819444444444445 0.01328125 0.027777777777777776
1 0.2765625 0.8465277777777778 0.01640625 0.06805555555555555
1 0.584765625 0.9611111111111111 0.0359375 0.07777777777777778
1 0.630078125 0.9881944444444445 0.0171875 0.02361111111111111
1 0.628515625 0.9215277777777777 0.02421875 0.030555555555555555
1 0.514453125 0.9208333333333333 0.01640625 0.03333333333333333
1 0.61875 0.8381944444444445 0.046875 0.0875
1 0.640625 0.7972222222222223 0.01875 0.044444444444444446
1 0.503125 0.7777777777777778 0.01875 0.03333333333333333
1 0.51875 0.9888888888888889 0.01015625 0.011111111111111112
1 0.715625 0.8694444444444445 0.01171875 0.02638888888888889
1 0.752734375 0.9375 0.01796875 0.03194444444444444
0 0.10078125 0.41180555555555554 0.2015625 0.14027777777777778
1 0.72265625 0.9340277777777778 0.0125 0.022222222222222223
1 0.778515625 0.9055555555555556 0.03515625 0.06111111111111111
1 0.808203125 0.9041666666666667 0.01328125 0.018055555555555554
1 0.82890625 0.9916666666666667 0.01015625 0.016666666666666666
1 0.896484375 0.9291666666666667 0.0453125 0.058333333333333334
1 0.8703125 0.9965277777777778 0.00859375 0.006944444444444444
1 0.894140625 0.8368055555555556 0.01484375 0.030555555555555555
1 0.99140625 0.8569444444444444 0.0140625 0.03333333333333333
1 0.88125 0.6902777777777778 0.01796875 0.034722222222222224
1 0.8859375 0.7479166666666667 0.02890625 0.06388888888888888
1 0.964453125 0.6993055555555555 0.06796875 0.12777777777777777
1 0.8265625 0.5277777777777778 0.03359375 0.11527777777777778
1 0.84921875 0.5673611111111111 0.01484375 0.019444444444444445
1 0.88515625 0.5395833333333333 0.0296875 0.05
1 0.880078125 0.5895833333333333 0.02421875 0.04027777777777778
1 0.986328125 0.5895833333333333 0.02734375 0.06805555555555555
1 0.859765625 0.46805555555555556 0.01640625 0.027777777777777776
1 0.7984375 0.40347222222222223 0.046875 0.06111111111111111
1 0.75859375 0.43125 0.0125 0.025
1 0.676171875 0.34930555555555554 0.0359375 0.07777777777777778
1 0.654296875 0.3013888888888889 0.01953125 0.03888888888888889
1 0.72265625 0.3 0.021875 0.04583333333333333
1 0.62578125 0.3013888888888889 0.01640625 0.030555555555555555
1 0.561328125 0.33611111111111114 0.01328125 0.02361111111111111
1 0.537109375 0.5215277777777778 0.0171875 0.034722222222222224
1 0.595703125 0.6027777777777777 0.028125 0.029166666666666667
1 0.5640625 0.6409722222222223 0.01171875 0.016666666666666666
1 0.591796875 0.6840277777777778 0.02265625 0.041666666666666664
1 0.57578125 0.44375 0.0109375 0.025
1 0.4359375 0.027083333333333334 0.01796875 0.030555555555555555