1 0.615234375 0.5284722222222222 0.0171875 0.030555555555555555
1 0.762890625 0.5381944444444444 0.02265625 0.044444444444444446
1 0.700390625 0.6541666666666667 0.03046875 0.03611111111111111
1 0.741015625 0.6708333333333333 0.0203125 0.04861111111111111
1 0.155078125 0.22777777777777777 0.01171875 0.020833333333333332
1 0.28671875 0.24583333333333332 0.01171875 0.016666666666666666
1 0.30625 0.47152777777777777 0.01953125 0.03194444444444444
1 0.298046875 0.4236111111111111 0.01796875 0.025
1 0.234375 0.5243055555555556 0.02421875 0.03333333333333333
1 0.234765625 0.5805555555555556 0.00546875 0.013888888888888888
1 0.23515625 0.6055555555555555 0.00859375 0.015277777777777777
1 0.197265625 0.5847222222222223 0.0140625 0.0125
1 0.19921875 0.7506944444444444 0.01953125 0.03333333333333333
1 0.29765625 0.6694444444444444 0.01875 0.03194444444444444
1 0.271875 0.6847222222222222 0.0234375 0.044444444444444446
1 0.3546875 0.7965277777777777 0.01640625 0.022222222222222223
1 0.316015625 0.8013888888888889 0.03125 0.018055555555555554
1 0.36640625 0.9263888888888889 0.01640625 0.030555555555555555
1 0.309375 0.9923611111111111 0.025 0.015277777777777777
1 0.2796875 0.9013888888888889 0.025 0.04583333333333333
1 0.14296875 0.9472222222222222 0.0140625 0.02361111111111111
1 0.165625 0.8097222222222222 0.02421875 0.034722222222222224
1 0.0765625 0.675 0.01953125 0.03888888888888889
1 0.126171875 0.5215277777777778 0.01875 0.02638888888888889
1 0.208984375 0.41180555555555554 0.02265625 0.04722222222222222
1 0.1625 0.4152777777777778 0.01796875 0.02638888888888889
1 0.107421875 0.4166666666666667 0.028125 0.05
1 0.0953125 0.30972222222222223 0.009375 0.020833333333333332
1 0.044921875 0.1625 0.021875 0.03333333333333333
1 0.100390625 0.13819444444444445 0.021875 0.03611111111111111
1 0.120703125 0.11180555555555556 0.01875 0.022222222222222223
1 0.227734375 0.09375 0.02734375 0.04583333333333333
1 0.295703125 0.009027777777777777 0.02734375 0.018055555555555554
1 0.328125 0.04097222222222222 0.01796875 0.03333333333333333
1 0.384765625 0.17569444444444443 0.01953125 0.05416666666666667
1 0.512109375 0.013194444444444444 0.02890625 0.02638888888888889
1 0.48125 0.014583333333333334 0.028125 0.029166666666666667
1 0.593359375 0.14097222222222222 0.01953125 0.022222222222222223
1 0.541796875 0.10625 0.021875 0.029166666666666667
1 0.45859375 0.13680555555555557 0.034375 0.08611111111111111
1 0.6921875 0.9930555555555556 0.02109375 0.013888888888888888
1 0.813671875 0.9854166666666667 0.02578125 0.029166666666666667
1 0.77421875 0.9847222222222223 0.03203125 0.030555555555555555
1 0.725 0.8416666666666667 0.0125 0.019444444444444445
1 0.503125 0.2465277777777778 0.00859375 0.0125
1 0.605859375 0.5534722222222223 0.00859375 0.020833333333333332
1 0.55859375 0.8256944444444444 0.00546875 0.011111111111111112
0 0.11171875 0.4930555555555556 0.2234375 0.07916666666666666
0 0.11875 0.7159722222222222 0.109375 0.19444444444444445
0 0.104296875 0.8798611111111111 0.20859375 0.24027777777777778
0 0.61015625 0.8527777777777777 0.13515625 0.29444444444444445
0 0.67265625 0.7375 0.28125 0.24027777777777778
0 0.663671875 0.18472222222222223 0.17578125 0.36944444444444446
0 0.601953125 0.02847222222222222 0.11875 0.05694444444444444
0 0.620703125 0.35138888888888886 0.07421875 0.6847222222222222
1 0.60078125 0.9909722222222223 0.0203125 0.018055555555555554
1 0.668359375 0.8208333333333333 0.02734375 0.05138888888888889
1 0.578515625 0.9236111111111112 0.0171875 0.029166666666666667
1 0.15390625 0.48333333333333334 0.00859375 0.015277777777777777
1 0.62265625 0.9638888888888889 0.015625 0.030555555555555555
1 0.52734375 0.8583333333333333 0.01796875 0.030555555555555555
1 0.66640625 0.021527777777777778 0.0265625 0.043055555555555555
1 0.69296875 0.05416666666666667 0.01328125 0.027777777777777776
1 0.707421875 0.02013888888888889 0.025 0.04027777777777778
1 0.732421875 0.08263888888888889 0.0703125 0.08888888888888889
1 0.8234375 0.009722222222222222 0.0140625 0.018055555555555554
1 0.833984375 0.10138888888888889 0.0234375 0.03611111111111111
1 0.849609375 0.06666666666666667 0.01953125 0.034722222222222224
1 0.859375 0.2048611111111111 0.0140625 0.015277777777777777
1 0.993359375 0.21458333333333332 0.01328125 0.03333333333333333
1 0.395703125 0.6791666666666667 0.015625 0.022222222222222223
1 0.407421875 0.60625 0.015625 0.019444444444444445
0 0.148046875 0.2722222222222222 0.11015625 0.2916666666666667
1 0.383984375 0.34097222222222223 0.01328125 0.02361111111111111
1 0.409765625 0.3597222222222222 0.015625 0.02638888888888889
1 0.50078125 0.4423611111111111 0.0265625 0.03611111111111111
1 0.5203125 0.5236111111111111 0.03203125 0.058333333333333334
1 0.569921875 0.5173611111111112 0.0171875 0.029166666666666667
1 0.583984375 0.5569444444444445 0.01953125 0.043055555555555555
1 0.554296875 0.6180555555555556 0.0390625 0.12083333333333333
1 0.583203125 0.6423611111111112 0.01875 0.022222222222222223
1 0.593359375 0.7208333333333333 0.0375 0.07916666666666666
1 0.514453125 0.6395833333333333 0.028125 0.04583333333333333
1 0.4859375 0.7076388888888889 0.025 0.04861111111111111
1 0.45546875 0.7326388888888888 0.01640625 0.03888888888888889
1 0.4265625 0.8298611111111112 0.01484375 0.027777777777777776
1 0.4625 0.9395833333333333 0.01484375 0.029166666666666667
1 0.51015625 0.9951388888888889 0.01796875 0.009722222222222222
1 0.53671875 0.9888888888888889 0.0140625 0.022222222222222223
0 0.072265625 0.03611111111111111 0.14453125 0.07222222222222222
1 0.880078125 0.2611111111111111 0.0265625 0.04861111111111111
1 0.91953125 0.5673611111111111 0.0171875 0.04027777777777778
1 0.967578125 0.6430555555555556 0.015625 0.018055555555555554
1 0.9484375 0.66875 0.01796875 0.022222222222222223
1 0.9921875 0.7409722222222223 0.015625 0.043055555555555555
1 0.962109375 0.8173611111111111 0.0140625 0.016666666666666666
1 0.887890625 0.8347222222222223 0.01953125 0.0375
1 0.868359375 0.8048611111111111 0.01953125 0.044444444444444446
1 0.876953125 0.7625 0.02109375 0.041666666666666664
1 0.839453125 0.7506944444444444 0.01640625 0.03333333333333333
1 0.870703125 0.6368055555555555 0.02109375 0.03888888888888889
1 0.823046875 0.6222222222222222 0.02421875 0.04027777777777778
1 0.865625 0.4888888888888889 0.021875 0.044444444444444446
1 0.841015625 0.48819444444444443 0.021875 0.059722222222222225
1 0.7234375 0.37083333333333335 0.02734375 0.07361111111111111
1 0.65625 0.36666666666666664 0.021875 0.034722222222222224
1 0.559765625 0.4583333333333333 0.02265625 0.041666666666666664
1 0.448046875 0.2548611111111111 0.009375 0.020833333333333332
1 0.5953125 0.4625 0.0125 0.027777777777777776
1 0.60390625 0.4354166666666667 0.015625 0.04027777777777778
1 0.628125 0.5479166666666667 0.015625 0.03333333333333333