1 0.7765625 0.625 0.0203125 0.04027777777777778
1 0.73671875 0.6590277777777778 0.0140625 0.027777777777777776
1 0.75625 0.6638888888888889 0.015625 0.03194444444444444
1 0.926171875 0.9284722222222223 0.0265625 0.044444444444444446
1 0.819140625 0.8888888888888888 0.015625 0.029166666666666667
1 0.78515625 0.93125 0.02109375 0.041666666666666664
1 0.644921875 0.7763888888888889 0.01640625 0.027777777777777776
1 0.63125 0.8118055555555556 0.01328125 0.020833333333333332
1 0.607421875 0.81875 0.01640625 0.04027777777777778
1 0.938671875 0.3576388888888889 0.01796875 0.030555555555555555
1 0.971484375 0.4222222222222222 0.025 0.034722222222222224
1 0.8421875 0.42777777777777776 0.0625 0.11805555555555555
1 0.9515625 0.60625 0.0109375 0.03194444444444444
1 0.9265625 0.6138888888888889 0.01953125 0.03611111111111111
1 0.9453125 0.6326388888888889 0.01328125 0.025
1 0.991015625 0.7111111111111111 0.0140625 0.044444444444444446
1 0.234765625 0.8361111111111111 0.02265625 0.04027777777777778
1 0.321875 0.9465277777777777 0.0171875 0.029166666666666667
1 0.090625 0.7902777777777777 0.02578125 0.027777777777777776
1 0.90390625 0.7506944444444444 0.01875 0.04027777777777778
0 0.63828125 0.10416666666666667 0.178125 0.20833333333333334
0 0.709765625 0.3993055555555556 0.1265625 0.23055555555555557
0 0.68984375 0.5444444444444444 0.1984375 0.525
0 0.699609375 0.7854166666666667 0.1234375 0.3416666666666667
0 0.708984375 0.9645833333333333 0.15625 0.07083333333333333
1 0.839453125 0.5868055555555556 0.01875 0.0375
1 0.173046875 0.6451388888888889 0.01953125 0.034722222222222224
1 0.25546875 0.19722222222222222 0.01796875 0.06388888888888888
1 0.2734375 0.1388888888888889 0.02421875 0.043055555555555555
1 0.2578125 0.025 0.02578125 0.034722222222222224
1 0.133984375 0.06597222222222222 0.02734375 0.059722222222222225
1 0.191796875 0.06666666666666667 0.01171875 0.03194444444444444
1 0.5703125 0.08819444444444445 0.03984375 0.06944444444444445
1 0.643359375 0.025694444444444443 0.02578125 0.03611111111111111
1 0.741796875 0.2222222222222222 0.0203125 0.05277777777777778
1 0.72109375 0.2708333333333333 0.02265625 0.0375
1 0.61484375 0.4263888888888889 0.0421875 0.058333333333333334
1 0.55703125 0.42430555555555555 0.01953125 0.03611111111111111
1 0.503125 0.6354166666666666 0.02578125 0.041666666666666664
1 0.493359375 0.7125 0.01796875 0.030555555555555555
1 0.6390625 0.6 0.021875 0.034722222222222224
1 0.6296875 0.7236111111111111 0.02265625 0.043055555555555555
0 0.156640625 0.09791666666666667 0.11328125 0.17916666666666667
0 0.17578125 0.32013888888888886 0.146875 0.17916666666666667
0 0.173046875 0.7680555555555556 0.11796875 0.30694444444444446
0 0.18515625 0.9486111111111111 0.10625 0.10277777777777777
1 0.901171875 0.05625 0.02421875 0.029166666666666667
1 0.949609375 0.09861111111111111 0.025 0.029166666666666667
1 0.954296875 0.13541666666666666 0.01953125 0.04722222222222222
1 0.84921875 0.21597222222222223 0.0203125 0.029166666666666667
1 0.988671875 0.34097222222222223 0.02265625 0.0375
1 0.963671875 0.3527777777777778 0.03515625 0.08888888888888889
1 0.940234375 0.31319444444444444 0.01796875 0.034722222222222224