1 0.4609375 0.5135416666666667 0.0234375 0.035416666666666666
1 0.51171875 0.5541666666666667 0.03125 0.03125
1 0.5484375 0.615625 0.0296875 0.0375
1 0.51640625 0.6552083333333333 0.025 0.03125
1 0.525 0.7510416666666667 0.0359375 0.03958333333333333
1 0.56875 0.6854166666666667 0.0171875 0.025
1 0.5984375 0.5302083333333333 0.028125 0.03333333333333333
1 0.7046875 0.715625 0.01875 0.025
1 0.65390625 0.8166666666666667 0.0453125 0.03333333333333333
1 0.73359375 0.7645833333333333 0.025 0.0375
1 0.7546875 0.790625 0.04375 0.052083333333333336
1 0.01953125 0.540625 0.0140625 0.020833333333333332
1 0.01328125 0.6260416666666667 0.0265625 0.01875
1 0.28203125 0.8802083333333334 0.065625 0.06875
1 0.07578125 0.7479166666666667 0.0140625 0.035416666666666666
1 0.021875 0.721875 0.03125 0.029166666666666667
1 0.0046875 0.7375 0.009375 0.016666666666666666
1 0.02890625 0.7583333333333333 0.03125 0.020833333333333332
1 0.5625 0.93125 0.0515625 0.04375
1 0.6640625 0.9229166666666667 0.015625 0.01875
1 0.3171875 0.7145833333333333 0.0828125 0.05
1 0.43046875 0.9541666666666667 0.0203125 0.029166666666666667
1 0.23515625 0.5885416666666666 0.0234375 0.03125
1 0.18046875 0.665625 0.1 0.06666666666666667
1 0.41171875 0.5145833333333333 0.05625 0.12916666666666668
1 0.28046875 0.4635416666666667 0.04375 0.035416666666666666
1 0.33203125 0.40729166666666666 0.0203125 0.03333333333333333
1 0.184375 0.33958333333333335 0.015625 0.01875
1 0.99375 0.9072916666666667 0.0125 0.027083333333333334
1 0.58828125 0.375 0.0328125 0.05625
1 0.47578125 0.44895833333333335 0.025 0.0375
1 0.6671875 0.4395833333333333 0.034375 0.05
1 0.80625 0.340625 0.015625 0.020833333333333332
0 0.4578125 0.8625 0.340625 0.15208333333333332
0 0.4171875 0.28958333333333336 0.1171875 0.3333333333333333
0 0.475 0.034375 0.0921875 0.06875
1 0.203125 0.17083333333333334 0.121875 0.13958333333333334
1 0.30234375 0.21041666666666667 0.0765625 0.058333333333333334
1 0.21171875 0.06875 0.03125 0.04375
1 0.24765625 0.07083333333333333 0.034375 0.0625
1 0.13046875 0.08541666666666667 0.01875 0.03125
1 0.0734375 0.017708333333333333 0.05625 0.035416666666666666
1 0.2125 0.019791666666666666 0.075 0.03958333333333333
1 0.26953125 0.014583333333333334 0.04375 0.029166666666666667
1 0.315625 0.025 0.0421875 0.05
1 0.34765625 0.1125 0.053125 0.10416666666666667
1 0.39453125 0.08645833333333333 0.0171875 0.03333333333333333
1 0.1609375 0.05625 0.0296875 0.0375
1 0.01875 0.21354166666666666 0.03125 0.03958333333333333
1 0.04453125 0.35625 0.0890625 0.15625
1 0.9421875 0.019791666666666666 0.01875 0.029166666666666667
1 0.86640625 0.14479166666666668 0.021875 0.03333333333333333
1 0.86796875 0.18333333333333332 0.040625 0.035416666666666666
1 0.6265625 0.09375 0.0359375 0.05416666666666667
1 0.56796875 0.021875 0.0171875 0.025
1 0.46171875 0.09479166666666666 0.0328125 0.0375
1 0.36328125 0.28958333333333336 0.0265625 0.020833333333333332
1 0.49609375 0.18229166666666666 0.0359375 0.041666666666666664
1 0.39921875 0.24270833333333333 0.0203125 0.03125
1 0.3796875 0.20416666666666666 0.0375 0.035416666666666666
1 0.56015625 0.27291666666666664 0.0265625 0.035416666666666666
1 0.103125 0.28229166666666666 0.028125 0.041666666666666664