1 0.4765625 0.2902777777777778 0.0234375 0.05416666666666667
1 0.50390625 0.2 0.0359375 0.05
1 0.52734375 0.22847222222222222 0.01796875 0.030555555555555555
1 0.549609375 0.22430555555555556 0.02265625 0.0375
1 0.5640625 0.19166666666666668 0.01171875 0.019444444444444445
1 0.48125 0.1597222222222222 0.0125 0.02361111111111111
1 0.466796875 0.09583333333333334 0.0171875 0.0375
1 0.4640625 0.03125 0.03125 0.0625
1 0.580859375 0.07847222222222222 0.028125 0.06111111111111111
1 0.562890625 0.1111111111111111 0.03359375 0.05
1 0.619921875 0.16111111111111112 0.015625 0.02638888888888889
1 0.5765625 0.009722222222222222 0.0203125 0.019444444444444445
1 0.638671875 0.08263888888888889 0.0203125 0.034722222222222224
1 0.687109375 0.1486111111111111 0.02734375 0.06388888888888888
1 0.713671875 0.17916666666666667 0.01796875 0.03611111111111111
1 0.6390625 0.2388888888888889 0.01484375 0.02361111111111111
1 0.614453125 0.3104166666666667 0.02265625 0.044444444444444446
1 0.620703125 0.3680555555555556 0.01953125 0.041666666666666664
1 0.662890625 0.33819444444444446 0.015625 0.041666666666666664
1 0.723046875 0.29583333333333334 0.01171875 0.025
1 0.712109375 0.3125 0.00859375 0.015277777777777777
1 0.765234375 0.34791666666666665 0.0234375 0.03611111111111111
1 0.75703125 0.39444444444444443 0.0203125 0.059722222222222225
1 0.823046875 0.3888888888888889 0.025 0.06527777777777778
1 0.856640625 0.35833333333333334 0.0140625 0.025
1 0.8515625 0.2875 0.01484375 0.030555555555555555
1 0.4453125 0.2965277777777778 0.025 0.02361111111111111
1 0.565234375 0.3145833333333333 0.02578125 0.05
1 0.549609375 0.3486111111111111 0.015625 0.02638888888888889
1 0.54453125 0.3972222222222222 0.02421875 0.041666666666666664
1 0.511328125 0.39861111111111114 0.01171875 0.025
1 0.500390625 0.34652777777777777 0.03828125 0.07361111111111111
1 0.46484375 0.4131944444444444 0.034375 0.0763888888888889
1 0.45390625 0.49027777777777776 0.02421875 0.030555555555555555
1 0.4296875 0.4895833333333333 0.01796875 0.041666666666666664
1 0.370703125 0.44305555555555554 0.02109375 0.05
1 0.3765625 0.36041666666666666 0.01484375 0.03611111111111111
1 0.337890625 0.1361111111111111 0.01328125 0.016666666666666666
0 0.08203125 0.075 0.1640625 0.15
0 0.579296875 0.6423611111111112 0.1984375 0.28055555555555556
0 0.637890625 0.7583333333333333 0.0875 0.37222222222222223
0 0.584375 0.9111111111111111 0.12109375 0.17777777777777778
1 0.2875 0.2833333333333333 0.01015625 0.016666666666666666
1 0.234765625 0.7430555555555556 0.0109375 0.015277777777777777
1 0.325 0.18263888888888888 0.01328125 0.013888888888888888
1 0.23515625 0.04652777777777778 0.02578125 0.04861111111111111
1 0.162109375 0.1625 0.01953125 0.03194444444444444
1 0.228515625 0.27569444444444446 0.0328125 0.0625
1 0.19765625 0.18263888888888888 0.0234375 0.03611111111111111
1 0.18984375 0.23125 0.02890625 0.044444444444444446
1 0.076171875 0.22708333333333333 0.03203125 0.03888888888888889
1 0.60390625 0.9145833333333333 0.01171875 0.019444444444444445
1 0.54609375 0.9152777777777777 0.01875 0.0375
1 0.495703125 0.9201388888888888 0.02734375 0.044444444444444446
1 0.440234375 0.9694444444444444 0.03515625 0.04861111111111111
1 0.552734375 0.49236111111111114 0.0171875 0.03194444444444444
1 0.512890625 0.5166666666666667 0.01328125 0.02361111111111111
1 0.294921875 0.5673611111111111 0.0125 0.016666666666666666
1 0.2890625 0.6680555555555555 0.025 0.06527777777777778
1 0.2734375 0.6076388888888888 0.01640625 0.029166666666666667
1 0.3515625 0.5493055555555556 0.01015625 0.019444444444444445
1 0.37890625 0.5388888888888889 0.01875 0.03333333333333333
1 0.390625 0.6145833333333334 0.0109375 0.016666666666666666
1 0.372265625 0.5805555555555556 0.0171875 0.034722222222222224
1 0.350390625 0.5951388888888889 0.0203125 0.06527777777777778
1 0.505078125 0.64375 0.0171875 0.027777777777777776
1 0.474609375 0.6069444444444444 0.0265625 0.075
1 0.48515625 0.7256944444444444 0.021875 0.03888888888888889
1 0.423828125 0.7166666666666667 0.0203125 0.03194444444444444
1 0.4484375 0.7833333333333333 0.03984375 0.0763888888888889
1 0.3921875 0.7631944444444444 0.0203125 0.034722222222222224
1 0.365234375 0.8569444444444444 0.02265625 0.07222222222222222
1 0.382421875 0.8180555555555555 0.03203125 0.05
1 0.29765625 0.79375 0.0203125 0.034722222222222224
1 0.2953125 0.8881944444444444 0.01484375 0.02361111111111111
1 0.246875 0.8722222222222222 0.01484375 0.027777777777777776
1 0.285546875 0.9895833333333334 0.0234375 0.020833333333333332
1 0.270703125 0.9548611111111112 0.02578125 0.04722222222222222
1 0.21328125 0.9506944444444444 0.02109375 0.03194444444444444
1 0.159765625 0.8791666666666667 0.015625 0.022222222222222223
1 0.180078125 0.9402777777777778 0.034375 0.06666666666666667
1 0.103125 0.8861111111111111 0.025 0.0625
1 0.059765625 0.7784722222222222 0.0203125 0.041666666666666664
1 0.04765625 0.7388888888888889 0.015625 0.025
1 0.0390625 0.7069444444444445 0.01328125 0.027777777777777776
1 0.079296875 0.70625 0.01875 0.03611111111111111
1 0.142578125 0.5409722222222222 0.01171875 0.015277777777777777
1 0.1953125 0.4756944444444444 0.02578125 0.04027777777777778
1 0.10546875 0.5576388888888889 0.01640625 0.019444444444444445
1 0.09375 0.5215277777777778 0.02109375 0.019444444444444445
1 0.165234375 0.575 0.00859375 0.016666666666666666
1 0.171875 0.5597222222222222 0.0125 0.025
1 0.20234375 0.5416666666666666 0.01328125 0.013888888888888888
1 0.1828125 0.54375 0.0140625 0.02638888888888889
1 0.965625 0.03194444444444444 0.01328125 0.030555555555555555
1 0.9625 0.10486111111111111 0.0140625 0.03611111111111111
1 0.920703125 0.1486111111111111 0.0109375 0.019444444444444445
1 0.8234375 0.2798611111111111 0.00859375 0.013888888888888888
1 0.95390625 0.2701388888888889 0.009375 0.016666666666666666
1 0.9953125 0.5173611111111112 0.009375 0.02638888888888889
1 0.98984375 0.46319444444444446 0.0203125 0.05694444444444444
1 0.84296875 0.6208333333333333 0.2015625 0.28194444444444444
1 0.84609375 0.7993055555555556 0.01484375 0.029166666666666667
1 0.821875 0.7840277777777778 0.01640625 0.05277777777777778
1 0.801171875 0.7944444444444444 0.01796875 0.03194444444444444
1 0.918359375 0.8972222222222223 0.02265625 0.041666666666666664
1 0.918359375 0.8597222222222223 0.01875 0.027777777777777776
1 0.805859375 0.8833333333333333 0.0171875 0.03611111111111111
1 0.74375 0.9659722222222222 0.01171875 0.03194444444444444
1 0.75 0.9395833333333333 0.01875 0.034722222222222224
1 0.671875 0.8819444444444444 0.01640625 0.03194444444444444
1 0.634375 0.9534722222222223 0.0140625 0.030555555555555555
1 0.64765625 0.9041666666666667 0.02265625 0.04583333333333333
1 0.594140625 0.8090277777777778 0.015625 0.041666666666666664
1 0.59140625 0.7715277777777778 0.01328125 0.02638888888888889
1 0.576171875 0.81875 0.021875 0.08333333333333333
1 0.5484375 0.7666666666666667 0.0296875 0.03194444444444444
1 0.636328125 0.7229166666666667 0.0234375 0.0375
1 0.70546875 0.74375 0.0234375 0.058333333333333334
1 0.69140625 0.6305555555555555 0.03359375 0.05555555555555555
1 0.68125 0.6743055555555556 0.04140625 0.06805555555555555
1 0.726953125 0.6270833333333333 0.03046875 0.07083333333333333
1 0.714453125 0.5131944444444444 0.06484375 0.08055555555555556
1 0.68359375 0.5798611111111112 0.0109375 0.022222222222222223
1 0.66484375 0.55625 0.0203125 0.041666666666666664
1 0.616796875 0.4791666666666667 0.01328125 0.030555555555555555
1 0.6734375 0.014583333333333334 0.02578125 0.029166666666666667
1 0.753515625 0.05277777777777778 0.015625 0.02361111111111111
1 0.734375 0.006944444444444444 0.01875 0.013888888888888888
1 0.890234375 0.08888888888888889 0.0234375 0.0375
1 0.8578125 0.10208333333333333 0.01953125 0.02638888888888889
1 0.887890625 0.2 0.04375 0.07083333333333333
1 0.8828125 0.30486111111111114 0.0140625 0.02361111111111111
0 0.08828125 0.9152777777777777 0.1609375 0.16944444444444445
0 0.1078125 0.8048611111111111 0.09921875 0.3902777777777778
0 0.07109375 0.5013888888888889 0.1421875 0.4125
0 0.07734375 0.26319444444444445 0.1546875 0.30694444444444446
0 0.629296875 0.09930555555555555 0.10390625 0.11527777777777778