1 0.87578125 0.8076388888888889 0.03359375 0.08333333333333333
1 0.869140625 0.9118055555555555 0.02265625 0.04722222222222222
1 0.90390625 0.9215277777777777 0.015625 0.030555555555555555
1 0.928125 0.8291666666666667 0.01953125 0.034722222222222224
1 0.945703125 0.8895833333333333 0.0546875 0.05138888888888889
1 0.95078125 0.9840277777777777 0.021875 0.03194444444444444
1 0.94375 0.7715277777777778 0.025 0.044444444444444446
1 0.97890625 0.7777777777777778 0.015625 0.020833333333333332
1 0.89609375 0.7208333333333333 0.02265625 0.04583333333333333
1 0.830859375 0.7277777777777777 0.015625 0.034722222222222224
1 0.85546875 0.6506944444444445 0.03828125 0.059722222222222225
1 0.840234375 0.5513888888888889 0.0234375 0.03888888888888889
1 0.87890625 0.4888888888888889 0.01640625 0.022222222222222223
1 0.877734375 0.5284722222222222 0.0203125 0.0375
1 0.85 0.4895833333333333 0.0171875 0.02361111111111111
1 0.852734375 0.44930555555555557 0.02265625 0.03194444444444444
1 0.87109375 0.3527777777777778 0.0671875 0.0875
1 0.915625 0.37916666666666665 0.01875 0.05277777777777778
1 0.92890625 0.4131944444444444 0.0125 0.020833333333333332
1 0.934375 0.44305555555555554 0.01484375 0.03194444444444444
1 0.936328125 0.5402777777777777 0.0109375 0.02638888888888889
1 0.953125 0.59375 0.0234375 0.029166666666666667
0 0.632421875 0.14722222222222223 0.209375 0.2791666666666667
0 0.648828125 0.07847222222222222 0.0484375 0.15694444444444444
0 0.66875 0.6006944444444444 0.16171875 0.3611111111111111
0 0.659375 0.6243055555555556 0.07265625 0.43472222222222223
0 0.704296875 0.9631944444444445 0.03828125 0.07361111111111111
0 0.665234375 0.8770833333333333 0.1671875 0.2361111111111111
0 0.13984375 0.8368055555555556 0.12578125 0.3263888888888889
0 0.1078125 0.22916666666666666 0.215625 0.24305555555555555
1 0.95703125 0.65 0.01796875 0.03611111111111111
1 0.837890625 0.8090277777777778 0.01171875 0.030555555555555555
1 0.98203125 0.9916666666666667 0.01328125 0.016666666666666666
1 0.77734375 0.5166666666666667 0.01640625 0.027777777777777776
1 0.730859375 0.475 0.01171875 0.022222222222222223
1 0.688671875 0.5972222222222222 0.00703125 0.02361111111111111
1 0.748046875 0.2534722222222222 0.01796875 0.043055555555555555
1 0.755078125 0.31319444444444444 0.021875 0.04722222222222222
1 0.78203125 0.25 0.01015625 0.019444444444444445
1 0.78984375 0.2125 0.021875 0.034722222222222224
1 0.79609375 0.16597222222222222 0.01796875 0.02638888888888889
1 0.8625 0.26319444444444445 0.0359375 0.05
1 0.911328125 0.08888888888888889 0.0203125 0.05138888888888889
1 0.937109375 0.10277777777777777 0.028125 0.05
1 0.9671875 0.19375 0.03515625 0.059722222222222225
1 0.165234375 0.3298611111111111 0.04375 0.058333333333333334
1 0.1859375 0.38472222222222224 0.025 0.0763888888888889
1 0.21328125 0.42291666666666666 0.03203125 0.05277777777777778
1 0.21875 0.3541666666666667 0.015625 0.02638888888888889
1 0.262890625 0.43194444444444446 0.05 0.06666666666666667
1 0.2703125 0.3625 0.0265625 0.05
1 0.223046875 0.2916666666666667 0.021875 0.034722222222222224
1 0.21953125 0.20069444444444445 0.040625 0.043055555555555555
1 0.128515625 0.14444444444444443 0.03125 0.04722222222222222
1 0.1203125 0.03958333333333333 0.0390625 0.06944444444444445
1 0.133984375 0.09652777777777778 0.0125 0.025
1 0.208984375 0.04861111111111111 0.06875 0.09722222222222222
1 0.274609375 0.07152777777777777 0.03125 0.0625
1 0.344921875 0.011111111111111112 0.01328125 0.022222222222222223
1 0.54375 0.13055555555555556 0.05078125 0.05416666666666667
1 0.613671875 0.05486111111111111 0.02578125 0.0625
1 0.5609375 0.011805555555555555 0.01875 0.02361111111111111
1 0.626953125 0.14444444444444443 0.01875 0.02638888888888889
1 0.602734375 0.24861111111111112 0.025 0.06388888888888888
1 0.531640625 0.2548611111111111 0.01328125 0.02361111111111111
1 0.5578125 0.3659722222222222 0.0109375 0.025
1 0.49921875 0.40625 0.02109375 0.03611111111111111
1 0.596484375 0.45625 0.01875 0.02638888888888889
1 0.59140625 0.4041666666666667 0.02109375 0.034722222222222224
1 0.601953125 0.5465277777777777 0.0078125 0.018055555555555554
1 0.6265625 0.6180555555555556 0.0109375 0.043055555555555555
1 0.966015625 0.08402777777777778 0.01796875 0.02638888888888889
1 0.989453125 0.06736111111111111 0.02109375 0.044444444444444446
1 0.86953125 0.10625 0.00703125 0.0125
1 0.707421875 0.07083333333333333 0.0203125 0.04583333333333333
1 0.70859375 0.10486111111111111 0.00703125 0.018055555555555554
1 0.622265625 0.7722222222222223 0.00703125 0.022222222222222223
1 0.476171875 0.6090277777777777 0.01328125 0.041666666666666664
1 0.4953125 0.6069444444444444 0.009375 0.022222222222222223
1 0.505078125 0.6513888888888889 0.01328125 0.019444444444444445
1 0.415625 0.71875 0.00859375 0.015277777777777777
1 0.233203125 0.6826388888888889 0.03515625 0.044444444444444446
1 0.240234375 0.8020833333333334 0.0109375 0.02361111111111111
1 0.262890625 0.8180555555555555 0.03359375 0.12083333333333333
1 0.169140625 0.7909722222222222 0.01796875 0.029166666666666667
1 0.157421875 0.725 0.0109375 0.020833333333333332
1 0.162890625 0.8215277777777777 0.01484375 0.02361111111111111
1 0.282421875 0.99375 0.0125 0.0125
1 0.156640625 0.5798611111111112 0.0234375 0.05416666666666667
1 0.18359375 0.5805555555555556 0.009375 0.019444444444444445
1 0.194140625 0.6125 0.015625 0.02638888888888889
1 0.145703125 0.5222222222222223 0.01171875 0.019444444444444445
1 0.18203125 0.48541666666666666 0.0125 0.02638888888888889
1 0.265625 0.5680555555555555 0.0078125 0.016666666666666666
1 0.117578125 0.36875 0.01171875 0.018055555555555554
1 0.712109375 0.12777777777777777 0.00859375 0.008333333333333333
1 0.98828125 0.3763888888888889 0.0125 0.022222222222222223
1 0.960546875 0.4048611111111111 0.00546875 0.015277777777777777
1 0.959375 0.2791666666666667 0.01484375 0.027777777777777776
1 0.954296875 0.03819444444444445 0.01875 0.030555555555555555
1 0.201953125 0.8791666666666667 0.0109375 0.025
1 0.641015625 0.6298611111111111 0.0171875 0.019444444444444445
1 0.608984375 0.8152777777777778 0.0125 0.03194444444444444
1 0.570703125 0.9569444444444445 0.0234375 0.06388888888888888
1 0.59609375 0.9826388888888888 0.0234375 0.034722222222222224
1 0.49453125 0.9125 0.0125 0.041666666666666664
1 0.51015625 0.94375 0.00859375 0.015277777777777777
1 0.471875 0.9923611111111111 0.0203125 0.015277777777777777
1 0.673046875 0.9333333333333333 0.0265625 0.04722222222222222
1 0.707421875 0.9895833333333334 0.0109375 0.020833333333333332
1 0.7921875 0.9236111111111112 0.0140625 0.02361111111111111