1 0.917578125 0.26666666666666666 0.021875 0.041666666666666664
1 0.776171875 0.3597222222222222 0.021875 0.04027777777777778
1 0.980859375 0.043055555555555555 0.01796875 0.03194444444444444
1 0.820703125 0.4527777777777778 0.01484375 0.03611111111111111
1 0.855859375 0.46319444444444446 0.01796875 0.02638888888888889
1 0.854296875 0.49166666666666664 0.01796875 0.03194444444444444
1 0.82421875 0.5034722222222222 0.01875 0.034722222222222224
1 0.991015625 0.46944444444444444 0.01640625 0.03888888888888889
1 0.8765625 0.5604166666666667 0.0109375 0.015277777777777777
1 0.8265625 0.6027777777777777 0.021875 0.034722222222222224
1 0.897265625 0.7048611111111112 0.01640625 0.034722222222222224
1 0.94609375 0.7923611111111111 0.0203125 0.030555555555555555
1 0.836328125 0.73125 0.0234375 0.04027777777777778
1 0.916015625 0.9381944444444444 0.021875 0.0375
1 0.892578125 0.9618055555555556 0.01875 0.03194444444444444
1 0.666796875 0.5826388888888889 0.01875 0.034722222222222224
1 0.86015625 0.9888888888888889 0.0203125 0.022222222222222223
1 0.844921875 0.9347222222222222 0.01953125 0.029166666666666667
1 0.8359375 0.9027777777777778 0.02109375 0.04027777777777778
1 0.826953125 0.825 0.02734375 0.05277777777777778
1 0.7609375 0.7923611111111111 0.0796875 0.2361111111111111
1 0.69375 0.9430555555555555 0.0171875 0.04027777777777778
1 0.681640625 0.6326388888888889 0.0203125 0.043055555555555555
1 0.645703125 0.5993055555555555 0.0171875 0.025
1 0.348828125 0.7118055555555556 0.02734375 0.07777777777777778
1 0.442578125 0.6701388888888888 0.01796875 0.043055555555555555
1 0.389453125 0.5756944444444444 0.01484375 0.030555555555555555
1 0.2875 0.6194444444444445 0.01875 0.03194444444444444
1 0.1625 0.5340277777777778 0.01875 0.025
0 0.6171875 0.07083333333333333 0.178125 0.14166666666666666
0 0.647265625 0.32708333333333334 0.10703125 0.3125
0 0.621875 0.5659722222222222 0.22578125 0.3736111111111111
0 0.6765625 0.76875 0.11640625 0.4625
0 0.670703125 0.9611111111111111 0.12109375 0.07777777777777778
0 0.13203125 0.14722222222222223 0.14921875 0.16944444444444445
0 0.083984375 0.30694444444444446 0.16796875 0.38333333333333336
0 0.11875 0.8631944444444445 0.2375 0.26666666666666666
0 0.160546875 0.9430555555555555 0.15703125 0.11388888888888889
0 0.111328125 0.6895833333333333 0.1796875 0.30972222222222223
1 0.6390625 0.36180555555555555 0.01484375 0.04583333333333333
1 0.63359375 0.44305555555555554 0.01875 0.04027777777777778
1 0.6703125 0.7201388888888889 0.01875 0.025
1 0.611328125 0.6777777777777778 0.0515625 0.07222222222222222
1 0.273828125 0.9805555555555555 0.0171875 0.034722222222222224
1 0.295703125 0.9777777777777777 0.01796875 0.027777777777777776
1 0.377734375 0.9236111111111112 0.025 0.04027777777777778
1 0.1890625 0.9243055555555556 0.034375 0.059722222222222225
1 0.226953125 0.8819444444444444 0.028125 0.04027777777777778
1 0.11328125 0.6881944444444444 0.0234375 0.04722222222222222
1 0.234375 0.6680555555555555 0.0203125 0.04722222222222222
1 0.28203125 0.7180555555555556 0.0359375 0.06111111111111111
1 0.091015625 0.5159722222222223 0.0296875 0.05416666666666667
1 0.21171875 0.5506944444444445 0.0234375 0.04722222222222222
1 0.246484375 0.45625 0.03046875 0.08472222222222223
1 0.197265625 0.30972222222222223 0.0296875 0.04722222222222222
1 0.265234375 0.25416666666666665 0.0234375 0.0375
1 0.31015625 0.17916666666666667 0.0234375 0.05416666666666667
1 0.2953125 0.20347222222222222 0.0140625 0.027777777777777776
1 0.338671875 0.13333333333333333 0.025 0.04861111111111111
1 0.280078125 0.10902777777777778 0.0203125 0.03611111111111111
1 0.233984375 0.13541666666666666 0.0296875 0.07777777777777778
1 0.147265625 0.03888888888888889 0.02265625 0.04027777777777778
1 0.517578125 0.1597222222222222 0.0171875 0.03611111111111111
1 0.5546875 0.04652777777777778 0.03359375 0.05694444444444444
1 0.596875 0.11666666666666667 0.025 0.05
1 0.571484375 0.19027777777777777 0.025 0.04861111111111111
1 0.6234375 0.19166666666666668 0.02421875 0.030555555555555555
1 0.64453125 0.12569444444444444 0.025 0.043055555555555555
1 0.66953125 0.05763888888888889 0.0265625 0.0625
1 0.668359375 0.2125 0.03984375 0.08888888888888889
1 0.70390625 0.12708333333333333 0.0171875 0.03888888888888889
1 0.715625 0.2708333333333333 0.03046875 0.06527777777777778
1 0.8640625 0.25069444444444444 0.02265625 0.034722222222222224