1 0.58359375 0.28854166666666664 0.025 0.022916666666666665
1 0.23046875 0.32083333333333336 0.0578125 0.05625
1 0.22421875 0.37604166666666666 0.021875 0.022916666666666665
1 0.31171875 0.28854166666666664 0.025 0.029166666666666667
1 0.33359375 0.39375 0.021875 0.027083333333333334
1 0.2375 0.271875 0.0296875 0.016666666666666666
1 0.26953125 0.5885416666666666 0.009375 0.027083333333333334
1 0.42109375 0.78125 0.034375 0.035416666666666666
1 0.4296875 0.840625 0.0171875 0.01875
1 0.5859375 0.8989583333333333 0.021875 0.03958333333333333
1 0.6 0.71875 0.03125 0.03958333333333333
1 0.6171875 0.48125 0.0171875 0.022916666666666665
1 0.45625 0.15520833333333334 0.0203125 0.029166666666666667
1 0.9625 0.34270833333333334 0.025 0.03958333333333333
1 0.31015625 0.18958333333333333 0.0140625 0.01875
1 0.66484375 0.8572916666666667 0.0234375 0.020833333333333332
1 0.9875 0.853125 0.01875 0.022916666666666665
1 0.81640625 0.24166666666666667 0.0171875 0.022916666666666665
1 0.621875 0.11875 0.0203125 0.01875
1 0.41640625 0.37604166666666666 0.0234375 0.022916666666666665
1 0.95625 0.478125 0.0203125 0.029166666666666667
1 0.4890625 0.90625 0.021875 0.016666666666666666
0 0.49921875 0.8114583333333333 0.190625 0.30416666666666664
0 0.43984375 0.575 0.2890625 0.22708333333333333
0 0.44296875 0.22916666666666666 0.353125 0.16041666666666668
0 0.53203125 0.05 0.1390625 0.1