1 0.16015625 0.04513888888888889 0.02265625 0.034722222222222224
1 0.8546875 0.7701388888888889 0.0140625 0.030555555555555555
1 0.57109375 0.7868055555555555 0.021875 0.04027777777777778
1 0.337109375 0.7472222222222222 0.01796875 0.05277777777777778
1 0.430078125 0.7180555555555556 0.0140625 0.02638888888888889
1 0.177734375 0.8493055555555555 0.02109375 0.030555555555555555
1 0.05546875 0.3923611111111111 0.01796875 0.027777777777777776
1 0.93046875 0.7201388888888889 0.01953125 0.03611111111111111
1 0.968359375 0.1638888888888889 0.01484375 0.02638888888888889
1 0.006640625 0.2861111111111111 0.01328125 0.03888888888888889
1 0.938671875 0.3576388888888889 0.01328125 0.030555555555555555
1 0.9484375 0.7986111111111112 0.0140625 0.020833333333333332
1 0.1203125 0.9597222222222223 0.0171875 0.027777777777777776
1 0.480078125 0.42916666666666664 0.01328125 0.034722222222222224
1 0.92109375 0.31527777777777777 0.01015625 0.019444444444444445
1 0.79453125 0.6430555555555556 0.0109375 0.027777777777777776
1 0.698046875 0.8284722222222223 0.00703125 0.022222222222222223
1 0.692578125 0.11319444444444444 0.00859375 0.029166666666666667
1 0.86640625 0.4173611111111111 0.05703125 0.09444444444444444
1 0.953125 0.7277777777777777 0.02734375 0.05277777777777778
1 0.07109375 0.225 0.05 0.1
1 0.703125 0.2361111111111111 0.01875 0.04583333333333333
1 0.015625 0.4534722222222222 0.03125 0.06388888888888888
1 0.340234375 0.48125 0.0453125 0.09861111111111111
1 0.740234375 0.29444444444444445 0.01796875 0.025
1 0.88515625 0.30833333333333335 0.0515625 0.0763888888888889
1 0.0890625 0.05277777777777778 0.0609375 0.08611111111111111
1 0.79375 0.55625 0.0390625 0.04861111111111111
1 0.8265625 0.017361111111111112 0.025 0.034722222222222224
1 0.817578125 0.5152777777777777 0.0390625 0.04722222222222222
1 0.777734375 0.3375 0.02890625 0.03194444444444444
1 0.05546875 0.28125 0.03203125 0.04583333333333333
1 0.567578125 0.1638888888888889 0.03046875 0.0875
1 0.83984375 0.21736111111111112 0.01484375 0.027777777777777776
1 0.219140625 0.1076388888888889 0.0203125 0.04583333333333333
1 0.79140625 0.24583333333333332 0.01640625 0.029166666666666667
1 0.9828125 0.9770833333333333 0.034375 0.04583333333333333
1 0.892578125 0.7138888888888889 0.015625 0.03194444444444444
1 0.832421875 0.31666666666666665 0.02265625 0.0375
1 0.857421875 0.7055555555555556 0.01640625 0.022222222222222223
1 0.87578125 0.04097222222222222 0.0234375 0.0375
1 0.825390625 0.2798611111111111 0.01796875 0.03611111111111111
1 0.98203125 0.03819444444444445 0.0140625 0.022222222222222223
1 0.96015625 0.011111111111111112 0.02734375 0.022222222222222223
1 0.7453125 0.9888888888888889 0.021875 0.022222222222222223
1 0.51640625 0.5444444444444444 0.0125 0.025
1 0.962890625 0.5680555555555555 0.0140625 0.02361111111111111
1 0.99296875 0.06736111111111111 0.0140625 0.0625
1 0.86328125 0.9888888888888889 0.02578125 0.022222222222222223
1 0.562890625 0.018055555555555554 0.04140625 0.03611111111111111
1 0.08515625 0.3958333333333333 0.02265625 0.03194444444444444
1 0.090234375 0.6951388888888889 0.0140625 0.02361111111111111
1 0.017578125 0.5548611111111111 0.03359375 0.04722222222222222
1 0.14375 0.9798611111111111 0.0109375 0.013888888888888888
1 0.598046875 0.07222222222222222 0.0296875 0.0763888888888889
1 0.952734375 0.07777777777777778 0.015625 0.027777777777777776
1 0.793359375 0.12430555555555556 0.0296875 0.05138888888888889
1 0.7421875 0.19375 0.01953125 0.05
1 0.690625 0.38333333333333336 0.01875 0.030555555555555555
1 0.192578125 0.19236111111111112 0.02421875 0.0375
1 0.743359375 0.06458333333333334 0.021875 0.03888888888888889
1 0.93203125 0.19722222222222222 0.02578125 0.044444444444444446
1 0.56484375 0.05486111111111111 0.0234375 0.04027777777777778
1 0.5125 0.73125 0.009375 0.02361111111111111
0 0.6296875 0.8972222222222223 0.16640625 0.20555555555555555
1 0.714453125 0.6034722222222222 0.05859375 0.08611111111111111
0 0.619140625 0.4166666666666667 0.209375 0.30277777777777776
0 0.0796875 0.3277777777777778 0.159375 0.33055555555555555
1 0.58828125 0.6652777777777777 0.02421875 0.044444444444444446
1 0.77578125 0.05763888888888889 0.021875 0.034722222222222224
0 0.125 0.8513888888888889 0.16015625 0.2972222222222222
0 0.659765625 0.15486111111111112 0.13203125 0.30972222222222223
1 0.5921875 0.32569444444444445 0.021875 0.03194444444444444
1 0.64609375 0.6902777777777778 0.021875 0.06666666666666667
0 0.691796875 0.7513888888888889 0.29375 0.24027777777777778
0 0.080078125 0.9277777777777778 0.15 0.14444444444444443
0 0.616015625 0.25069444444444444 0.18203125 0.5013888888888889
0 0.06875 0.11666666666666667 0.1375 0.23333333333333334
1 0.910546875 0.625 0.034375 0.04722222222222222
1 0.936328125 0.47638888888888886 0.04921875 0.06666666666666667
1 0.93046875 0.4152777777777778 0.02734375 0.043055555555555555
1 0.207421875 0.7798611111111111 0.02265625 0.04861111111111111
1 0.2203125 0.91875 0.0375 0.06111111111111111
1 0.009375 0.2388888888888889 0.01875 0.03888888888888889
1 0.13984375 0.08333333333333333 0.01953125 0.03333333333333333
1 0.039453125 0.8236111111111111 0.0375 0.08888888888888889
1 0.246875 0.42569444444444443 0.01796875 0.034722222222222224
1 0.57890625 0.9513888888888888 0.02421875 0.04583333333333333
1 0.071484375 0.9729166666666667 0.02265625 0.05416666666666667
1 0.18828125 0.018055555555555554 0.0265625 0.03611111111111111
1 0.81640625 0.9513888888888888 0.01171875 0.04583333333333333
1 0.26484375 0.14791666666666667 0.0140625 0.034722222222222224
1 0.1796875 0.9027777777777778 0.02265625 0.044444444444444446
1 0.090625 0.4756944444444444 0.02265625 0.03333333333333333
1 0.82109375 0.6965277777777777 0.028125 0.022222222222222223
1 0.200390625 0.5673611111111111 0.040625 0.10833333333333334
1 0.821484375 0.6236111111111111 0.03515625 0.04027777777777778
1 0.4796875 0.027777777777777776 0.0171875 0.02638888888888889
1 0.752734375 0.9472222222222222 0.01484375 0.027777777777777776
1 0.087109375 0.29791666666666666 0.03046875 0.06111111111111111
1 0.16875 0.4409722222222222 0.03515625 0.09722222222222222
1 0.198828125 0.4666666666666667 0.02734375 0.08888888888888889
0 0.111328125 0.5375 0.22265625 0.1736111111111111
1 0.13359375 0.4534722222222222 0.015625 0.03333333333333333
1 0.186328125 0.3458333333333333 0.025 0.0375
1 0.709765625 0.1326388888888889 0.021875 0.0375
1 0.06796875 0.6215277777777778 0.0328125 0.041666666666666664
1 0.050390625 0.9111111111111111 0.025 0.05277777777777778