1 0.848046875 0.9854166666666667 0.01171875 0.016666666666666666
0 0.653515625 0.7986111111111112 0.25 0.15416666666666667
1 0.482421875 0.00625 0.0140625 0.0125
1 0.446875 0.1076388888888889 0.015625 0.02361111111111111
1 0.469140625 0.12638888888888888 0.01328125 0.016666666666666666
1 0.093359375 0.28125 0.0140625 0.03888888888888889
1 0.08984375 0.34097222222222223 0.01953125 0.0375
1 0.48046875 0.7347222222222223 0.015625 0.044444444444444446
1 0.4875 0.6270833333333333 0.0265625 0.059722222222222225
1 0.5453125 0.6666666666666666 0.06015625 0.06527777777777778
1 0.5609375 0.56875 0.02265625 0.04722222222222222
1 0.580078125 0.5826388888888889 0.01484375 0.03888888888888889
1 0.503515625 0.5277777777777778 0.02265625 0.058333333333333334
1 0.5484375 0.4986111111111111 0.02578125 0.03611111111111111
1 0.50234375 0.35625 0.02109375 0.044444444444444446
1 0.442578125 0.33958333333333335 0.0234375 0.0375
1 0.45625 0.36666666666666664 0.009375 0.02361111111111111
1 0.4765625 0.3423611111111111 0.021875 0.025
1 0.46015625 0.31805555555555554 0.00625 0.03194444444444444
1 0.455078125 0.2826388888888889 0.0171875 0.022222222222222223
1 0.416015625 0.3020833333333333 0.01875 0.034722222222222224
1 0.45703125 0.2375 0.021875 0.03611111111111111
1 0.52109375 0.20208333333333334 0.0203125 0.034722222222222224
1 0.55390625 0.1763888888888889 0.01796875 0.04027777777777778
1 0.401171875 0.9569444444444445 0.03046875 0.05
1 0.32578125 0.9118055555555555 0.0140625 0.016666666666666666
1 0.396484375 0.5722222222222222 0.0078125 0.011111111111111112
1 0.63359375 0.21319444444444444 0.03125 0.06666666666666667
1 0.620703125 0.14583333333333334 0.01484375 0.02361111111111111
1 0.632421875 0.16875 0.0109375 0.02361111111111111
1 0.709765625 0.13472222222222222 0.01640625 0.04027777777777778
1 0.6875 0.16805555555555557 0.01484375 0.02361111111111111
1 0.605859375 0.09861111111111111 0.01328125 0.020833333333333332
1 0.629296875 0.05416666666666667 0.015625 0.02638888888888889
1 0.7375 0.022916666666666665 0.02421875 0.04583333333333333
1 0.80625 0.12013888888888889 0.0125 0.019444444444444445
1 0.838671875 0.0875 0.01328125 0.029166666666666667
1 0.715625 0.3326388888888889 0.01171875 0.02361111111111111
1 0.76015625 0.33611111111111114 0.01640625 0.029166666666666667
1 0.7953125 0.27569444444444446 0.01953125 0.030555555555555555
1 0.68359375 0.2763888888888889 0.009375 0.020833333333333332
1 0.641015625 0.4597222222222222 0.034375 0.0375
1 0.63828125 0.39861111111111114 0.01796875 0.019444444444444445
1 0.643359375 0.4270833333333333 0.0125 0.027777777777777776
1 0.44765625 0.5902777777777778 0.00546875 0.009722222222222222
1 0.44453125 0.6951388888888889 0.01171875 0.0125
1 0.567578125 0.7368055555555556 0.01796875 0.027777777777777776
1 0.54375 0.76875 0.01328125 0.019444444444444445
1 0.5171875 0.8368055555555556 0.0171875 0.027777777777777776
1 0.46484375 0.8881944444444444 0.04375 0.07361111111111111
1 0.562109375 0.93125 0.03984375 0.05
1 0.648828125 0.9048611111111111 0.01953125 0.03333333333333333
1 0.644921875 0.975 0.01796875 0.029166666666666667
1 0.721484375 0.9604166666666667 0.015625 0.0375
1 0.787109375 0.9930555555555556 0.01328125 0.013888888888888888
1 0.737890625 0.8756944444444444 0.0234375 0.027777777777777776
1 0.74453125 0.9145833333333333 0.01171875 0.03194444444444444
1 0.753125 0.8868055555555555 0.00859375 0.0125
1 0.73515625 0.825 0.021875 0.044444444444444446
1 0.715234375 0.7909722222222222 0.0203125 0.06111111111111111
1 0.740625 0.7847222222222222 0.01953125 0.034722222222222224
1 0.7828125 0.7159722222222222 0.01484375 0.0375
1 0.8484375 0.6576388888888889 0.01484375 0.020833333333333332
1 0.758984375 0.5770833333333333 0.021875 0.05
1 0.728125 0.6097222222222223 0.0203125 0.029166666666666667
1 0.82890625 0.4979166666666667 0.015625 0.02638888888888889
1 0.876171875 0.5152777777777777 0.0171875 0.030555555555555555
1 0.72109375 0.5097222222222222 0.01796875 0.02638888888888889
1 0.75078125 0.5194444444444445 0.01328125 0.02361111111111111
1 0.82421875 0.4395833333333333 0.0140625 0.034722222222222224
1 0.853515625 0.4375 0.01640625 0.029166666666666667
1 0.625390625 0.6159722222222223 0.02578125 0.03611111111111111
1 0.636328125 0.6673611111111111 0.01796875 0.020833333333333332
1 0.2203125 0.6409722222222223 0.0171875 0.03194444444444444
1 0.14609375 0.6104166666666667 0.025 0.03333333333333333
1 0.19609375 0.5104166666666666 0.03125 0.09166666666666666
1 0.24140625 0.49166666666666664 0.01875 0.05277777777777778
1 0.2375 0.5423611111111111 0.02578125 0.044444444444444446
1 0.26875 0.43472222222222223 0.01328125 0.016666666666666666
1 0.25390625 0.3659722222222222 0.01015625 0.025
1 0.230859375 0.3236111111111111 0.01484375 0.02361111111111111
1 0.1984375 0.2611111111111111 0.02578125 0.04027777777777778
1 0.23828125 0.27847222222222223 0.01640625 0.030555555555555555
1 0.199609375 0.20972222222222223 0.03125 0.04583333333333333
1 0.184375 0.12222222222222222 0.0296875 0.06111111111111111
1 0.20390625 0.1597222222222222 0.01953125 0.0375
1 0.09140625 0.03888888888888889 0.03046875 0.05694444444444444
1 0.069921875 0.05416666666666667 0.0109375 0.022222222222222223
1 0.229296875 0.029861111111111113 0.02734375 0.05138888888888889
1 0.3 0.24930555555555556 0.01875 0.03611111111111111
1 0.351171875 0.32708333333333334 0.0125 0.03611111111111111
1 0.382421875 0.3347222222222222 0.01875 0.0375
1 0.08984375 0.7777777777777778 0.0296875 0.0625
1 0.13203125 0.7 0.04609375 0.058333333333333334
1 0.146484375 0.7423611111111111 0.021875 0.03194444444444444
1 0.1296875 0.7590277777777777 0.0078125 0.011111111111111112
1 0.158984375 0.7229166666666667 0.01171875 0.019444444444444445
1 0.090234375 0.6972222222222222 0.01015625 0.013888888888888888
1 0.096875 0.9048611111111111 0.00859375 0.015277777777777777
1 0.23828125 0.8784722222222222 0.01171875 0.025
1 0.99609375 0.6194444444444445 0.0078125 0.02361111111111111
1 0.99453125 0.44930555555555557 0.0109375 0.016666666666666666
1 0.4328125 0.02361111111111111 0.0203125 0.02638888888888889
1 0.516015625 0.06180555555555556 0.0078125 0.0125
0 0.167578125 0.9444444444444444 0.03046875 0.1111111111111111
0 0.16796875 0.8465277777777778 0.1546875 0.30694444444444446
0 0.177734375 0.6465277777777778 0.225 0.35555555555555557
0 0.089453125 0.29930555555555555 0.17890625 0.5986111111111111
0 0.091015625 0.20347222222222222 0.18203125 0.1375
0 0.12578125 0.0875 0.084375 0.175
0 0.714453125 0.0798611111111111 0.2984375 0.1597222222222222
0 0.69453125 0.32222222222222224 0.15 0.275
0 0.68046875 0.6097222222222223 0.1515625 0.5152777777777777
1 0.9890625 0.9819444444444444 0.021875 0.03611111111111111
1 0.400390625 0.60625 0.021875 0.03333333333333333
1 0.42734375 0.5618055555555556 0.01953125 0.03333333333333333
1 0.40859375 0.6555555555555556 0.01953125 0.044444444444444446
1 0.3484375 0.6381944444444444 0.0171875 0.02361111111111111
1 0.45234375 0.625 0.03203125 0.041666666666666664
1 0.436328125 0.6527777777777778 0.0140625 0.029166666666666667
1 0.424609375 0.7027777777777777 0.02734375 0.0625