0 0.621484375 0.6805555555555556 0.22578125 0.34444444444444444
0 0.730078125 0.8604166666666667 0.1171875 0.2791666666666667
0 0.0859375 0.9347222222222222 0.14609375 0.13055555555555556
0 0.088671875 0.7729166666666667 0.17734375 0.39305555555555555
1 0.1578125 0.9097222222222222 0.02421875 0.03611111111111111
1 0.9421875 0.7013888888888888 0.0125 0.016666666666666666
1 0.5453125 0.23402777777777778 0.0359375 0.08888888888888889
1 0.566796875 0.16111111111111112 0.02421875 0.05277777777777778
0 0.094140625 0.5715277777777777 0.14375 0.47638888888888886
0 0.071484375 0.3729166666666667 0.14296875 0.3958333333333333
0 0.108984375 0.06527777777777778 0.21796875 0.13055555555555556
1 0.22421875 0.8819444444444444 0.01484375 0.019444444444444445
1 0.2015625 0.8826388888888889 0.02109375 0.03888888888888889
1 0.187109375 0.8243055555555555 0.02421875 0.034722222222222224
1 0.101953125 0.7604166666666666 0.0203125 0.04722222222222222
1 0.149609375 0.5597222222222222 0.01328125 0.020833333333333332
1 0.146484375 0.4708333333333333 0.01796875 0.03611111111111111
1 0.20546875 0.45416666666666666 0.059375 0.07361111111111111
1 0.198828125 0.32569444444444445 0.028125 0.05277777777777778
1 0.117578125 0.25972222222222224 0.01171875 0.034722222222222224
1 0.08984375 0.26875 0.02109375 0.03333333333333333
1 0.14453125 0.16666666666666666 0.009375 0.02361111111111111
1 0.594921875 0.1909722222222222 0.01171875 0.02361111111111111
1 0.603515625 0.14027777777777778 0.0203125 0.034722222222222224
1 0.677734375 0.1673611111111111 0.0203125 0.027777777777777776
1 0.69453125 0.21736111111111112 0.01328125 0.027777777777777776
1 0.727734375 0.21388888888888888 0.0328125 0.05138888888888889
1 0.758984375 0.19305555555555556 0.0140625 0.016666666666666666
1 0.803125 0.19236111111111112 0.02109375 0.03888888888888889
1 0.81953125 0.2125 0.01484375 0.029166666666666667
1 0.799609375 0.14652777777777778 0.01484375 0.030555555555555555
1 0.764453125 0.08263888888888889 0.028125 0.059722222222222225
1 0.71015625 0.10555555555555556 0.03125 0.07361111111111111
1 0.721484375 0.034027777777777775 0.04296875 0.06805555555555555
1 0.505078125 0.04375 0.01640625 0.04722222222222222
1 0.4625 0.14027777777777778 0.015625 0.02361111111111111
1 0.43046875 0.16597222222222222 0.0140625 0.025
1 0.444921875 0.17152777777777778 0.01640625 0.019444444444444445
1 0.47265625 0.1798611111111111 0.01640625 0.020833333333333332
1 0.209375 0.12083333333333333 0.0375 0.07916666666666666
1 0.116015625 0.20625 0.0328125 0.07222222222222222
1 0.03828125 0.15486111111111112 0.01484375 0.02361111111111111
1 0.078125 0.8409722222222222 0.00859375 0.022222222222222223
1 0.122265625 0.6138888888888889 0.0078125 0.016666666666666666
1 0.39140625 0.4395833333333333 0.0203125 0.03333333333333333
1 0.427734375 0.42986111111111114 0.021875 0.041666666666666664
1 0.404296875 0.39444444444444443 0.0078125 0.013888888888888888
1 0.469140625 0.3486111111111111 0.01484375 0.03333333333333333
1 0.46484375 0.4013888888888889 0.009375 0.018055555555555554
1 0.458984375 0.46111111111111114 0.02265625 0.03888888888888889
1 0.47578125 0.48541666666666666 0.0140625 0.03888888888888889
1 0.493359375 0.4708333333333333 0.01484375 0.03888888888888889
1 0.452734375 0.5215277777777778 0.01953125 0.03888888888888889
1 0.46796875 0.5916666666666667 0.02421875 0.05277777777777778
1 0.49140625 0.6 0.01171875 0.022222222222222223
1 0.503125 0.6166666666666667 0.01171875 0.022222222222222223
1 0.522265625 0.6368055555555555 0.021875 0.05555555555555555
1 0.544921875 0.6215277777777778 0.025 0.04722222222222222
1 0.561328125 0.64375 0.0296875 0.03888888888888889
1 0.518359375 0.575 0.02578125 0.03611111111111111
1 0.543359375 0.5326388888888889 0.01796875 0.030555555555555555
1 0.53046875 0.5506944444444445 0.01015625 0.015277777777777777
1 0.565625 0.7569444444444444 0.034375 0.0875
1 0.594140625 0.7611111111111111 0.02421875 0.041666666666666664
1 0.60234375 0.8104166666666667 0.02578125 0.06527777777777778
1 0.508984375 0.7791666666666667 0.0234375 0.041666666666666664
1 0.4296875 0.7708333333333334 0.03125 0.06527777777777778
1 0.4765625 0.8659722222222223 0.01640625 0.03611111111111111
1 0.508203125 0.9118055555555555 0.021875 0.04861111111111111
1 0.462890625 0.9263888888888889 0.021875 0.0375
1 0.498828125 0.9597222222222223 0.01640625 0.04027777777777778
1 0.680078125 0.8625 0.015625 0.05138888888888889
1 0.723828125 0.8659722222222223 0.02578125 0.04583333333333333
1 0.804296875 0.8895833333333333 0.0359375 0.05416666666666667
1 0.887109375 0.9270833333333334 0.0484375 0.059722222222222225
1 0.92890625 0.8881944444444444 0.0234375 0.04722222222222222
1 0.873046875 0.7444444444444445 0.021875 0.05138888888888889
1 0.919921875 0.7541666666666667 0.01796875 0.025
1 0.533984375 0.18958333333333333 0.01171875 0.019444444444444445
1 0.8296875 0.5701388888888889 0.053125 0.11666666666666667
1 0.784765625 0.6173611111111111 0.03671875 0.05416666666666667
1 0.805859375 0.6659722222222222 0.015625 0.030555555555555555
1 0.7203125 0.7027777777777777 0.0140625 0.03194444444444444
1 0.7203125 0.7402777777777778 0.021875 0.03888888888888889
1 0.9609375 0.5743055555555555 0.01796875 0.03333333333333333
1 0.894921875 0.4305555555555556 0.02265625 0.04583333333333333
1 0.758203125 0.3875 0.02265625 0.044444444444444446
1 0.751171875 0.47152777777777777 0.01875 0.02638888888888889
1 0.652734375 0.5756944444444444 0.02109375 0.06388888888888888
1 0.676171875 0.6493055555555556 0.015625 0.041666666666666664
1 0.546875 0.3638888888888889 0.01875 0.030555555555555555
1 0.8296875 0.28055555555555556 0.0203125 0.041666666666666664
1 0.7859375 0.32222222222222224 0.0234375 0.04722222222222222
1 0.96953125 0.24097222222222223 0.0265625 0.08472222222222223
1 0.96796875 0.1451388888888889 0.028125 0.09166666666666666
1 0.933203125 0.45694444444444443 0.0171875 0.018055555555555554
1 0.8140625 0.43194444444444446 0.0109375 0.022222222222222223
1 0.244921875 0.7402777777777778 0.0109375 0.020833333333333332
1 0.26484375 0.7458333333333333 0.0078125 0.02361111111111111
1 0.0765625 0.3034722222222222 0.01953125 0.025
1 0.069140625 0.08888888888888889 0.015625 0.022222222222222223
1 0.803125 0.2604166666666667 0.015625 0.016666666666666666
0 0.666796875 0.05277777777777778 0.03671875 0.10555555555555556
0 0.66875 0.37916666666666665 0.08828125 0.13333333333333333
0 0.641015625 0.20972222222222223 0.13046875 0.3194444444444444