1 0.8328125 0.9489583333333333 0.0390625 0.03125
0 0.6859375 0.5645833333333333 0.571875 0.31875
0 0.65625 0.7833333333333333 0.28125 0.22083333333333333
0 0.6453125 0.9635416666666666 0.2765625 0.07291666666666667
0 0.6703125 0.20104166666666667 0.3953125 0.3625
0 0.63359375 0.06770833333333333 0.053125 0.13541666666666666
1 0.28671875 0.06875 0.03125 0.035416666666666666
1 0.3265625 0.11770833333333333 0.03125 0.04375
1 0.396875 0.06458333333333334 0.040625 0.03125
1 0.4109375 0.15520833333333334 0.0640625 0.1
1 0.540625 0.19270833333333334 0.0296875 0.0375
1 0.5921875 0.125 0.03125 0.0375
1 0.53203125 0.271875 0.0859375 0.07291666666666667
1 0.61171875 0.228125 0.0125 0.022916666666666665
1 0.68984375 0.2677083333333333 0.0625 0.05416666666666667
1 0.425 0.28125 0.0234375 0.03333333333333333
1 0.41875 0.33541666666666664 0.0421875 0.041666666666666664
1 0.425 0.37916666666666665 0.0265625 0.03125
1 0.46171875 0.38229166666666664 0.0421875 0.027083333333333334
1 0.521875 0.46145833333333336 0.0359375 0.05
1 0.390625 0.4427083333333333 0.03125 0.03333333333333333
1 0.3140625 0.41041666666666665 0.034375 0.0375
1 0.39453125 0.36770833333333336 0.025 0.035416666666666666
1 0.16640625 0.31354166666666666 0.0234375 0.03333333333333333
1 0.28671875 0.5427083333333333 0.0375 0.04791666666666667
1 0.32109375 0.603125 0.0265625 0.029166666666666667
1 0.221875 0.621875 0.0484375 0.03958333333333333
1 0.328125 0.6770833333333334 0.0859375 0.05625
1 0.40546875 0.6572916666666667 0.0578125 0.07083333333333333
1 0.409375 0.7416666666666667 0.0296875 0.0375
1 0.46796875 0.6739583333333333 0.059375 0.052083333333333336
1 0.48125 0.6291666666666667 0.034375 0.03125
1 0.45625 0.5583333333333333 0.053125 0.058333333333333334
1 0.51875 0.60625 0.0140625 0.014583333333333334
1 0.53828125 0.6520833333333333 0.0359375 0.06875
1 0.61484375 0.5989583333333334 0.090625 0.09375
1 0.3671875 0.7572916666666667 0.0296875 0.03958333333333333
1 0.30546875 0.8114583333333333 0.034375 0.041666666666666664
1 0.3140625 0.8625 0.0296875 0.035416666666666666
1 0.15 0.8635416666666667 0.05 0.05625
1 0.38828125 0.890625 0.040625 0.041666666666666664
1 0.45390625 0.8677083333333333 0.046875 0.06666666666666667
1 0.5203125 0.8239583333333333 0.01875 0.025
1 0.51015625 0.9395833333333333 0.028125 0.03333333333333333
1 0.36640625 0.9708333333333333 0.0421875 0.04583333333333333
1 0.53984375 0.9645833333333333 0.0390625 0.05
1 0.603125 0.790625 0.08125 0.07291666666666667
1 0.671875 0.7802083333333333 0.01875 0.025
1 0.69765625 0.7875 0.025 0.022916666666666665
1 0.79296875 0.878125 0.053125 0.058333333333333334
1 0.778125 0.9302083333333333 0.028125 0.035416666666666666
1 0.7875 0.6833333333333333 0.05 0.06875
1 0.83828125 0.6072916666666667 0.040625 0.05625
1 0.88359375 0.5947916666666667 0.05625 0.07708333333333334
1 0.78125 0.5541666666666667 0.0796875 0.04791666666666667
1 0.81484375 0.5729166666666666 0.0234375 0.020833333333333332
1 0.6765625 0.5364583333333334 0.0171875 0.014583333333333334
1 0.85390625 0.8114583333333333 0.0171875 0.029166666666666667
1 0.89375 0.7666666666666667 0.0109375 0.020833333333333332
1 0.9296875 0.853125 0.0125 0.016666666666666666
1 0.9921875 0.98125 0.015625 0.0375
1 0.909375 0.7541666666666667 0.0140625 0.01875
1 0.98203125 0.7166666666666667 0.0359375 0.06458333333333334
1 0.98828125 0.46770833333333334 0.0234375 0.04791666666666667
1 0.95703125 0.41458333333333336 0.0296875 0.06041666666666667
1 0.9046875 0.38333333333333336 0.03125 0.04583333333333333
1 0.840625 0.35208333333333336 0.0359375 0.04375
1 0.7828125 0.32083333333333336 0.0203125 0.0375
1 0.70703125 0.4083333333333333 0.0484375 0.08541666666666667
1 0.63828125 0.4322916666666667 0.021875 0.03125
1 0.65234375 0.4083333333333333 0.0203125 0.029166666666666667
1 0.6703125 0.39895833333333336 0.021875 0.022916666666666665
1 0.7671875 0.2125 0.009375 0.025
1 0.92578125 0.26145833333333335 0.1484375 0.15833333333333333
1 0.99296875 0.121875 0.0140625 0.027083333333333334
1 0.8734375 0.103125 0.0375 0.05625
1 0.775 0.115625 0.075 0.07083333333333333
1 0.66953125 0.12916666666666668 0.01875 0.025
1 0.70234375 0.06041666666666667 0.0109375 0.022916666666666665
1 0.72890625 0.017708333333333333 0.0109375 0.0125
1 0.7734375 0.026041666666666668 0.0640625 0.052083333333333336
1 0.94609375 0.016666666666666666 0.0359375 0.03333333333333333
1 0.9875 0.03125 0.0109375 0.029166666666666667
1 0.04140625 0.3697916666666667 0.0203125 0.020833333333333332
1 0.15078125 0.4479166666666667 0.0125 0.020833333333333332
1 0.24609375 0.365625 0.0203125 0.0375
1 0.28203125 0.3541666666666667 0.0171875 0.014583333333333334
1 0.0859375 0.08333333333333333 0.03125 0.03125
1 0.1515625 0.09166666666666666 0.015625 0.022916666666666665
1 0.0515625 0.11770833333333333 0.025 0.04375
1 0.396875 0.013541666666666667 0.03125 0.027083333333333334
1 0.63515625 0.6979166666666666 0.0203125 0.027083333333333334
1 0.01796875 0.915625 0.0296875 0.025