1 0.206640625 0.6472222222222223 0.01171875 0.0375
1 0.200390625 0.6729166666666667 0.0203125 0.025
1 0.101171875 0.7534722222222222 0.01875 0.030555555555555555
1 0.297265625 0.7597222222222222 0.01796875 0.027777777777777776
1 0.3078125 0.7194444444444444 0.0109375 0.03333333333333333
1 0.315234375 0.7520833333333333 0.0109375 0.020833333333333332
1 0.311328125 0.5222222222222223 0.009375 0.019444444444444445
1 0.394921875 0.07013888888888889 0.01484375 0.022222222222222223
1 0.48046875 0.011805555555555555 0.02890625 0.02361111111111111
1 0.609375 0.13125 0.02109375 0.020833333333333332
1 0.587890625 0.15555555555555556 0.025 0.041666666666666664
1 0.57890625 0.22916666666666666 0.0453125 0.10555555555555556
1 0.584375 0.30694444444444446 0.0171875 0.03194444444444444
1 0.589453125 0.3576388888888889 0.02109375 0.03888888888888889
1 0.485546875 0.39791666666666664 0.01484375 0.016666666666666666
1 0.5953125 0.54375 0.02734375 0.07916666666666666
1 0.60390625 0.6159722222222223 0.0078125 0.02361111111111111
1 0.5984375 0.6298611111111111 0.00703125 0.011111111111111112
1 0.51796875 0.5819444444444445 0.00703125 0.011111111111111112
1 0.56796875 0.7736111111111111 0.00859375 0.011111111111111112
1 0.58046875 0.9833333333333333 0.0265625 0.03333333333333333
1 0.47421875 0.9659722222222222 0.03125 0.041666666666666664
1 0.71015625 0.4930555555555556 0.0140625 0.02638888888888889
1 0.753125 0.5215277777777778 0.01796875 0.03333333333333333
1 0.73046875 0.5388888888888889 0.01875 0.029166666666666667
1 0.729296875 0.6055555555555555 0.015625 0.044444444444444446
1 0.7765625 0.7256944444444444 0.01796875 0.0375
1 0.821875 0.7708333333333334 0.015625 0.02361111111111111
1 0.844140625 0.7756944444444445 0.01484375 0.03333333333333333
1 0.86875 0.7451388888888889 0.0171875 0.041666666666666664
1 0.9015625 0.7222222222222222 0.0203125 0.03888888888888889
1 0.824609375 0.8402777777777778 0.01640625 0.041666666666666664
1 0.8796875 0.8256944444444444 0.03125 0.04722222222222222
1 0.955078125 0.7951388888888888 0.01640625 0.0375
1 0.96484375 0.8319444444444445 0.0109375 0.019444444444444445
1 0.843359375 0.8854166666666666 0.01640625 0.04583333333333333
1 0.8734375 0.9638888888888889 0.0109375 0.03888888888888889
1 0.801171875 0.9458333333333333 0.00703125 0.013888888888888888
1 0.98671875 0.9694444444444444 0.02578125 0.043055555555555555
1 0.995703125 0.8708333333333333 0.00859375 0.041666666666666664
1 0.859375 0.46041666666666664 0.0171875 0.03611111111111111
1 0.859765625 0.5104166666666666 0.02734375 0.06111111111111111
1 0.76328125 0.3590277777777778 0.01953125 0.030555555555555555
1 0.8078125 0.3423611111111111 0.02421875 0.04583333333333333
1 0.8296875 0.2847222222222222 0.0234375 0.05138888888888889
1 0.694140625 0.27361111111111114 0.0171875 0.03333333333333333
1 0.63828125 0.05138888888888889 0.01640625 0.05694444444444444
1 0.678515625 0.06527777777777778 0.0125 0.0375
1 0.6171875 0.05347222222222222 0.0078125 0.019444444444444445
1 0.712890625 0.015277777777777777 0.01875 0.029166666666666667
1 0.74765625 0.011805555555555555 0.01875 0.02361111111111111
1 0.783984375 0.002777777777777778 0.01171875 0.005555555555555556
1 0.85859375 0.035416666666666666 0.03515625 0.04861111111111111
1 0.900390625 0.09722222222222222 0.01640625 0.02361111111111111
1 0.93203125 0.08055555555555556 0.02265625 0.05277777777777778
1 0.941796875 0.021527777777777778 0.0234375 0.043055555555555555
1 0.96171875 0.06666666666666667 0.0125 0.015277777777777777
1 0.9625 0.1 0.02890625 0.04027777777777778
1 0.909765625 0.15416666666666667 0.02421875 0.058333333333333334
1 0.985546875 0.1625 0.0171875 0.029166666666666667
1 0.801953125 0.41944444444444445 0.01328125 0.022222222222222223
1 0.686328125 0.9277777777777778 0.009375 0.025
1 0.72578125 0.6625 0.0046875 0.008333333333333333
0 0.090625 0.09652777777777778 0.18125 0.19166666666666668
0 0.084375 0.2125 0.16875 0.28888888888888886
0 0.097265625 0.44583333333333336 0.19453125 0.34444444444444444
0 0.11953125 0.8020833333333334 0.084375 0.3638888888888889
0 0.108984375 0.9208333333333333 0.11484375 0.15833333333333333
0 0.644140625 0.9847222222222223 0.03515625 0.030555555555555555
0 0.650390625 0.8402777777777778 0.09765625 0.3194444444444444
0 0.61328125 0.6159722222222223 0.25625 0.3861111111111111
0 0.683203125 0.34305555555555556 0.15390625 0.47638888888888886
0 0.688671875 0.14027777777777778 0.1375 0.28055555555555556
1 0.142578125 0.02638888888888889 0.03203125 0.04722222222222222
1 0.2328125 0.075 0.01796875 0.058333333333333334
1 0.358984375 0.10347222222222222 0.015625 0.027777777777777776
1 0.333203125 0.18194444444444444 0.01328125 0.030555555555555555
1 0.222265625 0.22152777777777777 0.01640625 0.043055555555555555
1 0.183203125 0.2777777777777778 0.01171875 0.022222222222222223
1 0.10546875 0.06597222222222222 0.0125 0.018055555555555554
1 0.169140625 0.14375 0.015625 0.027777777777777776
1 0.096484375 0.36944444444444446 0.015625 0.030555555555555555
1 0.1234375 0.4215277777777778 0.0375 0.058333333333333334
1 0.20625 0.48819444444444443 0.025 0.05
1 0.047265625 0.44375 0.01015625 0.02638888888888889