1 0.8109375 0.3923611111111111 0.01328125 0.025
1 0.1125 0.3368055555555556 0.01875 0.03194444444444444
1 0.783203125 0.4083333333333333 0.01484375 0.022222222222222223
1 0.888671875 0.08888888888888889 0.01875 0.0375
1 0.844140625 0.5513888888888889 0.0125 0.019444444444444445
1 0.637890625 0.8840277777777777 0.01171875 0.03194444444444444
1 0.428125 0.425 0.00859375 0.018055555555555554
1 0.493359375 0.6590277777777778 0.00859375 0.02361111111111111
1 0.16953125 0.9131944444444444 0.01796875 0.030555555555555555
1 0.149609375 0.5145833333333333 0.0171875 0.0375
1 0.385546875 0.21458333333333332 0.06328125 0.09027777777777778
1 0.5828125 0.10972222222222222 0.01015625 0.019444444444444445
1 0.844921875 0.00625 0.0109375 0.0125
1 0.611328125 0.1875 0.0125 0.025
1 0.96953125 0.9875 0.02578125 0.025
1 0.4828125 0.46597222222222223 0.01484375 0.02361111111111111
0 0.60390625 0.9013888888888889 0.08515625 0.19583333333333333
1 0.116015625 0.00625 0.01640625 0.0125
1 0.83203125 0.7888888888888889 0.015625 0.029166666666666667
1 0.91796875 0.35625 0.01484375 0.027777777777777776
1 0.548828125 0.9638888888888889 0.0140625 0.02361111111111111
1 0.53046875 0.21597222222222223 0.01171875 0.019444444444444445
1 0.207421875 0.15416666666666667 0.01484375 0.022222222222222223
1 0.680859375 0.5826388888888889 0.0125 0.020833333333333332
1 0.22421875 0.26875 0.01328125 0.02361111111111111
1 0.51953125 0.30416666666666664 0.0125 0.029166666666666667
1 0.242578125 0.8902777777777777 0.0140625 0.03194444444444444
1 0.112109375 0.6215277777777778 0.02109375 0.034722222222222224
0 0.977734375 0.9541666666666667 0.04453125 0.06805555555555555
1 0.53515625 0.7875 0.0125 0.025
1 0.55703125 0.2881944444444444 0.021875 0.05
1 0.691796875 0.1798611111111111 0.01875 0.03333333333333333
1 0.629296875 0.7895833333333333 0.02265625 0.04027777777777778
1 0.196875 0.9347222222222222 0.015625 0.030555555555555555
1 0.961328125 0.75 0.0140625 0.030555555555555555
1 0.78671875 0.23194444444444445 0.02109375 0.04583333333333333
1 0.222265625 0.8444444444444444 0.021875 0.04027777777777778
1 0.98828125 0.18611111111111112 0.0234375 0.05694444444444444
1 0.867578125 0.43333333333333335 0.0234375 0.05416666666666667
1 0.1625 0.6152777777777778 0.03046875 0.0625
1 0.60859375 0.5694444444444444 0.01875 0.029166666666666667
0 0.64765625 0.06041666666666667 0.19296875 0.12083333333333333
1 0.91640625 0.7777777777777778 0.03125 0.05
1 0.987890625 0.2604166666666667 0.02421875 0.05138888888888889
1 0.6484375 0.85 0.0140625 0.02361111111111111
1 0.958203125 0.017361111111111112 0.0140625 0.02361111111111111
1 0.751953125 0.9798611111111111 0.0234375 0.03611111111111111
1 0.13125 0.30625 0.02734375 0.04583333333333333
1 0.98671875 0.08888888888888889 0.0265625 0.05277777777777778
1 0.905078125 0.48680555555555555 0.02890625 0.06111111111111111
1 0.992578125 0.5854166666666667 0.01484375 0.04583333333333333
1 0.823046875 0.24166666666666667 0.01953125 0.03888888888888889
1 0.19765625 0.5902777777777778 0.0265625 0.04583333333333333
0 0.616796875 0.2652777777777778 0.22734375 0.21805555555555556
1 0.233203125 0.4173611111111111 0.0140625 0.03194444444444444
1 0.901953125 0.25277777777777777 0.028125 0.04027777777777778
1 0.737890625 0.3034722222222222 0.03984375 0.10555555555555556
1 0.9171875 0.8298611111111112 0.02578125 0.041666666666666664
1 0.1671875 0.8104166666666667 0.03671875 0.0875
1 0.8296875 0.9277777777777778 0.02109375 0.05416666666666667
1 0.5984375 0.9826388888888888 0.02109375 0.03194444444444444
1 0.694921875 0.7090277777777778 0.03359375 0.059722222222222225
1 0.072265625 0.7444444444444445 0.02578125 0.0625
1 0.542578125 0.8694444444444445 0.025 0.06388888888888888
1 0.74609375 0.6701388888888888 0.02109375 0.03333333333333333
1 0.96953125 0.31527777777777777 0.02890625 0.05138888888888889
1 0.12890625 0.7152777777777778 0.01875 0.03888888888888889
0 0.0625 0.3347222222222222 0.12265625 0.1986111111111111
1 0.672265625 0.07291666666666667 0.015625 0.029166666666666667
1 0.4859375 0.7291666666666666 0.02421875 0.041666666666666664
1 0.390625 0.8284722222222223 0.0125 0.03194444444444444
1 0.034375 0.3472222222222222 0.0171875 0.04722222222222222
1 0.129296875 0.4847222222222222 0.034375 0.04027777777777778
1 0.18359375 0.4736111111111111 0.021875 0.04027777777777778
0 0.10078125 0.425 0.2015625 0.23194444444444445
1 0.944140625 0.4527777777777778 0.06875 0.08611111111111111
1 0.6421875 0.6847222222222222 0.03046875 0.058333333333333334
1 0.744140625 0.17291666666666666 0.040625 0.08611111111111111
1 0.067578125 0.4083333333333333 0.0328125 0.10833333333333334
0 0.628515625 0.7895833333333333 0.1671875 0.42083333333333334
1 0.939453125 0.1951388888888889 0.0296875 0.044444444444444446
0 0.05859375 0.1326388888888889 0.1171875 0.2652777777777778
0 0.07890625 0.8645833333333334 0.0828125 0.2708333333333333
0 0.58515625 0.5208333333333334 0.10546875 0.49583333333333335
1 0.075 0.5694444444444444 0.02578125 0.0375
1 0.81875 0.05 0.01953125 0.029166666666666667
1 0.31875 0.40555555555555556 0.0203125 0.06388888888888888
1 0.85078125 0.1763888888888889 0.02109375 0.05
1 0.937109375 0.9243055555555556 0.02578125 0.05138888888888889
1 0.15859375 0.0763888888888889 0.015625 0.0375
1 0.21875 0.45208333333333334 0.0203125 0.04027777777777778
1 0.007421875 0.3972222222222222 0.01484375 0.04861111111111111
1 0.091015625 0.9291666666666667 0.01796875 0.05555555555555555
1 0.688671875 0.22152777777777777 0.021875 0.03611111111111111
1 0.905859375 0.025694444444444443 0.0203125 0.029166666666666667
1 0.56640625 0.75625 0.01171875 0.03888888888888889
1 0.99296875 0.45416666666666666 0.0140625 0.03888888888888889
1 0.110546875 0.8402777777777778 0.0109375 0.019444444444444445
1 0.64921875 0.14305555555555555 0.0171875 0.0375
1 0.887109375 0.15625 0.0203125 0.03194444444444444
1 0.0046875 0.06527777777777778 0.009375 0.041666666666666664
1 0.18984375 0.23125 0.01171875 0.025
1 0.60546875 0.5388888888888889 0.0203125 0.044444444444444446