1 0.52421875 0.009375 0.015625 0.01875
1 0.375 0.7270833333333333 0.0203125 0.014583333333333334
1 0.37734375 0.7677083333333333 0.0109375 0.010416666666666666
1 0.26328125 0.784375 0.009375 0.016666666666666666
1 0.1640625 0.7458333333333333 0.0140625 0.014583333333333334
1 0.17734375 0.61875 0.009375 0.014583333333333334
1 0.18828125 0.6229166666666667 0.00625 0.022916666666666665
1 0.2671875 0.534375 0.025 0.04583333333333333
1 0.2359375 0.5083333333333333 0.021875 0.03333333333333333
1 0.26171875 0.49166666666666664 0.0171875 0.035416666666666666
1 0.2328125 0.24375 0.0140625 0.01875
1 0.31171875 0.28229166666666666 0.0078125 0.016666666666666666
1 0.34609375 0.28229166666666666 0.0109375 0.010416666666666666
1 0.15703125 0.9375 0.0203125 0.01875
1 0.003125 0.5260416666666666 0.00625 0.008333333333333333
1 0.73359375 0.7427083333333333 0.0421875 0.058333333333333334
1 0.77421875 0.775 0.025 0.01875
1 0.67421875 0.8083333333333333 0.028125 0.04791666666666667
1 0.70078125 0.8177083333333334 0.015625 0.016666666666666666
1 0.73359375 0.834375 0.028125 0.027083333333333334
1 0.69921875 0.8322916666666667 0.015625 0.016666666666666666
1 0.70625 0.8020833333333334 0.028125 0.029166666666666667
1 0.84140625 0.8197916666666667 0.01875 0.03125
1 0.8484375 0.8979166666666667 0.025 0.029166666666666667
1 0.7640625 0.9427083333333334 0.0140625 0.014583333333333334
1 0.73671875 0.9927083333333333 0.015625 0.014583333333333334
1 0.96171875 0.9739583333333334 0.0125 0.014583333333333334
1 0.99140625 0.96875 0.0171875 0.03333333333333333
1 0.9953125 0.9447916666666667 0.003125 0.010416666666666666
1 0.4953125 0.7697916666666667 0.0328125 0.06041666666666667
1 0.56953125 0.9541666666666667 0.0203125 0.05416666666666667
1 0.6234375 0.96875 0.0390625 0.041666666666666664
1 0.33125 0.9572916666666667 0.171875 0.08333333333333333
1 0.22109375 0.8864583333333333 0.04375 0.04583333333333333
1 0.22890625 0.7947916666666667 0.0171875 0.022916666666666665
1 0.75625 0.7083333333333334 0.03125 0.04583333333333333
1 0.7203125 0.734375 0.0140625 0.016666666666666666
1 0.69453125 0.71875 0.05 0.058333333333333334
1 0.9375 0.6458333333333334 0.0078125 0.029166666666666667
1 0.9203125 0.7010416666666667 0.0375 0.05
1 0.825 0.684375 0.040625 0.041666666666666664
1 0.76640625 0.684375 0.034375 0.0375
1 0.7390625 0.671875 0.0203125 0.04375
1 0.7640625 0.653125 0.01875 0.022916666666666665
1 0.75 0.628125 0.0203125 0.03125
1 0.72265625 0.6166666666666667 0.0296875 0.03333333333333333
1 0.7625 0.6 0.0171875 0.05
1 0.74296875 0.6 0.0234375 0.029166666666666667
1 0.7484375 0.5729166666666666 0.015625 0.01875
1 0.721875 0.5822916666666667 0.03125 0.03125
1 0.7296875 0.5385416666666667 0.0328125 0.05416666666666667
1 0.7796875 0.5645833333333333 0.01875 0.03333333333333333
1 0.99453125 0.4125 0.0109375 0.03333333333333333
1 0.96640625 0.40729166666666666 0.0109375 0.01875
1 0.97734375 0.4239583333333333 0.028125 0.03333333333333333
1 0.95234375 0.453125 0.01875 0.04375
1 0.93203125 0.46041666666666664 0.0171875 0.029166666666666667
1 0.92578125 0.51875 0.0203125 0.025
1 0.8703125 0.6104166666666667 0.028125 0.03125
1 0.6671875 0.4895833333333333 0.040625 0.03958333333333333
1 0.65546875 0.4666666666666667 0.021875 0.025
1 0.56171875 0.490625 0.025 0.03125
1 0.51875 0.44479166666666664 0.040625 0.04791666666666667
1 0.5578125 0.11145833333333334 0.0078125 0.014583333333333334
1 0.5625 0.23645833333333333 0.01875 0.027083333333333334
1 0.5859375 0.18958333333333333 0.01875 0.025
1 0.625 0.32395833333333335 0.0296875 0.04791666666666667
1 0.646875 0.34479166666666666 0.021875 0.035416666666666666
1 0.9671875 0.36770833333333336 0.0125 0.0125
1 0.959375 0.3645833333333333 0.0046875 0.00625
1 0.9703125 0.3458333333333333 0.0265625 0.029166666666666667
1 0.975 0.32708333333333334 0.0078125 0.008333333333333333
1 0.98203125 0.31145833333333334 0.021875 0.01875
1 0.8703125 0.340625 0.0171875 0.022916666666666665
1 0.77578125 0.30416666666666664 0.009375 0.014583333333333334
1 0.8546875 0.2864583333333333 0.0796875 0.06875
1 0.88203125 0.246875 0.021875 0.020833333333333332
1 0.89453125 0.22395833333333334 0.0359375 0.03125
1 0.97421875 0.22291666666666668 0.0484375 0.06875
1 0.8265625 0.234375 0.040625 0.052083333333333336
1 0.79140625 0.22916666666666666 0.0171875 0.027083333333333334
1 0.7328125 0.15 0.01875 0.020833333333333332
1 0.9703125 0.125 0.0125 0.00625
1 0.96015625 0.14375 0.021875 0.022916666666666665
1 0.94375 0.115625 0.0265625 0.03958333333333333
1 0.96171875 0.075 0.0234375 0.022916666666666665
1 0.94375 0.071875 0.0078125 0.01875
1 0.90234375 0.030208333333333334 0.0296875 0.025
1 0.8296875 0.0375 0.025 0.020833333333333332
1 0.6890625 0.013541666666666667 0.0140625 0.022916666666666665
1 0.05 0.340625 0.0265625 0.027083333333333334
1 0.45703125 0.44375 0.0421875 0.01875
1 0.51015625 0.4114583333333333 0.0140625 0.01875
1 0.4875 0.41875 0.028125 0.03125
1 0.48671875 0.38645833333333335 0.034375 0.016666666666666666
1 0.4921875 0.36354166666666665 0.034375 0.020833333333333332
1 0.55859375 0.04583333333333333 0.0265625 0.04583333333333333
1 0.50078125 0.04375 0.034375 0.041666666666666664
1 0.496875 0.015625 0.028125 0.029166666666666667
1 0.38359375 0.016666666666666666 0.028125 0.03333333333333333
1 0.3671875 0.09479166666666666 0.0234375 0.01875
1 0.4015625 0.07395833333333333 0.0375 0.052083333333333336
1 0.3671875 0.059375 0.0484375 0.052083333333333336
1 0.325 0.084375 0.0375 0.020833333333333332
1 0.33203125 0.023958333333333335 0.040625 0.035416666666666666
1 0.48515625 0.065625 0.0265625 0.03125
1 0.4765625 0.096875 0.046875 0.05416666666666667
1 0.49296875 0.165625 0.03125 0.04583333333333333
1 0.5078125 0.2 0.025 0.0375
1 0.44453125 0.31354166666666666 0.0328125 0.0375
1 0.2921875 0.303125 0.015625 0.01875
1 0.28671875 0.18541666666666667 0.0171875 0.01875
1 0.26328125 0.18541666666666667 0.01875 0.03125
1 0.2265625 0.209375 0.028125 0.05
1 0.31171875 0.1625 0.0203125 0.01875
1 0.28515625 0.13229166666666667 0.015625 0.035416666666666666
1 0.2484375 0.08541666666666667 0.03125 0.04375
1 0.203125 0.05625 0.00625 0.010416666666666666
1 0.19765625 0.05 0.0078125 0.010416666666666666
1 0.01171875 0.3572916666666667 0.021875 0.022916666666666665
0 0.55234375 0.8104166666666667 0.2078125 0.37916666666666665
0 0.50859375 0.521875 0.496875 0.18958333333333333
0 0.628125 0.35 0.1515625 0.53125
1 0.2765625 0.8572916666666667 0.0140625 0.025
1 0.31015625 0.8479166666666667 0.0453125 0.05
1 0.309375 0.7895833333333333 0.0375 0.04583333333333333
1 0.3984375 0.778125 0.025 0.0375
1 0.38671875 0.7802083333333333 0.01875 0.014583333333333334
1 0.4296875 0.7291666666666666 0.04375 0.04375
1 0.4640625 0.6802083333333333 0.0234375 0.03125
1 0.4359375 0.6927083333333334 0.03125 0.029166666666666667
1 0.43203125 0.634375 0.028125 0.041666666666666664
1 0.31796875 0.6708333333333333 0.0109375 0.020833333333333332
1 0.39296875 0.709375 0.025 0.0375
1 0.37734375 0.703125 0.0125 0.020833333333333332
1 0.38203125 0.7489583333333333 0.015625 0.010416666666666666
0 0.6265625 0.140625 0.1046875 0.28125