1 0.9046875 0.984375 0.0515625 0.03125
1 0.9890625 0.8614583333333333 0.021875 0.04583333333333333
1 0.9171875 0.8052083333333333 0.0546875 0.08541666666666667
1 0.8640625 0.715625 0.0140625 0.01875
1 0.7890625 0.8041666666666667 0.0171875 0.025
1 0.7875 0.7041666666666667 0.015625 0.016666666666666666
1 0.81171875 0.7583333333333333 0.0375 0.022916666666666665
1 0.709375 0.840625 0.0234375 0.022916666666666665
1 0.70234375 0.7145833333333333 0.0296875 0.03333333333333333
1 0.70859375 0.6677083333333333 0.04375 0.052083333333333336
1 0.5953125 0.7625 0.0234375 0.027083333333333334
1 0.68359375 0.7979166666666667 0.0375 0.03125
1 0.65859375 0.740625 0.0484375 0.08333333333333333
1 0.64921875 0.88125 0.053125 0.07083333333333333
1 0.62421875 0.9645833333333333 0.0328125 0.041666666666666664
1 0.52890625 0.9791666666666666 0.0484375 0.041666666666666664
1 0.3828125 0.9854166666666667 0.03125 0.01875
1 0.0609375 0.871875 0.03125 0.027083333333333334
1 0.02734375 0.8979166666666667 0.0265625 0.035416666666666666
1 0.00859375 0.753125 0.0171875 0.020833333333333332
1 0.66328125 0.5625 0.01875 0.01875
1 0.6890625 0.5166666666666667 0.03125 0.03333333333333333
1 0.65546875 0.465625 0.0390625 0.05
1 0.6296875 0.434375 0.025 0.029166666666666667
1 0.61171875 0.5322916666666667 0.0328125 0.03333333333333333
1 0.590625 0.5041666666666667 0.0234375 0.022916666666666665
1 0.55234375 0.48020833333333335 0.01875 0.020833333333333332
1 0.5359375 0.5114583333333333 0.015625 0.029166666666666667
1 0.6296875 0.3802083333333333 0.0265625 0.03333333333333333
1 0.6171875 0.3385416666666667 0.025 0.029166666666666667
1 0.5875 0.35 0.034375 0.052083333333333336
1 0.54609375 0.33125 0.015625 0.029166666666666667
1 0.51640625 0.34791666666666665 0.015625 0.025
1 0.51328125 0.38229166666666664 0.021875 0.027083333333333334
1 0.41796875 0.2375 0.0296875 0.05
1 0.01796875 0.240625 0.0359375 0.025
1 0.41484375 0.007291666666666667 0.025 0.014583333333333334
1 0.3359375 0.009375 0.021875 0.01875
1 0.27265625 0.003125 0.015625 0.00625
1 0.26796875 0.05 0.0265625 0.04375
1 0.40703125 0.146875 0.0328125 0.052083333333333336
1 0.2875 0.24791666666666667 0.0171875 0.025
0 0.70625 0.09895833333333333 0.1671875 0.19791666666666666
0 0.75390625 0.365625 0.3484375 0.26666666666666666
0 0.77109375 0.6864583333333333 0.296875 0.5895833333333333
1 0.22265625 0.06145833333333333 0.021875 0.035416666666666666
1 0.16015625 0.6416666666666667 0.034375 0.035416666666666666
1 0.29609375 0.5291666666666667 0.0171875 0.025
1 0.3953125 0.309375 0.01875 0.029166666666666667
1 0.38359375 0.45625 0.0171875 0.016666666666666666
1 0.3359375 0.37604166666666666 0.025 0.0375
1 0.0421875 0.6291666666666667 0.0625 0.0625
1 0.3140625 0.3572916666666667 0.0171875 0.014583333333333334
1 0.36640625 0.5520833333333334 0.046875 0.052083333333333336
1 0.51015625 0.596875 0.0578125 0.06875
1 0.42421875 0.6270833333333333 0.0203125 0.029166666666666667
1 0.309375 0.384375 0.021875 0.014583333333333334
1 0.41953125 0.69375 0.034375 0.04791666666666667
1 0.3296875 0.690625 0.0203125 0.014583333333333334
1 0.28828125 0.64375 0.021875 0.03333333333333333
1 0.134375 0.6020833333333333 0.0234375 0.04791666666666667
1 0.2234375 0.74375 0.0125 0.014583333333333334
1 0.1890625 0.6104166666666667 0.028125 0.0375
1 0.17734375 0.5666666666666667 0.0265625 0.03958333333333333
1 0.21015625 0.7083333333333334 0.0328125 0.03125
1 0.47265625 0.8635416666666667 0.0125 0.035416666666666666
1 0.590625 0.784375 0.021875 0.027083333333333334
1 0.62265625 0.753125 0.021875 0.0375
1 0.0625 0.16770833333333332 0.0234375 0.016666666666666666
1 0.92265625 0.036458333333333336 0.021875 0.03125
1 0.8765625 0.009375 0.0375 0.01875
1 0.68671875 0.025 0.0265625 0.0375
1 0.9078125 0.15416666666666667 0.0578125 0.06041666666666667
1 0.75 0.125 0.034375 0.04375
1 0.73359375 0.15625 0.0296875 0.04791666666666667
1 0.709375 0.21979166666666666 0.0328125 0.03958333333333333
1 0.9953125 0.48020833333333335 0.009375 0.014583333333333334
1 0.9734375 0.40208333333333335 0.053125 0.07083333333333333
1 0.996875 0.5354166666666667 0.00625 0.016666666666666666
1 0.99140625 0.5958333333333333 0.0171875 0.03125
1 0.9265625 0.5552083333333333 0.0296875 0.03125
1 0.7984375 0.48541666666666666 0.0375 0.03958333333333333
1 0.7484375 0.43125 0.0328125 0.04375