1 0.30703125 0.4354166666666667 0.03125 0.0375
0 0.58984375 0.859375 0.390625 0.28125
0 0.475 0.7395833333333334 0.3734375 0.5125
0 0.52265625 0.5375 0.2921875 0.4395833333333333
1 0.26171875 0.22708333333333333 0.0109375 0.01875
1 0.0109375 0.175 0.0171875 0.027083333333333334
1 0.10390625 0.49895833333333334 0.0125 0.027083333333333334
1 0.19609375 0.8947916666666667 0.0125 0.020833333333333332
1 0.2703125 0.9510416666666667 0.0265625 0.04375
1 0.1828125 0.984375 0.0265625 0.029166666666666667
1 0.2671875 0.825 0.01875 0.025
1 0.6984375 0.9854166666666667 0.0375 0.029166666666666667
1 0.7703125 0.8260416666666667 0.015625 0.020833333333333332
1 0.7375 0.8270833333333333 0.0171875 0.022916666666666665
1 0.82421875 0.428125 0.015625 0.014583333333333334
1 0.9296875 0.22291666666666668 0.009375 0.020833333333333332
1 0.89765625 0.203125 0.0203125 0.029166666666666667
1 0.86875 0.22395833333333334 0.0140625 0.020833333333333332
1 0.678125 0.665625 0.01875 0.025
1 0.83359375 0.575 0.0171875 0.027083333333333334
1 0.80703125 0.434375 0.015625 0.027083333333333334
1 0.22265625 0.8875 0.021875 0.022916666666666665
1 0.31484375 0.8739583333333333 0.04375 0.041666666666666664
1 0.6171875 0.66875 0.0265625 0.03125
1 0.64921875 0.6583333333333333 0.0234375 0.03333333333333333
1 0.71953125 0.48854166666666665 0.021875 0.03333333333333333
1 0.525 0.528125 0.0828125 0.11875
1 0.3046875 0.15833333333333333 0.034375 0.03958333333333333
1 0.09375 0.3177083333333333 0.0140625 0.022916666666666665
1 0.0765625 0.3020833333333333 0.015625 0.027083333333333334
1 0.1234375 0.290625 0.0234375 0.029166666666666667
1 0.3296875 0.34791666666666665 0.040625 0.03958333333333333
1 0.4625 0.21666666666666667 0.01875 0.022916666666666665
1 0.471875 0.19166666666666668 0.0234375 0.025
1 0.51171875 0.028125 0.0375 0.05416666666666667
1 0.41484375 0.010416666666666666 0.0234375 0.01875
1 0.6890625 0.05625 0.0296875 0.06666666666666667
1 0.70234375 0.28541666666666665 0.0234375 0.035416666666666666
1 0.82421875 0.37083333333333335 0.0203125 0.022916666666666665
1 0.5546875 0.34791666666666665 0.0265625 0.03125
1 0.6109375 0.43645833333333334 0.0515625 0.05
1 0.37109375 0.4395833333333333 0.034375 0.0375
1 0.296875 0.2864583333333333 0.0171875 0.022916666666666665
1 0.3625 0.5135416666666667 0.025 0.03125