1 0.192578125 0.32708333333333334 0.025 0.03194444444444444
1 0.200390625 0.8097222222222222 0.02265625 0.05138888888888889
1 0.147265625 0.7520833333333333 0.01875 0.05277777777777778
1 0.06796875 0.6923611111111111 0.05078125 0.04861111111111111
1 0.194140625 0.40555555555555556 0.01796875 0.02361111111111111
1 0.36484375 0.4326388888888889 0.02421875 0.06944444444444445
1 0.18046875 0.26875 0.04453125 0.05
1 0.12265625 0.2604166666666667 0.01640625 0.029166666666666667
1 0.151171875 0.07083333333333333 0.02421875 0.04027777777777778
1 0.180859375 0.02847222222222222 0.021875 0.03333333333333333
1 0.58515625 0.09930555555555555 0.01875 0.04861111111111111
1 0.664453125 0.2375 0.02578125 0.0375
1 0.759765625 0.17847222222222223 0.034375 0.043055555555555555
1 0.894921875 0.08680555555555555 0.02265625 0.05138888888888889
1 0.953125 0.1951388888888889 0.0171875 0.02638888888888889
1 0.916015625 0.25416666666666665 0.03671875 0.05694444444444444
1 0.864453125 0.30486111111111114 0.05078125 0.06527777777777778
1 0.591796875 0.8666666666666667 0.02578125 0.058333333333333334
1 0.672265625 0.9166666666666666 0.0359375 0.058333333333333334
1 0.95703125 0.8201388888888889 0.01953125 0.03194444444444444
0 0.609765625 0.9409722222222222 0.27421875 0.11805555555555555
0 0.651953125 0.7402777777777778 0.0796875 0.5
0 0.625 0.43194444444444446 0.24453125 0.22916666666666666
0 0.631640625 0.3798611111111111 0.159375 0.6472222222222223
0 0.619140625 0.09652777777777778 0.1515625 0.19305555555555556
0 0.730859375 0.03194444444444444 0.0296875 0.06388888888888888
0 0.087109375 0.8743055555555556 0.17421875 0.2513888888888889
0 0.078125 0.7138888888888889 0.15625 0.4305555555555556
0 0.119140625 0.5569444444444445 0.23828125 0.29444444444444445
0 0.0703125 0.2902777777777778 0.140625 0.35
0 0.069921875 0.08541666666666667 0.13984375 0.17083333333333334
1 0.3828125 0.7069444444444445 0.0234375 0.05555555555555555