1 0.520703125 0.6923611111111111 0.02109375 0.044444444444444446
1 0.791796875 0.17569444444444443 0.0140625 0.022222222222222223
1 0.995703125 0.6409722222222223 0.00859375 0.019444444444444445
1 0.93515625 0.4986111111111111 0.0375 0.0625
1 0.36640625 0.5729166666666666 0.01484375 0.02638888888888889
1 0.0328125 0.96875 0.0109375 0.03333333333333333
1 0.06171875 0.8375 0.01875 0.03333333333333333
1 0.0484375 0.8930555555555556 0.0171875 0.041666666666666664
1 0.20625 0.9493055555555555 0.0421875 0.043055555555555555
1 0.159375 0.8333333333333334 0.02265625 0.04722222222222222
1 0.089453125 0.7743055555555556 0.01328125 0.02361111111111111
1 0.21796875 0.7638888888888888 0.01328125 0.02638888888888889
0 0.64453125 0.22847222222222222 0.21484375 0.4305555555555556
0 0.5953125 0.6076388888888888 0.18203125 0.45555555555555555
0 0.595703125 0.8222222222222222 0.15078125 0.35555555555555557
0 0.6015625 0.9486111111111111 0.096875 0.10277777777777777
1 0.939453125 0.7715277777777778 0.0125 0.018055555555555554
1 0.487890625 0.6208333333333333 0.04375 0.09444444444444444
1 0.719140625 0.6486111111111111 0.01171875 0.0125
1 0.39921875 0.6298611111111111 0.04296875 0.05416666666666667
1 0.45078125 0.6597222222222222 0.02734375 0.059722222222222225
1 0.4515625 0.5951388888888889 0.021875 0.044444444444444446
1 0.43046875 0.46111111111111114 0.0125 0.018055555555555554
1 0.471484375 0.47291666666666665 0.02109375 0.034722222222222224
1 0.48984375 0.44722222222222224 0.0234375 0.05138888888888889
1 0.5109375 0.42083333333333334 0.025 0.03888888888888889
1 0.527734375 0.36944444444444446 0.0484375 0.059722222222222225
1 0.380859375 0.27708333333333335 0.0140625 0.027777777777777776
1 0.4546875 0.29375 0.046875 0.08611111111111111
1 0.385546875 0.19652777777777777 0.0390625 0.06527777777777778
1 0.902734375 0.9826388888888888 0.02578125 0.034722222222222224
1 0.825 0.41041666666666665 0.025 0.04861111111111111
1 0.794921875 0.44375 0.0125 0.027777777777777776
1 0.7171875 0.43125 0.01171875 0.02361111111111111
1 0.7078125 0.5472222222222223 0.03203125 0.05416666666666667
1 0.647265625 0.5763888888888888 0.01875 0.03611111111111111
1 0.451953125 0.8388888888888889 0.0109375 0.015277777777777777
1 0.55546875 0.9270833333333334 0.01640625 0.04027777777777778
1 0.5 0.9902777777777778 0.01953125 0.019444444444444445
1 0.856640625 0.35694444444444445 0.0140625 0.03194444444444444
1 0.896875 0.2951388888888889 0.0140625 0.018055555555555554
1 0.94296875 0.3215277777777778 0.02578125 0.027777777777777776
1 0.616015625 0.07916666666666666 0.028125 0.06527777777777778
1 0.776953125 0.010416666666666666 0.01953125 0.020833333333333332
1 0.515625 0.5423611111111111 0.0203125 0.03194444444444444
1 0.54453125 0.27152777777777776 0.025 0.06388888888888888
1 0.43359375 0.07777777777777778 0.01875 0.043055555555555555
1 0.02265625 0.12152777777777778 0.01328125 0.02638888888888889
1 0.095703125 0.07777777777777778 0.03046875 0.04722222222222222
1 0.649609375 0.7625 0.02421875 0.0375
1 0.531640625 0.5923611111111111 0.015625 0.020833333333333332
1 0.2140625 0.05416666666666667 0.01015625 0.022222222222222223
1 0.16328125 0.32222222222222224 0.028125 0.05555555555555555
1 0.11640625 0.6020833333333333 0.0171875 0.034722222222222224
1 0.1765625 0.7659722222222223 0.0171875 0.034722222222222224
0 0.070703125 0.8736111111111111 0.14140625 0.25277777777777777
0 0.073828125 0.6395833333333333 0.14765625 0.3763888888888889
0 0.0765625 0.42291666666666666 0.153125 0.24583333333333332
0 0.06875 0.26458333333333334 0.1140625 0.22777777777777777
0 0.07578125 0.07777777777777778 0.0875 0.15555555555555556
0 0.541015625 0.13541666666666666 0.15 0.2708333333333333
1 0.535546875 0.6284722222222222 0.01953125 0.03194444444444444