1 0.2265625 0.9052083333333333 0.021875 0.03333333333333333
1 0.6125 0.3802083333333333 0.0265625 0.03333333333333333
1 0.65234375 0.33958333333333335 0.0421875 0.03958333333333333
1 0.79375 0.28229166666666666 0.0171875 0.03333333333333333
1 0.8625 0.240625 0.0265625 0.022916666666666665
1 0.77265625 0.16666666666666666 0.05625 0.06458333333333334
1 0.71875 0.20729166666666668 0.0125 0.014583333333333334
1 0.571875 0.10833333333333334 0.0359375 0.05625
1 0.53359375 0.15729166666666666 0.0328125 0.041666666666666664
1 0.43515625 0.203125 0.025 0.027083333333333334
1 0.3390625 0.15 0.05 0.03958333333333333
1 0.37578125 0.04895833333333333 0.0265625 0.03958333333333333
1 0.33515625 0.013541666666666667 0.021875 0.027083333333333334
1 0.1375 0.090625 0.0265625 0.027083333333333334
1 0.08515625 0.2875 0.0234375 0.025
1 0.27578125 0.37083333333333335 0.021875 0.025
1 0.40390625 0.4510416666666667 0.0125 0.01875
1 0.1125 0.6072916666666667 0.0171875 0.014583333333333334
1 0.0171875 0.5083333333333333 0.0203125 0.022916666666666665
1 0.16484375 0.33229166666666665 0.028125 0.022916666666666665
1 0.0859375 0.4 0.0265625 0.03333333333333333
1 0.14921875 0.4739583333333333 0.025 0.01875
1 0.05859375 0.709375 0.015625 0.016666666666666666
1 0.74140625 0.7885416666666667 0.025 0.027083333333333334
1 0.9921875 0.721875 0.015625 0.027083333333333334
1 0.88828125 0.5916666666666667 0.025 0.025
1 0.83828125 0.5322916666666667 0.028125 0.035416666666666666
1 0.884375 0.5427083333333333 0.01875 0.027083333333333334
1 0.96171875 0.37395833333333334 0.028125 0.04791666666666667
1 0.96796875 0.18229166666666666 0.040625 0.035416666666666666
1 0.93203125 0.22291666666666668 0.0171875 0.022916666666666665
1 0.96875 0.22395833333333334 0.0125 0.016666666666666666
1 0.8390625 0.042708333333333334 0.034375 0.025
1 0.44296875 0.3458333333333333 0.0171875 0.027083333333333334
1 0.4734375 0.32395833333333335 0.0484375 0.05416666666666667
1 0.165625 0.2 0.028125 0.035416666666666666
1 0.178125 0.01875 0.015625 0.029166666666666667
1 0.33828125 0.42916666666666664 0.0125 0.010416666666666666
1 0.325 0.7447916666666666 0.01875 0.03333333333333333
1 0.28515625 0.6166666666666667 0.0171875 0.022916666666666665
1 0.19453125 0.5177083333333333 0.0140625 0.014583333333333334
1 0.68359375 0.46145833333333336 0.034375 0.05
1 0.62734375 0.5083333333333333 0.025 0.020833333333333332
1 0.54140625 0.5552083333333333 0.040625 0.09583333333333334
1 0.7453125 0.5604166666666667 0.0359375 0.04791666666666667
1 0.70390625 0.5510416666666667 0.025 0.0375
1 0.71796875 0.6833333333333333 0.015625 0.0375
1 0.6921875 0.8510416666666667 0.0671875 0.07083333333333333
1 0.61484375 0.7739583333333333 0.0234375 0.025
1 0.59296875 0.7385416666666667 0.0203125 0.016666666666666666
1 0.8296875 0.9895833333333334 0.03125 0.020833333333333332
1 0.540625 0.85625 0.021875 0.027083333333333334
1 0.43046875 0.8385416666666666 0.0375 0.03125
1 0.0125 0.8677083333333333 0.025 0.03333333333333333
1 0.24296875 0.815625 0.0265625 0.029166666666666667
1 0.19453125 0.81875 0.0265625 0.03125
1 0.29375 0.85625 0.046875 0.04375
1 0.275 0.909375 0.034375 0.041666666666666664
0 0.503125 0.13333333333333333 0.128125 0.26666666666666666
0 0.53515625 0.36666666666666664 0.1359375 0.25833333333333336
0 0.52421875 0.9489583333333333 0.15 0.10208333333333333
0 0.46875 0.7114583333333333 0.296875 0.17916666666666667