0 0.70546875 0.39444444444444443 0.3328125 0.24444444444444444
0 0.69765625 0.1736111111111111 0.33359375 0.1763888888888889
0 0.714453125 0.04791666666666667 0.190625 0.08888888888888889
0 0.1078125 0.7486111111111111 0.2109375 0.4666666666666667
0 0.112890625 0.5576388888888889 0.22109375 0.30972222222222223
0 0.076953125 0.20069444444444445 0.14921875 0.2125
0 0.075 0.08958333333333333 0.15 0.1763888888888889
1 0.4375 0.07916666666666666 0.0109375 0.02361111111111111
1 0.634765625 0.9875 0.02421875 0.018055555555555554
1 0.487890625 0.03263888888888889 0.0140625 0.02638888888888889
1 0.94609375 0.5409722222222222 0.01484375 0.02638888888888889
1 0.16484375 0.6076388888888888 0.0171875 0.03611111111111111
1 0.1171875 0.12152777777777778 0.01796875 0.02638888888888889
1 0.200390625 0.15 0.015625 0.02361111111111111
1 0.062890625 0.31527777777777777 0.053125 0.0875
1 0.108984375 0.37222222222222223 0.03515625 0.04027777777777778
1 0.369921875 0.8027777777777778 0.03359375 0.043055555555555555
1 0.52109375 0.4048611111111111 0.021875 0.027777777777777776
1 0.442578125 0.24791666666666667 0.01328125 0.019444444444444445
0 0.64296875 0.8569444444444444 0.24765625 0.2791666666666667
0 0.673828125 0.7125 0.165625 0.44722222222222224