0 0.53359375 0.07291666666666667 0.2328125 0.14166666666666666
0 0.52734375 0.5166666666666667 0.378125 0.23541666666666666
0 0.42890625 0.7291666666666666 0.2796875 0.4
0 0.5125 0.9083333333333333 0.396875 0.18333333333333332
1 0.35625 0.25104166666666666 0.028125 0.027083333333333334
1 0.31484375 0.23020833333333332 0.0296875 0.04791666666666667
1 0.2921875 0.290625 0.028125 0.035416666666666666
1 0.52109375 0.19375 0.0171875 0.03333333333333333
1 0.61015625 0.23958333333333334 0.0421875 0.029166666666666667
1 0.55078125 0.19166666666666668 0.01875 0.020833333333333332
1 0.68125 0.3385416666666667 0.0171875 0.01875
1 0.74921875 0.38958333333333334 0.03125 0.041666666666666664
1 0.97265625 0.16041666666666668 0.0234375 0.022916666666666665
1 0.24375 0.09583333333333334 0.015625 0.01875
1 0.175 0.3697916666666667 0.0234375 0.027083333333333334
1 0.26171875 0.3958333333333333 0.021875 0.014583333333333334
1 0.05 0.36041666666666666 0.0171875 0.022916666666666665
1 0.11640625 0.43333333333333335 0.0140625 0.020833333333333332
1 0.07421875 0.61875 0.0328125 0.0375
1 0.11484375 0.5572916666666666 0.0203125 0.0125
1 0.13203125 0.490625 0.009375 0.014583333333333334
1 0.73671875 0.478125 0.01875 0.029166666666666667
1 0.6765625 0.43125 0.0203125 0.022916666666666665
1 0.6828125 0.39375 0.0390625 0.0375
1 0.8015625 0.29270833333333335 0.0328125 0.025
1 0.71328125 0.4375 0.0171875 0.022916666666666665
1 0.88671875 0.4947916666666667 0.0171875 0.020833333333333332
1 0.85703125 0.4114583333333333 0.0203125 0.020833333333333332
1 0.9765625 0.41354166666666664 0.0140625 0.016666666666666666
1 0.8734375 0.5947916666666667 0.0203125 0.058333333333333334
1 0.9078125 0.653125 0.0109375 0.01875
1 0.8953125 0.7020833333333333 0.0296875 0.05
1 0.92421875 0.690625 0.0265625 0.027083333333333334
1 0.9125 0.740625 0.01875 0.022916666666666665
1 0.903125 0.7739583333333333 0.0171875 0.027083333333333334
1 0.95390625 0.596875 0.028125 0.035416666666666666
1 0.9546875 0.5458333333333333 0.071875 0.06875
1 0.8515625 0.8197916666666667 0.0171875 0.020833333333333332
1 0.728125 0.8 0.0296875 0.022916666666666665
1 0.73515625 0.8239583333333333 0.0203125 0.014583333333333334
1 0.98203125 0.7416666666666667 0.0359375 0.11666666666666667
1 0.946875 0.7333333333333333 0.0296875 0.05625
1 0.921875 0.76875 0.01875 0.029166666666666667
1 0.93671875 0.7895833333333333 0.0203125 0.016666666666666666
1 0.978125 0.89375 0.0109375 0.01875
1 0.85859375 0.8979166666666667 0.0171875 0.027083333333333334
1 0.7609375 0.98125 0.034375 0.035416666666666666
1 0.65625 0.7666666666666667 0.01875 0.022916666666666665
1 0.628125 0.75 0.034375 0.04791666666666667
1 0.5953125 0.9677083333333333 0.0296875 0.03958333333333333
1 0.57109375 0.975 0.0265625 0.04583333333333333
1 0.3484375 0.5635416666666667 0.021875 0.027083333333333334
1 0.37265625 0.5520833333333334 0.0328125 0.022916666666666665
1 0.5484375 0.5239583333333333 0.0328125 0.03958333333333333
1 0.57578125 0.5322916666666667 0.01875 0.03958333333333333
1 0.09296875 0.5708333333333333 0.0140625 0.01875
1 0.434375 0.603125 0.0109375 0.014583333333333334
1 0.2421875 0.4583333333333333 0.0109375 0.0125
1 0.6171875 0.09166666666666666 0.0484375 0.06666666666666667
1 0.6671875 0.11666666666666667 0.0109375 0.01875
1 0.65546875 0.13958333333333334 0.025 0.029166666666666667
1 0.62578125 0.16458333333333333 0.03125 0.041666666666666664
1 0.853125 0.014583333333333334 0.0609375 0.029166666666666667
1 0.8984375 0.14375 0.015625 0.01875
1 0.903125 0.203125 0.0109375 0.022916666666666665
1 0.8953125 0.12708333333333333 0.0140625 0.014583333333333334
1 0.99140625 0.023958333333333335 0.009375 0.010416666666666666
1 0.82265625 0.1375 0.01875 0.025
1 0.1234375 0.03229166666666667 0.015625 0.022916666666666665
1 0.23515625 0.7177083333333333 0.0125 0.014583333333333334