1 0.503125 0.3909722222222222 0.028125 0.05
1 0.542578125 0.8881944444444444 0.0109375 0.03194444444444444
1 0.458984375 0.9319444444444445 0.01484375 0.025
1 0.544140625 0.5868055555555556 0.0140625 0.034722222222222224
1 0.77890625 0.004166666666666667 0.01640625 0.008333333333333333
1 0.673046875 0.004166666666666667 0.0140625 0.008333333333333333
1 0.602734375 0.6604166666666667 0.028125 0.05555555555555555
1 0.13203125 0.6409722222222223 0.01171875 0.02361111111111111
1 0.03203125 0.8854166666666666 0.0171875 0.027777777777777776
1 0.061328125 0.975 0.0390625 0.05
1 0.128125 0.9034722222222222 0.0296875 0.05555555555555555
1 0.57421875 0.9256944444444445 0.04609375 0.05277777777777778
1 0.4203125 0.9909722222222223 0.0171875 0.018055555555555554
1 0.238671875 0.9256944444444445 0.04140625 0.08472222222222223
1 0.24453125 0.8652777777777778 0.01484375 0.030555555555555555
1 0.213671875 0.8569444444444444 0.02578125 0.08194444444444444
1 0.288671875 0.9541666666666667 0.04921875 0.0875
1 0.276953125 0.8465277777777778 0.0390625 0.08333333333333333
1 0.273828125 0.7541666666666667 0.01484375 0.027777777777777776
1 0.415625 0.6465277777777778 0.075 0.044444444444444446
1 0.0109375 0.33402777777777776 0.0125 0.0125
1 0.00859375 0.4270833333333333 0.0171875 0.03888888888888889
1 0.07265625 0.7152777777777778 0.0265625 0.04583333333333333
1 0.187890625 0.6368055555555555 0.01171875 0.022222222222222223
1 0.213671875 0.6638888888888889 0.02109375 0.034722222222222224
1 0.27890625 0.6625 0.0609375 0.075
1 0.26640625 0.6125 0.01015625 0.015277777777777777
1 0.21796875 0.5298611111111111 0.01171875 0.018055555555555554
1 0.027734375 0.47638888888888886 0.0234375 0.020833333333333332
1 0.07109375 0.5090277777777777 0.0265625 0.03194444444444444
1 0.199609375 0.5472222222222223 0.0125 0.025
1 0.199609375 0.4756944444444444 0.028125 0.034722222222222224
1 0.164453125 0.4791666666666667 0.021875 0.043055555555555555
1 0.1640625 0.4041666666666667 0.01875 0.041666666666666664
1 0.11484375 0.36180555555555555 0.01796875 0.0375
1 0.04375 0.4131944444444444 0.0328125 0.044444444444444446
1 0.087109375 0.4083333333333333 0.0203125 0.03888888888888889
1 0.08125 0.34375 0.01640625 0.027777777777777776
1 0.20546875 0.3784722222222222 0.02265625 0.034722222222222224
1 0.2484375 0.35208333333333336 0.02265625 0.025
1 0.229296875 0.32430555555555557 0.01171875 0.029166666666666667
1 0.21328125 0.2923611111111111 0.0140625 0.04722222222222222
1 0.356640625 0.4444444444444444 0.0265625 0.03888888888888889
1 0.287109375 0.26319444444444445 0.01796875 0.04583333333333333
1 0.244921875 0.29583333333333334 0.0359375 0.06388888888888888
1 0.62109375 0.5763888888888888 0.01484375 0.03333333333333333
1 0.64609375 0.6111111111111112 0.0125 0.034722222222222224
1 0.6515625 0.55 0.0171875 0.02638888888888889
1 0.7109375 0.6319444444444444 0.02421875 0.05694444444444444
1 0.737109375 0.6729166666666667 0.01640625 0.029166666666666667
1 0.759765625 0.6430555555555556 0.03359375 0.04583333333333333
1 0.804296875 0.6958333333333333 0.0140625 0.030555555555555555
1 0.83203125 0.6604166666666667 0.0375 0.09444444444444444
1 0.8609375 0.6118055555555556 0.0203125 0.034722222222222224
1 0.892578125 0.5951388888888889 0.03125 0.06388888888888888
1 0.866015625 0.5673611111111111 0.01640625 0.027777777777777776
1 0.83671875 0.48819444444444443 0.0265625 0.059722222222222225
1 0.83671875 0.5645833333333333 0.01953125 0.041666666666666664
1 0.810546875 0.5138888888888888 0.0453125 0.06666666666666667
1 0.766015625 0.5791666666666667 0.01875 0.020833333333333332
1 0.761328125 0.5423611111111111 0.03203125 0.058333333333333334
1 0.727734375 0.5805555555555556 0.03125 0.0625
1 0.692578125 0.5555555555555556 0.01640625 0.020833333333333332
1 0.701953125 0.50625 0.01015625 0.020833333333333332
1 0.680078125 0.5194444444444445 0.03203125 0.0625
1 0.7328125 0.48333333333333334 0.01640625 0.025
1 0.70234375 0.44513888888888886 0.015625 0.02638888888888889
1 0.818359375 0.3625 0.0125 0.02638888888888889
1 0.803125 0.4215277777777778 0.01953125 0.058333333333333334
1 0.7640625 0.39375 0.03203125 0.03611111111111111
1 0.79609375 0.36736111111111114 0.0203125 0.03888888888888889
1 0.81953125 0.33194444444444443 0.02265625 0.020833333333333332
1 0.983984375 0.4388888888888889 0.03203125 0.0763888888888889
1 0.93046875 0.2923611111111111 0.02421875 0.05277777777777778
1 0.819921875 0.26180555555555557 0.02421875 0.04583333333333333
1 0.75703125 0.2375 0.0078125 0.019444444444444445
1 0.70234375 0.29930555555555555 0.03515625 0.034722222222222224
1 0.6140625 0.31319444444444444 0.02109375 0.04722222222222222
1 0.5953125 0.2048611111111111 0.01484375 0.03194444444444444
1 0.650390625 0.225 0.03203125 0.06944444444444445
1 0.737890625 0.225 0.0171875 0.022222222222222223
1 0.65 0.1111111111111111 0.02890625 0.0625
1 0.6203125 0.010416666666666666 0.01640625 0.020833333333333332
1 0.573046875 0.09861111111111111 0.02265625 0.030555555555555555
1 0.582421875 0.07430555555555556 0.01015625 0.016666666666666666
1 0.593359375 0.04583333333333333 0.0203125 0.0375
1 0.573828125 0.043055555555555555 0.015625 0.030555555555555555
1 0.955859375 0.15208333333333332 0.01796875 0.043055555555555555
1 0.934765625 0.14375 0.0171875 0.05555555555555555
1 0.86875 0.2375 0.01953125 0.041666666666666664
1 0.84765625 0.18819444444444444 0.025 0.041666666666666664
1 0.8375 0.1486111111111111 0.053125 0.08611111111111111
1 0.79375 0.15138888888888888 0.0234375 0.03888888888888889
1 0.801171875 0.11736111111111111 0.01015625 0.019444444444444445
1 0.787890625 0.07847222222222222 0.0328125 0.04861111111111111
1 0.75859375 0.03611111111111111 0.02109375 0.03194444444444444
1 0.819921875 0.01875 0.0328125 0.0375
1 0.787890625 0.7013888888888888 0.015625 0.03611111111111111
1 0.99453125 0.04791666666666667 0.0109375 0.03333333333333333
1 0.982421875 0.03819444444444445 0.01640625 0.030555555555555555
0 0.60234375 0.025 0.02578125 0.05
0 0.672265625 0.11805555555555555 0.16640625 0.23472222222222222
0 0.69375 0.3611111111111111 0.23359375 0.24583333333333332
0 0.648046875 0.6930555555555555 0.1125 0.5291666666666667
0 0.619921875 0.8972222222222223 0.0984375 0.16666666666666666
1 0.714453125 0.11597222222222223 0.02578125 0.043055555555555555
0 0.09375 0.8881944444444444 0.1875 0.19722222222222222
0 0.099609375 0.6881944444444444 0.19921875 0.33194444444444443
0 0.08046875 0.6513888888888889 0.14921875 0.3638888888888889
1 0.995703125 0.005555555555555556 0.00859375 0.011111111111111112
0 0.0734375 0.10486111111111111 0.146875 0.20694444444444443
0 0.146875 0.93125 0.0765625 0.1375
0 0.079296875 0.26319444444444445 0.15703125 0.3263888888888889
1 0.41171875 0.07777777777777778 0.0375 0.09166666666666666
1 0.173828125 0.007638888888888889 0.0125 0.015277777777777777
1 0.215625 0.23333333333333334 0.0234375 0.04722222222222222
1 0.183984375 0.10486111111111111 0.01484375 0.011111111111111112
1 0.17578125 0.16527777777777777 0.0390625 0.075
1 0.21640625 0.15694444444444444 0.0296875 0.05416666666666667
1 0.25703125 0.1423611111111111 0.05859375 0.06527777777777778
1 0.159765625 0.006944444444444444 0.01796875 0.013888888888888888
1 0.166796875 0.043055555555555555 0.02109375 0.041666666666666664
1 0.245703125 0.06875 0.01640625 0.03194444444444444
1 0.520703125 0.017361111111111112 0.01484375 0.025
1 0.391015625 0.027777777777777776 0.01640625 0.030555555555555555
1 0.476953125 0.1076388888888889 0.02109375 0.041666666666666664
1 0.473046875 0.2152777777777778 0.028125 0.05
1 0.448046875 0.2076388888888889 0.0234375 0.07916666666666666
1 0.504296875 0.29305555555555557 0.02734375 0.0375
1 0.58046875 0.2965277777777778 0.01484375 0.03611111111111111
1 0.560546875 0.3125 0.01796875 0.041666666666666664
1 0.529296875 0.3423611111111111 0.025 0.044444444444444446
1 0.44765625 0.37916666666666665 0.04140625 0.09583333333333334
1 0.474609375 0.32916666666666666 0.01640625 0.027777777777777776
1 0.5 0.34375 0.021875 0.03611111111111111
1 0.53203125 0.4465277777777778 0.0234375 0.034722222222222224
1 0.542578125 0.5465277777777777 0.02421875 0.03333333333333333
1 0.504296875 0.5513888888888889 0.0296875 0.0763888888888889
1 0.488671875 0.6583333333333333 0.02421875 0.04583333333333333
1 0.58359375 0.7666666666666667 0.01640625 0.034722222222222224
1 0.555078125 0.7534722222222222 0.01484375 0.030555555555555555
1 0.55390625 0.7152777777777778 0.03828125 0.034722222222222224
1 0.50625 0.73125 0.00859375 0.03611111111111111
1 0.526171875 0.6854166666666667 0.025 0.04027777777777778
1 0.487890625 0.9305555555555556 0.01640625 0.03333333333333333
1 0.5109375 0.8215277777777777 0.03828125 0.05
1 0.610546875 0.9194444444444444 0.01484375 0.03194444444444444
1 0.56796875 0.86875 0.03125 0.06805555555555555
1 0.590625 0.8333333333333334 0.01640625 0.02361111111111111
1 0.78359375 0.7618055555555555 0.0109375 0.029166666666666667
1 0.64140625 0.9854166666666667 0.034375 0.029166666666666667
1 0.636328125 0.8076388888888889 0.0140625 0.022222222222222223
1 0.613671875 0.7777777777777778 0.02109375 0.0375
1 0.619921875 0.7256944444444444 0.021875 0.04722222222222222
1 0.640234375 0.7576388888888889 0.0265625 0.06944444444444445
1 0.755078125 0.7597222222222222 0.0140625 0.029166666666666667
1 0.7171875 0.7840277777777778 0.02734375 0.05
1 0.7484375 0.8305555555555556 0.02890625 0.029166666666666667
1 0.717578125 0.9194444444444444 0.01484375 0.029166666666666667
1 0.725 0.9888888888888889 0.0203125 0.022222222222222223
1 0.7453125 0.9611111111111111 0.0203125 0.020833333333333332
1 0.78828125 0.9604166666666667 0.04921875 0.06666666666666667
1 0.862109375 0.9583333333333334 0.025 0.034722222222222224
1 0.791015625 0.8340277777777778 0.02890625 0.06111111111111111
1 0.82109375 0.8388888888888889 0.025 0.058333333333333334
1 0.88828125 0.8548611111111111 0.01875 0.03333333333333333
1 0.903515625 0.8631944444444445 0.01171875 0.019444444444444445
1 0.942578125 0.9736111111111111 0.04453125 0.05277777777777778
1 0.9671875 0.9458333333333333 0.02734375 0.058333333333333334
1 0.983984375 0.8618055555555556 0.01640625 0.027777777777777776
1 0.84453125 0.81875 0.02578125 0.0375
1 0.962109375 0.6541666666666667 0.07578125 0.2722222222222222
1 0.571875 0.35347222222222224 0.02265625 0.06111111111111111
1 0.9953125 0.81875 0.00703125 0.02638888888888889
1 0.603125 0.5381944444444444 0.0203125 0.04861111111111111
1 0.580078125 0.4798611111111111 0.02890625 0.05694444444444444
1 0.826171875 0.7902777777777777 0.0171875 0.020833333333333332
1 0.584765625 0.4340277777777778 0.01875 0.029166666666666667
1 0.582421875 0.5298611111111111 0.0140625 0.03611111111111111
1 0.458203125 0.6902777777777778 0.01484375 0.029166666666666667
1 0.606640625 0.8555555555555555 0.015625 0.022222222222222223
1 0.8046875 0.7770833333333333 0.01171875 0.025
1 0.74453125 0.8972222222222223 0.01640625 0.019444444444444445
1 0.723828125 0.88125 0.01953125 0.03194444444444444
1 0.6390625 0.8388888888888889 0.025 0.027777777777777776
1 0.464453125 0.8513888888888889 0.05078125 0.11805555555555555
1 0.4546875 0.4388888888888889 0.01484375 0.027777777777777776