1 0.56796875 0.221875 0.015625 0.025
1 0.2625 0.196875 0.0296875 0.03125
1 0.36796875 0.16041666666666668 0.0203125 0.020833333333333332
1 0.41953125 0.1375 0.0140625 0.01875
1 0.4859375 0.109375 0.0265625 0.052083333333333336
1 0.5125 0.08229166666666667 0.025 0.03958333333333333
1 0.57890625 0.015625 0.034375 0.03125
1 0.47578125 0.028125 0.0546875 0.05625
1 0.63125 0.011458333333333333 0.03125 0.022916666666666665
1 0.4203125 0.04895833333333333 0.0140625 0.035416666666666666
1 0.21640625 0.05625 0.021875 0.027083333333333334
1 0.31171875 0.059375 0.025 0.022916666666666665
1 0.06796875 0.17708333333333334 0.015625 0.020833333333333332
1 0.1046875 0.146875 0.03125 0.029166666666666667
1 0.103125 0.96875 0.0109375 0.014583333333333334
1 0.18203125 0.8114583333333333 0.015625 0.025
1 0.03125 0.5354166666666667 0.015625 0.022916666666666665
1 0.1671875 0.425 0.01875 0.016666666666666666
1 0.7546875 0.571875 0.0109375 0.016666666666666666
1 0.953125 0.25729166666666664 0.0203125 0.022916666666666665
1 0.57734375 0.915625 0.009375 0.03333333333333333
1 0.55078125 0.7885416666666667 0.0171875 0.027083333333333334
1 0.4296875 0.8916666666666667 0.0125 0.01875
1 0.178125 0.6864583333333333 0.0125 0.027083333333333334
1 0.20546875 0.175 0.0140625 0.020833333333333332
1 0.10546875 0.32708333333333334 0.0140625 0.014583333333333334
1 0.61171875 0.4114583333333333 0.0171875 0.022916666666666665
1 0.49140625 0.3697916666666667 0.01875 0.03333333333333333
1 0.4625 0.37604166666666666 0.0171875 0.020833333333333332
1 0.33984375 0.3927083333333333 0.025 0.016666666666666666
1 0.48828125 0.409375 0.0171875 0.025
1 0.45625 0.4083333333333333 0.0140625 0.01875
1 0.57734375 0.475 0.0171875 0.01875
1 0.5625 0.4510416666666667 0.01875 0.025
1 0.521875 0.49895833333333334 0.0234375 0.022916666666666665
1 0.58203125 0.5739583333333333 0.0140625 0.01875
1 0.4875 0.5270833333333333 0.028125 0.020833333333333332
1 0.378125 0.4895833333333333 0.025 0.027083333333333334
1 0.40234375 0.6354166666666666 0.0375 0.04791666666666667
1 0.37890625 0.5989583333333334 0.0359375 0.03125
1 0.46796875 0.70625 0.0125 0.020833333333333332
1 0.43359375 0.7302083333333333 0.01875 0.027083333333333334
1 0.61328125 0.7375 0.0171875 0.0125
1 0.61484375 0.771875 0.0234375 0.01875
1 0.4734375 0.85 0.01875 0.029166666666666667
1 0.075 0.03333333333333333 0.01875 0.025
1 0.02109375 0.35520833333333335 0.0234375 0.029166666666666667
1 0.0125 0.4739583333333333 0.025 0.05416666666666667
1 0.05859375 0.5489583333333333 0.021875 0.035416666666666666
1 0.00859375 0.628125 0.0171875 0.04375
1 0.225 0.7447916666666666 0.05625 0.05
1 0.08359375 0.8447916666666667 0.01875 0.027083333333333334
1 0.1640625 0.9177083333333333 0.0265625 0.03333333333333333
1 0.04609375 0.9489583333333333 0.0328125 0.035416666666666666
1 0.3359375 0.9291666666666667 0.0421875 0.058333333333333334
1 0.4375 0.9677083333333333 0.021875 0.035416666666666666
1 0.3875 0.8916666666666667 0.025 0.027083333333333334
0 0.64453125 0.8927083333333333 0.2453125 0.12916666666666668
0 0.62109375 0.596875 0.0546875 0.31666666666666665
0 0.68046875 0.340625 0.1671875 0.14791666666666667
0 0.6546875 0.08645833333333333 0.1578125 0.11041666666666666
1 0.728125 0.8354166666666667 0.0296875 0.03333333333333333
1 0.81796875 0.90625 0.0171875 0.03958333333333333
1 0.79453125 0.8208333333333333 0.03125 0.06875
1 0.8640625 0.721875 0.0234375 0.027083333333333334
1 0.89140625 0.7541666666666667 0.0234375 0.025
1 0.98125 0.8572916666666667 0.015625 0.020833333333333332
1 0.94140625 0.65625 0.040625 0.05625
1 0.7953125 0.44583333333333336 0.034375 0.03333333333333333
1 0.8640625 0.47291666666666665 0.028125 0.052083333333333336
1 0.94453125 0.38645833333333335 0.0140625 0.022916666666666665
1 0.76328125 0.2833333333333333 0.028125 0.041666666666666664
1 0.7640625 0.13333333333333333 0.0234375 0.0375
1 0.9609375 0.15833333333333333 0.0296875 0.01875
1 0.99140625 0.22395833333333334 0.0171875 0.020833333333333332
1 0.91875 0.23958333333333334 0.0125 0.022916666666666665
1 0.815625 0.04791666666666667 0.021875 0.035416666666666666
1 0.86171875 0.14479166666666668 0.01875 0.01875
1 0.68046875 0.15729166666666666 0.0140625 0.01875
1 0.6484375 0.22604166666666667 0.028125 0.016666666666666666
1 0.51484375 0.221875 0.025 0.025