1 0.876171875 0.8333333333333334 0.0125 0.02638888888888889
1 0.608203125 0.05486111111111111 0.01796875 0.029166666666666667
1 0.228125 0.9770833333333333 0.0390625 0.04583333333333333
1 0.465234375 0.5444444444444444 0.01015625 0.025
1 0.996484375 0.4131944444444444 0.00703125 0.025
1 0.993359375 0.20972222222222223 0.01328125 0.04583333333333333
1 0.09375 0.9583333333333334 0.03515625 0.04583333333333333
1 0.850390625 0.7527777777777778 0.01171875 0.029166666666666667
1 0.228125 0.017361111111111112 0.0328125 0.034722222222222224
1 0.90078125 0.17847222222222223 0.015625 0.03194444444444444
1 0.908203125 0.9527777777777777 0.01875 0.0375
1 0.24453125 0.04652777777777778 0.03359375 0.05
0 0.59140625 0.15833333333333333 0.1984375 0.09027777777777778
1 0.635546875 0.28194444444444444 0.01640625 0.034722222222222224
1 0.55625 0.31180555555555556 0.01484375 0.029166666666666667
1 0.187109375 0.31527777777777777 0.02421875 0.05138888888888889
1 0.36328125 0.5694444444444444 0.01171875 0.019444444444444445
1 0.350390625 0.6354166666666666 0.07109375 0.10416666666666667
1 0.7140625 0.9423611111111111 0.01875 0.019444444444444445
1 0.687109375 0.6347222222222222 0.0125 0.020833333333333332
1 0.916796875 0.8597222222222223 0.0359375 0.0625
1 0.482421875 0.43333333333333335 0.01640625 0.02361111111111111
1 0.503515625 0.22430555555555556 0.01171875 0.02361111111111111
1 0.6296875 0.10347222222222222 0.0234375 0.05
1 0.2078125 0.6840277777777778 0.021875 0.04027777777777778
1 0.223828125 0.5486111111111112 0.02734375 0.05555555555555555
1 0.266015625 0.20555555555555555 0.02265625 0.04722222222222222
0 0.629296875 0.5583333333333333 0.21875 0.0875
1 0.45234375 0.6451388888888889 0.03671875 0.09027777777777778
1 0.809375 0.79375 0.02265625 0.03194444444444444
0 0.658203125 0.9430555555555555 0.03984375 0.11388888888888889
1 0.664453125 0.5138888888888888 0.02421875 0.044444444444444446
1 0.527734375 0.9722222222222222 0.0609375 0.05555555555555555
1 0.535546875 0.30972222222222223 0.01953125 0.03194444444444444
1 0.505859375 0.034722222222222224 0.0234375 0.06944444444444445
1 0.680859375 0.6743055555555556 0.03125 0.07083333333333333
1 0.603125 0.10277777777777777 0.03046875 0.058333333333333334
1 0.41875 0.07083333333333333 0.0265625 0.0625
1 0.244140625 0.7055555555555556 0.015625 0.03333333333333333
1 0.207421875 0.93125 0.01328125 0.020833333333333332
1 0.662890625 0.1673611111111111 0.03203125 0.025
1 0.13828125 0.14444444444444443 0.01953125 0.02638888888888889
1 0.765234375 0.3034722222222222 0.01875 0.022222222222222223
1 0.359765625 0.9895833333333334 0.01796875 0.020833333333333332
1 0.2140625 0.42986111111111114 0.0453125 0.06111111111111111
1 0.592578125 0.043055555555555555 0.01015625 0.02361111111111111
1 0.802734375 0.6131944444444445 0.009375 0.016666666666666666
1 0.526953125 0.6270833333333333 0.04296875 0.08055555555555556
1 0.828515625 0.5444444444444444 0.01953125 0.04722222222222222
1 0.55859375 0.059027777777777776 0.02265625 0.06388888888888888
0 0.075 0.5118055555555555 0.15 0.10555555555555556
1 0.626953125 0.8805555555555555 0.00625 0.019444444444444445
1 0.6328125 0.9416666666666667 0.03359375 0.05
1 0.487109375 0.6277777777777778 0.01796875 0.0375
1 0.65078125 0.22083333333333333 0.0234375 0.04861111111111111
1 0.516796875 0.5465277777777777 0.05703125 0.08194444444444444
1 0.630078125 0.9888888888888889 0.01171875 0.022222222222222223
1 0.707421875 0.05555555555555555 0.0375 0.07361111111111111
1 0.530078125 0.1111111111111111 0.01796875 0.06805555555555555
1 0.8578125 0.825 0.01015625 0.02638888888888889
0 0.64765625 0.06319444444444444 0.1375 0.12638888888888888
1 0.424609375 0.40069444444444446 0.02421875 0.03888888888888889
1 0.480078125 0.8576388888888888 0.0109375 0.02361111111111111
1 0.12890625 0.10972222222222222 0.01953125 0.025
1 0.886328125 0.004861111111111111 0.01484375 0.009722222222222222
1 0.47265625 0.12638888888888888 0.0765625 0.15694444444444444
1 0.827734375 0.09236111111111112 0.01953125 0.03333333333333333
1 0.35703125 0.95625 0.0125 0.02361111111111111
1 0.509375 0.32916666666666666 0.03046875 0.08194444444444444
1 0.84921875 0.21875 0.01875 0.03888888888888889
1 0.267578125 0.7756944444444445 0.0421875 0.07361111111111111
1 0.825390625 0.7180555555555556 0.04296875 0.05416666666666667
1 0.328515625 0.4111111111111111 0.009375 0.015277777777777777
1 0.3578125 0.2520833333333333 0.01953125 0.015277777777777777
1 0.69375 0.7527777777777778 0.02578125 0.06805555555555555
1 0.8203125 0.19930555555555557 0.0234375 0.07361111111111111
1 0.45546875 0.25833333333333336 0.028125 0.05416666666666667
1 0.88515625 0.8145833333333333 0.01015625 0.02638888888888889
1 0.2015625 0.3625 0.02578125 0.05
1 0.63984375 0.059722222222222225 0.01953125 0.027777777777777776
1 0.453125 0.45555555555555555 0.0453125 0.05416666666666667
1 0.653125 0.7090277777777778 0.03984375 0.075
1 0.353125 0.36736111111111114 0.040625 0.06388888888888888
1 0.70546875 0.2222222222222222 0.01640625 0.04583333333333333
1 0.2125 0.6131944444444445 0.02578125 0.04861111111111111
1 0.5015625 0.3798611111111111 0.01796875 0.02638888888888889
1 0.894140625 0.7284722222222222 0.0140625 0.03611111111111111
1 0.564453125 0.6243055555555556 0.02265625 0.030555555555555555
1 0.749609375 0.83125 0.02734375 0.04861111111111111
1 0.495703125 0.8118055555555556 0.01640625 0.027777777777777776
1 0.7890625 0.8076388888888889 0.01875 0.044444444444444446
1 0.313671875 0.10277777777777777 0.0234375 0.0625
1 0.24765625 0.5145833333333333 0.0125 0.022222222222222223
1 0.052734375 0.9618055555555556 0.00859375 0.03194444444444444
1 0.487109375 0.33194444444444443 0.0140625 0.03194444444444444
1 0.788671875 0.7611111111111111 0.0234375 0.03194444444444444
1 0.4734375 0.9826388888888888 0.0484375 0.034722222222222224
1 0.465625 0.7722222222222223 0.0203125 0.0375
1 0.3703125 0.93125 0.02109375 0.04027777777777778
1 0.1625 0.3111111111111111 0.02890625 0.04027777777777778
1 0.355859375 0.7034722222222223 0.02578125 0.041666666666666664
1 0.87734375 0.41388888888888886 0.0203125 0.05277777777777778
0 0.081640625 0.2604166666666667 0.16328125 0.4222222222222222
1 0.75625 0.4777777777777778 0.01328125 0.025
1 0.444921875 0.21944444444444444 0.02109375 0.027777777777777776
1 0.776171875 0.5729166666666666 0.00859375 0.013888888888888888
1 0.528515625 0.4875 0.0296875 0.07222222222222222
1 0.734765625 0.6715277777777777 0.01953125 0.027777777777777776
1 0.43203125 0.7493055555555556 0.0265625 0.05416666666666667
1 0.41171875 0.22152777777777777 0.025 0.04583333333333333
1 0.541015625 0.8993055555555556 0.0328125 0.04722222222222222
1 0.926171875 0.45 0.03046875 0.034722222222222224
1 0.2515625 0.08402777777777778 0.009375 0.025
1 0.537109375 0.8333333333333334 0.02734375 0.05138888888888889
1 0.47265625 0.5888888888888889 0.01484375 0.030555555555555555
1 0.942578125 0.16458333333333333 0.01015625 0.02361111111111111
1 0.994140625 0.7444444444444445 0.01171875 0.022222222222222223
1 0.158203125 0.35 0.02265625 0.030555555555555555
1 0.172265625 0.8111111111111111 0.01953125 0.029166666666666667
1 0.9546875 0.8597222222222223 0.0140625 0.03194444444444444
0 0.630859375 0.8354166666666667 0.121875 0.3055555555555556
1 0.96640625 0.0875 0.02578125 0.0625
1 0.937109375 0.7916666666666666 0.025 0.05555555555555555
1 0.14765625 0.9548611111111112 0.021875 0.04583333333333333
1 0.726171875 0.013194444444444444 0.021875 0.02638888888888889
1 0.51484375 0.7298611111111111 0.0203125 0.041666666666666664
1 0.092578125 0.0375 0.03046875 0.05694444444444444
1 0.564453125 0.7881944444444444 0.0390625 0.044444444444444446
1 0.404296875 0.9555555555555556 0.034375 0.0625
1 0.332421875 0.9152777777777777 0.021875 0.03333333333333333
1 0.730859375 0.7576388888888889 0.02578125 0.05555555555555555
1 0.26953125 0.525 0.0203125 0.03611111111111111
1 0.840625 0.49444444444444446 0.01171875 0.03194444444444444
1 0.93984375 0.5034722222222222 0.03203125 0.05138888888888889
1 0.74921875 0.041666666666666664 0.02109375 0.044444444444444446
1 0.78359375 0.41458333333333336 0.03125 0.059722222222222225
1 0.573046875 0.8590277777777777 0.04375 0.1
1 0.55390625 0.7111111111111111 0.02421875 0.04861111111111111
1 0.24375 0.33611111111111114 0.01875 0.03333333333333333
1 0.11171875 0.7347222222222223 0.02265625 0.03888888888888889
1 0.252734375 0.46597222222222223 0.02265625 0.0375
1 0.432421875 0.1840277777777778 0.02265625 0.041666666666666664
1 0.50390625 0.25972222222222224 0.015625 0.030555555555555555
1 0.062109375 0.2826388888888889 0.01171875 0.018055555555555554
1 0.673046875 0.3958333333333333 0.0296875 0.06388888888888888
1 0.636328125 0.8027777777777778 0.00859375 0.015277777777777777
0 0.69765625 0.3784722222222222 0.221875 0.3611111111111111
1 0.41015625 0.5986111111111111 0.02265625 0.04027777777777778
1 0.316015625 0.8833333333333333 0.02109375 0.03611111111111111
1 0.68671875 0.8326388888888889 0.01171875 0.025
1 0.412890625 0.7104166666666667 0.01640625 0.029166666666666667
1 0.066015625 0.0125 0.01875 0.025
1 0.43203125 0.8486111111111111 0.0375 0.03194444444444444
1 0.73359375 0.6069444444444444 0.0296875 0.04583333333333333
1 0.49921875 0.9083333333333333 0.0109375 0.0125
1 0.67421875 0.8680555555555556 0.01796875 0.029166666666666667
1 0.382421875 0.07777777777777778 0.01171875 0.020833333333333332
1 0.980078125 0.9416666666666667 0.01484375 0.020833333333333332
1 0.378515625 0.9604166666666667 0.015625 0.02638888888888889
1 0.03203125 0.3402777777777778 0.01875 0.04027777777777778
1 0.51171875 0.40625 0.01875 0.029166666666666667
0 0.083203125 0.8006944444444445 0.16640625 0.275
1 0.983203125 0.44027777777777777 0.01015625 0.018055555555555554
1 0.133203125 0.17708333333333334 0.015625 0.02638888888888889
1 0.823828125 0.6597222222222222 0.0234375 0.04583333333333333
1 0.380078125 0.5694444444444444 0.01171875 0.020833333333333332
0 0.10546875 0.4236111111111111 0.2109375 0.3541666666666667
1 0.160546875 0.6472222222222223 0.02265625 0.041666666666666664
1 0.433984375 0.5854166666666667 0.01484375 0.030555555555555555
1 0.565234375 0.9333333333333333 0.0421875 0.05277777777777778
1 0.3671875 0.05 0.01328125 0.034722222222222224