1 0.2890625 0.2 0.0203125 0.03125
1 0.3609375 0.04791666666666667 0.08125 0.09583333333333334
1 0.309375 0.14583333333333334 0.01875 0.022916666666666665
1 0.42578125 0.16979166666666667 0.0234375 0.06875
1 0.58046875 0.096875 0.1375 0.12291666666666666
1 0.57578125 0.029166666666666667 0.0390625 0.058333333333333334
1 0.475 0.321875 0.0265625 0.0375
1 0.55625 0.3385416666666667 0.0328125 0.025
1 0.65390625 0.4083333333333333 0.059375 0.04375
1 0.7265625 0.47604166666666664 0.0328125 0.03958333333333333
1 0.85703125 0.4708333333333333 0.0796875 0.04375
1 0.8796875 0.5489583333333333 0.0296875 0.029166666666666667
1 0.9296875 0.6697916666666667 0.028125 0.03125
1 0.878125 0.7302083333333333 0.05 0.0625
1 0.8421875 0.7864583333333334 0.0328125 0.05416666666666667
1 0.8953125 0.8010416666666667 0.071875 0.06666666666666667
1 0.71640625 0.6375 0.0625 0.06458333333333334
1 0.6640625 0.7197916666666667 0.0234375 0.027083333333333334
1 0.553125 0.6729166666666667 0.034375 0.0375
1 0.4234375 0.9572916666666667 0.071875 0.07291666666666667
1 0.5625 0.8708333333333333 0.0265625 0.035416666666666666
1 0.82265625 0.9291666666666667 0.05625 0.04791666666666667
1 0.8546875 0.971875 0.04375 0.05625
1 0.8953125 0.9822916666666667 0.0328125 0.035416666666666666
1 0.01171875 0.54375 0.0234375 0.025
1 0.20859375 0.46875 0.0296875 0.03958333333333333
1 0.27265625 0.42083333333333334 0.028125 0.029166666666666667
1 0.7859375 0.13333333333333333 0.0171875 0.014583333333333334
1 0.78125 0.17708333333333334 0.0203125 0.03333333333333333
1 0.86953125 0.17916666666666667 0.0359375 0.04791666666666667
1 0.92578125 0.21875 0.0390625 0.035416666666666666
1 0.88203125 0.38645833333333335 0.0921875 0.06666666666666667
1 0.9921875 0.41770833333333335 0.015625 0.03333333333333333
1 0.40390625 0.47708333333333336 0.0109375 0.010416666666666666
0 0.7125 0.3333333333333333 0.49375 0.3
0 0.6359375 0.5104166666666666 0.4765625 0.33125
0 0.7421875 0.7854166666666667 0.346875 0.42916666666666664