1 0.901171875 0.7888888888888889 0.0453125 0.05416666666666667
1 0.26953125 0.90625 0.03359375 0.04861111111111111
1 0.18984375 0.8326388888888889 0.0203125 0.04722222222222222
1 0.216015625 0.6770833333333334 0.02421875 0.075
1 0.091796875 0.7527777777777778 0.03984375 0.07361111111111111
1 0.03203125 0.6597222222222222 0.01328125 0.02638888888888889
1 0.09453125 0.5402777777777777 0.02109375 0.03611111111111111
1 0.280859375 0.5006944444444444 0.021875 0.03611111111111111
1 0.248828125 0.3638888888888889 0.01953125 0.029166666666666667
1 0.263671875 0.3034722222222222 0.01640625 0.030555555555555555
1 0.233984375 0.3034722222222222 0.01640625 0.030555555555555555
1 0.203515625 0.2791666666666667 0.0296875 0.06805555555555555
1 0.2765625 0.24513888888888888 0.03125 0.04861111111111111
1 0.26328125 0.19930555555555557 0.0375 0.05277777777777778
1 0.231640625 0.21736111111111112 0.03125 0.04027777777777778
1 0.225 0.14791666666666667 0.02265625 0.04027777777777778
1 0.186328125 0.1326388888888889 0.021875 0.03333333333333333
1 0.14921875 0.13125 0.0328125 0.0763888888888889
1 0.111328125 0.09930555555555555 0.015625 0.020833333333333332
1 0.058203125 0.11944444444444445 0.02734375 0.030555555555555555
1 0.186328125 0.010416666666666666 0.028125 0.020833333333333332
1 0.44140625 0.009027777777777777 0.01796875 0.018055555555555554
1 0.549609375 0.02013888888888889 0.02578125 0.04027777777777778
1 0.579296875 0.009722222222222222 0.01875 0.018055555555555554
1 0.59296875 0.06527777777777778 0.02421875 0.043055555555555555
1 0.6015625 0.16111111111111112 0.01953125 0.04027777777777778
1 0.579296875 0.3347222222222222 0.03203125 0.06666666666666667
1 0.633984375 0.27152777777777776 0.0265625 0.07083333333333333
1 0.662109375 0.1763888888888889 0.0328125 0.05138888888888889
1 0.708203125 0.1840277777777778 0.02890625 0.04583333333333333
1 0.68671875 0.10902777777777778 0.03125 0.058333333333333334
1 0.68671875 0.025 0.02578125 0.034722222222222224
1 0.776171875 0.05763888888888889 0.02734375 0.08472222222222223
1 0.810546875 0.08888888888888889 0.0296875 0.07361111111111111
1 0.853515625 0.027083333333333334 0.04296875 0.05416666666666667
1 0.89609375 0.05 0.02109375 0.03333333333333333
1 0.986328125 0.09305555555555556 0.02734375 0.0375
1 0.98515625 0.0125 0.01953125 0.025
1 0.878515625 0.17222222222222222 0.01875 0.029166666666666667
1 0.82421875 0.2076388888888889 0.0328125 0.05555555555555555
1 0.792578125 0.22291666666666668 0.02265625 0.043055555555555555
1 0.791015625 0.2791666666666667 0.03125 0.044444444444444446
1 0.813671875 0.35555555555555557 0.040625 0.06805555555555555
1 0.969921875 0.35833333333333334 0.03046875 0.075
1 0.886328125 0.4270833333333333 0.02109375 0.03611111111111111
1 0.938671875 0.40069444444444446 0.02109375 0.025
1 0.953125 0.4736111111111111 0.02578125 0.0375
1 0.99140625 0.4638888888888889 0.0171875 0.04583333333333333
1 0.96171875 0.5423611111111111 0.021875 0.03194444444444444
1 0.91015625 0.5576388888888889 0.025 0.05
1 0.863671875 0.5576388888888889 0.0390625 0.06527777777777778
1 0.88828125 0.6479166666666667 0.0265625 0.04861111111111111
1 0.91328125 0.6854166666666667 0.02734375 0.04027777777777778
1 0.92421875 0.7305555555555555 0.028125 0.05277777777777778
1 0.934375 0.6736111111111112 0.01796875 0.03194444444444444
1 0.983984375 0.6840277777777778 0.02734375 0.04583333333333333
1 0.978125 0.7736111111111111 0.04140625 0.075
1 0.97734375 0.84375 0.01875 0.029166666666666667
1 0.965625 0.8840277777777777 0.0203125 0.034722222222222224
1 0.96484375 0.9729166666666667 0.0703125 0.05416666666666667
1 0.896875 0.9298611111111111 0.02109375 0.044444444444444446
1 0.85703125 0.8131944444444444 0.02734375 0.043055555555555555
1 0.83671875 0.8263888888888888 0.02578125 0.0375
1 0.850390625 0.8680555555555556 0.034375 0.04861111111111111
1 0.81953125 0.8798611111111111 0.01796875 0.03194444444444444
1 0.7890625 0.7534722222222222 0.03203125 0.05555555555555555
1 0.796484375 0.8013888888888889 0.02421875 0.04583333333333333
1 0.772265625 0.9784722222222222 0.02421875 0.043055555555555555
1 0.734765625 0.9756944444444444 0.040625 0.04861111111111111
1 0.613671875 0.7958333333333333 0.03828125 0.07222222222222222
1 0.644140625 0.6493055555555556 0.02109375 0.0375
1 0.615234375 0.6354166666666666 0.03046875 0.05
1 0.630078125 0.5902777777777778 0.0234375 0.030555555555555555
1 0.7078125 0.5770833333333333 0.02421875 0.043055555555555555
1 0.731640625 0.5673611111111111 0.028125 0.04722222222222222
1 0.77265625 0.625 0.0265625 0.05
1 0.715234375 0.4652777777777778 0.02734375 0.04861111111111111
1 0.737109375 0.4673611111111111 0.01640625 0.03611111111111111
1 0.73125 0.4166666666666667 0.02265625 0.044444444444444446
1 0.69609375 0.4041666666666667 0.0296875 0.02361111111111111
1 0.663671875 0.38125 0.02265625 0.043055555555555555
1 0.591015625 0.51875 0.02578125 0.04861111111111111
1 0.61640625 0.5013888888888889 0.02421875 0.05
1 0.594140625 0.4875 0.0125 0.027777777777777776
1 0.6734375 0.4326388888888889 0.01796875 0.041666666666666664
0 0.66484375 0.8847222222222222 0.29140625 0.23055555555555557
0 0.67578125 0.6361111111111111 0.27734375 0.30416666666666664
0 0.626953125 0.4888888888888889 0.18046875 0.5069444444444444
0 0.687890625 0.28125 0.159375 0.20277777777777778
0 0.613671875 0.08541666666666667 0.13203125 0.17083333333333334
0 0.126953125 0.8708333333333333 0.13125 0.25833333333333336
0 0.1328125 0.61875 0.21796875 0.3347222222222222
0 0.1390625 0.46805555555555556 0.12734375 0.3458333333333333
0 0.145703125 0.2569444444444444 0.196875 0.19166666666666668
0 0.116015625 0.05347222222222222 0.14296875 0.10555555555555556