1 0.820703125 0.5194444444444445 0.05625 0.10138888888888889
1 0.14140625 0.6090277777777777 0.021875 0.041666666666666664
1 0.390234375 0.3020833333333333 0.01875 0.029166666666666667
1 0.86015625 0.30694444444444446 0.0328125 0.05416666666666667
1 0.835546875 0.1625 0.021875 0.04722222222222222
1 0.789453125 0.07222222222222222 0.02578125 0.04722222222222222
1 0.962109375 0.01597222222222222 0.01328125 0.03194444444444444
1 0.950390625 0.36319444444444443 0.0171875 0.03888888888888889
1 0.98359375 0.5541666666666667 0.0203125 0.044444444444444446
1 0.8390625 0.6506944444444445 0.0234375 0.03888888888888889
1 0.696875 0.8743055555555556 0.01953125 0.041666666666666664
1 0.62578125 0.8833333333333333 0.02265625 0.03611111111111111
1 0.579296875 0.7618055555555555 0.021875 0.04861111111111111
1 0.433203125 0.9416666666666667 0.01484375 0.03333333333333333
1 0.49921875 0.9902777777777778 0.01953125 0.019444444444444445
0 0.1171875 0.9611111111111111 0.1859375 0.07777777777777778
0 0.101171875 0.8479166666666667 0.20234375 0.30416666666666664
0 0.09921875 0.40208333333333335 0.1984375 0.44583333333333336
0 0.090625 0.17777777777777778 0.18125 0.35555555555555557
0 0.096484375 0.10902777777777778 0.15234375 0.21805555555555556
0 0.715625 0.9180555555555555 0.1703125 0.1638888888888889
0 0.684765625 0.76875 0.16484375 0.4625
0 0.6609375 0.5583333333333333 0.16484375 0.4736111111111111
0 0.64375 0.2625 0.2859375 0.2972222222222222
0 0.6890625 0.10972222222222222 0.18046875 0.21944444444444444
1 0.417578125 0.2965277777777778 0.0140625 0.027777777777777776
1 0.42265625 0.22361111111111112 0.03203125 0.06388888888888888
1 0.890234375 0.5326388888888889 0.025 0.05138888888888889
1 0.2171875 0.32430555555555557 0.01015625 0.015277777777777777
1 0.450390625 0.04791666666666667 0.02421875 0.04722222222222222
1 0.608203125 0.12708333333333333 0.025 0.04722222222222222
1 0.588671875 0.20972222222222223 0.0234375 0.05
1 0.63046875 0.20069444444444445 0.01875 0.02638888888888889
1 0.443359375 0.4756944444444444 0.0453125 0.13055555555555556
1 0.678515625 0.11527777777777778 0.040625 0.06111111111111111
1 0.1890625 0.8986111111111111 0.0125 0.02638888888888889
1 0.68828125 0.06666666666666667 0.01875 0.03194444444444444
1 0.6640625 0.05486111111111111 0.01484375 0.029166666666666667
1 0.585546875 0.5597222222222222 0.03046875 0.05694444444444444
1 0.5890625 0.6173611111111111 0.01796875 0.03333333333333333
1 0.749609375 0.40902777777777777 0.028125 0.043055555555555555
1 0.184765625 0.7986111111111112 0.0203125 0.03888888888888889
1 0.25390625 0.6034722222222222 0.01796875 0.034722222222222224
1 0.1921875 0.5465277777777777 0.04765625 0.06527777777777778
1 0.2703125 0.5090277777777777 0.02421875 0.030555555555555555
1 0.366015625 0.5666666666666667 0.01484375 0.034722222222222224
1 0.383203125 0.6013888888888889 0.0109375 0.025