1 0.364453125 0.5993055555555555 0.02421875 0.03888888888888889
0 0.6734375 0.9666666666666667 0.128125 0.06666666666666667
0 0.09453125 0.16666666666666666 0.175 0.3333333333333333
0 0.096484375 0.25416666666666665 0.1875 0.5083333333333333
0 0.083984375 0.5625 0.165625 0.44583333333333336
1 0.96328125 0.22777777777777777 0.0203125 0.04027777777777778
1 0.833984375 0.12291666666666666 0.02265625 0.05138888888888889
1 0.798046875 0.1625 0.02734375 0.04722222222222222
1 0.60390625 0.03819444444444445 0.02421875 0.0375
1 0.61484375 0.10138888888888889 0.03828125 0.08472222222222223
1 0.449609375 0.059722222222222225 0.02265625 0.0375
1 0.48359375 0.1125 0.01796875 0.030555555555555555
1 0.220703125 0.005555555555555556 0.01875 0.011111111111111112
1 0.12421875 0.009722222222222222 0.01796875 0.019444444444444445
1 0.126953125 0.05347222222222222 0.02109375 0.030555555555555555
1 0.191796875 0.1763888888888889 0.02734375 0.041666666666666664
1 0.183984375 0.22847222222222222 0.021875 0.029166666666666667
1 0.271875 0.2076388888888889 0.02734375 0.075
1 0.299609375 0.24583333333333332 0.03671875 0.07916666666666666
1 0.170703125 0.4486111111111111 0.03125 0.05138888888888889
1 0.17890625 0.49722222222222223 0.015625 0.034722222222222224
0 0.634765625 0.8229166666666666 0.24140625 0.25277777777777777
1 0.24296875 0.5263888888888889 0.03046875 0.043055555555555555
1 0.09453125 0.6527777777777778 0.021875 0.02638888888888889
1 0.171875 0.5895833333333333 0.01796875 0.03888888888888889
1 0.19453125 0.6208333333333333 0.02265625 0.043055555555555555
1 0.1984375 0.7638888888888888 0.05625 0.10833333333333334
1 0.222265625 0.8180555555555555 0.0140625 0.030555555555555555
1 0.304296875 0.8243055555555555 0.01953125 0.03888888888888889
1 0.198046875 0.9625 0.028125 0.075
0 0.134765625 0.8201388888888889 0.096875 0.3597222222222222
0 0.1171875 0.9430555555555555 0.1515625 0.11388888888888889
1 0.57421875 0.7652777777777777 0.02734375 0.07777777777777778
1 0.5984375 0.6868055555555556 0.0328125 0.05694444444444444
1 0.659375 0.7319444444444444 0.01796875 0.0375
1 0.7203125 0.9048611111111111 0.0296875 0.06805555555555555
1 0.8015625 0.9861111111111112 0.025 0.027777777777777776
1 0.985546875 0.9680555555555556 0.02890625 0.06388888888888888
1 0.826171875 0.8805555555555555 0.025 0.04861111111111111
1 0.7984375 0.7708333333333334 0.0265625 0.05416666666666667
1 0.908203125 0.8138888888888889 0.0171875 0.04583333333333333
1 0.833203125 0.6659722222222222 0.03515625 0.0763888888888889
1 0.9078125 0.6020833333333333 0.0140625 0.030555555555555555
1 0.8421875 0.5513888888888889 0.01796875 0.02638888888888889
1 0.875 0.5159722222222223 0.01875 0.03611111111111111
1 0.8125 0.31805555555555554 0.02734375 0.05138888888888889
0 0.66640625 0.05763888888888889 0.07109375 0.11527777777777778
0 0.650390625 0.20347222222222222 0.08046875 0.2777777777777778
0 0.612890625 0.4409722222222222 0.28125 0.2986111111111111
0 0.6515625 0.6597222222222222 0.10625 0.30694444444444446