1 0.58046875 0.4739583333333333 0.0171875 0.022916666666666665
1 0.178125 0.028125 0.0109375 0.022916666666666665
1 0.578125 0.028125 0.01875 0.01875
1 0.69296875 0.3729166666666667 0.0171875 0.029166666666666667
0 0.65234375 0.20729166666666668 0.15 0.15208333333333332
0 0.6171875 0.54375 0.0703125 0.18958333333333333
0 0.63828125 0.80625 0.2125 0.17291666666666666
1 0.16796875 0.09583333333333334 0.015625 0.014583333333333334
1 0.071875 0.11875 0.0265625 0.035416666666666666
1 0.4546875 0.20520833333333333 0.0109375 0.01875
1 0.50859375 0.31354166666666666 0.021875 0.035416666666666666
1 0.36015625 0.840625 0.0171875 0.020833333333333332
1 0.2359375 0.915625 0.025 0.03333333333333333
1 0.1609375 0.9520833333333333 0.0203125 0.025
1 0.01953125 0.5 0.015625 0.027083333333333334
1 0.16953125 0.45208333333333334 0.034375 0.03958333333333333
1 0.1203125 0.446875 0.01875 0.025
1 0.13359375 0.50625 0.0234375 0.027083333333333334
1 0.3859375 0.646875 0.0234375 0.03333333333333333
1 0.365625 0.5822916666666667 0.0390625 0.0375
1 0.4375 0.484375 0.0203125 0.04375
1 0.34765625 0.47291666666666665 0.0265625 0.027083333333333334
1 0.34453125 0.378125 0.04375 0.07291666666666667
1 0.31171875 0.121875 0.0296875 0.052083333333333336
1 0.46953125 0.057291666666666664 0.021875 0.052083333333333336
1 0.43125 0.10416666666666667 0.03125 0.04375
1 0.9171875 0.03958333333333333 0.040625 0.05625
1 0.771875 0.19895833333333332 0.0265625 0.029166666666666667
1 0.86953125 0.2916666666666667 0.0140625 0.01875
1 0.809375 0.3020833333333333 0.0265625 0.029166666666666667
1 0.75625 0.3333333333333333 0.025 0.035416666666666666
1 0.93515625 0.428125 0.028125 0.03125
1 0.8484375 0.42291666666666666 0.025 0.022916666666666665
1 0.7875 0.4125 0.028125 0.03125
1 0.725 0.690625 0.028125 0.020833333333333332
1 0.5921875 0.675 0.0203125 0.025
1 0.86328125 0.51875 0.078125 0.07291666666666667
1 0.86015625 0.6822916666666666 0.0203125 0.0375
1 0.86796875 0.8677083333333333 0.015625 0.016666666666666666
1 0.909375 0.9489583333333333 0.0265625 0.03958333333333333
1 0.684375 0.99375 0.0203125 0.0125
1 0.58671875 0.95 0.0265625 0.0375
1 0.5421875 0.9645833333333333 0.0390625 0.07083333333333333
1 0.6890625 0.440625 0.0265625 0.03333333333333333