1 0.6390625 0.921875 0.05 0.07291666666666667
1 0.80703125 0.9541666666666667 0.0390625 0.04583333333333333
1 0.9765625 0.9 0.021875 0.0375
1 0.9859375 0.8395833333333333 0.0203125 0.020833333333333332
1 0.38203125 0.253125 0.0375 0.07291666666666667
1 0.14765625 0.41041666666666665 0.015625 0.016666666666666666
1 0.75390625 0.1625 0.01875 0.022916666666666665
1 0.9546875 0.6458333333333334 0.021875 0.035416666666666666
1 0.85 0.16354166666666667 0.01875 0.025
1 0.86484375 0.13333333333333333 0.0296875 0.04791666666666667
1 0.8078125 0.3302083333333333 0.04375 0.04583333333333333
1 0.94140625 0.4166666666666667 0.03125 0.03333333333333333
1 0.89609375 0.4114583333333333 0.0765625 0.11041666666666666
1 0.87578125 0.346875 0.0328125 0.029166666666666667
1 0.45 0.575 0.0390625 0.0375
1 0.36640625 0.5708333333333333 0.015625 0.029166666666666667
1 0.24921875 0.43854166666666666 0.034375 0.041666666666666664
1 0.50546875 0.37604166666666666 0.0140625 0.029166666666666667
1 0.61484375 0.44479166666666664 0.0375 0.06458333333333334
1 0.9171875 0.16770833333333332 0.0171875 0.022916666666666665
1 0.97421875 0.05 0.0328125 0.025
1 0.8953125 0.7104166666666667 0.0390625 0.0625
1 0.52421875 0.83125 0.0328125 0.05
1 0.428125 0.99375 0.015625 0.0125
1 0.47109375 0.953125 0.0578125 0.06458333333333334
1 0.02265625 0.9541666666666667 0.0421875 0.052083333333333336
0 0.8015625 0.8083333333333333 0.396875 0.38333333333333336
1 0.01796875 0.2760416666666667 0.0359375 0.07083333333333333
0 0.8140625 0.5427083333333333 0.3 0.3416666666666667
0 0.82421875 0.34375 0.2953125 0.5416666666666666
0 0.74140625 0.08229166666666667 0.4859375 0.16458333333333333
1 0.36875 0.6447916666666667 0.065625 0.07083333333333333
1 0.36484375 0.9770833333333333 0.0421875 0.04583333333333333
1 0.98046875 0.023958333333333335 0.034375 0.03333333333333333
1 0.34765625 0.03125 0.021875 0.041666666666666664
1 0.3921875 0.109375 0.0265625 0.0375
1 0.5171875 0.13958333333333334 0.0296875 0.052083333333333336
1 0.51640625 0.215625 0.0671875 0.0625
1 0.30703125 0.334375 0.025 0.04791666666666667
1 0.57734375 0.26458333333333334 0.01875 0.025
1 0.5671875 0.23229166666666667 0.0375 0.029166666666666667
1 0.66484375 0.24895833333333334 0.0375 0.04375
1 0.7046875 0.18645833333333334 0.0421875 0.04375
1 0.76875 0.19375 0.0296875 0.03333333333333333