1 0.8890625 0.58125 0.0296875 0.03333333333333333
1 0.51875 0.44479166666666664 0.0265625 0.029166666666666667
1 0.703125 0.8791666666666667 0.028125 0.025
1 0.10234375 0.9177083333333333 0.01875 0.035416666666666666
1 0.3921875 0.5552083333333333 0.021875 0.029166666666666667
1 0.9203125 0.32708333333333334 0.0234375 0.035416666666666666
1 0.80390625 0.4875 0.0296875 0.027083333333333334
1 0.6625 0.43125 0.0296875 0.04583333333333333
1 0.76953125 0.39479166666666665 0.0375 0.04375
1 0.86015625 0.36666666666666664 0.03125 0.03333333333333333
1 0.76015625 0.06875 0.0234375 0.03958333333333333
1 0.73828125 0.25416666666666665 0.0265625 0.03333333333333333
1 0.67265625 0.221875 0.0296875 0.04375
1 0.4625 0.01875 0.0296875 0.0375
1 0.415625 0.109375 0.0203125 0.025
1 0.3984375 0.07604166666666666 0.05 0.029166666666666667
1 0.6640625 0.6239583333333333 0.034375 0.029166666666666667
1 0.32890625 0.04583333333333333 0.0203125 0.025
1 0.76953125 0.8729166666666667 0.01875 0.025
1 0.6828125 0.023958333333333335 0.0203125 0.025
1 0.80703125 0.025 0.0203125 0.027083333333333334
1 0.60859375 0.6635416666666667 0.03125 0.04791666666666667
1 0.5203125 0.184375 0.0234375 0.025
1 0.42421875 0.008333333333333333 0.01875 0.016666666666666666
1 0.1015625 0.29583333333333334 0.0234375 0.0375
1 0.00625 0.10104166666666667 0.0125 0.03333333333333333
1 0.5 0.30104166666666665 0.021875 0.03333333333333333
1 0.53046875 0.7104166666666667 0.0171875 0.022916666666666665
1 0.41171875 0.859375 0.0171875 0.022916666666666665
1 0.33359375 0.23541666666666666 0.01875 0.03125
1 0.72265625 0.37395833333333334 0.025 0.027083333333333334
1 0.92109375 0.42291666666666666 0.0203125 0.022916666666666665
1 0.721875 0.0875 0.021875 0.03958333333333333
1 0.95 0.41875 0.028125 0.04375
0 0.59296875 0.08854166666666667 0.128125 0.17291666666666666
0 0.6546875 0.29791666666666666 0.1453125 0.22291666666666668
1 0.434375 0.13020833333333334 0.0171875 0.020833333333333332
1 0.3921875 0.020833333333333332 0.015625 0.01875
0 0.58671875 0.9302083333333333 0.196875 0.13958333333333334
0 0.61640625 0.5916666666666667 0.2265625 0.12708333333333333