0 0.62421875 0.134375 0.09375 0.26875
1 0.45625 0.8104166666666667 0.0328125 0.03333333333333333
1 0.70859375 0.5666666666666667 0.05 0.041666666666666664
1 0.684375 0.11041666666666666 0.0234375 0.025
1 0.7328125 0.2 0.0203125 0.03333333333333333
1 0.5078125 0.005208333333333333 0.0203125 0.010416666666666666
0 0.5890625 0.42291666666666666 0.0765625 0.3
0 0.57421875 0.7104166666666667 0.1234375 0.29791666666666666
0 0.62265625 0.9020833333333333 0.1 0.19375
1 0.465625 0.5770833333333333 0.01875 0.027083333333333334
1 0.38359375 0.975 0.059375 0.035416666666666666
1 0.78515625 0.7802083333333333 0.0328125 0.0375
1 0.7203125 0.6458333333333334 0.034375 0.03333333333333333
1 0.8421875 0.8395833333333333 0.065625 0.03333333333333333
1 0.4234375 0.8333333333333334 0.025 0.03333333333333333
1 0.51796875 0.75625 0.0234375 0.035416666666666666
1 0.37578125 0.8291666666666667 0.0296875 0.0375
1 0.4984375 0.715625 0.0328125 0.027083333333333334
1 0.4265625 0.8791666666666667 0.04375 0.06041666666666667
1 0.72421875 0.9854166666666667 0.0296875 0.029166666666666667
1 0.49375 0.16770833333333332 0.015625 0.020833333333333332
1 0.60546875 0.25104166666666666 0.0234375 0.027083333333333334
1 0.846875 0.03958333333333333 0.0359375 0.041666666666666664
1 0.6390625 0.19791666666666666 0.0265625 0.035416666666666666
1 0.67265625 0.7739583333333333 0.0328125 0.0375
1 0.74765625 0.40729166666666666 0.0234375 0.01875
1 0.690625 0.415625 0.021875 0.035416666666666666
1 0.9 0.18125 0.0203125 0.027083333333333334
1 0.640625 0.31875 0.028125 0.03125
1 0.4078125 0.13125 0.025 0.03125
1 0.109375 0.7947916666666667 0.01875 0.01875