1 0.25234375 0.27708333333333335 0.0125 0.022916666666666665
1 0.31015625 0.29375 0.078125 0.06666666666666667
1 0.32421875 0.38958333333333334 0.0296875 0.025
1 0.20546875 0.35 0.015625 0.035416666666666666
1 0.25625 0.46979166666666666 0.015625 0.0125
1 0.6046875 0.15 0.0296875 0.035416666666666666
1 0.221875 0.4395833333333333 0.0453125 0.07708333333333334
1 0.1546875 0.45 0.040625 0.03333333333333333
1 0.659375 0.18333333333333332 0.0203125 0.03333333333333333
1 0.6125 0.08333333333333333 0.03125 0.035416666666666666
1 0.5078125 0.051041666666666666 0.0390625 0.035416666666666666
1 0.565625 0.290625 0.0234375 0.022916666666666665
1 0.53046875 0.35104166666666664 0.0140625 0.03958333333333333
1 0.64453125 0.3572916666666667 0.025 0.022916666666666665
1 0.6390625 0.38958333333333334 0.028125 0.027083333333333334
1 0.98515625 0.209375 0.0296875 0.03125
1 0.98515625 0.24583333333333332 0.0296875 0.027083333333333334
1 0.95078125 0.22291666666666668 0.0296875 0.029166666666666667
1 0.89140625 0.3145833333333333 0.0203125 0.03333333333333333
1 0.7765625 0.43645833333333334 0.025 0.03333333333333333
1 0.634375 0.4875 0.0234375 0.04791666666666667
1 0.58125 0.46145833333333336 0.0390625 0.029166666666666667
1 0.48984375 0.014583333333333334 0.0265625 0.029166666666666667
1 0.53359375 0.15520833333333334 0.0203125 0.029166666666666667
1 0.14453125 0.4010416666666667 0.0625 0.06875
1 0.38828125 0.5354166666666667 0.0265625 0.029166666666666667
1 0.31875 0.51875 0.03125 0.07083333333333333
1 0.23203125 0.5927083333333333 0.0359375 0.05416666666666667
1 0.3765625 0.6791666666666667 0.05 0.07291666666666667
1 0.43671875 0.703125 0.025 0.03333333333333333
1 0.06484375 0.8427083333333333 0.1203125 0.08958333333333333
1 0.07421875 0.7791666666666667 0.0296875 0.03333333333333333
1 0.02578125 0.9260416666666667 0.0484375 0.07291666666666667
1 0.2109375 0.9177083333333333 0.0234375 0.03958333333333333
1 0.3125 0.9385416666666667 0.025 0.035416666666666666
1 0.27109375 0.8916666666666667 0.028125 0.020833333333333332
1 0.26640625 0.840625 0.0359375 0.05625
1 0.47265625 0.9479166666666666 0.0265625 0.035416666666666666
1 0.6 0.959375 0.034375 0.05625
1 0.64453125 0.878125 0.0171875 0.029166666666666667
1 0.53125 0.884375 0.015625 0.022916666666666665
1 0.59609375 0.815625 0.01875 0.022916666666666665
1 0.6875 0.784375 0.028125 0.04375
1 0.73046875 0.7708333333333334 0.0140625 0.016666666666666666
1 0.40703125 0.009375 0.0171875 0.016666666666666666
1 0.44609375 0.10416666666666667 0.009375 0.0125
1 0.3125 0.165625 0.028125 0.05
1 0.1984375 0.14270833333333333 0.0328125 0.09166666666666666
1 0.25625 0.146875 0.03125 0.029166666666666667
1 0.23828125 0.09583333333333334 0.0234375 0.03958333333333333
1 0.31640625 0.10833333333333334 0.0203125 0.022916666666666665
1 0.39375 0.07395833333333333 0.015625 0.020833333333333332
1 0.1359375 0.04479166666666667 0.0125 0.027083333333333334
1 0.0703125 0.146875 0.025 0.0375
1 0.0140625 0.20833333333333334 0.028125 0.022916666666666665
1 0.05625 0.215625 0.0140625 0.03333333333333333
1 0.45078125 0.04375 0.028125 0.01875
1 0.45625 0.24270833333333333 0.01875 0.022916666666666665
1 0.44375 0.5041666666666667 0.015625 0.010416666666666666
1 0.73125 0.041666666666666664 0.015625 0.05416666666666667
1 0.7921875 0.008333333333333333 0.01875 0.016666666666666666
0 0.475 0.18333333333333332 0.159375 0.23125
0 0.4890625 0.43854166666666666 0.278125 0.1375
0 0.496875 0.8 0.234375 0.2
1 0.078125 0.65 0.0328125 0.0375
1 0.01015625 0.41458333333333336 0.0203125 0.0375
1 0.51875 0.5739583333333333 0.0140625 0.01875
1 0.51171875 0.6145833333333334 0.0265625 0.03333333333333333
1 0.7328125 0.659375 0.0171875 0.022916666666666665
1 0.9 0.553125 0.01875 0.025
1 0.678125 0.6427083333333333 0.009375 0.022916666666666665
1 0.6546875 0.6166666666666667 0.0328125 0.035416666666666666
1 0.60625 0.6416666666666667 0.0390625 0.04375
1 0.9578125 0.734375 0.0359375 0.035416666666666666
1 0.95703125 0.7958333333333333 0.0375 0.07708333333333334
1 0.9609375 0.8583333333333333 0.0296875 0.020833333333333332
1 0.88046875 0.9833333333333333 0.015625 0.03333333333333333
1 0.8203125 0.8989583333333333 0.04375 0.03958333333333333