1 0.2671875 0.646875 0.04375 0.07083333333333333
0 0.3765625 0.171875 0.20625 0.33958333333333335
0 0.43046875 0.40520833333333334 0.1359375 0.24791666666666667
0 0.41171875 0.6479166666666667 0.165625 0.33125
0 0.39453125 0.8614583333333333 0.103125 0.2708333333333333
1 0.57890625 0.15104166666666666 0.05625 0.041666666666666664
1 0.5734375 0.10520833333333333 0.0265625 0.029166666666666667
1 0.67890625 0.17291666666666666 0.025 0.03333333333333333
1 0.87734375 0.11145833333333334 0.040625 0.0625
1 0.9921875 0.021875 0.015625 0.0375
1 0.85390625 0.8020833333333334 0.05 0.05416666666666667
1 0.74765625 0.578125 0.034375 0.029166666666666667
1 0.6375 0.6177083333333333 0.01875 0.029166666666666667
1 0.665625 0.98125 0.0359375 0.0375
1 0.5671875 0.9614583333333333 0.0328125 0.041666666666666664
1 0.7046875 0.24791666666666667 0.0140625 0.008333333333333333
1 0.875 0.4 0.0125 0.029166666666666667
1 0.6515625 0.40208333333333335 0.0078125 0.0125
1 0.63359375 0.43854166666666666 0.0078125 0.014583333333333334
1 0.57734375 0.5520833333333334 0.0296875 0.0375
1 0.59375 0.440625 0.0140625 0.025
1 0.215625 0.6020833333333333 0.0125 0.020833333333333332
1 0.21953125 0.5541666666666667 0.009375 0.01875
1 0.1453125 0.6260416666666667 0.03125 0.0375
1 0.253125 0.79375 0.0203125 0.025
1 0.3 0.9645833333333333 0.040625 0.025
1 0.315625 0.5260416666666666 0.0125 0.03958333333333333
1 0.225 0.21458333333333332 0.028125 0.03333333333333333
1 0.1515625 0.29270833333333335 0.03125 0.0375
1 0.19296875 0.08645833333333333 0.0328125 0.041666666666666664
1 0.23671875 0.017708333333333333 0.021875 0.025
1 0.4328125 0.16875 0.0125 0.014583333333333334
1 0.3484375 0.015625 0.0140625 0.01875
1 0.0171875 0.18229166666666666 0.0171875 0.027083333333333334
1 0.1109375 0.16354166666666667 0.0109375 0.025
1 0.02890625 0.5697916666666667 0.04375 0.027083333333333334
1 0.0265625 0.509375 0.009375 0.022916666666666665
1 0.43125 0.9114583333333334 0.0171875 0.035416666666666666
1 0.41015625 0.04895833333333333 0.0125 0.016666666666666666
1 0.36328125 0.33125 0.0203125 0.041666666666666664