1 0.2015625 0.55625 0.0109375 0.019444444444444445
1 0.155859375 0.6340277777777777 0.02421875 0.05277777777777778
1 0.185546875 0.33055555555555555 0.01875 0.02638888888888889
1 0.18984375 0.4388888888888889 0.025 0.04027777777777778
1 0.159375 0.08819444444444445 0.0265625 0.06111111111111111
1 0.558984375 0.9881944444444445 0.025 0.02361111111111111
1 0.193359375 0.18958333333333333 0.0234375 0.08333333333333333
0 0.983203125 0.9826388888888888 0.03359375 0.034722222222222224
1 0.819921875 0.40347222222222223 0.00703125 0.016666666666666666
1 0.684375 0.6777777777777778 0.02109375 0.034722222222222224
1 0.646875 0.6986111111111111 0.01328125 0.02638888888888889
1 0.63125 0.6472222222222223 0.0125 0.022222222222222223
1 0.684375 0.5652777777777778 0.0203125 0.03888888888888889
1 0.6578125 0.5625 0.02734375 0.044444444444444446
1 0.78359375 0.5319444444444444 0.01328125 0.015277777777777777
1 0.710546875 0.4513888888888889 0.0140625 0.025
1 0.758203125 0.4236111111111111 0.0359375 0.05416666666666667
1 0.9953125 0.35138888888888886 0.009375 0.027777777777777776
1 0.88046875 0.0625 0.01328125 0.03194444444444444
1 0.846875 0.02361111111111111 0.01875 0.04722222222222222
1 0.6515625 0.050694444444444445 0.02109375 0.04027777777777778
1 0.703125 0.09583333333333334 0.01171875 0.018055555555555554
1 0.76171875 0.17847222222222223 0.01796875 0.043055555555555555
1 0.78046875 0.20625 0.0125 0.02361111111111111
1 0.7578125 0.27708333333333335 0.01484375 0.03611111111111111
1 0.7390625 0.21666666666666667 0.015625 0.030555555555555555
1 0.7125 0.24444444444444444 0.01796875 0.03333333333333333
1 0.697265625 0.20902777777777778 0.021875 0.04027777777777778
1 0.655078125 0.1986111111111111 0.0296875 0.05
1 0.655078125 0.2701388888888889 0.01796875 0.05138888888888889
1 0.59140625 0.22916666666666666 0.04140625 0.1
1 0.55390625 0.050694444444444445 0.02265625 0.03611111111111111
1 0.465625 0.12291666666666666 0.02578125 0.04583333333333333
1 0.4796875 0.05277777777777778 0.0625 0.10555555555555556
1 0.5203125 0.20555555555555555 0.02265625 0.05277777777777778
1 0.51953125 0.2659722222222222 0.0140625 0.027777777777777776
1 0.47734375 0.24930555555555556 0.02578125 0.05416666666666667
1 0.55 0.3611111111111111 0.025 0.044444444444444446
1 0.546875 0.4534722222222222 0.015625 0.03888888888888889
1 0.4984375 0.3104166666666667 0.01328125 0.0375
1 0.409375 0.41458333333333336 0.02421875 0.041666666666666664
1 0.320703125 0.4409722222222222 0.01015625 0.02361111111111111
1 0.322265625 0.33194444444444443 0.021875 0.04722222222222222
1 0.375390625 0.5513888888888889 0.0171875 0.030555555555555555
1 0.3421875 0.5284722222222222 0.040625 0.058333333333333334
1 0.286328125 0.5986111111111111 0.021875 0.030555555555555555
1 0.306640625 0.6243055555555556 0.01640625 0.027777777777777776
1 0.351171875 0.6506944444444445 0.01328125 0.02361111111111111
1 0.37421875 0.68125 0.015625 0.019444444444444445
1 0.376953125 0.6305555555555555 0.021875 0.05
1 0.423046875 0.6284722222222222 0.03515625 0.08194444444444444
1 0.43125 0.5486111111111112 0.03125 0.07083333333333333
1 0.46640625 0.4826388888888889 0.01484375 0.03194444444444444
1 0.440625 0.4909722222222222 0.025 0.04722222222222222
1 0.503125 0.5444444444444444 0.01875 0.03888888888888889
1 0.578515625 0.6131944444444445 0.02265625 0.03888888888888889
1 0.57109375 0.6743055555555556 0.01328125 0.02361111111111111
1 0.55859375 0.7229166666666667 0.01953125 0.03333333333333333
1 0.512890625 0.7027777777777777 0.03359375 0.05555555555555555
1 0.419140625 0.7284722222222222 0.009375 0.015277777777777777
1 0.42734375 0.6951388888888889 0.0203125 0.034722222222222224
1 0.43515625 0.825 0.00859375 0.015277777777777777
1 0.36875 0.8006944444444445 0.01484375 0.029166666666666667
1 0.39453125 0.8569444444444444 0.01171875 0.029166666666666667
1 0.465234375 0.7638888888888888 0.034375 0.04722222222222222
1 0.5171875 0.80625 0.0328125 0.06111111111111111
1 0.49375 0.9027777777777778 0.0125 0.020833333333333332
1 0.524609375 0.8645833333333334 0.0265625 0.03194444444444444
1 0.553125 0.8534722222222222 0.02421875 0.06666666666666667
1 0.569921875 0.8090277777777778 0.02578125 0.05416666666666667
1 0.6609375 0.7736111111111111 0.01015625 0.016666666666666666
1 0.73828125 0.7652777777777777 0.028125 0.0625
1 0.82421875 0.7916666666666666 0.01171875 0.027777777777777776
1 0.79609375 0.7770833333333333 0.03359375 0.08055555555555556
1 0.93125 0.8381944444444445 0.03125 0.04027777777777778
1 0.837109375 0.9618055555555556 0.01015625 0.016666666666666666
1 0.852734375 0.99375 0.01171875 0.0125
1 0.841796875 0.8833333333333333 0.0109375 0.02361111111111111
1 0.832421875 0.9173611111111111 0.01640625 0.025
1 0.771484375 0.9895833333333334 0.015625 0.020833333333333332
1 0.255859375 0.5229166666666667 0.0140625 0.03194444444444444
1 0.241015625 0.6666666666666666 0.021875 0.06111111111111111
1 0.221875 0.8138888888888889 0.01875 0.04027777777777778
1 0.2734375 0.9159722222222222 0.01640625 0.03333333333333333
1 0.3390625 0.9868055555555556 0.01328125 0.02638888888888889
1 0.414453125 0.9902777777777778 0.0171875 0.019444444444444445
1 0.48671875 0.9944444444444445 0.01171875 0.011111111111111112
1 0.104296875 0.23472222222222222 0.03359375 0.058333333333333334
1 0.066796875 0.017361111111111112 0.0203125 0.034722222222222224
1 0.716015625 0.6805555555555556 0.01640625 0.027777777777777776
0 0.079296875 0.15833333333333333 0.15859375 0.23333333333333334
0 0.070703125 0.3020833333333333 0.14140625 0.4777777777777778
0 0.088671875 0.5097222222222222 0.1546875 0.325
0 0.06640625 0.7333333333333333 0.1328125 0.3194444444444444
0 0.083984375 0.9451388888888889 0.16796875 0.10972222222222222
0 0.70234375 0.1125 0.22890625 0.225
0 0.6671875 0.3798611111111111 0.26171875 0.19305555555555556
0 0.621484375 0.4777777777777778 0.2375 0.18055555555555555
1 0.752734375 0.5256944444444445 0.009375 0.022222222222222223
1 0.00234375 0.1375 0.0046875 0.04722222222222222
1 0.6328125 0.44166666666666665 0.01171875 0.015277777777777777
1 0.38671875 0.3138888888888889 0.00859375 0.019444444444444445
1 0.27578125 0.8486111111111111 0.0109375 0.018055555555555554
1 0.323046875 0.025 0.009375 0.018055555555555554
1 0.35859375 0.10555555555555556 0.01796875 0.03194444444444444
1 0.318359375 0.20069444444444445 0.02578125 0.04027777777777778
1 0.2921875 0.1527777777777778 0.021875 0.041666666666666664
1 0.272265625 0.17569444444444443 0.01875 0.043055555555555555
1 0.28515625 0.08958333333333333 0.0234375 0.04722222222222222
1 0.560546875 0.5034722222222222 0.01484375 0.03888888888888889
1 0.73125 0.6625 0.01171875 0.02361111111111111
1 0.773828125 0.9486111111111111 0.03125 0.04583333333333333
1 0.74921875 0.8875 0.0203125 0.034722222222222224
1 0.698828125 0.8972222222222223 0.015625 0.03888888888888889
1 0.71171875 0.9631944444444445 0.015625 0.027777777777777776
1 0.69296875 0.9472222222222222 0.021875 0.034722222222222224
1 0.640234375 0.9298611111111111 0.01484375 0.02638888888888889
1 0.621484375 0.8520833333333333 0.02265625 0.044444444444444446
1 0.583203125 0.8673611111111111 0.02421875 0.04861111111111111
1 0.57265625 0.9131944444444444 0.02734375 0.041666666666666664
1 0.57734375 0.9590277777777778 0.0328125 0.04722222222222222