1 0.938671875 0.41180555555555554 0.025 0.041666666666666664
0 0.64453125 0.8458333333333333 0.078125 0.30833333333333335
0 0.619140625 0.7895833333333333 0.21015625 0.11388888888888889
0 0.661328125 0.6076388888888888 0.27890625 0.26944444444444443
0 0.694921875 0.3611111111111111 0.22265625 0.3861111111111111
0 0.628125 0.08472222222222223 0.2171875 0.16944444444444445
0 0.626171875 0.022916666666666665 0.015625 0.04583333333333333
1 0.702734375 0.011805555555555555 0.01328125 0.022222222222222223
1 0.04296875 0.009722222222222222 0.025 0.019444444444444445
0 0.081640625 0.12222222222222222 0.16328125 0.24444444444444444
0 0.110546875 0.31875 0.15703125 0.3888888888888889
0 0.103125 0.5708333333333333 0.20625 0.2513888888888889
0 0.15703125 0.8291666666666667 0.07578125 0.19305555555555556
0 0.13515625 0.9479166666666666 0.16015625 0.10416666666666667
1 0.89921875 0.14930555555555555 0.00859375 0.022222222222222223
1 0.65078125 0.5472222222222223 0.00625 0.011111111111111112
0 0.7046875 0.7458333333333333 0.00859375 0.015277777777777777
1 0.695703125 0.9284722222222223 0.03671875 0.05555555555555555
1 0.654296875 0.9152777777777777 0.009375 0.025
1 0.56875 0.9756944444444444 0.0265625 0.04861111111111111
1 0.469140625 0.98125 0.03125 0.0375
1 0.373828125 0.9430555555555555 0.01875 0.0375
1 0.4734375 0.78125 0.01953125 0.0375
1 0.5125 0.9618055555555556 0.00859375 0.019444444444444445
1 0.56328125 0.7201388888888889 0.02421875 0.04027777777777778
1 0.563671875 0.5083333333333333 0.01796875 0.03333333333333333
1 0.579296875 0.5076388888888889 0.0140625 0.020833333333333332
1 0.597265625 0.5736111111111111 0.01953125 0.03333333333333333
1 0.4203125 0.5958333333333333 0.01015625 0.013888888888888888
1 0.608203125 0.46319444444444446 0.01640625 0.0625
1 0.704296875 0.4270833333333333 0.01875 0.03194444444444444
1 0.718359375 0.45416666666666666 0.02109375 0.044444444444444446
1 0.7109375 0.3263888888888889 0.0234375 0.05694444444444444
1 0.671875 0.24166666666666667 0.0265625 0.02638888888888889
1 0.725 0.19166666666666668 0.0296875 0.03888888888888889
1 0.737109375 0.17777777777777778 0.01875 0.02638888888888889
1 0.707421875 0.15486111111111112 0.0265625 0.04722222222222222
1 0.669140625 0.15138888888888888 0.02890625 0.043055555555555555
1 0.63359375 0.1763888888888889 0.01484375 0.027777777777777776
1 0.598046875 0.1638888888888889 0.01640625 0.029166666666666667
1 0.56328125 0.08819444444444445 0.0375 0.043055555555555555
1 0.512109375 0.20694444444444443 0.01328125 0.02638888888888889
1 0.523046875 0.2611111111111111 0.00703125 0.013888888888888888
1 0.78984375 0.1451388888888889 0.0109375 0.020833333333333332
1 0.726171875 0.006944444444444444 0.015625 0.013888888888888888
1 0.84765625 0.10486111111111111 0.01484375 0.02638888888888889
1 0.830078125 0.24791666666666667 0.01015625 0.016666666666666666
1 0.858203125 0.20555555555555555 0.0140625 0.02361111111111111
1 0.90859375 0.18958333333333333 0.009375 0.022222222222222223
1 0.991796875 0.18680555555555556 0.0140625 0.027777777777777776
1 0.903125 0.32430555555555557 0.053125 0.08333333333333333
1 0.798046875 0.4305555555555556 0.01640625 0.029166666666666667
1 0.830859375 0.4027777777777778 0.01875 0.03194444444444444
1 0.858984375 0.4361111111111111 0.0234375 0.0375
1 0.851953125 0.48819444444444443 0.0203125 0.03611111111111111
1 0.85078125 0.5166666666666667 0.00859375 0.022222222222222223
1 0.813671875 0.55 0.0125 0.03888888888888889
1 0.756640625 0.6444444444444445 0.04765625 0.09722222222222222
1 0.789453125 0.6298611111111111 0.0125 0.02638888888888889
1 0.715625 0.7236111111111111 0.00859375 0.013888888888888888
1 0.751171875 0.9840277777777777 0.01796875 0.03194444444444444
1 0.787890625 0.9284722222222223 0.01171875 0.029166666666666667
1 0.84296875 0.8298611111111112 0.04375 0.06944444444444445
1 0.90859375 0.8402777777777778 0.02734375 0.04861111111111111
1 0.96484375 0.9402777777777778 0.059375 0.10277777777777777
1 0.99140625 0.8819444444444444 0.0171875 0.029166666666666667
1 0.90859375 0.7722222222222223 0.01953125 0.02638888888888889
1 0.9359375 0.7465277777777778 0.04140625 0.07777777777777778
1 0.95546875 0.68125 0.034375 0.06111111111111111
1 0.990234375 0.6263888888888889 0.01953125 0.05138888888888889
1 0.990625 0.55 0.01875 0.05
1 0.973046875 0.4583333333333333 0.0328125 0.05277777777777778
1 0.960546875 0.525 0.0125 0.022222222222222223
1 0.953515625 0.34375 0.0171875 0.030555555555555555
1 0.243359375 0.10486111111111111 0.0140625 0.029166666666666667
1 0.15859375 0.05555555555555555 0.03984375 0.07083333333333333
1 0.155859375 0.13194444444444445 0.0203125 0.043055555555555555
1 0.127734375 0.18611111111111112 0.01171875 0.022222222222222223
1 0.01796875 0.26875 0.01953125 0.05694444444444444
1 0.099609375 0.33958333333333335 0.01171875 0.019444444444444445
1 0.126171875 0.3173611111111111 0.015625 0.03333333333333333
1 0.1296875 0.24305555555555555 0.02265625 0.0375
1 0.137109375 0.27291666666666664 0.02578125 0.034722222222222224
1 0.1859375 0.2520833333333333 0.0171875 0.025
1 0.15234375 0.34652777777777777 0.01328125 0.02638888888888889
1 0.182421875 0.36944444444444446 0.015625 0.029166666666666667
1 0.069140625 0.46458333333333335 0.03125 0.0625
1 0.098046875 0.48125 0.03046875 0.04027777777777778
1 0.112890625 0.59375 0.01171875 0.020833333333333332
1 0.111328125 0.6368055555555555 0.0109375 0.027777777777777776
1 0.116015625 0.7229166666666667 0.0265625 0.03333333333333333
1 0.1046875 0.7534722222222222 0.01875 0.0375
1 0.069140625 0.9270833333333334 0.03984375 0.07083333333333333
1 0.12265625 0.8826388888888889 0.015625 0.027777777777777776
1 0.148046875 0.8694444444444445 0.01171875 0.022222222222222223
1 0.180859375 0.9465277777777777 0.0109375 0.02361111111111111
1 0.220703125 0.98125 0.01953125 0.0375
1 0.216796875 0.8902777777777777 0.0140625 0.029166666666666667
1 0.197265625 0.7715277777777778 0.01640625 0.041666666666666664
1 0.215234375 0.7611111111111111 0.01015625 0.018055555555555554
1 0.178515625 0.6875 0.009375 0.019444444444444445
1 0.186328125 0.6555555555555556 0.0140625 0.025
1 0.2046875 0.6111111111111112 0.01484375 0.03194444444444444
1 0.234375 0.4861111111111111 0.0171875 0.030555555555555555
1 0.186328125 0.0375 0.0078125 0.020833333333333332
1 0.160546875 0.0125 0.0078125 0.016666666666666666
1 0.8390625 0.7243055555555555 0.0140625 0.02361111111111111
1 0.946484375 0.8402777777777778 0.01015625 0.016666666666666666
1 0.921484375 0.9708333333333333 0.01328125 0.019444444444444445
1 0.7921875 0.8409722222222222 0.00859375 0.013888888888888888