1 0.66328125 0.3385416666666667 0.028125 0.029166666666666667
1 0.7515625 0.28229166666666666 0.0265625 0.035416666666666666
1 0.78984375 0.38333333333333336 0.03125 0.03958333333333333
1 0.74765625 0.4083333333333333 0.0359375 0.052083333333333336
1 0.6765625 0.28125 0.025 0.03333333333333333
1 0.79375 0.17395833333333333 0.0359375 0.022916666666666665
1 0.8328125 0.24270833333333333 0.0671875 0.09166666666666666
1 0.98046875 0.15208333333333332 0.0265625 0.035416666666666666
1 0.91640625 0.084375 0.025 0.03125
1 0.77890625 0.013541666666666667 0.0140625 0.014583333333333334
1 0.73359375 0.11666666666666667 0.0203125 0.025
1 0.7390625 0.08125 0.0234375 0.035416666666666666
1 0.575 0.140625 0.0265625 0.020833333333333332
1 0.6765625 0.12604166666666666 0.0234375 0.022916666666666665
1 0.71171875 0.009375 0.015625 0.01875
1 0.7015625 0.026041666666666668 0.009375 0.016666666666666666
1 0.68671875 0.04375 0.0203125 0.029166666666666667
1 0.61953125 0.03333333333333333 0.0390625 0.06666666666666667
1 0.78828125 0.715625 0.0234375 0.029166666666666667
1 0.75625 0.68125 0.01875 0.04375
1 0.9859375 0.5322916666666667 0.025 0.029166666666666667
1 0.5453125 0.04791666666666667 0.040625 0.09583333333333334
1 0.34921875 0.04895833333333333 0.03125 0.03125
0 0.49609375 0.896875 0.284375 0.13333333333333333
0 0.48046875 0.6052083333333333 0.0875 0.35833333333333334
0 0.4578125 0.36041666666666666 0.3 0.1875
0 0.428125 0.05625 0.140625 0.1125
1 0.50625 0.16354166666666667 0.0546875 0.07083333333333333
1 0.1171875 0.9833333333333333 0.01875 0.03333333333333333
1 0.93046875 0.35208333333333336 0.0140625 0.022916666666666665
1 0.5140625 0.6864583333333333 0.0234375 0.041666666666666664
1 0.53828125 0.7666666666666667 0.028125 0.020833333333333332
1 0.0796875 0.9927083333333333 0.015625 0.014583333333333334
1 0.04140625 0.9052083333333333 0.01875 0.014583333333333334
1 0.14296875 0.7270833333333333 0.015625 0.016666666666666666
1 0.2125 0.27395833333333336 0.0265625 0.016666666666666666
1 0.13515625 0.3927083333333333 0.0203125 0.020833333333333332
1 0.09375 0.5447916666666667 0.0140625 0.029166666666666667
1 0.3453125 0.19895833333333332 0.0453125 0.07083333333333333
1 0.284375 0.13229166666666667 0.0203125 0.0375
1 0.26015625 0.084375 0.0296875 0.03958333333333333
1 0.21328125 0.18333333333333332 0.078125 0.09166666666666666
1 0.2203125 0.321875 0.028125 0.041666666666666664
1 0.24296875 0.4010416666666667 0.0421875 0.0625
1 0.2828125 0.44583333333333336 0.0265625 0.04791666666666667
1 0.80546875 0.446875 0.0375 0.04375
1 0.36328125 0.315625 0.025 0.03333333333333333
1 0.4015625 0.29270833333333335 0.028125 0.06041666666666667
1 0.38671875 0.3770833333333333 0.0265625 0.03125
1 0.0109375 0.3145833333333333 0.021875 0.0375
1 0.0203125 0.35520833333333335 0.040625 0.04375
1 0.084375 0.25625 0.0171875 0.022916666666666665
1 0.0140625 0.19583333333333333 0.028125 0.03333333333333333
1 0.03359375 0.16354166666666667 0.01875 0.03125
1 0.05546875 0.052083333333333336 0.015625 0.03125
1 0.2578125 0.011458333333333333 0.0375 0.022916666666666665
1 0.74296875 0.9697916666666667 0.0375 0.0375
1 0.79921875 0.9739583333333334 0.053125 0.052083333333333336
1 0.7625 0.865625 0.025 0.03333333333333333
1 0.90390625 0.8510416666666667 0.0140625 0.020833333333333332
1 0.965625 0.84375 0.0203125 0.020833333333333332
1 0.71015625 0.8979166666666667 0.01875 0.029166666666666667
1 0.30078125 0.665625 0.05625 0.04375
1 0.23125 0.6427083333333333 0.0703125 0.10833333333333334
1 0.30546875 0.571875 0.0140625 0.01875
1 0.16875 0.575 0.0203125 0.022916666666666665
1 0.16328125 0.5229166666666667 0.0328125 0.0375
1 0.2140625 0.525 0.0234375 0.025
1 0.01328125 0.496875 0.0265625 0.06666666666666667
1 0.03671875 0.44895833333333335 0.0296875 0.0375
1 0.3046875 0.27291666666666664 0.0125 0.016666666666666666
1 0.203125 0.7791666666666667 0.0296875 0.029166666666666667
1 0.05703125 0.7 0.04375 0.0375
1 0.08125 0.7427083333333333 0.0140625 0.020833333333333332
1 0.04375 0.7989583333333333 0.040625 0.07291666666666667
1 0.06171875 0.9177083333333333 0.015625 0.03333333333333333
1 0.0125 0.971875 0.025 0.0375
1 0.353125 0.9302083333333333 0.0125 0.03333333333333333
1 0.496875 0.6177083333333333 0.028125 0.035416666666666666
1 0.44609375 0.6395833333333333 0.0125 0.016666666666666666
1 0.32890625 0.096875 0.0125 0.027083333333333334
1 0.44140625 0.42083333333333334 0.01875 0.0125
1 0.65390625 0.9875 0.0625 0.025
1 0.625 0.9479166666666666 0.0265625 0.0375
1 0.55859375 0.9854166666666667 0.034375 0.029166666666666667
1 0.49375 0.9427083333333334 0.040625 0.052083333333333336
1 0.42265625 0.9916666666666667 0.021875 0.016666666666666666
1 0.35 0.9822916666666667 0.025 0.03125
1 0.40390625 0.85 0.0140625 0.01875
1 0.39296875 0.803125 0.0171875 0.025
1 0.57109375 0.79375 0.0125 0.01875
1 0.61875 0.8083333333333333 0.015625 0.01875
1 0.665625 0.7739583333333333 0.021875 0.03958333333333333
1 0.8421875 0.7447916666666666 0.01875 0.027083333333333334
1 0.7015625 0.353125 0.021875 0.03958333333333333