1 0.966796875 0.5263888888888889 0.03046875 0.04027777777777778
1 0.223046875 0.5326388888888889 0.0453125 0.08055555555555556
1 0.176953125 0.5986111111111111 0.02109375 0.030555555555555555
1 0.156640625 0.6479166666666667 0.0171875 0.030555555555555555
1 0.25234375 0.79375 0.02265625 0.05277777777777778
1 0.254296875 0.9618055555555556 0.03828125 0.0625
1 0.529296875 0.6979166666666666 0.034375 0.05555555555555555
1 0.473046875 0.7305555555555555 0.0109375 0.016666666666666666
1 0.442578125 0.7798611111111111 0.01640625 0.030555555555555555
1 0.547265625 0.9020833333333333 0.0140625 0.034722222222222224
1 0.602734375 0.8958333333333334 0.015625 0.03888888888888889
1 0.680859375 0.7631944444444444 0.0140625 0.029166666666666667
1 0.709765625 0.7958333333333333 0.0078125 0.020833333333333332
1 0.754296875 0.7125 0.01640625 0.03194444444444444
1 0.803515625 0.8895833333333333 0.01796875 0.03888888888888889
1 0.77890625 0.9902777777777778 0.01328125 0.019444444444444445
1 0.9046875 0.9597222222222223 0.0125 0.025
1 0.94765625 0.9944444444444445 0.0125 0.011111111111111112
1 0.9796875 0.8993055555555556 0.0171875 0.029166666666666667
1 0.93671875 0.8145833333333333 0.0171875 0.034722222222222224
1 0.946484375 0.85 0.01796875 0.03194444444444444
1 0.84921875 0.7416666666666667 0.02109375 0.03611111111111111
1 0.84921875 0.6833333333333333 0.025 0.06111111111111111
1 0.9015625 0.6618055555555555 0.0203125 0.034722222222222224
1 0.77734375 0.6236111111111111 0.01015625 0.020833333333333332
1 0.98125 0.38958333333333334 0.02578125 0.03194444444444444
1 0.955078125 0.42916666666666664 0.02890625 0.09444444444444444
1 0.722265625 0.4909722222222222 0.03125 0.04583333333333333
1 0.698046875 0.5875 0.02109375 0.043055555555555555
1 0.676953125 0.6208333333333333 0.02109375 0.0375
1 0.754296875 0.45 0.021875 0.034722222222222224
1 0.769140625 0.40347222222222223 0.0078125 0.011111111111111112
1 0.802734375 0.42291666666666666 0.009375 0.02361111111111111
1 0.728515625 0.35347222222222224 0.01953125 0.03333333333333333
1 0.683984375 0.3013888888888889 0.02265625 0.03611111111111111
1 0.7875 0.2534722222222222 0.03984375 0.09444444444444444
1 0.833984375 0.25 0.0171875 0.034722222222222224
1 0.858984375 0.28888888888888886 0.0109375 0.02361111111111111
1 0.91328125 0.15763888888888888 0.0265625 0.04027777777777778
1 0.94453125 0.1625 0.02265625 0.034722222222222224
1 0.960546875 0.1284722222222222 0.0140625 0.03333333333333333
1 0.811328125 0.15416666666666667 0.04375 0.04722222222222222
1 0.7140625 0.15138888888888888 0.034375 0.05416666666666667
1 0.679296875 0.22847222222222222 0.01015625 0.022222222222222223
1 0.599609375 0.26319444444444445 0.03984375 0.06944444444444445
1 0.618359375 0.30625 0.0125 0.0375
1 0.60703125 0.3472222222222222 0.0359375 0.05138888888888889
1 0.48828125 0.29583333333333334 0.0171875 0.030555555555555555
1 0.5171875 0.2972222222222222 0.01328125 0.022222222222222223
1 0.516015625 0.1326388888888889 0.02265625 0.025
1 0.624609375 0.08888888888888889 0.028125 0.027777777777777776
1 0.626953125 0.04583333333333333 0.0171875 0.034722222222222224
1 0.69453125 0.10347222222222222 0.01484375 0.03888888888888889
1 0.728125 0.07291666666666667 0.009375 0.020833333333333332
1 0.904296875 0.022916666666666665 0.03984375 0.04583333333333333
1 0.190234375 0.38263888888888886 0.02578125 0.05416666666666667
1 0.237890625 0.45069444444444445 0.028125 0.04861111111111111
1 0.25390625 0.36041666666666666 0.0171875 0.034722222222222224
1 0.2984375 0.40694444444444444 0.01328125 0.025
1 0.31328125 0.31527777777777777 0.01640625 0.03333333333333333
1 0.1703125 0.33541666666666664 0.0140625 0.020833333333333332
1 0.2796875 0.23541666666666666 0.01171875 0.022222222222222223
1 0.21484375 0.2013888888888889 0.015625 0.029166666666666667
1 0.15625 0.1375 0.01484375 0.02638888888888889
1 0.23515625 0.05277777777777778 0.028125 0.07361111111111111
1 0.267578125 0.027083333333333334 0.01015625 0.022222222222222223
1 0.197265625 0.04097222222222222 0.00703125 0.0125
1 0.1578125 0.006944444444444444 0.01015625 0.013888888888888888
1 0.234765625 0.12708333333333333 0.01015625 0.018055555555555554
1 0.477734375 0.6958333333333333 0.009375 0.020833333333333332
1 0.71796875 0.8680555555555556 0.009375 0.04583333333333333
1 0.487109375 0.8173611111111111 0.00703125 0.011111111111111112
1 0.318359375 0.8555555555555555 0.01171875 0.0125
1 0.305859375 0.7951388888888888 0.015625 0.020833333333333332
1 0.152734375 0.5638888888888889 0.0109375 0.02638888888888889
1 0.133203125 0.5333333333333333 0.01953125 0.05277777777777778
1 0.115234375 0.5284722222222222 0.01015625 0.030555555555555555
1 0.586328125 0.4270833333333333 0.03828125 0.05416666666666667
1 0.59453125 0.6284722222222222 0.02265625 0.03333333333333333
1 0.4546875 0.73125 0.01015625 0.016666666666666666
1 0.3765625 0.6604166666666667 0.01171875 0.030555555555555555
1 0.117578125 0.011111111111111112 0.01015625 0.020833333333333332
1 0.317578125 0.6541666666666667 0.0140625 0.018055555555555554
1 0.14375 0.034722222222222224 0.01640625 0.029166666666666667
1 0.286328125 0.11666666666666667 0.01015625 0.016666666666666666
1 0.301171875 0.03125 0.03046875 0.05138888888888889
0 0.1171875 0.06319444444444444 0.22265625 0.12638888888888888
0 0.137890625 0.48194444444444445 0.08046875 0.36944444444444446
0 0.15234375 0.7861111111111111 0.1640625 0.21666666666666667
0 0.12265625 0.8909722222222223 0.240625 0.21805555555555556
0 0.703125 0.8659722222222223 0.1046875 0.26805555555555555
0 0.580078125 0.69375 0.2875 0.3194444444444444
0 0.662109375 0.4861111111111111 0.2515625 0.23194444444444445
0 0.662890625 0.1076388888888889 0.06796875 0.2152777777777778
0 0.69921875 0.22430555555555556 0.10625 0.4486111111111111