1 0.869140625 0.6673611111111111 0.03125 0.043055555555555555
1 0.838671875 0.9111111111111111 0.04609375 0.1111111111111111
1 0.056640625 0.3763888888888889 0.02421875 0.03333333333333333
1 0.31953125 0.38125 0.0328125 0.044444444444444446
1 0.26640625 0.5361111111111111 0.02109375 0.030555555555555555
1 0.159765625 0.2861111111111111 0.01328125 0.0375
1 0.39765625 0.1375 0.0140625 0.02361111111111111
1 0.35 0.49722222222222223 0.0125 0.027777777777777776
1 0.530859375 0.5055555555555555 0.0171875 0.030555555555555555
1 0.183203125 0.7631944444444444 0.02734375 0.05277777777777778
1 0.42265625 0.5590277777777778 0.01171875 0.015277777777777777
1 0.58359375 0.35 0.01875 0.03333333333333333
1 0.166015625 0.16458333333333333 0.0140625 0.020833333333333332
1 0.00859375 0.11180555555555556 0.0171875 0.034722222222222224
1 0.60078125 0.007638888888888889 0.0234375 0.015277777777777777
1 0.128515625 0.18680555555555556 0.0109375 0.0125
1 0.398828125 0.19027777777777777 0.0140625 0.03194444444444444
1 0.0703125 0.20208333333333334 0.01875 0.030555555555555555
1 0.294140625 0.4125 0.01171875 0.027777777777777776
1 0.2328125 0.17083333333333334 0.065625 0.07916666666666666
1 0.27109375 0.21041666666666667 0.01796875 0.03333333333333333
1 0.15078125 0.3458333333333333 0.03125 0.08055555555555556
1 0.1265625 0.3958333333333333 0.02578125 0.02638888888888889
1 0.0203125 0.33055555555555555 0.040625 0.10138888888888889
1 0.85625 0.0763888888888889 0.01328125 0.020833333333333332
1 0.577734375 0.19375 0.0140625 0.025
1 0.575390625 0.40902777777777777 0.02109375 0.03611111111111111
1 0.72578125 0.10833333333333334 0.01875 0.043055555555555555
1 0.1390625 0.9944444444444445 0.03125 0.011111111111111112
1 0.1421875 0.8229166666666666 0.0265625 0.05416666666666667
1 0.201171875 0.9506944444444444 0.02421875 0.0625
1 0.120703125 0.7847222222222222 0.01875 0.02361111111111111
1 0.210546875 0.6930555555555555 0.01484375 0.03333333333333333
1 0.03828125 0.7333333333333333 0.01953125 0.030555555555555555
1 0.1796875 0.8152777777777778 0.03046875 0.044444444444444446
1 0.083203125 0.6416666666666667 0.0421875 0.044444444444444446
1 0.278125 0.7611111111111111 0.04609375 0.09722222222222222
1 0.100390625 0.4583333333333333 0.01953125 0.027777777777777776
1 0.219140625 0.5645833333333333 0.04453125 0.08194444444444444
1 0.265234375 0.03194444444444444 0.0265625 0.059722222222222225
1 0.269140625 0.46875 0.02109375 0.030555555555555555
1 0.037109375 0.9409722222222222 0.02265625 0.04861111111111111
0 0.096875 0.48680555555555555 0.19375 0.08611111111111111
1 0.225 0.8298611111111112 0.0296875 0.07083333333333333
0 0.07578125 0.8951388888888889 0.1515625 0.20972222222222223
1 0.013671875 0.05347222222222222 0.025 0.05277777777777778
0 0.613671875 0.9625 0.084375 0.075
1 0.333984375 0.4777777777777778 0.01875 0.030555555555555555
1 0.030078125 0.4222222222222222 0.03359375 0.05
1 0.3578125 0.19722222222222222 0.01796875 0.04583333333333333
0 0.128125 0.2826388888888889 0.2359375 0.17222222222222222
0 0.078125 0.7423611111111111 0.15234375 0.4375
0 0.17109375 0.9375 0.03359375 0.12083333333333333
0 0.649609375 0.8083333333333333 0.178125 0.2861111111111111
1 0.54140625 0.4131944444444444 0.03046875 0.09861111111111111
1 0.56796875 0.29583333333333334 0.03359375 0.04583333333333333
1 0.607421875 0.3923611111111111 0.01640625 0.043055555555555555
1 0.6796875 0.017361111111111112 0.01875 0.034722222222222224
0 0.08125 0.0798611111111111 0.15390625 0.14722222222222223
1 0.062890625 0.12430555555555556 0.0203125 0.019444444444444445
1 0.246484375 0.9861111111111112 0.0375 0.027777777777777776
1 0.21875 0.005555555555555556 0.01640625 0.011111111111111112
1 0.162109375 0.02013888888888889 0.03359375 0.03888888888888889
1 0.022265625 0.21666666666666667 0.0296875 0.04583333333333333
1 0.9109375 0.6354166666666666 0.0171875 0.029166666666666667
1 0.710546875 0.6041666666666666 0.0515625 0.08611111111111111
1 0.726953125 0.8743055555555556 0.01015625 0.018055555555555554
1 0.42578125 0.5236111111111111 0.03203125 0.04861111111111111
1 0.76953125 0.25833333333333336 0.0265625 0.07083333333333333
1 0.826953125 0.4041666666666667 0.05078125 0.0875
1 0.24609375 0.22708333333333333 0.01953125 0.06527777777777778
1 0.569921875 0.7541666666666667 0.02890625 0.04583333333333333
1 0.198828125 0.2847222222222222 0.05 0.07361111111111111
1 0.985546875 0.4236111111111111 0.02421875 0.05277777777777778
0 0.644921875 0.3333333333333333 0.11953125 0.5041666666666667
1 0.748828125 0.9666666666666667 0.01640625 0.020833333333333332
1 0.76015625 0.8013888888888889 0.021875 0.04861111111111111
1 0.66484375 0.5805555555555556 0.025 0.030555555555555555
1 0.95 0.7618055555555555 0.025 0.058333333333333334
1 0.78984375 0.9201388888888888 0.04375 0.08333333333333333
1 0.934375 0.9923611111111111 0.015625 0.015277777777777777
1 0.9078125 0.9958333333333333 0.01484375 0.008333333333333333
1 0.85703125 0.7972222222222223 0.0109375 0.018055555555555554
1 0.90703125 0.5472222222222223 0.01171875 0.025
1 0.95078125 0.8423611111111111 0.0109375 0.020833333333333332
1 0.412890625 0.675 0.0125 0.015277777777777777
1 0.828515625 0.29583333333333334 0.0359375 0.04583333333333333
1 0.574609375 0.8791666666666667 0.0390625 0.08888888888888889
1 0.66015625 0.9583333333333334 0.0265625 0.034722222222222224
1 0.660546875 0.6465277777777778 0.03515625 0.09305555555555556
1 0.505078125 0.6590277777777778 0.025 0.05138888888888889
1 0.79375 0.4756944444444444 0.01484375 0.02361111111111111
1 0.783203125 0.6979166666666666 0.0203125 0.030555555555555555
1 0.520703125 0.7006944444444444 0.0328125 0.05555555555555555
1 0.962109375 0.9430555555555555 0.02265625 0.05
1 0.93828125 0.93125 0.0234375 0.0763888888888889
1 0.441796875 0.49930555555555556 0.00859375 0.027777777777777776
1 0.6765625 0.7256944444444444 0.04375 0.06388888888888888
1 0.644140625 0.7631944444444444 0.025 0.041666666666666664
1 0.9328125 0.8159722222222222 0.015625 0.025
1 0.8234375 0.9840277777777777 0.02578125 0.03194444444444444
1 0.884375 0.40902777777777777 0.05234375 0.07777777777777778
1 0.798828125 0.7284722222222222 0.009375 0.022222222222222223
1 0.873046875 0.7180555555555556 0.01640625 0.030555555555555555
1 0.84140625 0.6590277777777778 0.01171875 0.029166666666666667
1 0.97890625 0.7555555555555555 0.02734375 0.03194444444444444
1 0.89453125 0.5027777777777778 0.02265625 0.04583333333333333
1 0.388671875 0.8027777777777778 0.0171875 0.05138888888888889
1 0.784375 0.7534722222222222 0.021875 0.0625
1 0.991015625 0.03958333333333333 0.01796875 0.07777777777777778
1 0.479296875 0.7027777777777777 0.0171875 0.044444444444444446
1 0.783203125 0.5027777777777778 0.01875 0.027777777777777776
1 0.915625 0.10138888888888889 0.05234375 0.09027777777777778
1 0.85625 0.16527777777777777 0.01875 0.025
1 0.66015625 0.8979166666666667 0.02890625 0.05416666666666667
0 0.65078125 0.20069444444444445 0.17421875 0.4013888888888889
1 0.8140625 0.5048611111111111 0.0171875 0.034722222222222224
1 0.730078125 0.94375 0.01328125 0.03333333333333333
1 0.89921875 0.26805555555555555 0.01953125 0.030555555555555555
1 0.85859375 0.2222222222222222 0.02578125 0.06666666666666667
1 0.796875 0.975 0.015625 0.02638888888888889
1 0.9125 0.4527777777777778 0.025 0.04722222222222222
1 0.8078125 0.2375 0.0125 0.027777777777777776
1 0.86171875 0.5319444444444444 0.04296875 0.058333333333333334
1 0.887109375 0.5819444444444445 0.0140625 0.019444444444444445
1 0.89140625 0.7527777777777778 0.03359375 0.05277777777777778
1 0.469140625 0.8625 0.02265625 0.06388888888888888