1 0.16796875 0.975 0.0375 0.05
1 0.198828125 0.9347222222222222 0.02734375 0.04861111111111111
1 0.22578125 0.9722222222222222 0.0328125 0.05138888888888889
1 0.26484375 0.9805555555555555 0.0328125 0.0375
1 0.834375 0.18472222222222223 0.01328125 0.030555555555555555
1 0.796484375 0.20416666666666666 0.01015625 0.025
1 0.272265625 0.8722222222222222 0.04453125 0.08611111111111111
1 0.94375 0.02847222222222222 0.015625 0.025
1 0.137890625 0.8715277777777778 0.01953125 0.041666666666666664
1 0.078515625 0.28541666666666665 0.02109375 0.03611111111111111
1 0.20234375 0.79375 0.02890625 0.058333333333333334
1 0.991015625 0.11458333333333333 0.01328125 0.05138888888888889
1 0.823828125 0.021527777777777778 0.01796875 0.027777777777777776
1 0.12421875 0.7618055555555555 0.0125 0.020833333333333332
1 0.9703125 0.06736111111111111 0.01484375 0.029166666666666667
0 0.12421875 0.15833333333333333 0.20078125 0.3125
0 0.11875 0.8298611111111112 0.171875 0.3277777777777778
0 0.6953125 0.7861111111111111 0.19375 0.41805555555555557
0 0.680859375 0.6555555555555556 0.2046875 0.40694444444444444
0 0.737890625 0.4048611111111111 0.33046875 0.26944444444444443
0 0.6640625 0.24375 0.20234375 0.36666666666666664
1 0.596484375 0.2513888888888889 0.0140625 0.03333333333333333
1 0.483984375 0.61875 0.015625 0.03333333333333333
1 0.507421875 0.9284722222222223 0.02109375 0.030555555555555555
1 0.801953125 0.9590277777777778 0.04296875 0.075
1 0.76015625 0.9222222222222223 0.028125 0.0763888888888889
1 0.73125 0.75625 0.02734375 0.05555555555555555
1 0.621484375 0.6354166666666666 0.028125 0.05555555555555555
1 0.732421875 0.6423611111111112 0.028125 0.05416666666666667
1 0.89296875 0.7145833333333333 0.01953125 0.03194444444444444
1 0.834375 0.75625 0.021875 0.05138888888888889
1 0.8171875 0.6375 0.0140625 0.030555555555555555
1 0.801171875 0.5645833333333333 0.025 0.043055555555555555
1 0.81328125 0.5097222222222222 0.0171875 0.030555555555555555
1 0.89375 0.5229166666666667 0.021875 0.0375
1 0.885546875 0.48055555555555557 0.0203125 0.0375
1 0.916015625 0.45902777777777776 0.021875 0.034722222222222224
1 0.972265625 0.5597222222222222 0.02265625 0.044444444444444446
1 0.975 0.46944444444444444 0.0171875 0.044444444444444446
1 0.88828125 0.3451388888888889 0.0203125 0.043055555555555555
1 0.9375 0.4083333333333333 0.02265625 0.04861111111111111
1 0.84375 0.4048611111111111 0.0296875 0.04722222222222222
1 0.985546875 0.017361111111111112 0.02890625 0.034722222222222224
1 0.9046875 0.01597222222222222 0.0234375 0.030555555555555555
1 0.636328125 0.03194444444444444 0.015625 0.029166666666666667
1 0.611328125 0.1451388888888889 0.01484375 0.030555555555555555
1 0.81640625 0.0763888888888889 0.0203125 0.04861111111111111
1 0.7515625 0.1451388888888889 0.01953125 0.05277777777777778
1 0.58046875 0.025 0.03515625 0.04722222222222222
1 0.525 0.07847222222222222 0.03984375 0.06388888888888888
1 0.5015625 0.027083333333333334 0.01796875 0.03194444444444444
1 0.242578125 0.04513888888888889 0.04453125 0.06805555555555555
1 0.089453125 0.10555555555555556 0.05625 0.05694444444444444
1 0.055078125 0.04236111111111111 0.03515625 0.05138888888888889
1 0.162109375 0.20972222222222223 0.03203125 0.058333333333333334
1 0.202734375 0.21736111111111112 0.021875 0.03194444444444444
1 0.312109375 0.27152777777777776 0.021875 0.05277777777777778
1 0.259765625 0.3090277777777778 0.015625 0.025
1 0.193359375 0.28541666666666665 0.01484375 0.03194444444444444
1 0.167578125 0.28888888888888886 0.02890625 0.07361111111111111
1 0.202734375 0.36666666666666664 0.0171875 0.03611111111111111
1 0.04296875 0.38958333333333334 0.01953125 0.04027777777777778
1 0.149609375 0.45069444444444445 0.03515625 0.05277777777777778
1 0.209765625 0.45 0.025 0.04583333333333333
1 0.233203125 0.48125 0.01953125 0.04722222222222222
1 0.202734375 0.5645833333333333 0.02734375 0.041666666666666664
1 0.18984375 0.6555555555555556 0.01640625 0.04583333333333333
1 0.133203125 0.6722222222222223 0.01953125 0.05
1 0.226953125 0.7548611111111111 0.028125 0.058333333333333334
1 0.33203125 0.021527777777777778 0.01953125 0.02638888888888889