1 0.54375 0.5083333333333333 0.02734375 0.04583333333333333
0 0.57734375 0.8798611111111111 0.22421875 0.24027777777777778
0 0.067578125 0.8451388888888889 0.13515625 0.23333333333333334
0 0.056640625 0.6236111111111111 0.11328125 0.35833333333333334
0 0.055859375 0.34375 0.11171875 0.21944444444444444
0 0.055859375 0.15069444444444444 0.11171875 0.3013888888888889
1 0.10234375 0.6125 0.009375 0.019444444444444445
1 0.069921875 0.5423611111111111 0.02265625 0.03194444444444444
1 0.168359375 0.41944444444444445 0.009375 0.016666666666666666
1 0.123046875 0.44513888888888886 0.040625 0.10416666666666667
1 0.059375 0.4083333333333333 0.02109375 0.03333333333333333
1 0.1953125 0.04097222222222222 0.02265625 0.03194444444444444
1 0.1328125 0.13819444444444445 0.009375 0.020833333333333332
1 0.16796875 0.19791666666666666 0.0203125 0.044444444444444446
1 0.0828125 0.3055555555555556 0.01875 0.029166666666666667
1 0.10625 0.30625 0.01640625 0.05
1 0.08828125 0.275 0.0140625 0.02638888888888889
1 0.085546875 0.22013888888888888 0.0359375 0.058333333333333334
1 0.137890625 0.5694444444444444 0.01796875 0.030555555555555555
1 0.19375 0.55 0.01484375 0.022222222222222223
1 0.24765625 0.5597222222222222 0.0140625 0.03611111111111111
1 0.26640625 0.5881944444444445 0.021875 0.020833333333333332
1 0.06328125 0.8819444444444444 0.02578125 0.041666666666666664
1 0.0953125 0.8993055555555556 0.01953125 0.044444444444444446
1 0.105078125 0.9652777777777778 0.01328125 0.019444444444444445
1 0.109765625 0.9951388888888889 0.01171875 0.009722222222222222
1 0.1671875 0.9756944444444444 0.02890625 0.04861111111111111
1 0.221875 0.9583333333333334 0.01796875 0.04027777777777778
1 0.21171875 0.9972222222222222 0.01015625 0.005555555555555556
1 0.203515625 0.9076388888888889 0.00546875 0.009722222222222222
1 0.224609375 0.7236111111111111 0.0140625 0.027777777777777776
1 0.6421875 0.9902777777777778 0.01484375 0.019444444444444445
1 0.628125 0.9972222222222222 0.0078125 0.005555555555555556
1 0.70078125 0.9951388888888889 0.015625 0.009722222222222222
1 0.604296875 0.7548611111111111 0.0234375 0.05277777777777778
1 0.6703125 0.7791666666666667 0.01640625 0.058333333333333334
1 0.66171875 0.6604166666666667 0.02109375 0.05277777777777778
1 0.661328125 0.6993055555555555 0.0203125 0.029166666666666667
1 0.696875 0.7027777777777777 0.01796875 0.05555555555555555
1 0.745703125 0.74375 0.0359375 0.044444444444444446
1 0.843359375 0.8166666666666667 0.02109375 0.03888888888888889
1 0.91875 0.9104166666666667 0.03359375 0.04583333333333333
1 0.91640625 0.9875 0.025 0.025
1 0.9390625 0.8527777777777777 0.01640625 0.034722222222222224
1 0.983984375 0.8534722222222222 0.015625 0.022222222222222223
1 0.992578125 0.8840277777777777 0.01171875 0.04722222222222222
1 0.897265625 0.7590277777777777 0.0140625 0.02638888888888889
1 0.975390625 0.6708333333333333 0.0265625 0.09861111111111111
1 0.9078125 0.6229166666666667 0.0203125 0.03333333333333333
1 0.9421875 0.6506944444444445 0.009375 0.016666666666666666
1 0.9828125 0.5861111111111111 0.0328125 0.029166666666666667
1 0.94296875 0.5479166666666667 0.025 0.029166666666666667
1 0.99609375 0.49583333333333335 0.0078125 0.03194444444444444
1 0.99765625 0.3527777777777778 0.0046875 0.03194444444444444
1 0.969140625 0.19583333333333333 0.02421875 0.02638888888888889
1 0.553125 0.0625 0.021875 0.05694444444444444
1 0.539453125 0.08611111111111111 0.00625 0.016666666666666666
1 0.5578125 0.15694444444444444 0.0109375 0.02361111111111111
1 0.54609375 0.17083333333333334 0.02421875 0.020833333333333332
1 0.532421875 0.18958333333333333 0.01015625 0.020833333333333332
1 0.537109375 0.21597222222222223 0.0109375 0.022222222222222223
1 0.634375 0.12916666666666668 0.01015625 0.03333333333333333
1 0.64453125 0.25555555555555554 0.0234375 0.044444444444444446
1 0.6109375 0.3819444444444444 0.0265625 0.05555555555555555
1 0.5296875 0.5194444444444445 0.00859375 0.018055555555555554
0 0.625 0.59375 0.21328125 0.2652777777777778
1 0.33125 0.2777777777777778 0.009375 0.019444444444444445
1 0.324609375 0.3020833333333333 0.0140625 0.034722222222222224
1 0.336328125 0.30694444444444446 0.0046875 0.011111111111111112
1 0.415234375 0.049305555555555554 0.02421875 0.04861111111111111
1 0.4 0.07777777777777778 0.01640625 0.02361111111111111
1 0.391015625 0.1076388888888889 0.01328125 0.03194444444444444
1 0.375390625 0.1361111111111111 0.00859375 0.009722222222222222
1 0.054296875 0.029166666666666667 0.01953125 0.0375
1 0.784375 0.6138888888888889 0.025 0.05555555555555555
0 0.53125 0.10138888888888889 0.2671875 0.20277777777777778
0 0.5546875 0.41388888888888886 0.09140625 0.20277777777777778