0 0.63671875 0.07152777777777777 0.0984375 0.14305555555555555
0 0.128515625 0.03958333333333333 0.16953125 0.075
0 0.157421875 0.23541666666666666 0.184375 0.21944444444444444
0 0.125390625 0.6125 0.125 0.5111111111111111
0 0.097265625 0.6972222222222222 0.17578125 0.2513888888888889
0 0.658203125 0.9236111111111112 0.2609375 0.1527777777777778
0 0.65 0.7125 0.059375 0.07222222222222222
0 0.69375 0.43194444444444446 0.115625 0.29305555555555557
0 0.69921875 0.2465277777777778 0.20390625 0.3763888888888889
0 0.71796875 0.004861111111111111 0.015625 0.009722222222222222
1 0.221484375 0.03680555555555556 0.0359375 0.05416666666666667
1 0.137890625 0.09583333333333334 0.01015625 0.018055555555555554
1 0.151171875 0.1076388888888889 0.0125 0.019444444444444445
1 0.08828125 0.05277777777777778 0.01640625 0.03333333333333333
1 0.13671875 0.3125 0.034375 0.07083333333333333
1 0.00546875 0.3875 0.0109375 0.02638888888888889
1 0.1515625 0.4 0.0078125 0.020833333333333332
1 0.23203125 0.43819444444444444 0.01875 0.041666666666666664
1 0.2890625 0.22916666666666666 0.01328125 0.02638888888888889
1 0.32421875 0.2111111111111111 0.009375 0.019444444444444445
1 0.243359375 0.29444444444444445 0.00703125 0.013888888888888888
1 0.07734375 0.6458333333333334 0.01953125 0.020833333333333332
1 0.166796875 0.8784722222222222 0.0359375 0.0763888888888889
1 0.066015625 0.9895833333333334 0.0171875 0.020833333333333332
1 0.94765625 0.9638888888888889 0.02265625 0.04861111111111111
1 0.8328125 0.8083333333333333 0.01796875 0.029166666666666667
1 0.85234375 0.78125 0.0234375 0.03888888888888889
1 0.7578125 0.8444444444444444 0.01328125 0.027777777777777776
1 0.730078125 0.7833333333333333 0.04296875 0.09166666666666666
1 0.6875 0.8243055555555555 0.0125 0.027777777777777776
1 0.59375 0.8451388888888889 0.02265625 0.03611111111111111
1 0.585546875 0.7048611111111112 0.01640625 0.030555555555555555
1 0.593359375 0.6645833333333333 0.01484375 0.02361111111111111
1 0.605859375 0.7305555555555555 0.00625 0.015277777777777777
1 0.590234375 0.5645833333333333 0.0125 0.022222222222222223
1 0.689453125 0.5756944444444444 0.0234375 0.03194444444444444
1 0.7421875 0.48194444444444445 0.0125 0.030555555555555555
1 0.859375 0.5138888888888888 0.01484375 0.0375
1 0.8 0.3958333333333333 0.015625 0.03333333333333333
1 0.615234375 0.3076388888888889 0.0203125 0.043055555555555555
1 0.7703125 0.06666666666666667 0.0390625 0.06805555555555555
1 0.76015625 0.1125 0.0140625 0.05138888888888889
1 0.783203125 0.18819444444444444 0.0125 0.02638888888888889
1 0.81640625 0.23125 0.01484375 0.029166666666666667
1 0.843359375 0.22569444444444445 0.01796875 0.03611111111111111
1 0.97421875 0.31180555555555556 0.0515625 0.0763888888888889
1 0.946875 0.34305555555555556 0.01875 0.025
1 0.948828125 0.4409722222222222 0.059375 0.11527777777777778
1 0.880859375 0.6784722222222223 0.0203125 0.03611111111111111
1 0.976953125 0.8972222222222223 0.0140625 0.022222222222222223
1 0.896875 0.08055555555555556 0.01015625 0.016666666666666666
1 0.448828125 0.1111111111111111 0.01640625 0.025
1 0.434375 0.12638888888888888 0.01171875 0.02361111111111111
1 0.6078125 0.07361111111111111 0.0125 0.020833333333333332
1 0.057421875 0.49722222222222223 0.0109375 0.05
1 0.2734375 0.8201388888888889 0.00625 0.015277777777777777