1 0.09375 0.14652777777777778 0.02890625 0.04583333333333333
1 0.859375 0.08472222222222223 0.0203125 0.04027777777777778
1 0.66796875 0.3819444444444444 0.0359375 0.0625
1 0.739453125 0.04861111111111111 0.02109375 0.04861111111111111
1 0.870703125 0.8826388888888889 0.021875 0.034722222222222224
1 0.89140625 0.7020833333333333 0.028125 0.05138888888888889
1 0.5546875 0.0375 0.025 0.06666666666666667
1 0.894140625 0.45208333333333334 0.0359375 0.075
1 0.73984375 0.3645833333333333 0.02890625 0.041666666666666664
1 0.830078125 0.8006944444444445 0.040625 0.07361111111111111
1 0.7390625 0.8770833333333333 0.03984375 0.07083333333333333
1 0.951171875 0.9159722222222222 0.0203125 0.043055555555555555
1 0.8921875 0.5625 0.021875 0.0375
1 0.8234375 0.2590277777777778 0.01875 0.030555555555555555
1 0.211328125 0.9555555555555556 0.03359375 0.06527777777777778
1 0.9390625 0.6444444444444445 0.0296875 0.059722222222222225
1 0.988671875 0.03611111111111111 0.01796875 0.07083333333333333
1 0.773828125 0.5020833333333333 0.02578125 0.041666666666666664
1 0.109765625 0.8479166666666667 0.0171875 0.02361111111111111
1 0.90703125 0.075 0.02421875 0.0625
1 0.06953125 0.17152777777777778 0.025 0.03888888888888889
1 0.4546875 0.25277777777777777 0.01953125 0.03333333333333333
1 0.86875 0.5409722222222222 0.02578125 0.06666666666666667
1 0.20703125 0.02013888888888889 0.03671875 0.0375
1 0.726953125 0.6131944444444445 0.021875 0.03611111111111111
1 0.2140625 0.12083333333333333 0.0203125 0.05277777777777778
1 0.248828125 0.17291666666666666 0.01640625 0.027777777777777776
1 0.55078125 0.3416666666666667 0.0234375 0.044444444444444446
1 0.825390625 0.7083333333333334 0.02890625 0.04583333333333333
1 0.7125 0.9409722222222222 0.02578125 0.0375
1 0.18046875 0.19166666666666668 0.0625 0.0763888888888889
1 0.718359375 0.21805555555555556 0.02109375 0.04027777777777778
1 0.69453125 0.8895833333333333 0.0234375 0.04027777777777778
1 0.845703125 0.027083333333333334 0.0125 0.022222222222222223
1 0.16875 0.9298611111111111 0.01953125 0.03888888888888889
1 0.91171875 0.6243055555555556 0.0203125 0.041666666666666664
1 0.801171875 0.7805555555555556 0.0125 0.03333333333333333
1 0.78984375 0.12152777777777778 0.01953125 0.030555555555555555
1 0.76171875 0.64375 0.0234375 0.04722222222222222
1 0.069140625 0.7659722222222223 0.021875 0.041666666666666664
1 0.97265625 0.15625 0.01484375 0.03194444444444444
1 0.690234375 0.011111111111111112 0.01875 0.022222222222222223
1 0.238671875 0.5548611111111111 0.01484375 0.029166666666666667
1 0.237890625 0.8326388888888889 0.01640625 0.02638888888888889
1 0.375 0.24583333333333332 0.01484375 0.027777777777777776
1 0.13515625 0.3125 0.015625 0.025
1 0.81484375 0.49722222222222223 0.03671875 0.07222222222222222
0 0.0875 0.08680555555555555 0.17421875 0.16666666666666666
1 0.928515625 0.9597222222222223 0.02265625 0.05416666666666667
1 0.053515625 0.3055555555555556 0.0328125 0.06666666666666667
0 0.64140625 0.8479166666666667 0.09921875 0.30416666666666664
0 0.62890625 0.7993055555555556 0.3 0.3333333333333333
0 0.646875 0.47708333333333336 0.25390625 0.2791666666666667
0 0.6375 0.26944444444444443 0.12890625 0.5375
0 0.5984375 0.15208333333333332 0.0890625 0.2972222222222222
0 0.088671875 0.9368055555555556 0.1765625 0.12638888888888888
0 0.088671875 0.6520833333333333 0.1390625 0.44027777777777777
0 0.11328125 0.4826388888888889 0.1421875 0.35
0 0.116015625 0.26666666666666666 0.23203125 0.11666666666666667