1 0.73125 0.4822916666666667 0.015625 0.016666666666666666
1 0.796875 0.4114583333333333 0.0359375 0.041666666666666664
1 0.815625 0.43125 0.0265625 0.0375
1 0.64140625 0.22708333333333333 0.028125 0.052083333333333336
1 0.67734375 0.21979166666666666 0.0421875 0.0625
1 0.76015625 0.8770833333333333 0.0234375 0.022916666666666665
1 0.79453125 0.65625 0.0421875 0.05
1 0.834375 0.6739583333333333 0.025 0.04375
1 0.77109375 0.5666666666666667 0.015625 0.025
1 0.79765625 0.6083333333333333 0.028125 0.022916666666666665
1 0.37734375 0.796875 0.034375 0.035416666666666666
1 0.52421875 0.6770833333333334 0.028125 0.03125
1 0.55703125 0.503125 0.040625 0.06458333333333334
1 0.55625 0.45208333333333334 0.0234375 0.025
1 0.4375 0.328125 0.0265625 0.025
1 0.35234375 0.2791666666666667 0.025 0.04375
0 0.70390625 0.046875 0.0375 0.09375
0 0.78984375 0.38333333333333336 0.4203125 0.475
0 0.69921875 0.365625 0.1078125 0.26666666666666666
0 0.83203125 0.6916666666666667 0.26875 0.31666666666666665
1 0.34453125 0.31979166666666664 0.0171875 0.016666666666666666
1 0.19375 0.28229166666666666 0.015625 0.016666666666666666
1 0.7515625 0.03333333333333333 0.046875 0.04375
1 0.26953125 0.478125 0.0265625 0.041666666666666664
1 0.05078125 0.5 0.03125 0.03958333333333333
1 0.284375 0.3697916666666667 0.0265625 0.029166666666666667
1 0.225 0.35625 0.01875 0.03333333333333333
1 0.1234375 0.09479166666666666 0.015625 0.022916666666666665
1 0.05078125 0.00625 0.03125 0.0125
1 0.3265625 0.13125 0.03125 0.029166666666666667
1 0.31328125 0.10833333333333334 0.028125 0.03125
1 0.27421875 0.09166666666666666 0.025 0.03125
1 0.59609375 0.027083333333333334 0.025 0.05416666666666667
1 0.56171875 0.028125 0.0328125 0.029166666666666667
1 0.4359375 0.016666666666666666 0.0546875 0.03333333333333333
1 0.73828125 0.7947916666666667 0.0265625 0.020833333333333332
1 0.6703125 0.69375 0.0296875 0.035416666666666666
1 0.49609375 0.7697916666666667 0.0203125 0.01875
1 0.596875 0.8333333333333334 0.0234375 0.035416666666666666
1 0.484375 0.878125 0.025 0.027083333333333334
1 0.69765625 0.140625 0.0171875 0.020833333333333332
1 0.56875 0.9666666666666667 0.025 0.029166666666666667
1 0.00546875 0.821875 0.0109375 0.035416666666666666
1 0.26015625 0.8552083333333333 0.0140625 0.01875
1 0.384375 0.76875 0.0265625 0.022916666666666665
1 0.81875 0.7510416666666667 0.08125 0.07708333333333334
1 0.89609375 0.9302083333333333 0.0328125 0.04375
1 0.83046875 0.8635416666666667 0.034375 0.05
1 0.79921875 0.9729166666666667 0.040625 0.05416666666666667
1 0.95703125 0.7833333333333333 0.021875 0.03125
1 0.9765625 0.8375 0.025 0.03333333333333333
1 0.87890625 0.5260416666666666 0.0390625 0.041666666666666664
1 0.8921875 0.4875 0.0390625 0.03958333333333333
1 0.6609375 0.43645833333333334 0.028125 0.029166666666666667