1 0.20859375 0.096875 0.0484375 0.09375
1 0.3046875 0.109375 0.0140625 0.0125
1 0.5703125 0.103125 0.0125 0.010416666666666666
1 0.6515625 0.10625 0.0328125 0.03958333333333333
1 0.690625 0.036458333333333336 0.04375 0.07291666666666667
1 0.55078125 0.004166666666666667 0.028125 0.008333333333333333
1 0.58828125 0.03333333333333333 0.03125 0.06666666666666667
1 0.7578125 0.04895833333333333 0.015625 0.016666666666666666
1 0.81171875 0.11354166666666667 0.121875 0.15833333333333333
1 0.91171875 0.042708333333333334 0.0515625 0.03958333333333333
1 0.04296875 0.7916666666666666 0.040625 0.041666666666666664
1 0.0484375 0.8833333333333333 0.0828125 0.06666666666666667
0 0.5734375 0.171875 0.3375 0.34375
0 0.60703125 0.3854166666666667 0.2875 0.3375
0 0.5671875 0.6916666666666667 0.178125 0.32916666666666666
0 0.51015625 0.9458333333333333 0.040625 0.10833333333333334
1 0.8109375 0.990625 0.0125 0.01875
1 0.48984375 0.7354166666666667 0.0140625 0.014583333333333334
1 0.2109375 0.825 0.021875 0.01875
1 0.66484375 0.2947916666666667 0.065625 0.041666666666666664
1 0.659375 0.24270833333333333 0.065625 0.07916666666666666
1 0.7078125 0.36041666666666666 0.0671875 0.06041666666666667
1 0.76171875 0.4083333333333333 0.0296875 0.04375
1 0.6953125 0.43333333333333335 0.0609375 0.08541666666666667
1 0.35 0.0375 0.0578125 0.075
1 0.3953125 0.14791666666666667 0.028125 0.027083333333333334
1 0.42578125 0.20208333333333334 0.04375 0.08958333333333333
1 0.42421875 0.27291666666666664 0.0390625 0.041666666666666664
1 0.45546875 0.30416666666666664 0.034375 0.03125
1 0.50859375 0.23125 0.046875 0.05625
1 0.56953125 0.225 0.0265625 0.03333333333333333
1 0.60078125 0.2947916666666667 0.0671875 0.0875
1 0.51875 0.35 0.0203125 0.022916666666666665
1 0.46796875 0.42916666666666664 0.0765625 0.10625
1 0.50703125 0.46458333333333335 0.0359375 0.052083333333333336
1 0.5125 0.5197916666666667 0.053125 0.07291666666666667
1 0.56953125 0.5135416666666667 0.040625 0.06041666666666667
1 0.584375 0.4354166666666667 0.0515625 0.06458333333333334
1 0.421875 0.5833333333333334 0.1 0.0875
1 0.31328125 0.6229166666666667 0.03125 0.03958333333333333
1 0.36015625 0.671875 0.0203125 0.029166666666666667
1 0.39375 0.7177083333333333 0.0453125 0.03125
1 0.37421875 0.7791666666666667 0.0734375 0.07916666666666666
1 0.30234375 0.81875 0.1109375 0.06875
1 0.3421875 0.9291666666666667 0.0328125 0.03958333333333333
1 0.41875 0.9895833333333334 0.028125 0.020833333333333332
1 0.55859375 0.971875 0.03125 0.025
1 0.603125 0.953125 0.025 0.029166666666666667
1 0.51328125 0.8479166666666667 0.0390625 0.029166666666666667
1 0.503125 0.8739583333333333 0.0109375 0.014583333333333334
1 0.65625 0.8583333333333333 0.0390625 0.05416666666666667
1 0.61328125 0.74375 0.0375 0.05
1 0.5984375 0.784375 0.05 0.05
1 0.5421875 0.7385416666666667 0.021875 0.05
1 0.59296875 0.6291666666666667 0.034375 0.05
1 0.6109375 0.55625 0.0453125 0.05416666666666667
1 0.665625 0.6125 0.0609375 0.06875
1 0.88359375 0.6229166666666667 0.0640625 0.08333333333333333
1 0.97578125 0.008333333333333333 0.0140625 0.016666666666666666
1 0.98203125 0.06458333333333334 0.0359375 0.03125
1 0.93828125 0.11875 0.028125 0.029166666666666667
1 0.9390625 0.20729166666666668 0.0234375 0.025
1 0.965625 0.20833333333333334 0.01875 0.020833333333333332
1 0.80390625 0.27708333333333335 0.0421875 0.05416666666666667
1 0.91328125 0.34479166666666666 0.03125 0.04375
1 0.79921875 0.6541666666666667 0.040625 0.0375
1 0.803125 0.696875 0.0390625 0.03125
1 0.8265625 0.7229166666666667 0.0234375 0.016666666666666666
1 0.96796875 0.3875 0.0546875 0.041666666666666664
1 0.971875 0.425 0.025 0.022916666666666665
1 0.8375 0.5145833333333333 0.0234375 0.025
1 0.9 0.49166666666666664 0.0546875 0.058333333333333334
1 0.84375 0.46770833333333334 0.021875 0.029166666666666667
1 0.80625 0.4479166666666667 0.046875 0.0625
1 0.84296875 0.6427083333333333 0.0328125 0.04375
1 0.9421875 0.6083333333333333 0.0390625 0.035416666666666666
1 0.971875 0.5645833333333333 0.0484375 0.058333333333333334
1 0.95078125 0.5 0.040625 0.03125
1 0.21953125 0.6854166666666667 0.0171875 0.01875
1 0.80546875 0.778125 0.034375 0.04583333333333333
1 0.8453125 0.7822916666666667 0.0265625 0.027083333333333334
1 0.86875 0.8177083333333334 0.0171875 0.022916666666666665
1 0.85234375 0.7270833333333333 0.0234375 0.04375
1 0.8859375 0.7614583333333333 0.04375 0.052083333333333336
1 0.9171875 0.721875 0.034375 0.0375
1 0.97421875 0.809375 0.03125 0.0375
1 0.8328125 0.884375 0.0296875 0.025
1 0.875 0.875 0.04375 0.04791666666666667
1 0.86328125 0.9447916666666667 0.046875 0.035416666666666666
1 0.78203125 0.9760416666666667 0.0203125 0.01875
1 0.98125 0.9885416666666667 0.0234375 0.022916666666666665
1 0.95625 0.9208333333333333 0.0546875 0.058333333333333334
1 0.4046875 0.6625 0.0140625 0.022916666666666665
1 0.3203125 0.49583333333333335 0.0140625 0.022916666666666665
1 0.28203125 0.5208333333333334 0.01875 0.022916666666666665
1 0.21171875 0.6041666666666666 0.0140625 0.020833333333333332
1 0.075 0.9260416666666667 0.0125 0.020833333333333332
1 0.03828125 0.6270833333333333 0.034375 0.04375
1 0.00859375 0.6875 0.0171875 0.022916666666666665
1 0.07421875 0.5260416666666666 0.025 0.03958333333333333
1 0.16796875 0.4947916666666667 0.0296875 0.03125
1 0.07890625 0.2833333333333333 0.0203125 0.029166666666666667
1 0.2328125 0.28541666666666665 0.025 0.029166666666666667
1 0.3078125 0.37604166666666666 0.0328125 0.025
1 0.3359375 0.2604166666666667 0.0671875 0.06666666666666667