1 0.929296875 0.4222222222222222 0.015625 0.025
1 0.23515625 0.7201388888888889 0.046875 0.10277777777777777
1 0.218359375 0.9673611111111111 0.021875 0.05
1 0.522265625 0.6826388888888889 0.0296875 0.059722222222222225
1 0.469921875 0.6479166666666667 0.02109375 0.030555555555555555
1 0.396875 0.5069444444444444 0.0109375 0.027777777777777776
1 0.224609375 0.3159722222222222 0.0296875 0.05
1 0.2796875 0.2222222222222222 0.01640625 0.027777777777777776
1 0.1140625 0.2076388888888889 0.0234375 0.05
1 0.925 0.25069444444444444 0.02109375 0.04583333333333333
1 0.8921875 0.24513888888888888 0.0234375 0.04722222222222222
1 0.9890625 0.30486111111111114 0.01328125 0.03194444444444444
1 0.958984375 0.37222222222222223 0.021875 0.04583333333333333
1 0.87265625 0.3173611111111111 0.021875 0.044444444444444446
1 0.89921875 0.7256944444444444 0.03203125 0.05416666666666667
1 0.955078125 0.7034722222222223 0.03359375 0.07777777777777778
1 0.944921875 0.7694444444444445 0.01953125 0.04027777777777778
1 0.9765625 0.8840277777777777 0.02421875 0.043055555555555555
1 0.88359375 0.9034722222222222 0.0234375 0.043055555555555555
1 0.90703125 0.9708333333333333 0.02890625 0.05
1 0.801953125 0.9729166666666667 0.0296875 0.05138888888888889
1 0.7609375 0.8951388888888889 0.0234375 0.04027777777777778
1 0.634765625 0.9104166666666667 0.03671875 0.058333333333333334
1 0.60703125 0.9833333333333333 0.03125 0.03333333333333333
1 0.5984375 0.7256944444444444 0.025 0.044444444444444446
1 0.59921875 0.6673611111111111 0.02578125 0.04583333333333333
0 0.109765625 0.8361111111111111 0.2109375 0.3277777777777778
0 0.13125 0.6493055555555556 0.2625 0.2
0 0.098828125 0.3770833333333333 0.19765625 0.44027777777777777
0 0.11171875 0.175 0.14765625 0.35
0 0.01953125 0.01597222222222222 0.0390625 0.03194444444444444
0 0.6703125 0.9111111111111111 0.06640625 0.17777777777777778
0 0.69296875 0.7881944444444444 0.19296875 0.24861111111111112
0 0.67109375 0.48194444444444445 0.2296875 0.48055555555555557
0 0.729296875 0.41041666666666665 0.18828125 0.41388888888888886
0 0.6421875 0.09930555555555555 0.1015625 0.1986111111111111
1 0.96796875 0.14097222222222222 0.02890625 0.059722222222222225
1 0.858984375 0.1 0.03515625 0.059722222222222225
1 0.8453125 0.022916666666666665 0.034375 0.04583333333333333
1 0.63359375 0.020833333333333332 0.021875 0.041666666666666664
1 0.652734375 0.14583333333333334 0.02109375 0.03888888888888889
1 0.628125 0.15625 0.021875 0.05416666666666667
1 0.607421875 0.4548611111111111 0.0140625 0.03333333333333333
1 0.56640625 0.5104166666666666 0.0296875 0.04583333333333333
1 0.51640625 0.3902777777777778 0.01328125 0.03194444444444444
1 0.521875 0.022916666666666665 0.03046875 0.04583333333333333
1 0.2046875 0.06875 0.02109375 0.03888888888888889