1 0.9203125 0.3763888888888889 0.01484375 0.03194444444444444
1 0.62734375 0.13055555555555556 0.01796875 0.03333333333333333
0 0.054296875 0.5027777777777778 0.10078125 0.3472222222222222
1 0.550390625 0.175 0.01875 0.044444444444444446
1 0.901171875 0.011805555555555555 0.03671875 0.02361111111111111
1 0.86953125 0.6520833333333333 0.0234375 0.034722222222222224
0 0.64375 0.17430555555555555 0.28203125 0.34305555555555556
1 0.50390625 0.9881944444444445 0.02265625 0.019444444444444445
1 0.3578125 0.9604166666666667 0.03046875 0.044444444444444446
1 0.470703125 0.24305555555555555 0.015625 0.02361111111111111
1 0.853515625 0.8611111111111112 0.05078125 0.07916666666666666
1 0.36796875 0.7743055555555556 0.01875 0.043055555555555555
1 0.657421875 0.9729166666666667 0.05859375 0.04861111111111111
0 0.066015625 0.21458333333333332 0.13203125 0.19583333333333333
1 0.89296875 0.7451388888888889 0.0203125 0.04583333333333333
1 0.691015625 0.42569444444444443 0.015625 0.02361111111111111
0 0.619140625 0.5493055555555556 0.18515625 0.17916666666666667
1 0.662890625 0.4638888888888889 0.01953125 0.03611111111111111
1 0.54765625 0.6965277777777777 0.0140625 0.02638888888888889
1 0.841796875 0.6375 0.02734375 0.03888888888888889
1 0.72578125 0.4041666666666667 0.02265625 0.0375
1 0.528515625 0.7395833333333334 0.0234375 0.0375
1 0.975390625 0.2951388888888889 0.0390625 0.07361111111111111
1 0.805859375 0.9263888888888889 0.02578125 0.04583333333333333
1 0.69375 0.9361111111111111 0.01484375 0.029166666666666667
1 0.697265625 0.5215277777777778 0.0375 0.05416666666666667
1 0.8421875 0.6895833333333333 0.040625 0.13194444444444445
1 0.722265625 0.6173611111111111 0.0140625 0.029166666666666667
1 0.08125 0.35 0.01484375 0.022222222222222223
1 0.56171875 0.3215277777777778 0.01640625 0.02638888888888889
1 0.03984375 0.9868055555555556 0.0203125 0.02361111111111111
0 0.5765625 0.7611111111111111 0.25234375 0.25972222222222224
1 0.98046875 0.6604166666666667 0.0328125 0.06805555555555555
1 0.69921875 0.5861111111111111 0.025 0.03611111111111111
1 0.036328125 0.10347222222222222 0.0171875 0.029166666666666667
1 0.978125 0.7666666666666667 0.0203125 0.04722222222222222
0 0.07421875 0.7180555555555556 0.134375 0.47638888888888886
1 0.20546875 0.4263888888888889 0.0375 0.06111111111111111
0 0.569140625 0.0763888888888889 0.0875 0.1527777777777778
1 0.555078125 0.9659722222222222 0.025 0.04722222222222222
1 0.895703125 0.8361111111111111 0.01796875 0.0375
1 0.95625 0.21597222222222223 0.034375 0.07916666666666666
1 0.457421875 0.20972222222222223 0.01796875 0.027777777777777776
0 0.5984375 0.9131944444444444 0.05703125 0.1736111111111111
1 0.78671875 0.034722222222222224 0.01640625 0.03333333333333333
1 0.927734375 0.28194444444444444 0.05 0.05
1 0.7203125 0.18819444444444444 0.0171875 0.027777777777777776
1 0.51328125 0.058333333333333334 0.01640625 0.05
1 0.921875 0.05763888888888889 0.0171875 0.04027777777777778
1 0.1359375 0.09166666666666666 0.01328125 0.02361111111111111
1 0.78984375 0.6263888888888889 0.0234375 0.04027777777777778
1 0.6625 0.6034722222222222 0.0203125 0.04583333333333333
0 0.08359375 0.9611111111111111 0.13203125 0.07222222222222222
0 0.052734375 0.07361111111111111 0.10546875 0.14722222222222223
1 0.945703125 0.8972222222222223 0.02109375 0.030555555555555555
1 0.6875 0.6722222222222223 0.021875 0.03333333333333333
1 0.669921875 0.5673611111111111 0.0234375 0.0375
1 0.751171875 0.9090277777777778 0.01640625 0.02361111111111111
1 0.624609375 0.9201388888888888 0.0359375 0.05277777777777778
1 0.712890625 0.8180555555555555 0.02109375 0.04583333333333333
1 0.7671875 0.25069444444444444 0.01953125 0.03194444444444444
1 0.965234375 0.18819444444444444 0.02421875 0.0375
1 0.952734375 0.8229166666666666 0.028125 0.07916666666666666
1 0.349609375 0.08402777777777778 0.0296875 0.04583333333333333
1 0.301171875 0.7833333333333333 0.0203125 0.03194444444444444
1 0.971484375 0.014583333333333334 0.02890625 0.027777777777777776
1 0.383984375 0.9534722222222223 0.0265625 0.04583333333333333