1 0.108203125 0.47291666666666665 0.04140625 0.1361111111111111
0 0.56328125 0.07222222222222222 0.09453125 0.14305555555555555
0 0.61484375 0.21736111111111112 0.26875 0.26666666666666666
0 0.624609375 0.7368055555555556 0.215625 0.4041666666666667
0 0.587890625 0.8618055555555556 0.14765625 0.2763888888888889
1 0.658203125 0.04583333333333333 0.034375 0.07083333333333333
1 0.51796875 0.22569444444444445 0.028125 0.075
1 0.798046875 0.175 0.03046875 0.059722222222222225
1 0.9109375 0.17430555555555555 0.0328125 0.09166666666666666
1 0.740234375 0.40694444444444444 0.02421875 0.03888888888888889
1 0.66953125 0.24930555555555556 0.01484375 0.025
1 0.75390625 0.1673611111111111 0.01953125 0.03611111111111111
1 0.671484375 0.34444444444444444 0.021875 0.03611111111111111
1 0.912109375 0.2826388888888889 0.0171875 0.03333333333333333
1 0.981640625 0.2013888888888889 0.03671875 0.2611111111111111
1 0.937890625 0.4048611111111111 0.09765625 0.16666666666666666
1 0.8859375 0.5763888888888888 0.02265625 0.05138888888888889
1 0.97578125 0.6868055555555556 0.046875 0.14583333333333334
1 0.828125 0.5951388888888889 0.01875 0.0375
1 0.758203125 0.6236111111111111 0.02421875 0.04583333333333333
1 0.821484375 0.7298611111111111 0.01875 0.03333333333333333
1 0.84609375 0.8215277777777777 0.01953125 0.04027777777777778
1 0.778125 0.8333333333333334 0.02890625 0.05555555555555555
1 0.740234375 0.8666666666666667 0.02734375 0.044444444444444446
1 0.6875 0.9784722222222222 0.02421875 0.041666666666666664
1 0.663671875 0.5868055555555556 0.04609375 0.0625
1 0.465625 0.5631944444444444 0.0125 0.019444444444444445
1 0.583203125 0.5534722222222223 0.021875 0.030555555555555555
1 0.199609375 0.8909722222222223 0.02890625 0.04027777777777778
1 0.03984375 0.9708333333333333 0.01796875 0.058333333333333334
1 0.111328125 0.8826388888888889 0.05390625 0.07083333333333333
1 0.1515625 0.7701388888888889 0.0421875 0.07361111111111111
1 0.2109375 0.6847222222222222 0.01640625 0.025
1 0.190625 0.7263888888888889 0.01640625 0.04583333333333333
1 0.1796875 0.25833333333333336 0.01875 0.030555555555555555
0 0.043359375 0.03333333333333333 0.08671875 0.06527777777777778
1 0.1515625 0.17569444444444443 0.02265625 0.04583333333333333
1 0.1265625 0.020833333333333332 0.0359375 0.041666666666666664
0 0.595703125 0.42291666666666666 0.21796875 0.2375