1 0.7625 0.8427083333333333 0.0328125 0.025
1 0.10703125 0.32708333333333334 0.0171875 0.020833333333333332
1 0.08828125 0.3072916666666667 0.021875 0.016666666666666666
1 0.4125 0.31354166666666666 0.025 0.01875
1 0.290625 0.007291666666666667 0.021875 0.0125
1 0.44375 0.35833333333333334 0.0171875 0.027083333333333334
1 0.1234375 0.008333333333333333 0.0203125 0.016666666666666666
1 0.75234375 0.13854166666666667 0.009375 0.016666666666666666
1 0.83984375 0.175 0.01875 0.022916666666666665
1 0.01171875 0.375 0.0234375 0.06041666666666667
1 0.0203125 0.5885416666666666 0.0234375 0.03958333333333333
1 0.01875 0.6427083333333333 0.0375 0.04583333333333333
1 0.00625 0.7489583333333333 0.0125 0.035416666666666666
1 0.06328125 0.7604166666666666 0.028125 0.016666666666666666
1 0.19921875 0.7416666666666667 0.0203125 0.025
1 0.2078125 0.7770833333333333 0.0171875 0.027083333333333334
1 0.28203125 0.85625 0.015625 0.029166666666666667
1 0.24140625 0.9135416666666667 0.021875 0.029166666666666667
1 0.26796875 0.9229166666666667 0.01875 0.022916666666666665
1 0.28515625 0.6 0.0234375 0.035416666666666666
1 0.309375 0.6708333333333333 0.0234375 0.035416666666666666
1 0.371875 0.584375 0.0296875 0.041666666666666664
1 0.359375 0.35104166666666664 0.0640625 0.08541666666666667
1 0.33203125 0.11875 0.0453125 0.0375
1 0.2625 0.046875 0.03125 0.03125
1 0.46875 0.5708333333333333 0.015625 0.020833333333333332
1 0.50390625 0.6197916666666666 0.046875 0.052083333333333336
1 0.47109375 0.7385416666666667 0.0171875 0.025
1 0.49921875 0.7114583333333333 0.0171875 0.035416666666666666
1 0.7578125 0.5208333333333334 0.0234375 0.041666666666666664
1 0.7375 0.40625 0.021875 0.01875
1 0.571875 0.528125 0.0484375 0.07708333333333334
1 0.8890625 0.4864583333333333 0.0578125 0.08541666666666667
1 0.83984375 0.3072916666666667 0.0421875 0.05416666666666667
1 0.9390625 0.19375 0.0203125 0.027083333333333334
1 0.69765625 0.30625 0.03125 0.03333333333333333
1 0.63203125 0.29583333333333334 0.0453125 0.05625
1 0.72578125 0.20208333333333334 0.0390625 0.06041666666666667
1 0.67265625 0.7989583333333333 0.053125 0.07291666666666667
1 0.70703125 0.1375 0.0578125 0.04791666666666667
1 0.78125 0.18958333333333333 0.021875 0.035416666666666666
1 0.63046875 0.08020833333333334 0.0390625 0.035416666666666666
1 0.6921875 0.078125 0.025 0.029166666666666667
1 0.5421875 0.28958333333333336 0.015625 0.0375
1 0.56484375 0.259375 0.025 0.03125
1 0.65234375 0.24583333333333332 0.025 0.022916666666666665
1 0.75703125 0.017708333333333333 0.015625 0.035416666666666666
1 0.8375 0.003125 0.015625 0.00625
1 0.5375 0.43020833333333336 0.028125 0.06666666666666667
1 0.4859375 0.03125 0.03125 0.03333333333333333
1 0.521875 0.89375 0.0125 0.016666666666666666
1 0.6515625 0.9645833333333333 0.034375 0.035416666666666666
1 0.603125 0.9864583333333333 0.0203125 0.027083333333333334
1 0.73125 0.959375 0.1140625 0.08125
1 0.45703125 0.20729166666666668 0.0171875 0.01875
1 0.41796875 0.24791666666666667 0.059375 0.035416666666666666
1 0.3265625 0.2833333333333333 0.028125 0.041666666666666664
1 0.58046875 0.4375 0.034375 0.052083333333333336
1 0.659375 0.45 0.034375 0.041666666666666664
1 0.81640625 0.4479166666666667 0.03125 0.0375
1 0.90546875 0.565625 0.04375 0.03333333333333333
1 0.78984375 0.5635416666666667 0.0265625 0.029166666666666667
1 0.8953125 0.7104166666666667 0.0359375 0.035416666666666666
1 0.8296875 0.65625 0.0671875 0.10416666666666667
1 0.75390625 0.7479166666666667 0.015625 0.016666666666666666
1 0.7875 0.73125 0.0265625 0.029166666666666667
1 0.82734375 0.8 0.0453125 0.07291666666666667