1 0.00625 0.68125 0.0125 0.035416666666666666
1 0.01015625 0.871875 0.0203125 0.029166666666666667
1 0.08359375 0.95 0.025 0.0375
1 0.4609375 0.95625 0.021875 0.025
1 0.4359375 0.6572916666666667 0.0109375 0.016666666666666666
1 0.4859375 0.22291666666666668 0.028125 0.025
0 0.37421875 0.01875 0.0265625 0.0375
1 0.33671875 0.13958333333333334 0.0265625 0.0375
1 0.1109375 0.8822916666666667 0.015625 0.022916666666666665
1 0.190625 0.8520833333333333 0.03125 0.04583333333333333
1 0.1875 0.8979166666666667 0.0296875 0.020833333333333332
1 0.27890625 0.8260416666666667 0.0640625 0.058333333333333334
1 0.27109375 0.6552083333333333 0.040625 0.04583333333333333
1 0.02265625 0.4552083333333333 0.0453125 0.027083333333333334
1 0.06796875 0.334375 0.0390625 0.06041666666666667
1 0.14921875 0.27395833333333336 0.040625 0.05625
1 0.83671875 0.83125 0.025 0.022916666666666665
1 0.68671875 0.7604166666666666 0.0234375 0.04791666666666667
1 0.65625 0.6760416666666667 0.015625 0.025
1 0.6 0.6583333333333333 0.028125 0.020833333333333332
1 0.5984375 0.6104166666666667 0.0265625 0.029166666666666667
1 0.50703125 0.515625 0.028125 0.0375
1 0.54140625 0.5270833333333333 0.034375 0.020833333333333332
1 0.471875 0.4166666666666667 0.01875 0.03125
1 0.4875 0.44583333333333336 0.028125 0.04375
1 0.48046875 0.4739583333333333 0.015625 0.016666666666666666
1 0.4625 0.5072916666666667 0.015625 0.016666666666666666
1 0.61796875 0.284375 0.015625 0.029166666666666667
1 0.78515625 0.035416666666666666 0.0296875 0.04583333333333333
1 0.75625 0.11875 0.0140625 0.020833333333333332
1 0.8859375 0.06041666666666667 0.01875 0.027083333333333334
1 0.61953125 0.07395833333333333 0.0171875 0.020833333333333332
1 0.85078125 0.9895833333333334 0.025 0.020833333333333332
1 0.8015625 0.9916666666666667 0.028125 0.016666666666666666
1 0.70078125 0.9729166666666667 0.025 0.0375
1 0.584375 0.8916666666666667 0.0171875 0.020833333333333332
1 0.65234375 0.8385416666666666 0.028125 0.025
1 0.91796875 0.9114583333333334 0.0140625 0.025
1 0.825 0.75 0.0390625 0.035416666666666666
1 0.94375 0.69375 0.0140625 0.016666666666666666
1 0.9390625 0.55 0.0265625 0.035416666666666666
1 0.98515625 0.43125 0.0296875 0.03958333333333333
1 0.7765625 0.3645833333333333 0.0296875 0.06458333333333334
1 0.678125 0.4197916666666667 0.0390625 0.03958333333333333
1 0.6375 0.35520833333333335 0.028125 0.0375
1 0.653125 0.18645833333333334 0.0265625 0.03125
1 0.62421875 0.1625 0.0328125 0.04375
1 0.57421875 0.11770833333333333 0.03125 0.0375
1 0.50703125 0.06770833333333333 0.046875 0.04583333333333333
1 0.3328125 0.011458333333333333 0.0265625 0.022916666666666665
0 0.43125 0.9572916666666667 0.21875 0.08541666666666667
1 0.13515625 0.4822916666666667 0.009375 0.03125
1 0.3109375 0.084375 0.028125 0.03125
1 0.63515625 0.46041666666666664 0.028125 0.025
1 0.715625 0.7760416666666666 0.0234375 0.03958333333333333
1 0.29296875 0.175 0.025 0.04375
0 0.44296875 0.740625 0.1390625 0.19583333333333333
0 0.44296875 0.45729166666666665 0.125 0.31666666666666665
0 0.4328125 0.19270833333333334 0.246875 0.08958333333333333
1 0.221875 0.010416666666666666 0.0234375 0.020833333333333332
1 0.17578125 0.3177083333333333 0.0234375 0.03333333333333333
1 0.7125 0.175 0.025 0.025
1 0.7984375 0.8864583333333333 0.025 0.029166666666666667
1 0.07578125 0.6083333333333333 0.046875 0.016666666666666666
1 0.14375 0.55 0.0109375 0.03333333333333333
1 0.36171875 0.49895833333333334 0.0265625 0.027083333333333334
1 0.35234375 0.37916666666666665 0.0328125 0.03333333333333333
1 0.37578125 0.27708333333333335 0.0359375 0.04375
1 0.3390625 0.2125 0.0296875 0.03333333333333333
1 0.2296875 0.6239583333333333 0.0140625 0.022916666666666665