1 0.86015625 0.24791666666666667 0.01875 0.03958333333333333
1 0.92890625 0.008333333333333333 0.03125 0.016666666666666666
1 0.978125 0.017708333333333333 0.0265625 0.03333333333333333
1 0.96875 0.17291666666666666 0.015625 0.020833333333333332
1 0.8078125 0.8614583333333333 0.01875 0.020833333333333332
1 0.97578125 0.859375 0.015625 0.01875
1 0.98046875 0.8041666666666667 0.015625 0.010416666666666666
1 0.8046875 0.61875 0.0140625 0.03125
1 0.396875 0.33125 0.015625 0.022916666666666665
1 0.44296875 0.41458333333333336 0.0390625 0.04375
1 0.80703125 0.06458333333333334 0.0171875 0.03333333333333333
1 0.83203125 0.017708333333333333 0.0390625 0.035416666666666666
1 0.73125 0.10833333333333334 0.0203125 0.027083333333333334
1 0.6703125 0.026041666666666668 0.0625 0.052083333333333336
1 0.60703125 0.013541666666666667 0.0109375 0.027083333333333334
1 0.871875 0.165625 0.0546875 0.0375
1 0.8375 0.11666666666666667 0.084375 0.035416666666666666
1 0.83515625 0.290625 0.025 0.025
1 0.96875 0.5260416666666666 0.015625 0.01875
1 0.99296875 0.38229166666666664 0.0140625 0.016666666666666666
1 0.871875 0.44583333333333336 0.01875 0.025
1 0.5828125 0.990625 0.01875 0.01875
1 0.17578125 0.8208333333333333 0.04375 0.0625
1 0.24765625 0.9739583333333334 0.0515625 0.052083333333333336
1 0.1953125 0.953125 0.040625 0.027083333333333334
1 0.14453125 0.909375 0.0421875 0.04583333333333333
1 0.0515625 0.85625 0.0375 0.04375
1 0.00546875 0.703125 0.0109375 0.029166666666666667
1 0.0828125 0.3072916666666667 0.01875 0.020833333333333332
1 0.19375 0.13958333333333334 0.015625 0.016666666666666666
1 0.0890625 0.017708333333333333 0.0234375 0.025
1 0.00625 0.084375 0.0125 0.029166666666666667
1 0.17109375 0.16354166666666667 0.0140625 0.041666666666666664
1 0.30625 0.34270833333333334 0.015625 0.020833333333333332
1 0.28046875 0.23854166666666668 0.0609375 0.09375
1 0.334375 0.28958333333333336 0.0421875 0.12083333333333333
1 0.3203125 0.103125 0.04375 0.12083333333333333
1 0.403125 0.035416666666666666 0.0796875 0.07083333333333333
1 0.5625 0.09895833333333333 0.03125 0.041666666666666664
1 0.48359375 0.18854166666666666 0.021875 0.029166666666666667
1 0.62890625 0.23854166666666668 0.040625 0.052083333333333336
1 0.58359375 0.22291666666666668 0.0203125 0.022916666666666665
1 0.73671875 0.30520833333333336 0.0203125 0.025
1 0.71875 0.28125 0.01875 0.025
1 0.76171875 0.44583333333333336 0.021875 0.025
1 0.88828125 0.5489583333333333 0.025 0.03333333333333333
1 0.8890625 0.7 0.028125 0.035416666666666666
1 0.95390625 0.809375 0.0296875 0.027083333333333334
1 0.75546875 0.9416666666666667 0.01875 0.020833333333333332
1 0.553125 0.8791666666666667 0.0171875 0.027083333333333334
1 0.71171875 0.7916666666666666 0.0265625 0.022916666666666665
1 0.79453125 0.7479166666666667 0.03125 0.03958333333333333
1 0.68671875 0.6979166666666666 0.028125 0.04375
1 0.73125 0.8864583333333333 0.0171875 0.029166666666666667
1 0.6921875 0.8458333333333333 0.040625 0.05416666666666667
1 0.6625 0.8197916666666667 0.0171875 0.035416666666666666
1 0.63828125 0.8125 0.0234375 0.0375
1 0.684375 0.9760416666666667 0.0265625 0.04375
1 0.6296875 0.9510416666666667 0.0375 0.03333333333333333
1 0.6015625 0.9666666666666667 0.01875 0.025
1 0.63984375 0.9114583333333334 0.059375 0.05
1 0.6078125 0.8572916666666667 0.028125 0.052083333333333336
1 0.47734375 0.8520833333333333 0.021875 0.027083333333333334
1 0.396875 0.6510416666666666 0.028125 0.03333333333333333
1 0.46015625 0.65 0.03125 0.022916666666666665
1 0.55859375 0.7125 0.0578125 0.05416666666666667
1 0.3875 0.725 0.01875 0.01875
1 0.40078125 0.815625 0.03125 0.041666666666666664
1 0.3359375 0.8427083333333333 0.071875 0.11666666666666667
1 0.2859375 0.7708333333333334 0.0828125 0.11458333333333333
1 0.2703125 0.5708333333333333 0.015625 0.016666666666666666
1 0.34453125 0.6 0.040625 0.041666666666666664
1 0.2140625 0.6270833333333333 0.059375 0.08333333333333333
1 0.03046875 0.5395833333333333 0.04375 0.041666666666666664
1 0.10703125 0.44166666666666665 0.040625 0.05
1 0.16171875 0.5302083333333333 0.0296875 0.03333333333333333
1 0.2890625 0.5270833333333333 0.028125 0.01875
1 0.32734375 0.50625 0.0375 0.04583333333333333
1 0.34453125 0.44166666666666665 0.0453125 0.05
1 0.28359375 0.4114583333333333 0.05 0.0875
1 0.50859375 0.5125 0.08125 0.07291666666666667
1 0.66796875 0.46770833333333334 0.034375 0.027083333333333334
1 0.6296875 0.49895833333333334 0.015625 0.035416666666666666
1 0.70546875 0.5822916666666667 0.034375 0.03958333333333333
1 0.62578125 0.65 0.0421875 0.06666666666666667
1 0.5828125 0.5958333333333333 0.0390625 0.08125
1 0.44921875 0.49583333333333335 0.0390625 0.10416666666666667
1 0.52265625 0.4125 0.0453125 0.10625
1 0.63203125 0.3697916666666667 0.125 0.15416666666666667
0 0.40703125 0.6104166666666667 0.2125 0.1
0 0.44765625 0.240625 0.0625 0.39791666666666664
0 0.4578125 0.09166666666666666 0.0765625 0.18333333333333332