1 0.258984375 0.49444444444444446 0.009375 0.013888888888888888
0 0.120703125 0.6729166666666667 0.17578125 0.19166666666666668
0 0.11875 0.5104166666666666 0.2375 0.21944444444444444
0 0.71640625 0.034722222222222224 0.0671875 0.06944444444444445
0 0.637890625 0.13541666666666666 0.278125 0.13194444444444445
0 0.738671875 0.28888888888888886 0.2328125 0.4222222222222222
0 0.65390625 0.6083333333333333 0.140625 0.5041666666666667
0 0.696484375 0.6847222222222222 0.184375 0.25972222222222224
0 0.672265625 0.9513888888888888 0.128125 0.09722222222222222
1 0.20390625 0.3875 0.0296875 0.044444444444444446
1 0.266796875 0.39166666666666666 0.04765625 0.07916666666666666
1 0.234375 0.4840277777777778 0.021875 0.03888888888888889
1 0.2328125 0.5881944444444445 0.0125 0.02638888888888889
1 0.148828125 0.6458333333333334 0.03671875 0.09166666666666666
1 0.209375 0.7722222222222223 0.0328125 0.04722222222222222
1 0.199609375 0.8756944444444444 0.02421875 0.07083333333333333
1 0.14140625 0.90625 0.0171875 0.034722222222222224
1 0.1234375 0.9354166666666667 0.00703125 0.018055555555555554
1 0.093359375 0.9770833333333333 0.02578125 0.04583333333333333
1 0.103125 0.6236111111111111 0.02890625 0.04861111111111111
1 0.02421875 0.575 0.0140625 0.02361111111111111
1 0.12734375 0.3958333333333333 0.00546875 0.011111111111111112
1 0.101953125 0.3173611111111111 0.02265625 0.034722222222222224
1 0.0171875 0.33125 0.01484375 0.03194444444444444
1 0.119140625 0.24375 0.0140625 0.02361111111111111
1 0.17421875 0.2048611111111111 0.0125 0.0125
1 0.18828125 0.17708333333333334 0.02265625 0.04722222222222222
1 0.257421875 0.19722222222222222 0.0171875 0.03888888888888889
1 0.145703125 0.10902777777777778 0.01640625 0.022222222222222223
1 0.316796875 0.07291666666666667 0.0125 0.034722222222222224
1 0.4625 0.1361111111111111 0.01171875 0.03194444444444444
1 0.59375 0.022222222222222223 0.03046875 0.044444444444444446
1 0.496875 0.23125 0.009375 0.018055555555555554
1 0.55390625 0.27361111111111114 0.0109375 0.013888888888888888
1 0.591015625 0.29375 0.053125 0.08055555555555556
1 0.493359375 0.3875 0.01015625 0.02361111111111111
1 0.528515625 0.45208333333333334 0.0421875 0.0625
1 0.670703125 0.5770833333333333 0.0078125 0.025
1 0.7484375 0.5006944444444444 0.00859375 0.016666666666666666
1 0.779296875 0.49583333333333335 0.0109375 0.018055555555555554
1 0.81875 0.5229166666666667 0.01484375 0.02361111111111111
1 0.849609375 0.5430555555555555 0.01015625 0.018055555555555554
1 0.9125 0.5083333333333333 0.0140625 0.02361111111111111
1 0.94765625 0.5333333333333333 0.01875 0.041666666666666664
1 0.975390625 0.5868055555555556 0.01953125 0.02638888888888889
1 0.90078125 0.4166666666666667 0.0234375 0.0375
1 0.95625 0.4027777777777778 0.01484375 0.03611111111111111
1 0.97890625 0.3625 0.009375 0.0125
1 0.993359375 0.37083333333333335 0.0125 0.018055555555555554
1 0.992578125 0.32083333333333336 0.01484375 0.022222222222222223
1 0.937109375 0.3104166666666667 0.01328125 0.02361111111111111
1 0.97109375 0.28055555555555556 0.01953125 0.03194444444444444
1 0.996484375 0.2569444444444444 0.00703125 0.02361111111111111
1 0.8359375 0.2423611111111111 0.01796875 0.029166666666666667
1 0.90390625 0.20069444444444445 0.02109375 0.03194444444444444
1 0.96328125 0.16319444444444445 0.015625 0.03194444444444444
1 0.995703125 0.15416666666666667 0.00859375 0.0375
1 0.938671875 0.10416666666666667 0.01328125 0.020833333333333332
1 0.80390625 0.024305555555555556 0.03515625 0.04861111111111111
1 0.745703125 0.08958333333333333 0.02890625 0.05277777777777778
1 0.67578125 0.058333333333333334 0.01328125 0.019444444444444445
1 0.740625 0.027083333333333334 0.02109375 0.0375
1 0.551953125 0.8895833333333333 0.01484375 0.027777777777777776
1 0.646484375 0.9131944444444444 0.02265625 0.04027777777777778
1 0.618359375 0.9770833333333333 0.03203125 0.04583333333333333
1 0.659765625 0.80625 0.02265625 0.0375
1 0.642578125 0.8305555555555556 0.01328125 0.02638888888888889
1 0.663671875 0.8520833333333333 0.034375 0.05416666666666667
1 0.7609375 0.8451388888888889 0.01796875 0.04583333333333333
1 0.7890625 0.9076388888888889 0.021875 0.04027777777777778
1 0.817578125 0.9701388888888889 0.02421875 0.059722222222222225
1 0.84375 0.9875 0.0125 0.025
1 0.890625 0.9715277777777778 0.02109375 0.04027777777777778
1 0.983984375 0.9645833333333333 0.0203125 0.04027777777777778
1 0.8578125 0.8520833333333333 0.009375 0.018055555555555554
1 0.984765625 0.7708333333333334 0.0171875 0.019444444444444445
1 0.763671875 0.7458333333333333 0.01484375 0.02638888888888889
1 0.808203125 0.675 0.0390625 0.09027777777777778
1 0.642578125 0.6902777777777778 0.01640625 0.02361111111111111
1 0.401953125 0.8347222222222223 0.01171875 0.020833333333333332
1 0.341796875 0.8909722222222223 0.00859375 0.018055555555555554
1 0.32109375 0.8326388888888889 0.0078125 0.018055555555555554
1 0.26640625 0.9152777777777777 0.01015625 0.018055555555555554
1 0.14453125 0.8097222222222222 0.0125 0.019444444444444445