1 0.744140625 0.2611111111111111 0.04296875 0.06805555555555555
1 0.7828125 0.4930555555555556 0.03359375 0.058333333333333334
1 0.926171875 0.83125 0.0171875 0.03888888888888889
1 0.5203125 0.34652777777777777 0.01328125 0.03194444444444444
1 0.162109375 0.008333333333333333 0.01796875 0.016666666666666666
1 0.125390625 0.5847222222222223 0.01796875 0.043055555555555555
1 0.1078125 0.9555555555555556 0.10859375 0.08472222222222223
1 0.769140625 0.9194444444444444 0.025 0.05555555555555555
1 0.820703125 0.13472222222222222 0.0203125 0.03611111111111111
1 0.641796875 0.07222222222222222 0.0359375 0.04861111111111111
1 0.48984375 0.04652777777777778 0.0140625 0.025
1 0.569921875 0.22569444444444445 0.0296875 0.05
0 0.091015625 0.15694444444444444 0.18046875 0.20416666666666666
0 0.118359375 0.2520833333333333 0.08828125 0.18888888888888888
0 0.12734375 0.5881944444444445 0.18203125 0.31666666666666665
0 0.112890625 0.8659722222222223 0.21484375 0.2652777777777778
0 0.61328125 0.04375 0.11484375 0.08333333333333333
0 0.662890625 0.3375 0.2375 0.20972222222222223
0 0.691796875 0.49236111111111114 0.1859375 0.4152777777777778
0 0.6921875 0.71875 0.14296875 0.12916666666666668
0 0.662890625 0.8604166666666667 0.071875 0.2791666666666667
1 0.060546875 0.5277777777777778 0.03828125 0.05694444444444444
1 0.1453125 0.42569444444444443 0.028125 0.05555555555555555
1 0.14765625 0.6388888888888888 0.0171875 0.03333333333333333
1 0.055078125 0.8840277777777777 0.05078125 0.11527777777777778
1 0.43671875 0.4076388888888889 0.01875 0.03333333333333333
1 0.7078125 0.8986111111111111 0.01796875 0.027777777777777776