1 0.541015625 0.17430555555555555 0.009375 0.018055555555555554
1 0.57890625 0.18472222222222223 0.028125 0.043055555555555555
1 0.6078125 0.22291666666666668 0.0265625 0.05694444444444444
1 0.634375 0.24305555555555555 0.03046875 0.09027777777777778
1 0.67890625 0.2520833333333333 0.0203125 0.05416666666666667
1 0.6796875 0.11944444444444445 0.015625 0.027777777777777776
1 0.703125 0.11527777777777778 0.0078125 0.0125
1 0.728125 0.2 0.0140625 0.016666666666666666
1 0.71171875 0.2548611111111111 0.01171875 0.02638888888888889
1 0.703125 0.32430555555555557 0.015625 0.029166666666666667
1 0.71875 0.33958333333333335 0.01171875 0.0125
1 0.7671875 0.3055555555555556 0.01875 0.03333333333333333
1 0.796875 0.3263888888888889 0.0203125 0.03333333333333333
1 0.61953125 0.3770833333333333 0.01171875 0.02638888888888889
1 0.628515625 0.4423611111111111 0.01328125 0.016666666666666666
1 0.631640625 0.4666666666666667 0.01015625 0.016666666666666666
1 0.778125 0.5784722222222223 0.0203125 0.03888888888888889
1 0.736328125 0.6590277777777778 0.0203125 0.034722222222222224
1 0.555078125 0.6798611111111111 0.0078125 0.015277777777777777
1 0.570703125 0.7048611111111112 0.0109375 0.020833333333333332
1 0.75703125 0.8388888888888889 0.02578125 0.03333333333333333
1 0.773828125 0.7666666666666667 0.01953125 0.027777777777777776
1 0.8125 0.6236111111111111 0.03125 0.043055555555555555
1 0.901171875 0.7756944444444445 0.02421875 0.041666666666666664
1 0.890234375 0.8090277777777778 0.01484375 0.027777777777777776
1 0.6171875 0.9798611111111111 0.03203125 0.04027777777777778
1 0.68984375 0.9701388888888889 0.03359375 0.043055555555555555
1 0.7671875 0.98125 0.0171875 0.0375
1 0.61875 0.8423611111111111 0.01640625 0.03194444444444444
1 0.9859375 0.9423611111111111 0.01484375 0.034722222222222224
1 0.950390625 0.9229166666666667 0.00859375 0.016666666666666666
1 0.92890625 0.7618055555555555 0.0125 0.025
1 0.942578125 0.7743055555555556 0.0109375 0.013888888888888888
1 0.97421875 0.73125 0.01640625 0.02638888888888889
1 0.984765625 0.7701388888888889 0.025 0.015277777777777777
1 0.919921875 0.5319444444444444 0.0109375 0.022222222222222223
1 0.8890625 0.4375 0.03046875 0.06111111111111111
1 0.7921875 0.4465277777777778 0.01171875 0.027777777777777776
1 0.76953125 0.5097222222222222 0.0171875 0.029166666666666667
1 0.979296875 0.44375 0.021875 0.04583333333333333
1 0.77109375 0.22083333333333333 0.03359375 0.06666666666666667
1 0.89375 0.18819444444444444 0.0296875 0.04027777777777778
1 0.876171875 0.09027777777777778 0.02578125 0.06111111111111111
1 0.8734375 0.13055555555555556 0.00703125 0.019444444444444445
1 0.9328125 0.10694444444444444 0.01796875 0.027777777777777776
1 0.955078125 0.15625 0.0109375 0.025
1 0.989453125 0.20069444444444445 0.02109375 0.04861111111111111
1 0.9875 0.06944444444444445 0.025 0.04861111111111111
1 0.896484375 0.03263888888888889 0.01171875 0.020833333333333332
1 0.91171875 0.2548611111111111 0.00859375 0.02361111111111111
1 0.87578125 0.6416666666666667 0.00859375 0.013888888888888888
1 0.07578125 0.6166666666666667 0.0046875 0.015277777777777777
1 0.062109375 0.60625 0.0140625 0.027777777777777776
1 0.110546875 0.034027777777777775 0.01875 0.029166666666666667
1 0.1375 0.004861111111111111 0.009375 0.009722222222222222
1 0.126953125 0.10069444444444445 0.04375 0.06666666666666667
1 0.15859375 0.09097222222222222 0.00703125 0.022222222222222223
1 0.193359375 0.11944444444444445 0.0171875 0.03333333333333333
1 0.2234375 0.05 0.025 0.05
1 0.242578125 0.015277777777777777 0.0125 0.030555555555555555
1 0.264453125 0.009722222222222222 0.02578125 0.019444444444444445
1 0.2328125 0.19583333333333333 0.03984375 0.0625
1 0.268359375 0.24791666666666667 0.0234375 0.041666666666666664
1 0.2640625 0.29583333333333334 0.0203125 0.04583333333333333
1 0.224609375 0.32013888888888886 0.02109375 0.04583333333333333
1 0.18984375 0.41388888888888886 0.0203125 0.03888888888888889
1 0.151171875 0.4701388888888889 0.0234375 0.04583333333333333
1 0.114453125 0.5159722222222223 0.01796875 0.04583333333333333
1 0.080859375 0.4986111111111111 0.015625 0.0375
1 0.062890625 0.5458333333333333 0.03359375 0.04722222222222222
1 0.097265625 0.55625 0.01171875 0.027777777777777776
1 0.14609375 0.6 0.03046875 0.0625
1 0.041015625 0.70625 0.02265625 0.043055555555555555
1 0.13359375 0.7215277777777778 0.0234375 0.05
1 0.060546875 0.7972222222222223 0.01015625 0.019444444444444445
1 0.134765625 0.9770833333333333 0.02734375 0.04583333333333333
1 0.106640625 0.9541666666666667 0.00703125 0.030555555555555555
1 0.165234375 0.9798611111111111 0.0078125 0.015277777777777777
1 0.184375 0.93125 0.015625 0.025
1 0.269140625 0.8909722222222223 0.0140625 0.020833333333333332
1 0.252734375 0.83125 0.01171875 0.03888888888888889
1 0.227734375 0.7131944444444445 0.021875 0.04583333333333333
1 0.28828125 0.7243055555555555 0.0140625 0.025
1 0.23125 0.575 0.015625 0.027777777777777776
1 0.232421875 0.5027777777777778 0.015625 0.03611111111111111
1 0.262890625 0.47291666666666665 0.02265625 0.03611111111111111
1 0.305078125 0.5895833333333333 0.0203125 0.034722222222222224
1 0.350390625 0.5597222222222222 0.01015625 0.020833333333333332
1 0.271875 0.3909722222222222 0.00859375 0.013888888888888888
1 0.060546875 0.3277777777777778 0.02109375 0.05138888888888889
1 0.080859375 0.35555555555555557 0.01875 0.04861111111111111
1 0.109375 0.2534722222222222 0.0203125 0.034722222222222224
1 0.30390625 0.29444444444444445 0.0109375 0.03194444444444444
1 0.3125 0.1909722222222222 0.00625 0.0125
1 0.151953125 0.049305555555555554 0.00703125 0.0125
1 0.425390625 0.011805555555555555 0.01015625 0.020833333333333332
1 0.585546875 0.08541666666666667 0.0328125 0.0625
0 0.62578125 0.6680555555555555 0.30546875 0.3527777777777778
0 0.72734375 0.36944444444444446 0.225 0.18888888888888888
0 0.741796875 0.15138888888888888 0.18984375 0.30277777777777776
0 0.69375 0.7972222222222223 0.13203125 0.3333333333333333
0 0.155078125 0.9104166666666667 0.215625 0.17916666666666667
0 0.139453125 0.7173611111111111 0.1953125 0.49027777777777776
0 0.091796875 0.3840277777777778 0.18359375 0.30277777777777776
0 0.1109375 0.2520833333333333 0.18671875 0.35555555555555557