1 0.80390625 0.6635416666666667 0.0390625 0.08958333333333333
1 0.71796875 0.59375 0.103125 0.0875
1 0.69921875 0.8364583333333333 0.0515625 0.0625
1 0.528125 0.265625 0.0484375 0.058333333333333334
1 0.3703125 0.775 0.0328125 0.03958333333333333
1 0.35546875 0.3854166666666667 0.0515625 0.03958333333333333
1 0.4375 0.9802083333333333 0.0265625 0.03125
0 0.609375 0.040625 0.1171875 0.08125
0 0.71328125 0.23541666666666666 0.3140625 0.3541666666666667
0 0.68828125 0.5229166666666667 0.6234375 0.3229166666666667
0 0.51953125 0.7447916666666666 0.2671875 0.37916666666666665
0 0.565625 0.9364583333333333 0.240625 0.12083333333333333
1 0.7328125 0.15104166666666666 0.046875 0.07708333333333334
1 0.87421875 0.2520833333333333 0.046875 0.052083333333333336
1 0.8296875 0.27708333333333335 0.0546875 0.058333333333333334
1 0.8796875 0.503125 0.0328125 0.05416666666666667
1 0.859375 0.63125 0.03125 0.0375
1 0.878125 0.6927083333333334 0.0296875 0.029166666666666667