1 0.583203125 0.19305555555555556 0.01484375 0.029166666666666667
1 0.643359375 0.21805555555555556 0.0203125 0.058333333333333334
1 0.6578125 0.28888888888888886 0.0125 0.020833333333333332
1 0.537890625 0.30694444444444446 0.01875 0.034722222222222224
1 0.690234375 0.3111111111111111 0.009375 0.0125
1 0.775 0.2951388888888889 0.02109375 0.034722222222222224
1 0.7984375 0.2638888888888889 0.021875 0.044444444444444446
1 0.85 0.29583333333333334 0.01484375 0.019444444444444445
1 0.916796875 0.19444444444444445 0.01171875 0.02361111111111111
1 0.8375 0.12569444444444444 0.01640625 0.027777777777777776
1 0.782421875 0.11527777777777778 0.02890625 0.04861111111111111
1 0.89453125 0.06736111111111111 0.028125 0.044444444444444446
1 0.891796875 0.015277777777777777 0.01796875 0.030555555555555555
1 0.9765625 0.08958333333333333 0.01875 0.0375
1 0.976171875 0.20277777777777778 0.01171875 0.018055555555555554
1 0.889453125 0.49375 0.015625 0.029166666666666667
1 0.9765625 0.48333333333333334 0.0140625 0.02638888888888889
1 0.988671875 0.41944444444444445 0.0171875 0.03194444444444444
1 0.8609375 0.5951388888888889 0.02265625 0.05277777777777778
1 0.887109375 0.6423611111111112 0.02421875 0.06527777777777778
1 0.950390625 0.7125 0.02734375 0.04583333333333333
1 0.9734375 0.7680555555555556 0.0265625 0.02638888888888889
1 0.971875 0.7965277777777777 0.0125 0.015277777777777777
1 0.96796875 0.8826388888888889 0.0171875 0.034722222222222224
1 0.994140625 0.9506944444444444 0.01171875 0.034722222222222224
1 0.958984375 0.9611111111111111 0.0140625 0.029166666666666667
1 0.88984375 0.9965277777777778 0.01796875 0.006944444444444444
1 0.65703125 0.8756944444444444 0.021875 0.05138888888888889
1 0.601171875 0.9145833333333333 0.02734375 0.06666666666666667
1 0.516796875 0.8979166666666667 0.02265625 0.04861111111111111
1 0.480078125 0.8333333333333334 0.025 0.05277777777777778
1 0.5359375 0.8291666666666667 0.028125 0.04861111111111111
1 0.462109375 0.8680555555555556 0.0078125 0.018055555555555554
1 0.521484375 0.7611111111111111 0.01796875 0.044444444444444446
1 0.520703125 0.7034722222222223 0.02109375 0.04027777777777778
1 0.51484375 0.6020833333333333 0.0140625 0.027777777777777776
1 0.479296875 0.625 0.01484375 0.015277777777777777
1 0.54921875 0.5576388888888889 0.02890625 0.04861111111111111
1 0.60078125 0.6111111111111112 0.0203125 0.04583333333333333
1 0.60546875 0.6972222222222222 0.0265625 0.05277777777777778
1 0.687109375 0.6125 0.028125 0.06111111111111111
1 0.708984375 0.5680555555555555 0.02265625 0.04027777777777778
1 0.7859375 0.59375 0.0140625 0.02361111111111111
1 0.28359375 0.8861111111111111 0.015625 0.029166666666666667
1 0.296484375 0.9284722222222223 0.01875 0.02361111111111111
1 0.3328125 0.9368055555555556 0.0171875 0.03333333333333333
1 0.324609375 0.9881944444444445 0.0109375 0.02361111111111111
1 0.3796875 0.9909722222222223 0.01015625 0.018055555555555554
1 0.22890625 0.9395833333333333 0.01015625 0.016666666666666666
1 0.208984375 0.8972222222222223 0.01875 0.03333333333333333
1 0.44921875 0.9770833333333333 0.00859375 0.025
1 0.594140625 0.9979166666666667 0.00703125 0.004166666666666667
1 0.72109375 0.9958333333333333 0.0125 0.008333333333333333
1 0.60625 0.8263888888888888 0.021875 0.03888888888888889
1 0.616796875 0.018055555555555554 0.02578125 0.03611111111111111
1 0.685546875 0.052083333333333336 0.02109375 0.03888888888888889
1 0.711328125 0.004861111111111111 0.00859375 0.009722222222222222
1 0.998046875 0.7756944444444445 0.00390625 0.009722222222222222
1 0.4296875 0.47708333333333336 0.0078125 0.015277777777777777
1 0.2734375 0.10416666666666667 0.03984375 0.08194444444444444
1 0.128125 0.027777777777777776 0.0328125 0.05555555555555555
0 0.08828125 0.15625 0.1765625 0.3125
0 0.166796875 0.3819444444444444 0.18359375 0.43472222222222223
0 0.099609375 0.6611111111111111 0.19921875 0.4388888888888889
0 0.11015625 0.8638888888888889 0.140625 0.2722222222222222
0 0.63046875 0.8833333333333333 0.07109375 0.23333333333333334
0 0.67109375 0.7444444444444445 0.0859375 0.44722222222222224
0 0.676953125 0.5388888888888889 0.27890625 0.28888888888888886
0 0.642578125 0.27291666666666664 0.2765625 0.17916666666666667
1 0.308984375 0.14027777777777778 0.01484375 0.034722222222222224
1 0.253515625 0.2111111111111111 0.02109375 0.04861111111111111
1 0.278515625 0.21319444444444444 0.01484375 0.029166666666666667
1 0.224609375 0.39375 0.0375 0.0763888888888889
1 0.1796875 0.4673611111111111 0.028125 0.04583333333333333
1 0.223046875 0.4798611111111111 0.0578125 0.05416666666666667
1 0.21015625 0.5673611111111111 0.0171875 0.030555555555555555
1 0.22734375 0.5756944444444444 0.01796875 0.044444444444444446
1 0.126171875 0.5847222222222223 0.03125 0.020833333333333332
1 0.1546875 0.6645833333333333 0.01875 0.0125
1 0.2421875 0.6333333333333333 0.0203125 0.03194444444444444
1 0.269140625 0.5277777777777778 0.0171875 0.0375
1 0.327734375 0.4951388888888889 0.01640625 0.03194444444444444
1 0.34609375 0.5868055555555556 0.0265625 0.04861111111111111
1 0.28984375 0.7375 0.01875 0.041666666666666664
1 0.30859375 0.7138888888888889 0.0203125 0.05138888888888889
1 0.37578125 0.6979166666666666 0.015625 0.030555555555555555
1 0.39453125 0.6715277777777777 0.021875 0.0763888888888889
1 0.389453125 0.5388888888888889 0.01328125 0.019444444444444445
1 0.458203125 0.47152777777777777 0.01328125 0.02361111111111111
1 0.476953125 0.4895833333333333 0.025 0.04027777777777778
1 0.496875 0.46458333333333335 0.01171875 0.018055555555555554
1 0.51171875 0.4625 0.01640625 0.0375
1 0.54453125 0.40694444444444444 0.06171875 0.08472222222222223
1 0.490234375 0.3486111111111111 0.028125 0.058333333333333334
1 0.46015625 0.39305555555555555 0.02265625 0.04722222222222222
1 0.375390625 0.33055555555555555 0.01953125 0.03888888888888889
1 0.37421875 0.2638888888888889 0.0203125 0.058333333333333334
1 0.460546875 0.25555555555555554 0.0125 0.02638888888888889
1 0.482421875 0.20069444444444445 0.0265625 0.0625
1 0.41328125 0.13333333333333333 0.0234375 0.04027777777777778
1 0.365234375 0.10138888888888889 0.01640625 0.03333333333333333
1 0.419140625 0.02013888888888889 0.01875 0.03333333333333333
1 0.453515625 0.0125 0.03203125 0.025
1 0.473828125 0.035416666666666666 0.0078125 0.019444444444444445
1 0.533984375 0.21180555555555555 0.03828125 0.04722222222222222
1 0.565625 0.2465277777777778 0.02734375 0.043055555555555555
1 0.63203125 0.15347222222222223 0.01953125 0.03611111111111111