1 0.26484375 0.008333333333333333 0.034375 0.016666666666666666
1 0.50078125 0.9145833333333333 0.0140625 0.022916666666666665
1 0.6125 0.90625 0.028125 0.06041666666666667
1 0.578125 0.91875 0.01875 0.03125
1 0.58125 0.8645833333333334 0.015625 0.03333333333333333
1 0.78828125 0.95 0.021875 0.029166666666666667
1 0.74921875 0.9447916666666667 0.034375 0.03333333333333333
1 0.78671875 0.8979166666666667 0.0265625 0.03958333333333333
1 0.82421875 0.9822916666666667 0.021875 0.03333333333333333
1 0.88671875 0.978125 0.0265625 0.029166666666666667
1 0.9625 0.959375 0.015625 0.025
1 0.703125 0.8739583333333333 0.025 0.022916666666666665
1 0.6484375 0.78125 0.0375 0.04583333333333333
1 0.678125 0.821875 0.028125 0.03125
1 0.7234375 0.7583333333333333 0.0265625 0.035416666666666666
1 0.66875 0.7260416666666667 0.0625 0.041666666666666664
1 0.71171875 0.715625 0.03125 0.041666666666666664
1 0.66328125 0.6677083333333333 0.0265625 0.03958333333333333
1 0.62734375 0.590625 0.0484375 0.05416666666666667
1 0.64609375 0.5260416666666666 0.0390625 0.041666666666666664
1 0.7125 0.5083333333333333 0.03125 0.025
1 0.73984375 0.5375 0.025 0.03125
1 0.7828125 0.628125 0.0171875 0.029166666666666667
1 0.828125 0.7333333333333333 0.034375 0.07083333333333333
1 0.95703125 0.621875 0.0140625 0.022916666666666665
1 0.53984375 0.6833333333333333 0.0265625 0.0375
1 0.45703125 0.69375 0.01875 0.01875
1 0.34921875 0.7114583333333333 0.0515625 0.04583333333333333
1 0.3515625 0.7625 0.0234375 0.027083333333333334
1 0.44765625 0.5958333333333333 0.0296875 0.03333333333333333
1 0.584375 0.46770833333333334 0.0234375 0.03125
1 0.6796875 0.4 0.01875 0.03333333333333333
1 0.61796875 0.40729166666666666 0.0390625 0.052083333333333336
1 0.59453125 0.28229166666666666 0.0296875 0.035416666666666666
1 0.515625 0.1875 0.0328125 0.04583333333333333
1 0.378125 0.08541666666666667 0.04375 0.0375
1 0.41953125 0.11666666666666667 0.015625 0.01875
1 0.2328125 0.03229166666666667 0.0359375 0.05
1 0.30078125 0.05625 0.021875 0.027083333333333334
1 0.32890625 0.046875 0.0125 0.025
1 0.30703125 0.00625 0.01875 0.0125
1 0.35546875 0.016666666666666666 0.040625 0.03333333333333333
1 0.20625 0.12291666666666666 0.0296875 0.04583333333333333
1 0.2328125 0.16979166666666667 0.0234375 0.07708333333333334
1 0.2390625 0.38125 0.0359375 0.041666666666666664
1 0.16171875 0.41041666666666665 0.028125 0.029166666666666667
1 0.08515625 0.4552083333333333 0.0265625 0.03125
1 0.01328125 0.525 0.0265625 0.05
1 0.053125 0.5666666666666667 0.034375 0.0375
1 0.1234375 0.5875 0.0296875 0.03125
1 0.096875 0.9739583333333334 0.034375 0.052083333333333336
1 0.159375 0.95 0.01875 0.03333333333333333
1 0.21015625 0.94375 0.0234375 0.025
1 0.1125 0.33541666666666664 0.0296875 0.04375
1 0.16796875 0.24166666666666667 0.0171875 0.020833333333333332
1 0.03515625 0.021875 0.015625 0.025
1 0.00625 0.040625 0.0125 0.01875
1 0.1140625 0.058333333333333334 0.015625 0.016666666666666666
1 0.14375 0.008333333333333333 0.015625 0.016666666666666666
1 0.71328125 0.47291666666666665 0.0203125 0.020833333333333332
1 0.38671875 0.26145833333333335 0.0140625 0.016666666666666666
1 0.10625 0.21041666666666667 0.015625 0.025
1 0.02734375 0.8916666666666667 0.009375 0.01875
1 0.44765625 0.9833333333333333 0.0125 0.03333333333333333
0 0.53359375 0.2677083333333333 0.1359375 0.26458333333333334
0 0.503125 0.51875 0.1421875 0.32708333333333334
0 0.44375 0.7895833333333333 0.1984375 0.09375
1 0.88203125 0.44375 0.09375 0.125
1 0.83046875 0.44895833333333335 0.028125 0.03958333333333333
1 0.7859375 0.5291666666666667 0.0296875 0.0375
1 0.81875 0.5510416666666667 0.0171875 0.029166666666666667
1 0.8296875 0.6114583333333333 0.0265625 0.05
1 0.89921875 0.5677083333333334 0.0421875 0.075
1 0.9859375 0.5614583333333333 0.025 0.0375
1 0.98046875 0.6020833333333333 0.0203125 0.03125
1 0.95 0.4479166666666667 0.0296875 0.03125
1 0.9921875 0.38645833333333335 0.015625 0.029166666666666667
1 0.8234375 0.346875 0.0265625 0.0375
1 0.73046875 0.32083333333333336 0.0390625 0.058333333333333334
1 0.78828125 0.3 0.0265625 0.03125
1 0.8859375 0.27291666666666664 0.0171875 0.01875
1 0.7859375 0.20104166666666667 0.0546875 0.07291666666666667
1 0.6734375 0.21770833333333334 0.0265625 0.035416666666666666
1 0.66875 0.146875 0.0375 0.03958333333333333
1 0.6421875 0.06979166666666667 0.1171875 0.12291666666666666
1 0.7109375 0.07708333333333334 0.025 0.04375
1 0.57578125 0.058333333333333334 0.0203125 0.025
1 0.86328125 0.11666666666666667 0.028125 0.03958333333333333
1 0.93671875 0.09583333333333334 0.028125 0.03333333333333333
1 0.9 0.01875 0.028125 0.029166666666666667
1 0.83984375 0.008333333333333333 0.0203125 0.016666666666666666
1 0.4390625 0.240625 0.025 0.058333333333333334
1 0.43984375 0.315625 0.03125 0.035416666666666666
1 0.4046875 0.2875 0.01875 0.027083333333333334
1 0.33828125 0.23125 0.028125 0.041666666666666664
1 0.35625 0.30104166666666665 0.0171875 0.03333333333333333
1 0.3765625 0.35208333333333336 0.0390625 0.0625
1 0.32109375 0.32395833333333335 0.028125 0.022916666666666665
1 0.42421875 0.3875 0.015625 0.025
1 0.40625 0.4510416666666667 0.0328125 0.03958333333333333
1 0.2734375 0.49166666666666664 0.0265625 0.06041666666666667
1 0.3 0.45208333333333334 0.028125 0.04375
1 0.23515625 0.5229166666666667 0.028125 0.025
1 0.3265625 0.578125 0.025 0.03125
1 0.246875 0.6208333333333333 0.0234375 0.03125
1 0.3296875 0.646875 0.021875 0.0375
1 0.23828125 0.696875 0.0296875 0.03958333333333333
1 0.1921875 0.7822916666666667 0.0390625 0.0375
1 0.196875 0.8541666666666666 0.065625 0.05416666666666667
1 0.125 0.8614583333333333 0.0328125 0.035416666666666666
1 0.334375 0.9260416666666667 0.059375 0.12708333333333333
1 0.25390625 0.8416666666666667 0.015625 0.020833333333333332
1 0.26015625 0.7510416666666667 0.0234375 0.025
1 0.2703125 0.790625 0.0171875 0.025
1 0.2953125 0.840625 0.0234375 0.022916666666666665
1 0.40390625 0.9145833333333333 0.0171875 0.035416666666666666
1 0.61484375 0.9635416666666666 0.0671875 0.058333333333333334
1 0.51484375 0.9552083333333333 0.0234375 0.025