1 0.490625 0.29791666666666666 0.0296875 0.0375
0 0.3625 0.940625 0.165625 0.11875
0 0.390625 0.46041666666666664 0.1171875 0.2520833333333333
0 0.35 0.125 0.203125 0.19375
1 0.4125 0.0875 0.0328125 0.035416666666666666
1 0.22265625 0.15625 0.01875 0.10208333333333333
1 0.18515625 0.19166666666666668 0.0515625 0.03125
1 0.01640625 0.40208333333333335 0.0265625 0.022916666666666665
1 0.99140625 0.6552083333333333 0.0171875 0.025
1 0.63125 0.2947916666666667 0.0125 0.03125
1 0.84140625 0.3229166666666667 0.0109375 0.03125
1 0.9890625 0.21458333333333332 0.021875 0.027083333333333334
1 0.70859375 0.36666666666666664 0.025 0.03333333333333333
1 0.50703125 0.43020833333333336 0.015625 0.025
1 0.1640625 0.6239583333333333 0.040625 0.035416666666666666
1 0.20703125 0.5197916666666667 0.0234375 0.029166666666666667
1 0.321875 0.5489583333333333 0.0171875 0.025
1 0.32734375 0.4510416666666667 0.021875 0.035416666666666666
1 0.09375 0.278125 0.0265625 0.027083333333333334
1 0.24296875 0.9239583333333333 0.0484375 0.05
1 0.778125 0.7895833333333333 0.015625 0.01875
1 0.909375 0.8322916666666667 0.0203125 0.01875
1 0.54453125 0.9208333333333333 0.025 0.022916666666666665
1 0.7125 0.015625 0.03125 0.025
1 0.10546875 0.65 0.03125 0.025
1 0.03203125 0.803125 0.0140625 0.01875
1 0.10078125 0.48541666666666666 0.009375 0.029166666666666667
1 0.2640625 0.9677083333333333 0.01875 0.020833333333333332
1 0.84140625 0.7260416666666667 0.040625 0.029166666666666667
1 0.65078125 0.9458333333333333 0.040625 0.052083333333333336
1 0.62890625 0.5583333333333333 0.021875 0.0375
1 0.725 0.6583333333333333 0.01875 0.027083333333333334
1 0.65546875 0.6916666666666667 0.0390625 0.029166666666666667
1 0.58671875 0.6427083333333333 0.015625 0.025
1 0.56484375 0.4510416666666667 0.028125 0.025
1 0.3578125 0.7177083333333333 0.0390625 0.041666666666666664
1 0.2203125 0.7208333333333333 0.040625 0.03958333333333333
1 0.24609375 0.6552083333333333 0.0359375 0.05416666666666667
1 0.2265625 0.575 0.0265625 0.041666666666666664
1 0.1921875 0.46875 0.0453125 0.03958333333333333
1 0.65625 0.0375 0.021875 0.03125
1 0.66796875 0.178125 0.01875 0.03333333333333333