1 0.73203125 0.8260416666666667 0.0375 0.0625
1 0.353125 0.5729166666666666 0.0328125 0.025
1 0.0828125 0.5322916666666667 0.0140625 0.01875
1 0.3140625 0.3458333333333333 0.0375 0.06041666666666667
1 0.69609375 0.7489583333333333 0.0234375 0.0375
1 0.728125 0.019791666666666666 0.0125 0.014583333333333334
1 0.890625 0.1 0.0171875 0.020833333333333332
1 0.96796875 0.007291666666666667 0.0265625 0.014583333333333334
1 0.69453125 0.23541666666666666 0.0109375 0.0125
1 0.778125 0.23229166666666667 0.0265625 0.01875
1 0.97578125 0.109375 0.0234375 0.041666666666666664
1 0.96171875 0.090625 0.0171875 0.03333333333333333
1 0.92734375 0.13541666666666666 0.021875 0.022916666666666665
1 0.27109375 0.18125 0.01875 0.035416666666666666
1 0.359375 0.021875 0.040625 0.041666666666666664
1 0.34765625 0.109375 0.028125 0.03125
1 0.30703125 0.15520833333333334 0.03125 0.06666666666666667
1 0.42890625 0.32395833333333335 0.0203125 0.03125
1 0.51484375 0.3125 0.015625 0.035416666666666666
1 0.58984375 0.011458333333333333 0.03125 0.022916666666666665
1 0.65234375 0.15 0.028125 0.03333333333333333
1 0.69609375 0.06875 0.0390625 0.04791666666666667
1 0.7421875 0.12916666666666668 0.0171875 0.027083333333333334
1 0.60234375 0.3 0.15 0.11666666666666667
1 0.5875 0.1875 0.0546875 0.09166666666666666
1 0.596875 0.09375 0.0828125 0.06666666666666667
1 0.43984375 0.9125 0.028125 0.0375
1 0.5734375 0.990625 0.021875 0.016666666666666666
1 0.246875 0.9614583333333333 0.034375 0.027083333333333334
1 0.30390625 0.95 0.0359375 0.041666666666666664
1 0.39296875 0.8041666666666667 0.0421875 0.04791666666666667
1 0.34921875 0.8072916666666666 0.0359375 0.07083333333333333
1 0.1890625 0.725 0.0171875 0.03125
1 0.7234375 0.5052083333333334 0.025 0.04791666666666667
1 0.92578125 0.9239583333333333 0.0171875 0.025
1 0.94765625 0.91875 0.0171875 0.022916666666666665
1 0.709375 0.9104166666666667 0.0140625 0.029166666666666667
1 0.715625 0.971875 0.0484375 0.05625
0 0.453125 0.15833333333333333 0.2328125 0.3125
0 0.4859375 0.30416666666666664 0.134375 0.5708333333333333
0 0.5046875 0.609375 0.4546875 0.38125
0 0.44609375 0.9354166666666667 0.2015625 0.12916666666666668
1 0.33515625 0.7208333333333333 0.0375 0.05
1 0.2953125 0.7520833333333333 0.0203125 0.022916666666666665
1 0.1 0.7270833333333333 0.01875 0.01875
1 0.13046875 0.7791666666666667 0.021875 0.03125
1 0.29609375 0.6541666666666667 0.04375 0.05
1 0.26875 0.6197916666666666 0.034375 0.0375
1 0.390625 0.6260416666666667 0.0375 0.03958333333333333
1 0.41875 0.6708333333333333 0.0515625 0.06041666666666667
1 0.484375 0.6958333333333333 0.03125 0.027083333333333334
1 0.51171875 0.709375 0.0234375 0.03958333333333333
1 0.49921875 0.7520833333333333 0.0375 0.04583333333333333
1 0.47109375 0.7572916666666667 0.01875 0.04791666666666667
1 0.4546875 0.7947916666666667 0.03125 0.04583333333333333
1 0.4578125 0.834375 0.0296875 0.029166666666666667
1 0.48125 0.8708333333333333 0.040625 0.05625
1 0.54765625 0.8416666666666667 0.028125 0.022916666666666665
1 0.5875 0.9041666666666667 0.0375 0.04375
1 0.56484375 0.7770833333333333 0.096875 0.05625
1 0.59296875 0.615625 0.1 0.08125
1 0.62734375 0.6770833333333334 0.028125 0.03125
1 0.72734375 0.5802083333333333 0.0234375 0.029166666666666667
1 0.68125 0.5427083333333333 0.025 0.03958333333333333
1 0.6265625 0.496875 0.0203125 0.029166666666666667
1 0.63125 0.465625 0.0265625 0.027083333333333334
1 0.58515625 0.44479166666666664 0.05625 0.09791666666666667
1 0.6765625 0.434375 0.046875 0.05625
1 0.8609375 0.41458333333333336 0.075 0.08125
1 0.98203125 0.4875 0.0359375 0.04583333333333333
1 0.70859375 0.3729166666666667 0.025 0.03125
1 0.753125 0.39895833333333336 0.028125 0.03333333333333333
1 0.33671875 0.47291666666666665 0.03125 0.052083333333333336
1 0.36875 0.46770833333333334 0.025 0.03333333333333333
1 0.41875 0.5125 0.0546875 0.04583333333333333
1 0.925 0.8895833333333333 0.0265625 0.025