1 0.988671875 0.18680555555555556 0.02265625 0.05277777777777778
1 0.9953125 0.2263888888888889 0.009375 0.029166666666666667
1 0.994921875 0.11736111111111111 0.01015625 0.05138888888888889
1 0.995703125 0.01875 0.00859375 0.0375
1 0.63125 0.24583333333333332 0.0140625 0.027777777777777776
1 0.64921875 0.16041666666666668 0.00703125 0.029166666666666667
1 0.264453125 0.1763888888888889 0.021875 0.03333333333333333
1 0.606640625 0.2534722222222222 0.02265625 0.0375
1 0.4796875 0.16319444444444445 0.0265625 0.05416666666666667
1 0.16640625 0.73125 0.0109375 0.020833333333333332
1 0.7734375 0.225 0.0125 0.030555555555555555
1 0.895703125 0.30972222222222223 0.00625 0.009722222222222222
1 0.9109375 0.7826388888888889 0.05234375 0.09444444444444444
1 0.919140625 0.9222222222222223 0.01015625 0.02361111111111111
1 0.98515625 0.9763888888888889 0.028125 0.043055555555555555
1 0.9859375 0.8125 0.02265625 0.029166666666666667
1 0.960546875 0.7541666666666667 0.01953125 0.03611111111111111
1 0.50390625 0.22291666666666668 0.03359375 0.11805555555555555
1 0.45625 0.1388888888888889 0.0203125 0.05138888888888889
1 0.4109375 0.1451388888888889 0.02265625 0.03888888888888889
1 0.4859375 0.09930555555555555 0.01171875 0.016666666666666666
1 0.50078125 0.11319444444444444 0.01875 0.019444444444444445
1 0.554296875 0.15416666666666667 0.025 0.04861111111111111
1 0.926953125 0.6743055555555556 0.04140625 0.08611111111111111
1 0.96640625 0.6638888888888889 0.02421875 0.043055555555555555
1 0.995703125 0.6340277777777777 0.00859375 0.034722222222222224
1 0.771875 0.6659722222222222 0.03046875 0.059722222222222225
1 0.72734375 0.6208333333333333 0.0171875 0.0375
1 0.7296875 0.30972222222222223 0.021875 0.03611111111111111
1 0.758984375 0.3229166666666667 0.01796875 0.029166666666666667
1 0.67734375 0.3541666666666667 0.01953125 0.06388888888888888
1 0.6125 0.35208333333333336 0.02578125 0.05277777777777778
1 0.570703125 0.35625 0.0359375 0.06805555555555555
1 0.5875 0.4152777777777778 0.0203125 0.043055555555555555
0 0.675 0.12361111111111112 0.07265625 0.24722222222222223
0 0.6734375 0.5875 0.18671875 0.3111111111111111
0 0.648046875 0.6270833333333333 0.1484375 0.4513888888888889
0 0.676171875 0.9125 0.06640625 0.175
1 0.519140625 0.5902777777777778 0.05078125 0.09722222222222222
1 0.558203125 0.6 0.01640625 0.03333333333333333
1 0.612890625 0.5520833333333334 0.02265625 0.03888888888888889
1 0.619140625 0.5055555555555555 0.0234375 0.03333333333333333
1 0.437109375 0.5256944444444445 0.025 0.04722222222222222
1 0.446484375 0.5819444444444445 0.015625 0.018055555555555554
1 0.457421875 0.5736111111111111 0.01328125 0.034722222222222224
1 0.417578125 0.5868055555555556 0.021875 0.041666666666666664
1 0.386328125 0.6041666666666666 0.02109375 0.03333333333333333
1 0.469921875 0.4305555555555556 0.03984375 0.058333333333333334
1 0.468359375 0.46944444444444444 0.02109375 0.0375
1 0.52421875 0.3590277777777778 0.03359375 0.07361111111111111
1 0.405078125 0.32222222222222224 0.0359375 0.09722222222222222
1 0.43203125 0.29305555555555557 0.0203125 0.04027777777777778
1 0.95625 0.1736111111111111 0.0421875 0.058333333333333334
1 0.60234375 0.1 0.04375 0.075
1 0.815234375 0.20208333333333334 0.025 0.044444444444444446
1 0.14453125 0.6840277777777778 0.0390625 0.05416666666666667
1 0.7734375 0.2638888888888889 0.009375 0.015277777777777777
1 0.226171875 0.8118055555555556 0.025 0.04861111111111111
1 0.03984375 0.8993055555555556 0.01171875 0.025
1 0.048828125 0.8708333333333333 0.01484375 0.025
1 0.214453125 0.90625 0.0390625 0.10555555555555556
1 0.551953125 0.19166666666666668 0.01875 0.022222222222222223
1 0.476953125 0.25972222222222224 0.02265625 0.05416666666666667
1 0.51640625 0.3020833333333333 0.028125 0.05138888888888889
1 0.248828125 0.9020833333333333 0.040625 0.1125
1 0.541015625 0.30416666666666664 0.01875 0.058333333333333334
1 0.540625 0.25277777777777777 0.0328125 0.04583333333333333
1 0.196484375 0.8097222222222222 0.02421875 0.06527777777777778
1 0.165234375 0.7972222222222223 0.02265625 0.041666666666666664
1 0.276953125 0.9180555555555555 0.0109375 0.02638888888888889
1 0.2515625 0.9784722222222222 0.0265625 0.043055555555555555
1 0.273046875 0.9701388888888889 0.01015625 0.025
1 0.279296875 0.9916666666666667 0.01171875 0.016666666666666666
1 0.13671875 0.7131944444444445 0.01015625 0.022222222222222223
1 0.122265625 0.6958333333333333 0.01484375 0.025
1 0.1796875 0.6166666666666667 0.025 0.06805555555555555
1 0.327734375 0.5194444444444445 0.01875 0.0375
1 0.29453125 0.4895833333333333 0.01953125 0.03194444444444444
1 0.255859375 0.5076388888888889 0.03828125 0.05416666666666667
1 0.2453125 0.46875 0.021875 0.0375
1 0.026953125 0.5604166666666667 0.02109375 0.0375
1 0.133984375 0.4895833333333333 0.015625 0.022222222222222223
1 0.07734375 0.46041666666666664 0.03359375 0.07222222222222222
1 0.16875 0.3951388888888889 0.0265625 0.05277777777777778
1 0.1359375 0.39791666666666664 0.021875 0.05694444444444444
1 0.201953125 0.3423611111111111 0.01640625 0.029166666666666667
1 0.1671875 0.3138888888888889 0.0109375 0.022222222222222223
1 0.15390625 0.33194444444444443 0.01015625 0.015277777777777777
1 0.141796875 0.3506944444444444 0.0171875 0.0375
1 0.0953125 0.37777777777777777 0.0265625 0.05
1 0.065625 0.3347222222222222 0.0171875 0.03333333333333333
1 0.237109375 0.14791666666666667 0.03359375 0.05138888888888889
1 0.05546875 0.17430555555555555 0.025 0.0763888888888889
1 0.028515625 0.15138888888888888 0.0234375 0.044444444444444446
1 0.050390625 0.05347222222222222 0.0078125 0.015277777777777777
1 0.0765625 0.022916666666666665 0.01796875 0.04583333333333333
1 0.148828125 0.9861111111111112 0.015625 0.019444444444444445
1 0.162109375 0.9958333333333333 0.0109375 0.008333333333333333
1 0.435546875 0.9819444444444444 0.01484375 0.03611111111111111
1 0.496875 0.9659722222222222 0.040625 0.06805555555555555
1 0.46796875 0.8618055555555556 0.0171875 0.029166666666666667
1 0.550390625 0.9055555555555556 0.02578125 0.04861111111111111
1 0.540625 0.7638888888888888 0.009375 0.02638888888888889
1 0.49453125 0.6888888888888889 0.0296875 0.06527777777777778
1 0.468359375 0.6541666666666667 0.01640625 0.04722222222222222
1 0.58671875 0.7493055555555556 0.02734375 0.05138888888888889
0 0.098046875 0.08263888888888889 0.1546875 0.16527777777777777
0 0.10390625 0.18958333333333333 0.2078125 0.2013888888888889
0 0.13046875 0.7465277777777778 0.125 0.35
0 0.13359375 0.9347222222222222 0.1546875 0.13055555555555556
1 0.625390625 0.8138888888888889 0.02421875 0.05138888888888889
1 0.575 0.8368055555555556 0.0265625 0.05694444444444444
1 0.59375 0.8090277777777778 0.0078125 0.019444444444444445
1 0.603515625 0.9027777777777778 0.025 0.04861111111111111
1 0.721875 0.9486111111111111 0.02265625 0.043055555555555555
1 0.789453125 0.9611111111111111 0.02265625 0.04027777777777778
1 0.79609375 0.8611111111111112 0.04453125 0.05694444444444444
1 0.830859375 0.85625 0.03046875 0.06944444444444445
1 0.862109375 0.8666666666666667 0.03671875 0.0625
1 0.76875 0.79375 0.03515625 0.05416666666666667
1 0.731640625 0.7034722222222223 0.040625 0.07777777777777778
1 0.808984375 0.6972222222222222 0.0234375 0.025
1 0.8203125 0.73125 0.0203125 0.06111111111111111