1 0.40625 0.26875 0.0375 0.03333333333333333
1 0.2140625 0.3770833333333333 0.0265625 0.029166666666666667
1 0.146875 0.09583333333333334 0.0125 0.016666666666666666
1 0.9890625 0.20625 0.0203125 0.027083333333333334
1 0.99609375 0.08541666666666667 0.0078125 0.0125
1 0.9671875 0.035416666666666666 0.065625 0.06875
1 0.94296875 0.13020833333333334 0.040625 0.058333333333333334
1 0.8921875 0.071875 0.0609375 0.07708333333333334
1 0.84453125 0.09270833333333334 0.0578125 0.0875
1 0.71953125 0.17395833333333333 0.015625 0.022916666666666665
1 0.85546875 0.40625 0.0125 0.01875
1 0.83203125 0.38333333333333336 0.021875 0.035416666666666666
1 0.8546875 0.3614583333333333 0.0109375 0.016666666666666666
1 0.9 0.3072916666666667 0.01875 0.027083333333333334
1 0.91796875 0.36770833333333336 0.0265625 0.04583333333333333
1 0.90625 0.41875 0.03125 0.029166666666666667
1 0.83671875 0.45729166666666665 0.01875 0.020833333333333332
1 0.9796875 0.55625 0.0296875 0.029166666666666667
1 0.81640625 0.6072916666666667 0.0203125 0.020833333333333332
1 0.9140625 0.6083333333333333 0.0125 0.020833333333333332
1 0.98046875 0.6375 0.0390625 0.06666666666666667
1 0.959375 0.759375 0.03125 0.05625
1 0.94375 0.6989583333333333 0.015625 0.020833333333333332
1 0.8953125 0.7020833333333333 0.0390625 0.05
1 0.86015625 0.746875 0.01875 0.022916666666666665
1 0.8234375 0.734375 0.028125 0.027083333333333334
1 0.771875 0.9802083333333333 0.0265625 0.027083333333333334
1 0.8453125 0.940625 0.015625 0.025
1 0.94375 0.9760416666666667 0.0703125 0.04583333333333333
1 0.978125 0.9197916666666667 0.03125 0.029166666666666667
1 0.89609375 0.8583333333333333 0.0875 0.05625
1 0.3328125 0.715625 0.0296875 0.041666666666666664
1 0.40234375 0.6802083333333333 0.0234375 0.025
1 0.37734375 0.715625 0.034375 0.0375
1 0.47421875 0.73125 0.0375 0.0625
1 0.76328125 0.7447916666666666 0.01875 0.04375
1 0.74375 0.734375 0.01875 0.029166666666666667
1 0.64609375 0.8520833333333333 0.040625 0.04583333333333333
1 0.49609375 0.9729166666666667 0.0203125 0.03125
1 0.534375 0.8979166666666667 0.0265625 0.03125
1 0.37421875 0.965625 0.034375 0.029166666666666667
1 0.39140625 0.9229166666666667 0.025 0.029166666666666667
1 0.2703125 0.8458333333333333 0.0546875 0.08333333333333333
1 0.17578125 0.9083333333333333 0.028125 0.020833333333333332
1 0.1375 0.9895833333333334 0.0171875 0.020833333333333332
1 0.153125 0.9416666666666667 0.03125 0.04583333333333333
1 0.11171875 0.984375 0.034375 0.03125
1 0.0734375 0.934375 0.028125 0.03125
1 0.03515625 0.8510416666666667 0.021875 0.025
1 0.0078125 0.76875 0.015625 0.01875
1 0.1828125 0.6802083333333333 0.034375 0.027083333333333334
1 0.2421875 0.6520833333333333 0.025 0.035416666666666666
1 0.196875 0.56875 0.0328125 0.041666666666666664
1 0.20859375 0.5166666666666667 0.0328125 0.05
1 0.1359375 0.58125 0.059375 0.06458333333333334
1 0.37265625 0.3927083333333333 0.0296875 0.029166666666666667
1 0.48984375 0.5375 0.0296875 0.0375
1 0.64453125 0.49583333333333335 0.03125 0.035416666666666666
1 0.71953125 0.4635416666666667 0.015625 0.027083333333333334
1 0.75 0.46145833333333336 0.0265625 0.025
1 0.7 0.40729166666666666 0.0234375 0.04583333333333333
1 0.61953125 0.4166666666666667 0.0328125 0.0375
1 0.5453125 0.39375 0.040625 0.04375
1 0.49453125 0.384375 0.028125 0.041666666666666664
1 0.51953125 0.24270833333333333 0.0296875 0.014583333333333334
1 0.63671875 0.32395833333333335 0.0375 0.05
1 0.57421875 0.328125 0.0625 0.058333333333333334
1 0.6890625 0.004166666666666667 0.0203125 0.008333333333333333
1 0.5671875 0.034375 0.053125 0.06875
1 0.37890625 0.078125 0.0328125 0.029166666666666667
1 0.34140625 0.20520833333333333 0.0328125 0.052083333333333336
1 0.33203125 0.15833333333333333 0.0234375 0.022916666666666665
1 0.3515625 0.121875 0.0171875 0.014583333333333334
1 0.2453125 0.19375 0.0390625 0.05
1 0.2234375 0.25625 0.025 0.027083333333333334
1 0.15625 0.23854166666666668 0.0296875 0.0375
1 0.11953125 0.24375 0.040625 0.06458333333333334
1 0.00703125 0.234375 0.0140625 0.052083333333333336
1 0.12734375 0.015625 0.021875 0.03125
1 0.10234375 0.027083333333333334 0.01875 0.04375
0 0.5078125 0.828125 0.2515625 0.34375
0 0.46328125 0.5020833333333333 0.375 0.5416666666666666
0 0.3953125 0.265625 0.4703125 0.4041666666666667
0 0.43125 0.13645833333333332 0.2921875 0.27291666666666664