1 0.64765625 0.5802083333333333 0.01875 0.035416666666666666
1 0.67578125 0.296875 0.0734375 0.13333333333333333
1 0.7703125 0.4822916666666667 0.0765625 0.05625
1 0.23359375 0.12916666666666668 0.034375 0.06458333333333334
1 0.115625 0.18645833333333334 0.04375 0.04791666666666667
1 0.01171875 0.11041666666666666 0.0234375 0.03958333333333333
1 0.62421875 0.6270833333333333 0.0328125 0.04375
1 0.56015625 0.5375 0.025 0.04583333333333333
1 0.3984375 0.4822916666666667 0.028125 0.03333333333333333
1 0.3765625 0.5333333333333333 0.0421875 0.041666666666666664
1 0.7421875 0.00625 0.01875 0.0125
1 0.88984375 0.10520833333333333 0.0171875 0.029166666666666667
1 0.61953125 0.35 0.0140625 0.022916666666666665
1 0.9171875 0.190625 0.0234375 0.025
1 0.76328125 0.259375 0.0171875 0.022916666666666665
1 0.8109375 0.228125 0.025 0.029166666666666667
1 0.74453125 0.090625 0.0203125 0.022916666666666665
1 0.69765625 0.008333333333333333 0.015625 0.016666666666666666
1 0.6703125 0.01875 0.0328125 0.0375
1 0.6375 0.09895833333333333 0.028125 0.027083333333333334
1 0.66328125 0.18020833333333333 0.03125 0.03333333333333333
1 0.521875 0.13958333333333334 0.0375 0.06666666666666667
1 0.41796875 0.20833333333333334 0.0203125 0.022916666666666665
1 0.4421875 0.14791666666666667 0.0140625 0.014583333333333334
1 0.27109375 0.035416666666666666 0.0484375 0.07083333333333333
1 0.06484375 0.24791666666666667 0.025 0.022916666666666665
1 0.40625 0.940625 0.01875 0.027083333333333334
1 0.24375 0.7572916666666667 0.0140625 0.025
1 0.44453125 0.653125 0.0140625 0.029166666666666667
1 0.71640625 0.8833333333333333 0.025 0.029166666666666667
1 0.44296875 0.48541666666666666 0.0203125 0.027083333333333334
1 0.33203125 0.425 0.015625 0.01875
1 0.25 0.48333333333333334 0.021875 0.03958333333333333
1 0.12421875 0.346875 0.0296875 0.05
1 0.07578125 0.3145833333333333 0.0296875 0.03958333333333333
1 0.00859375 0.3729166666666667 0.0171875 0.0625
1 0.8390625 0.9479166666666666 0.0265625 0.05625
1 0.9875 0.7239583333333334 0.025 0.027083333333333334
1 0.9609375 0.9083333333333333 0.028125 0.020833333333333332
1 0.78671875 0.8989583333333333 0.03125 0.03125
1 0.65859375 0.990625 0.021875 0.01875
1 0.54765625 0.8458333333333333 0.059375 0.12708333333333333
1 0.48671875 0.85 0.01875 0.035416666666666666
1 0.2828125 0.7760416666666666 0.0171875 0.025
1 0.27421875 0.6927083333333334 0.0296875 0.022916666666666665
1 0.10625 0.825 0.0171875 0.020833333333333332
1 0.02578125 0.6197916666666666 0.0515625 0.04583333333333333
1 0.33046875 0.9760416666666667 0.0359375 0.04791666666666667
1 0.1296875 0.9822916666666667 0.053125 0.035416666666666666
1 0.03046875 0.9635416666666666 0.040625 0.04791666666666667
1 0.1734375 0.8197916666666667 0.04375 0.035416666666666666
1 0.4875 0.6364583333333333 0.0265625 0.029166666666666667
1 0.74609375 0.7583333333333333 0.015625 0.01875
1 0.98203125 0.016666666666666666 0.0171875 0.03333333333333333
1 0.91171875 0.603125 0.0328125 0.0375
1 0.7125 0.5604166666666667 0.0296875 0.01875
0 0.41796875 0.8895833333333333 0.1390625 0.13541666666666666
0 0.40078125 0.596875 0.084375 0.2604166666666667
0 0.4328125 0.36041666666666666 0.2640625 0.0875
0 0.36640625 0.06145833333333333 0.10625 0.12291666666666666
1 0.8515625 0.3020833333333333 0.046875 0.041666666666666664
1 0.775 0.31875 0.0265625 0.035416666666666666
1 0.9375 0.43020833333333336 0.0234375 0.020833333333333332
1 0.9390625 0.3927083333333333 0.0265625 0.027083333333333334
1 0.93203125 0.46979166666666666 0.0421875 0.041666666666666664