1 0.00625 0.12604166666666666 0.0125 0.052083333333333336
1 0.1578125 0.95 0.01875 0.027083333333333334
1 0.23359375 0.9875 0.0546875 0.022916666666666665
1 0.1875 0.98125 0.05 0.0375
1 0.63203125 0.8010416666666667 0.0328125 0.035416666666666666
1 0.79609375 0.9208333333333333 0.0328125 0.029166666666666667
1 0.5453125 0.9739583333333334 0.1203125 0.052083333333333336
1 0.471875 0.95 0.0328125 0.035416666666666666
1 0.425 0.8916666666666667 0.0921875 0.07916666666666666
1 0.3765625 0.9833333333333333 0.046875 0.03333333333333333
1 0.31015625 0.9197916666666667 0.065625 0.04583333333333333
1 0.171875 0.6604166666666667 0.021875 0.03125
1 0.240625 0.6770833333333334 0.0296875 0.025
1 0.33046875 0.7802083333333333 0.0296875 0.04791666666666667
1 0.31875 0.7083333333333334 0.0578125 0.058333333333333334
1 0.3734375 0.6979166666666666 0.0375 0.041666666666666664
1 0.32578125 0.6385416666666667 0.0515625 0.05625
1 0.5375 0.5927083333333333 0.0234375 0.022916666666666665
1 0.540625 0.5510416666666667 0.028125 0.029166666666666667
1 0.890625 0.8614583333333333 0.028125 0.041666666666666664
1 0.97265625 0.8833333333333333 0.028125 0.03333333333333333
1 0.9640625 0.8052083333333333 0.01875 0.022916666666666665
1 0.76328125 0.7927083333333333 0.071875 0.05416666666666667
1 0.82734375 0.715625 0.0359375 0.05416666666666667
1 0.8578125 0.6802083333333333 0.028125 0.04583333333333333
1 0.97109375 0.7239583333333334 0.0328125 0.058333333333333334
1 0.9375 0.6635416666666667 0.021875 0.03333333333333333
1 0.89765625 0.6145833333333334 0.0140625 0.01875
1 0.85546875 0.6333333333333333 0.0390625 0.03333333333333333
0 0.4921875 0.4583333333333333 0.4265625 0.17708333333333334
0 0.54375 0.14895833333333333 0.2515625 0.2916666666666667
0 0.46640625 0.019791666666666666 0.121875 0.0375
0 0.4875 0.81875 0.521875 0.2604166666666667
1 0.1625 0.0125 0.034375 0.025
1 0.29375 0.009375 0.0546875 0.01875
1 0.3578125 0.05625 0.028125 0.03958333333333333
1 0.27578125 0.18020833333333333 0.034375 0.05625
1 0.3125 0.14375 0.0421875 0.06041666666666667
1 0.3953125 0.15208333333333332 0.1140625 0.08125
1 0.596875 0.15416666666666667 0.078125 0.075
1 0.61796875 0.22395833333333334 0.03125 0.05416666666666667
1 0.725 0.075 0.0234375 0.0375
1 0.7671875 0.6197916666666666 0.0265625 0.04583333333333333
1 0.7 0.64375 0.0484375 0.07083333333333333
1 0.61484375 0.5177083333333333 0.0609375 0.04375
1 0.07265625 0.43125 0.0359375 0.03958333333333333
1 0.80703125 0.5697916666666667 0.0703125 0.052083333333333336
1 0.63984375 0.45208333333333334 0.0515625 0.0375
1 0.53125 0.4322916666666667 0.05 0.0375
1 0.7421875 0.029166666666666667 0.0671875 0.058333333333333334
1 0.4875 0.425 0.021875 0.03125
1 0.33828125 0.540625 0.03125 0.05
1 0.3265625 0.48541666666666666 0.075 0.0375
1 0.25625 0.49270833333333336 0.0515625 0.041666666666666664
1 0.19453125 0.215625 0.015625 0.0375
1 0.24609375 0.32708333333333334 0.0421875 0.05416666666666667
1 0.2265625 0.23125 0.0421875 0.05416666666666667
1 0.32109375 0.2791666666666667 0.046875 0.04791666666666667
1 0.44140625 0.340625 0.0390625 0.03125
1 0.53515625 0.253125 0.040625 0.0625
1 0.603125 0.35208333333333336 0.0984375 0.07708333333333334
1 0.70703125 0.340625 0.0375 0.04583333333333333
1 0.8046875 0.5229166666666667 0.015625 0.022916666666666665
1 0.8671875 0.5333333333333333 0.046875 0.03958333333333333
1 0.990625 0.5916666666666667 0.01875 0.10208333333333333
1 0.91328125 0.475 0.046875 0.058333333333333334
1 0.9421875 0.41875 0.071875 0.04583333333333333
1 0.8375 0.4166666666666667 0.0390625 0.03958333333333333
1 0.875 0.3729166666666667 0.0390625 0.041666666666666664
1 0.8296875 0.31145833333333334 0.1140625 0.09791666666666667
1 0.98984375 0.28020833333333334 0.0203125 0.041666666666666664
1 0.93671875 0.303125 0.0578125 0.16041666666666668
1 0.9734375 0.203125 0.053125 0.03333333333333333
1 0.99453125 0.14375 0.0109375 0.014583333333333334
1 0.9390625 0.13645833333333332 0.0765625 0.05625
1 0.9015625 0.08854166666666667 0.015625 0.01875
1 0.8359375 0.203125 0.028125 0.05
1 0.76953125 0.190625 0.053125 0.11041666666666666
1 0.803125 0.06666666666666667 0.0171875 0.03125
1 0.91796875 0.030208333333333334 0.0171875 0.03333333333333333
1 0.88515625 0.042708333333333334 0.0421875 0.06666666666666667