1 0.97109375 0.790625 0.0484375 0.041666666666666664
1 0.98828125 0.9208333333333333 0.0234375 0.058333333333333334
1 0.9703125 0.9875 0.059375 0.025
1 0.72578125 0.646875 0.01875 0.01875
1 0.89921875 0.6020833333333333 0.021875 0.03125
1 0.98984375 0.4395833333333333 0.0203125 0.03958333333333333
1 0.25625 0.61875 0.009375 0.016666666666666666
1 0.91328125 0.8833333333333333 0.0125 0.020833333333333332
0 0.45703125 0.7875 0.39375 0.4083333333333333
0 0.53359375 0.17916666666666667 0.484375 0.2625
0 0.3953125 0.06875 0.16875 0.1375
0 0.475 0.5489583333333333 0.4203125 0.26875
1 0.68046875 0.33229166666666665 0.0515625 0.05416666666666667
1 0.44765625 0.39791666666666664 0.021875 0.029166666666666667
1 0.29296875 0.38645833333333335 0.01875 0.022916666666666665
1 0.228125 0.44166666666666665 0.065625 0.04791666666666667
1 0.178125 0.4864583333333333 0.05625 0.07916666666666666
1 0.828125 0.2989583333333333 0.0484375 0.04791666666666667
1 0.8625 0.30416666666666664 0.0171875 0.027083333333333334
1 0.98671875 0.21979166666666666 0.0265625 0.03333333333333333
1 0.7515625 0.10625 0.0375 0.03958333333333333
1 0.86171875 0.128125 0.0265625 0.03125
1 0.88203125 0.057291666666666664 0.0265625 0.041666666666666664
1 0.21640625 0.036458333333333336 0.025 0.03333333333333333
1 0.1484375 0.08020833333333334 0.03125 0.04375
1 0.19296875 0.6104166666666667 0.0203125 0.027083333333333334
1 0.26640625 0.703125 0.04375 0.05
1 0.21015625 0.8145833333333333 0.034375 0.0375
1 0.5109375 0.9791666666666666 0.0421875 0.041666666666666664
1 0.540625 0.9916666666666667 0.015625 0.016666666666666666
1 0.63984375 0.99375 0.015625 0.0125
1 0.54453125 0.89375 0.015625 0.0125
1 0.9375 0.7489583333333333 0.0296875 0.027083333333333334
1 0.959375 0.834375 0.0265625 0.016666666666666666