1 0.665234375 0.7576388888888889 0.0125 0.02361111111111111
1 0.60390625 0.7055555555555556 0.01953125 0.034722222222222224
1 0.1796875 0.6916666666666667 0.0109375 0.025
1 0.268359375 0.7527777777777778 0.01640625 0.018055555555555554
1 0.255859375 0.8208333333333333 0.0140625 0.020833333333333332
1 0.166015625 0.9791666666666666 0.0078125 0.009722222222222222
1 0.119140625 0.9631944444444445 0.015625 0.030555555555555555
1 0.22578125 0.90625 0.0234375 0.041666666666666664
1 0.12734375 0.6375 0.0078125 0.015277777777777777
1 0.09453125 0.7506944444444444 0.0171875 0.03888888888888889
1 0.092578125 0.6916666666666667 0.015625 0.0375
1 0.09921875 0.6173611111111111 0.01640625 0.02361111111111111
1 0.076953125 0.625 0.0078125 0.025
1 0.064453125 0.4305555555555556 0.015625 0.025
1 0.25234375 0.5159722222222223 0.02421875 0.05694444444444444
1 0.214453125 0.4326388888888889 0.01796875 0.025
1 0.19375 0.37916666666666665 0.01171875 0.013888888888888888
1 0.13828125 0.44583333333333336 0.0171875 0.0375
1 0.065625 0.375 0.01640625 0.016666666666666666
1 0.10234375 0.3680555555555556 0.02265625 0.04583333333333333
1 0.0890625 0.3111111111111111 0.04375 0.06666666666666667
1 0.140234375 0.25069444444444444 0.01640625 0.03611111111111111
1 0.187109375 0.14722222222222223 0.01328125 0.02361111111111111
1 0.165234375 0.1125 0.02890625 0.043055555555555555
1 0.266796875 0.11458333333333333 0.0109375 0.018055555555555554
1 0.24296875 0.18333333333333332 0.0203125 0.05138888888888889
1 0.50390625 0.027777777777777776 0.01015625 0.02638888888888889
1 0.509375 0.009722222222222222 0.01640625 0.019444444444444445
1 0.4421875 0.022222222222222223 0.0109375 0.025
1 0.411328125 0.15555555555555556 0.0140625 0.043055555555555555
1 0.432421875 0.17083333333333334 0.015625 0.034722222222222224
1 0.9 0.30972222222222223 0.015625 0.02361111111111111
1 0.835546875 0.30277777777777776 0.02109375 0.030555555555555555
1 0.623828125 0.24583333333333332 0.0125 0.020833333333333332
1 0.622265625 0.10555555555555556 0.00703125 0.011111111111111112
1 0.603125 0.04722222222222222 0.01796875 0.03194444444444444
1 0.72734375 0.1388888888888889 0.02421875 0.04027777777777778
1 0.703125 0.04513888888888889 0.02109375 0.027777777777777776
1 0.895703125 0.009722222222222222 0.021875 0.019444444444444445
1 0.912109375 0.04652777777777778 0.01484375 0.02361111111111111
1 0.898828125 0.06944444444444445 0.0140625 0.030555555555555555
1 0.805078125 0.2534722222222222 0.0171875 0.030555555555555555
1 0.6515625 0.26944444444444443 0.01640625 0.030555555555555555
1 0.7015625 0.28680555555555554 0.02421875 0.04027777777777778
1 0.51640625 0.3020833333333333 0.0203125 0.04027777777777778
1 0.390625 0.22777777777777777 0.02265625 0.05
1 0.491015625 0.2 0.0125 0.027777777777777776
1 0.51484375 0.15625 0.021875 0.030555555555555555
1 0.94453125 0.45694444444444443 0.0375 0.07361111111111111
1 0.91015625 0.47152777777777777 0.02109375 0.03888888888888889
1 0.88125 0.5034722222222222 0.03125 0.058333333333333334
1 0.874609375 0.4673611111111111 0.01875 0.022222222222222223
1 0.962890625 0.5284722222222222 0.025 0.06111111111111111
1 0.975 0.7819444444444444 0.01484375 0.02638888888888889
1 0.91171875 0.23333333333333334 0.01328125 0.030555555555555555
1 0.88359375 0.09236111111111112 0.01796875 0.03888888888888889
1 0.964453125 0.14444444444444443 0.03125 0.07361111111111111
0 0.075390625 0.09236111111111112 0.14609375 0.18472222222222223
0 0.1203125 0.8152777777777778 0.1484375 0.36944444444444446
1 0.196875 0.7173611111111111 0.01015625 0.022222222222222223
0 0.1234375 0.9333333333333333 0.1078125 0.13333333333333333
0 0.669140625 0.8881944444444444 0.27421875 0.18888888888888888
0 0.66484375 0.7590277777777777 0.196875 0.48194444444444445
0 0.694140625 0.3576388888888889 0.21171875 0.2388888888888889
0 0.646875 0.2111111111111111 0.21484375 0.19722222222222222
0 0.665625 0.05277777777777778 0.0875 0.10555555555555556
1 0.549609375 0.2972222222222222 0.01015625 0.013888888888888888
1 0.39375 0.3173611111111111 0.0078125 0.015277777777777777
1 0.979296875 0.9944444444444445 0.0109375 0.011111111111111112
1 0.94453125 0.7458333333333333 0.0125 0.016666666666666666
1 0.90859375 0.6680555555555555 0.009375 0.0125
1 0.9421875 0.8020833333333334 0.0203125 0.03333333333333333
1 0.9921875 0.6618055555555555 0.015625 0.05416666666666667
1 0.900390625 0.6243055555555556 0.02421875 0.04027777777777778
1 0.889453125 0.5666666666666667 0.02734375 0.04583333333333333
1 0.8234375 0.5909722222222222 0.021875 0.03194444444444444
1 0.841015625 0.6763888888888889 0.01015625 0.02361111111111111
1 0.824609375 0.7777777777777778 0.03828125 0.043055555555555555
1 0.763671875 0.8354166666666667 0.02578125 0.04722222222222222
1 0.8375 0.8833333333333333 0.0109375 0.03333333333333333
1 0.826953125 0.8555555555555555 0.01171875 0.020833333333333332
1 0.80546875 0.9236111111111112 0.03671875 0.08888888888888889
1 0.769921875 0.9569444444444445 0.01796875 0.02361111111111111
1 0.7453125 0.9930555555555556 0.01328125 0.013888888888888888
1 0.71875 0.9951388888888889 0.01484375 0.009722222222222222
1 0.521875 0.9305555555555556 0.028125 0.04722222222222222
1 0.44453125 0.9347222222222222 0.015625 0.030555555555555555
1 0.42265625 0.8055555555555556 0.00625 0.0125
1 0.211328125 0.6118055555555556 0.0484375 0.09444444444444444
1 0.438671875 0.2652777777777778 0.02265625 0.04861111111111111
0 0.085546875 0.59375 0.17109375 0.5291666666666667
1 0.4046875 0.7888888888888889 0.0234375 0.04722222222222222
1 0.48515625 0.79375 0.0078125 0.015277777777777777
1 0.59765625 0.8236111111111111 0.0140625 0.041666666666666664
1 0.57578125 0.8354166666666667 0.02890625 0.0625
1 0.55 0.7513888888888889 0.0296875 0.0375
1 0.559765625 0.64375 0.04609375 0.09305555555555556
1 0.49296875 0.6104166666666667 0.01328125 0.02638888888888889
1 0.454296875 0.5875 0.021875 0.03888888888888889
1 0.525 0.5916666666666667 0.02421875 0.058333333333333334
1 0.5625 0.5666666666666667 0.009375 0.025
1 0.555859375 0.5291666666666667 0.01640625 0.03194444444444444
1 0.587890625 0.45416666666666666 0.0140625 0.02638888888888889
1 0.610546875 0.5125 0.025 0.041666666666666664
1 0.580859375 0.5020833333333333 0.02421875 0.0375
1 0.534765625 0.42916666666666664 0.0421875 0.03333333333333333
1 0.465625 0.4722222222222222 0.03515625 0.10833333333333334
1 0.442578125 0.46805555555555556 0.015625 0.03888888888888889
1 0.434375 0.40347222222222223 0.01640625 0.04027777777777778
1 0.9671875 0.4083333333333333 0.015625 0.027777777777777776
1 0.75546875 0.5145833333333333 0.0109375 0.011111111111111112
1 0.144921875 0.3416666666666667 0.01328125 0.025
1 0.12578125 0.011805555555555555 0.02578125 0.02361111111111111
1 0.1953125 0.009722222222222222 0.01796875 0.019444444444444445
1 0.252734375 0.32916666666666666 0.0078125 0.011111111111111112
1 0.7203125 0.49236111111111114 0.0109375 0.02361111111111111
1 0.93046875 0.9875 0.0203125 0.025
1 0.797265625 0.5847222222222223 0.0078125 0.013888888888888888
1 0.83671875 0.46041666666666664 0.01171875 0.016666666666666666
1 0.6421875 0.47708333333333336 0.0296875 0.025
1 0.59375 0.5840277777777778 0.009375 0.015277777777777777
1 0.65390625 0.6923611111111111 0.0125 0.02361111111111111