1 0.28671875 0.73125 0.0140625 0.03333333333333333
1 0.303125 0.7527777777777778 0.01640625 0.041666666666666664
1 0.27421875 0.7881944444444444 0.01796875 0.029166666666666667
1 0.141015625 0.14097222222222222 0.00703125 0.018055555555555554
1 0.258203125 0.7993055555555556 0.00625 0.008333333333333333
1 0.282421875 0.8291666666666667 0.01796875 0.027777777777777776
1 0.30078125 0.8416666666666667 0.0125 0.018055555555555554
1 0.273828125 0.8895833333333333 0.021875 0.03611111111111111
1 0.21953125 0.8743055555555556 0.0078125 0.009722222222222222
1 0.327734375 0.7166666666666667 0.00703125 0.0125
1 0.41171875 0.8465277777777778 0.01796875 0.044444444444444446
1 0.773828125 0.8034722222222223 0.02421875 0.0625
1 0.796875 0.8388888888888889 0.01328125 0.016666666666666666
1 0.83203125 0.8534722222222222 0.04921875 0.05555555555555555
1 0.82578125 0.8965277777777778 0.0140625 0.019444444444444445
1 0.8828125 0.9756944444444444 0.02109375 0.0375
1 0.874609375 0.9965277777777778 0.00859375 0.006944444444444444
1 0.97890625 0.9895833333333334 0.01640625 0.020833333333333332
1 0.91328125 0.8347222222222223 0.01171875 0.019444444444444445
1 0.930078125 0.8263888888888888 0.01328125 0.020833333333333332
1 0.92734375 0.8659722222222223 0.009375 0.025
1 0.677734375 0.016666666666666666 0.021875 0.029166666666666667
1 0.957421875 0.7701388888888889 0.025 0.04583333333333333
1 0.96015625 0.8145833333333333 0.01171875 0.029166666666666667
1 0.994921875 0.6965277777777777 0.01015625 0.03333333333333333
1 0.93828125 0.6652777777777777 0.021875 0.03611111111111111
1 0.833984375 0.7611111111111111 0.01328125 0.020833333333333332
1 0.787109375 0.6569444444444444 0.0265625 0.0375
1 0.808203125 0.6395833333333333 0.01796875 0.043055555555555555
1 0.74140625 0.5548611111111111 0.0140625 0.018055555555555554
1 0.780078125 0.5291666666666667 0.01328125 0.02361111111111111
1 0.8046875 0.4583333333333333 0.03203125 0.07361111111111111
1 0.873046875 0.3923611111111111 0.02265625 0.04027777777777778
1 0.922265625 0.5256944444444445 0.0140625 0.020833333333333332
1 0.921875 0.48819444444444443 0.01328125 0.02361111111111111
1 0.9625 0.4173611111111111 0.0234375 0.04583333333333333
1 0.987109375 0.45625 0.01328125 0.020833333333333332
1 0.94609375 0.35208333333333336 0.0234375 0.022222222222222223
1 0.992578125 0.2916666666666667 0.00859375 0.02638888888888889
1 0.984375 0.31527777777777777 0.0109375 0.022222222222222223
1 0.850390625 0.3159722222222222 0.01640625 0.015277777777777777
1 0.873828125 0.2423611111111111 0.01015625 0.011111111111111112
1 0.8515625 0.19305555555555556 0.03046875 0.03888888888888889
1 0.891796875 0.18888888888888888 0.0234375 0.03333333333333333
1 0.91484375 0.17708333333333334 0.01484375 0.03194444444444444
1 0.820703125 0.13680555555555557 0.01796875 0.03611111111111111
1 0.61015625 0.6736111111111112 0.00859375 0.025
1 0.447265625 0.7993055555555556 0.01484375 0.013888888888888888
1 0.401171875 0.6652777777777777 0.00625 0.0125
1 0.1578125 0.1673611111111111 0.01328125 0.025
1 0.1390625 0.18333333333333332 0.0125 0.034722222222222224
1 0.115625 0.18194444444444444 0.0234375 0.03611111111111111
1 0.102734375 0.12638888888888888 0.01484375 0.029166666666666667
1 0.873046875 0.08402777777777778 0.02734375 0.058333333333333334
1 0.9 0.002777777777777778 0.00859375 0.005555555555555556
1 0.2015625 0.15763888888888888 0.00703125 0.009722222222222222
1 0.04921875 0.16597222222222222 0.00859375 0.013888888888888888
1 0.066796875 0.08958333333333333 0.01796875 0.029166666666666667
1 0.023046875 0.11736111111111111 0.015625 0.019444444444444445
1 0.03125 0.05416666666666667 0.04140625 0.06944444444444445
1 0.16171875 0.9166666666666666 0.01796875 0.03611111111111111
1 0.126953125 0.8548611111111111 0.03828125 0.06527777777777778
1 0.12578125 0.8145833333333333 0.0109375 0.011111111111111112
1 0.582421875 0.9534722222222223 0.015625 0.03194444444444444
1 0.659765625 0.9777777777777777 0.03203125 0.044444444444444446
1 0.714453125 0.9715277777777778 0.03046875 0.05694444444444444
1 0.47109375 0.48333333333333334 0.01171875 0.02638888888888889
1 0.7390625 0.95 0.05078125 0.1
1 0.22109375 0.6909722222222222 0.04296875 0.07916666666666666
1 0.22109375 0.7326388888888888 0.0171875 0.03194444444444444
1 0.315625 0.2152777777777778 0.01796875 0.05694444444444444
1 0.19765625 0.24305555555555555 0.021875 0.03888888888888889
1 0.246484375 0.6611111111111111 0.0125 0.027777777777777776
0 0.172265625 0.6305555555555555 0.203125 0.1597222222222222
0 0.09453125 0.8763888888888889 0.1890625 0.24722222222222223
0 0.697265625 0.8534722222222222 0.14140625 0.29305555555555557
0 0.718359375 0.7631944444444444 0.16875 0.43194444444444446
1 0.614453125 0.825 0.0328125 0.058333333333333334
1 0.607421875 0.7881944444444444 0.02421875 0.020833333333333332
1 0.677734375 0.7611111111111111 0.0109375 0.018055555555555554
1 0.67578125 0.8027777777777778 0.01015625 0.013888888888888888
1 0.647265625 0.7979166666666667 0.03125 0.041666666666666664
1 0.692578125 0.6826388888888889 0.009375 0.029166666666666667
1 0.63828125 0.6743055555555556 0.01640625 0.027777777777777776
1 0.67578125 0.6201388888888889 0.01796875 0.029166666666666667
1 0.61171875 0.5881944444444445 0.03125 0.06805555555555555
1 0.60234375 0.4979166666666667 0.03046875 0.05138888888888889
1 0.62890625 0.4826388888888889 0.02265625 0.07916666666666666
1 0.659765625 0.4701388888888889 0.0078125 0.013888888888888888
1 0.668359375 0.4986111111111111 0.015625 0.030555555555555555
1 0.7109375 0.4909722222222222 0.04453125 0.06111111111111111
1 0.68828125 0.4354166666666667 0.040625 0.10694444444444444
1 0.544921875 0.30625 0.01328125 0.018055555555555554
1 0.61640625 0.38125 0.0359375 0.05
1 0.645703125 0.37777777777777777 0.01953125 0.022222222222222223
1 0.773046875 0.3388888888888889 0.0125 0.0375
1 0.801171875 0.3076388888888889 0.0203125 0.03888888888888889
1 0.791796875 0.20555555555555555 0.04921875 0.09444444444444444
1 0.75 0.25069444444444444 0.00703125 0.018055555555555554
1 0.684375 0.2722222222222222 0.0140625 0.025
1 0.717578125 0.17569444444444443 0.0515625 0.08055555555555556
1 0.715234375 0.011805555555555555 0.01171875 0.02361111111111111
1 0.73671875 0.030555555555555555 0.0203125 0.04722222222222222
1 0.67265625 0.10902777777777778 0.03046875 0.075
1 0.631640625 0.05138888888888889 0.01875 0.044444444444444446
1 0.593359375 0.010416666666666666 0.01328125 0.020833333333333332
1 0.590234375 0.05 0.01796875 0.029166666666666667
1 0.55703125 0.034027777777777775 0.01328125 0.04583333333333333
1 0.457421875 0.11805555555555555 0.01640625 0.03194444444444444
1 0.437890625 0.003472222222222222 0.01171875 0.006944444444444444
1 0.427734375 0.029166666666666667 0.03203125 0.0375
1 0.340625 0.06458333333333334 0.009375 0.03333333333333333
1 0.333984375 0.022222222222222223 0.01640625 0.034722222222222224
0 0.684765625 0.38958333333333334 0.1046875 0.4222222222222222
0 0.700390625 0.19722222222222222 0.14140625 0.39444444444444443
1 0.279296875 0.013888888888888888 0.01640625 0.027777777777777776
1 0.33359375 0.20069444444444445 0.0109375 0.0125
1 0.3234375 0.17152777777777778 0.01171875 0.013888888888888888
1 0.274609375 0.23819444444444443 0.0078125 0.018055555555555554
1 0.274609375 0.2798611111111111 0.01953125 0.030555555555555555
1 0.246875 0.3034722222222222 0.0296875 0.05555555555555555
1 0.254296875 0.3729166666666667 0.02421875 0.05277777777777778
0 0.62890625 0.09652777777777778 0.121875 0.19305555555555556
1 0.18984375 0.7986111111111112 0.0078125 0.015277777777777777
1 0.15390625 0.24027777777777778 0.00859375 0.015277777777777777
1 0.7109375 0.8930555555555556 0.01875 0.03888888888888889
1 0.303515625 0.4909722222222222 0.0265625 0.044444444444444446
1 0.27578125 0.5138888888888888 0.02890625 0.05277777777777778
1 0.233984375 0.4423611111111111 0.0171875 0.03194444444444444
1 0.705859375 0.8472222222222222 0.0234375 0.05
1 0.611328125 0.8631944444444445 0.015625 0.027777777777777776
1 0.2171875 0.4173611111111111 0.0140625 0.03333333333333333
1 0.20234375 0.47152777777777777 0.01328125 0.043055555555555555
1 0.23828125 0.5409722222222222 0.02421875 0.04583333333333333
1 0.194140625 0.5770833333333333 0.0078125 0.009722222222222222
1 0.161328125 0.5854166666666667 0.01953125 0.027777777777777776
1 0.128515625 0.49375 0.0140625 0.029166666666666667
1 0.10703125 0.40208333333333335 0.02265625 0.05277777777777778
1 0.082421875 0.40069444444444446 0.0171875 0.041666666666666664
1 0.1546875 0.33541666666666664 0.0109375 0.02638888888888889
1 0.133203125 0.31319444444444444 0.01171875 0.016666666666666666
1 0.2203125 0.2520833333333333 0.0125 0.02361111111111111
1 0.1921875 0.775 0.0078125 0.018055555555555554
1 0.657421875 0.04097222222222222 0.00703125 0.015277777777777777
1 0.094921875 0.7645833333333333 0.01171875 0.019444444444444445
1 0.0765625 0.7770833333333333 0.0125 0.016666666666666666
1 0.147265625 0.7701388888888889 0.0078125 0.018055555555555554
1 0.178515625 0.7763888888888889 0.0140625 0.044444444444444446
1 0.2328125 0.7868055555555555 0.01953125 0.029166666666666667
1 0.208984375 0.8159722222222222 0.01484375 0.03333333333333333
1 0.196875 0.9909722222222223 0.0140625 0.018055555555555554
1 0.1796875 0.9729166666666667 0.01875 0.05416666666666667
1 0.18046875 0.8979166666666667 0.01484375 0.011111111111111112
1 0.114453125 0.04791666666666667 0.0109375 0.016666666666666666
1 0.2328125 0.14722222222222223 0.0234375 0.04722222222222222
1 0.217578125 0.1909722222222222 0.009375 0.018055555555555554
1 0.216796875 0.09652777777777778 0.021875 0.05555555555555555
1 0.18671875 0.11458333333333333 0.0125 0.02638888888888889