1 0.1203125 0.059027777777777776 0.028125 0.05138888888888889
1 0.282421875 0.05694444444444444 0.125 0.11388888888888889
1 0.35625 0.08194444444444444 0.02578125 0.059722222222222225
1 0.397265625 0.09097222222222222 0.02109375 0.034722222222222224
1 0.417578125 0.1361111111111111 0.01484375 0.03333333333333333
1 0.178125 0.30277777777777776 0.01015625 0.02638888888888889
1 0.069921875 0.5319444444444444 0.02578125 0.06388888888888888
1 0.230859375 0.9659722222222222 0.0296875 0.034722222222222224
1 0.242578125 0.91875 0.015625 0.034722222222222224
1 0.37734375 0.7069444444444445 0.01640625 0.03333333333333333
1 0.46875 0.21805555555555556 0.01328125 0.02361111111111111
1 0.470703125 0.26944444444444443 0.01328125 0.025
1 0.505859375 0.27708333333333335 0.0171875 0.029166666666666667
1 0.5671875 0.1951388888888889 0.01640625 0.034722222222222224
1 0.9171875 0.06041666666666667 0.02109375 0.034722222222222224
1 0.828125 0.5465277777777777 0.01953125 0.041666666666666664
1 0.85390625 0.4930555555555556 0.01875 0.04027777777777778
1 0.64453125 0.4875 0.015625 0.03194444444444444
1 0.5484375 0.7402777777777778 0.021875 0.03611111111111111
1 0.7765625 0.8965277777777778 0.02421875 0.034722222222222224
1 0.932421875 0.90625 0.02109375 0.059722222222222225
1 0.885546875 0.6743055555555556 0.021875 0.041666666666666664
1 0.9296875 0.44375 0.01484375 0.027777777777777776
0 0.68515625 0.21319444444444444 0.18515625 0.4263888888888889
0 0.634765625 0.4013888888888889 0.134375 0.4125
0 0.6765625 0.5861111111111111 0.23984375 0.22777777777777777
0 0.663671875 0.8756944444444444 0.234375 0.24861111111111112
0 0.597265625 0.9625 0.1390625 0.075
0 0.148046875 0.9347222222222222 0.05390625 0.13055555555555556
0 0.130859375 0.79375 0.2390625 0.20972222222222223
0 0.124609375 0.6 0.24921875 0.1597222222222222
0 0.125 0.39652777777777776 0.21796875 0.30694444444444446
0 0.116796875 0.11041666666666666 0.23359375 0.19583333333333333
1 0.3703125 0.6284722222222222 0.01015625 0.018055555555555554
1 0.392578125 0.6125 0.01640625 0.03611111111111111
1 0.4140625 0.5534722222222223 0.01640625 0.03333333333333333
1 0.43515625 0.5590277777777778 0.01640625 0.03611111111111111
1 0.33515625 0.38125 0.02265625 0.04027777777777778
1 0.31953125 0.4618055555555556 0.01328125 0.0125
1 0.385546875 0.49375 0.0078125 0.013888888888888888
1 0.443359375 0.5020833333333333 0.0125 0.029166666666666667
1 0.396875 0.4013888888888889 0.0203125 0.04861111111111111
1 0.947265625 0.5194444444444445 0.0078125 0.018055555555555554