1 0.953125 0.31527777777777777 0.00859375 0.0125
1 0.952734375 0.3625 0.02734375 0.04027777777777778
1 0.996484375 0.32222222222222224 0.00703125 0.016666666666666666
1 0.992578125 0.07152777777777777 0.01484375 0.06666666666666667
1 0.9875 0.1451388888888889 0.025 0.07083333333333333
1 0.822265625 0.04236111111111111 0.01171875 0.022222222222222223
1 0.794140625 0.07777777777777778 0.0125 0.016666666666666666
1 0.73203125 0.06041666666666667 0.053125 0.0763888888888889
1 0.676953125 0.1423611111111111 0.03046875 0.075
1 0.655078125 0.16666666666666666 0.0140625 0.025
1 0.62265625 0.1388888888888889 0.02109375 0.04722222222222222
1 0.579296875 0.05555555555555555 0.01328125 0.02361111111111111
1 0.601171875 0.0763888888888889 0.03359375 0.03611111111111111
1 0.545703125 0.004166666666666667 0.009375 0.008333333333333333
1 0.48828125 0.21180555555555555 0.01171875 0.022222222222222223
1 0.58828125 0.2777777777777778 0.0140625 0.02361111111111111
1 0.613671875 0.30972222222222223 0.02265625 0.04583333333333333
1 0.655859375 0.36527777777777776 0.0125 0.020833333333333332
1 0.63359375 0.6569444444444444 0.0140625 0.04583333333333333
1 0.65234375 0.6777777777777778 0.00859375 0.016666666666666666
1 0.6640625 0.6833333333333333 0.01171875 0.02361111111111111
1 0.69140625 0.6777777777777778 0.01953125 0.030555555555555555
1 0.676171875 0.7673611111111112 0.0234375 0.04027777777777778
1 0.73828125 0.7479166666666667 0.02265625 0.04027777777777778
1 0.71875 0.8506944444444444 0.015625 0.03333333333333333
1 0.118359375 0.9159722222222222 0.01171875 0.015277777777777777
1 0.5515625 0.5423611111111111 0.00859375 0.019444444444444445
1 0.169140625 0.6729166666666667 0.0171875 0.03611111111111111
1 0.2359375 0.6416666666666667 0.01953125 0.03888888888888889
1 0.233203125 0.6840277777777778 0.01015625 0.0125
1 0.18046875 0.7486111111111111 0.015625 0.027777777777777776
1 0.196484375 0.8180555555555555 0.01953125 0.05277777777777778
1 0.275 0.7034722222222223 0.0203125 0.05416666666666667
1 0.2796875 0.7638888888888888 0.0203125 0.04722222222222222
1 0.309375 0.8777777777777778 0.01796875 0.04583333333333333
1 0.240625 0.86875 0.03203125 0.07222222222222222
1 0.219921875 0.8993055555555556 0.02109375 0.03194444444444444
1 0.205078125 0.9888888888888889 0.015625 0.022222222222222223
1 0.1953125 0.9104166666666667 0.01953125 0.04722222222222222
1 0.291796875 0.052083333333333336 0.01484375 0.016666666666666666
1 0.640625 0.8576388888888888 0.028125 0.03333333333333333
0 0.097265625 0.07916666666666666 0.19453125 0.15833333333333333
0 0.127734375 0.2902777777777778 0.1875 0.08055555555555556
0 0.151953125 0.4951388888888889 0.06171875 0.3375
0 0.13359375 0.7152777777777778 0.22109375 0.14444444444444443
0 0.119140625 0.84375 0.13046875 0.3125
1 0.318359375 0.8333333333333334 0.01328125 0.027777777777777776
1 0.590234375 0.8048611111111111 0.01015625 0.013888888888888888
0 0.687109375 0.9333333333333333 0.10859375 0.13333333333333333
0 0.6734375 0.8236111111111111 0.19765625 0.2986111111111111
1 0.665625 0.23472222222222222 0.0078125 0.02361111111111111
0 0.634765625 0.3548611111111111 0.1046875 0.4083333333333333
0 0.621484375 0.19027777777777777 0.309375 0.31666666666666665
0 0.663671875 0.059722222222222225 0.09296875 0.11944444444444445
1 0.1109375 0.8534722222222222 0.01640625 0.02638888888888889
1 0.0609375 0.7916666666666666 0.021875 0.043055555555555555
1 0.071484375 0.6784722222222223 0.0125 0.02361111111111111
1 0.080859375 0.7090277777777778 0.01328125 0.016666666666666666
1 0.082421875 0.7479166666666667 0.00859375 0.0125
1 0.1125 0.6048611111111111 0.025 0.03611111111111111
1 0.0328125 0.5715277777777777 0.01171875 0.018055555555555554
1 0.07578125 0.4888888888888889 0.01484375 0.02361111111111111
1 0.123046875 0.4354166666666667 0.01875 0.0375
1 0.20546875 0.5479166666666667 0.0265625 0.0375
1 0.234765625 0.5027777777777778 0.021875 0.03333333333333333
1 0.25234375 0.5555555555555556 0.00703125 0.013888888888888888
1 0.177734375 0.38680555555555557 0.0375 0.044444444444444446
1 0.054296875 0.34930555555555554 0.0203125 0.04583333333333333
1 0.26796875 0.33541666666666664 0.0171875 0.04583333333333333
1 0.2484375 0.25555555555555554 0.0125 0.025
1 0.21796875 0.22847222222222222 0.01171875 0.03194444444444444
1 0.196484375 0.24583333333333332 0.01015625 0.025
1 0.183984375 0.16111111111111112 0.03046875 0.0763888888888889
1 0.212890625 0.17291666666666666 0.025 0.041666666666666664
1 0.23828125 0.18888888888888888 0.03125 0.04861111111111111
1 0.26796875 0.1909722222222222 0.0109375 0.03333333333333333
1 0.23671875 0.12083333333333333 0.01015625 0.02638888888888889
1 0.2875 0.10138888888888889 0.01328125 0.034722222222222224
1 0.207421875 0.03611111111111111 0.0125 0.027777777777777776
1 0.218359375 0.004861111111111111 0.0109375 0.009722222222222222
1 0.128125 0.09166666666666666 0.015625 0.029166666666666667
1 0.157421875 0.12430555555555556 0.03125 0.04722222222222222
1 0.00703125 0.05 0.0140625 0.0375
1 0.02109375 0.007638888888888889 0.00703125 0.015277777777777777
1 0.494921875 0.5666666666666667 0.021875 0.027777777777777776
1 0.533984375 0.5979166666666667 0.01796875 0.041666666666666664
1 0.5890625 0.5534722222222223 0.02734375 0.041666666666666664
1 0.56015625 0.4625 0.01328125 0.015277777777777777
1 0.446875 0.7 0.00703125 0.013888888888888888
1 0.5171875 0.8166666666666667 0.009375 0.013888888888888888
1 0.57734375 0.91875 0.01796875 0.04027777777777778
1 0.625390625 0.9048611111111111 0.02265625 0.0625
1 0.664453125 0.8770833333333333 0.01953125 0.04027777777777778
1 0.678125 0.9006944444444445 0.01484375 0.018055555555555554
1 0.690625 0.94375 0.0109375 0.016666666666666666
1 0.726171875 0.9881944444444445 0.0375 0.02361111111111111
1 0.78203125 0.9861111111111112 0.0265625 0.027777777777777776
1 0.741796875 0.9243055555555556 0.0140625 0.022222222222222223
1 0.758984375 0.9402777777777778 0.01015625 0.015277777777777777
1 0.819921875 0.9173611111111111 0.0171875 0.03611111111111111
1 0.837890625 0.95 0.01484375 0.03333333333333333
1 0.86171875 0.9881944444444445 0.02265625 0.02361111111111111
1 0.919921875 0.9854166666666667 0.04609375 0.029166666666666667
1 0.876171875 0.9291666666666667 0.0390625 0.0763888888888889
1 0.907421875 0.9194444444444444 0.0140625 0.030555555555555555
1 0.912109375 0.8895833333333333 0.0140625 0.027777777777777776
1 0.878515625 0.8520833333333333 0.025 0.07083333333333333
1 0.904296875 0.7923611111111111 0.0109375 0.015277777777777777
1 0.964453125 0.7388888888888889 0.02890625 0.058333333333333334
1 0.99609375 0.7944444444444444 0.0078125 0.020833333333333332
1 0.788671875 0.7215277777777778 0.0234375 0.029166666666666667
1 0.81171875 0.7145833333333333 0.02109375 0.03194444444444444
1 0.868359375 0.6666666666666666 0.03671875 0.07083333333333333
1 0.8921875 0.6381944444444444 0.00859375 0.013888888888888888
1 0.91875 0.6291666666666667 0.02890625 0.05694444444444444
1 0.96484375 0.6534722222222222 0.01328125 0.02361111111111111
1 0.981640625 0.5402777777777777 0.03671875 0.12638888888888888
1 0.95 0.54375 0.01015625 0.018055555555555554
1 0.9484375 0.49930555555555556 0.01015625 0.020833333333333332
1 0.901171875 0.49583333333333335 0.01796875 0.05416666666666667
1 0.872265625 0.5138888888888888 0.0140625 0.027777777777777776
1 0.878125 0.5493055555555556 0.01953125 0.029166666666666667
1 0.732421875 0.4951388888888889 0.0359375 0.05138888888888889
1 0.75390625 0.4486111111111111 0.02109375 0.03194444444444444
1 0.737890625 0.41388888888888886 0.01953125 0.0375
1 0.8 0.49027777777777776 0.015625 0.025
1 0.718359375 0.5465277777777777 0.025 0.043055555555555555
1 0.690234375 0.5756944444444444 0.02109375 0.04861111111111111
1 0.6875 0.36875 0.0171875 0.030555555555555555
1 0.696484375 0.29444444444444445 0.03125 0.08333333333333333
1 0.791015625 0.3284722222222222 0.0328125 0.05694444444444444
1 0.84296875 0.2916666666666667 0.0265625 0.043055555555555555
1 0.8203125 0.3923611111111111 0.01015625 0.019444444444444445
1 0.86875 0.36736111111111114 0.01796875 0.025
1 0.853125 0.25069444444444444 0.03046875 0.05694444444444444
1 0.889453125 0.2673611111111111 0.02265625 0.05
1 0.907421875 0.27291666666666664 0.00859375 0.015277777777777777
1 0.789453125 0.21458333333333332 0.02421875 0.05416666666666667
1 0.823828125 0.22361111111111112 0.01484375 0.029166666666666667
1 0.820703125 0.13472222222222222 0.0546875 0.09166666666666666
1 0.883203125 0.1486111111111111 0.0234375 0.03194444444444444
1 0.9234375 0.1326388888888889 0.0390625 0.06944444444444445
1 0.94609375 0.21666666666666667 0.04765625 0.08055555555555556
1 0.97421875 0.2708333333333333 0.02578125 0.0375