1 0.652734375 0.20555555555555555 0.0296875 0.03611111111111111
1 0.783984375 0.9027777777777778 0.0296875 0.07916666666666666
1 0.821875 0.059027777777777776 0.034375 0.1
1 0.741015625 0.9618055555555556 0.03515625 0.075
1 0.828515625 0.8006944444444445 0.01875 0.0375
1 0.981640625 0.022222222222222223 0.0328125 0.044444444444444446
1 0.974609375 0.41041666666666665 0.028125 0.044444444444444446
1 0.619140625 0.3798611111111111 0.02109375 0.03611111111111111
1 0.80078125 0.8645833333333334 0.0203125 0.034722222222222224
0 0.642578125 0.6215277777777778 0.27578125 0.1125
1 0.840625 0.8451388888888889 0.0171875 0.03194444444444444
1 0.890234375 0.008333333333333333 0.0203125 0.016666666666666666
1 0.869140625 0.4548611111111111 0.01953125 0.02638888888888889
1 0.18125 0.5430555555555555 0.021875 0.03194444444444444
1 0.6140625 0.5902777777777778 0.0140625 0.020833333333333332
1 0.16015625 0.4625 0.0171875 0.022222222222222223
1 0.5828125 0.04583333333333333 0.021875 0.034722222222222224
1 0.673828125 0.9777777777777777 0.0296875 0.043055555555555555
1 0.211328125 0.3763888888888889 0.02421875 0.041666666666666664
1 0.733203125 0.7236111111111111 0.02265625 0.03194444444444444
1 0.848046875 0.10277777777777777 0.01875 0.03194444444444444
0 0.666015625 0.8715277777777778 0.17890625 0.2569444444444444
1 0.187890625 0.024305555555555556 0.03046875 0.044444444444444446
1 0.248046875 0.8763888888888889 0.02734375 0.04027777777777778
1 0.3046875 0.625 0.01953125 0.03611111111111111
1 0.711328125 0.9027777777777778 0.01875 0.04027777777777778
1 0.753125 0.058333333333333334 0.02265625 0.030555555555555555
1 0.201171875 0.63125 0.034375 0.05416666666666667
1 0.66015625 0.9125 0.021875 0.044444444444444446
0 0.107421875 0.8625 0.19765625 0.2708333333333333
1 0.22109375 0.8305555555555556 0.025 0.03194444444444444
1 0.134375 0.175 0.0171875 0.03194444444444444
1 0.80390625 0.8027777777777778 0.01796875 0.03333333333333333
1 0.326953125 0.03611111111111111 0.02421875 0.04027777777777778
1 0.89609375 0.9020833333333333 0.021875 0.043055555555555555
1 0.723046875 0.76875 0.02109375 0.043055555555555555
1 0.148828125 0.7138888888888889 0.03125 0.07361111111111111
0 0.6078125 0.09236111111111112 0.32421875 0.18055555555555555
1 0.18828125 0.2388888888888889 0.03359375 0.04861111111111111
1 0.64296875 0.3125 0.0375 0.10277777777777777
1 0.91640625 0.9847222222222223 0.02734375 0.027777777777777776
1 0.151171875 0.1284722222222222 0.03359375 0.07361111111111111
1 0.990234375 0.2604166666666667 0.0171875 0.041666666666666664
1 0.20390625 0.8986111111111111 0.03671875 0.0763888888888889
1 0.151171875 0.95 0.03203125 0.04861111111111111
1 0.640234375 0.49236111111111114 0.01875 0.044444444444444446
1 0.121484375 0.20694444444444443 0.02265625 0.03611111111111111
1 0.276953125 0.9708333333333333 0.02265625 0.03611111111111111
1 0.904296875 0.6493055555555556 0.0234375 0.03888888888888889
1 0.203125 0.6965277777777777 0.015625 0.03611111111111111
1 0.571875 0.5618055555555556 0.01953125 0.027777777777777776
0 0.687109375 0.3138888888888889 0.140625 0.6277777777777778
0 0.08671875 0.3111111111111111 0.1734375 0.4597222222222222