1 0.734765625 0.6173611111111111 0.02890625 0.05138888888888889
1 0.29921875 0.20902777777777778 0.00859375 0.0125
1 0.8015625 0.34930555555555554 0.04296875 0.0763888888888889
1 0.79140625 0.24375 0.00859375 0.013888888888888888
1 0.819140625 0.12361111111111112 0.015625 0.029166666666666667
1 0.78125 0.027777777777777776 0.01328125 0.041666666666666664
1 0.507421875 0.4 0.01015625 0.02638888888888889
1 0.28203125 0.3090277777777778 0.0109375 0.022222222222222223
1 0.414453125 0.41388888888888886 0.01875 0.03194444444444444
1 0.54140625 0.5652777777777778 0.01796875 0.03194444444444444
1 0.519140625 0.5854166666666667 0.02109375 0.0375
1 0.494140625 0.5208333333333334 0.03671875 0.05555555555555555
1 0.818359375 0.7618055555555555 0.0296875 0.05555555555555555
1 0.615234375 0.7916666666666666 0.025 0.05138888888888889
1 0.5234375 0.7673611111111112 0.015625 0.04027777777777778
1 0.4890625 0.9944444444444445 0.0078125 0.011111111111111112
1 0.51640625 0.9875 0.015625 0.025
1 0.55390625 0.9618055555555556 0.0109375 0.013888888888888888
1 0.5109375 0.9173611111111111 0.04609375 0.06527777777777778
0 0.24140625 0.43472222222222223 0.103125 0.20277777777777778
0 0.686328125 0.10972222222222222 0.1609375 0.21944444444444444
1 0.828125 0.8715277777777778 0.03046875 0.03888888888888889
1 0.762109375 0.6694444444444444 0.01328125 0.027777777777777776
0 0.631640625 0.3819444444444444 0.05859375 0.15833333333333333
0 0.66953125 0.6340277777777777 0.14140625 0.41388888888888886
0 0.687109375 0.8194444444444444 0.06171875 0.3611111111111111
0 0.6609375 0.9388888888888889 0.0546875 0.12222222222222222
0 0.171484375 0.8743055555555556 0.08984375 0.1625
1 0.156640625 0.8395833333333333 0.00859375 0.015277777777777777
1 0.169140625 0.17152777777777778 0.01171875 0.02638888888888889