1 0.62421875 0.002777777777777778 0.00625 0.005555555555555556
0 0.139453125 0.76875 0.13203125 0.1638888888888889
0 0.696875 0.9395833333333333 0.10390625 0.12083333333333333
0 0.690625 0.7034722222222223 0.21640625 0.38333333333333336
0 0.72265625 0.5354166666666667 0.22578125 0.34305555555555556
0 0.709765625 0.29791666666666666 0.1671875 0.5694444444444444
0 0.705078125 0.14166666666666666 0.31484375 0.15833333333333333
0 0.707421875 0.12569444444444444 0.13125 0.2513888888888889
1 0.180078125 0.02638888888888889 0.03359375 0.05277777777777778
1 0.21015625 0.02638888888888889 0.03515625 0.05277777777777778
1 0.3265625 0.10833333333333334 0.025 0.05416666666666667
1 0.243359375 0.20625 0.01796875 0.04722222222222222
1 0.166015625 0.1076388888888889 0.0125 0.019444444444444445
1 0.124609375 0.11875 0.01328125 0.025
1 0.136328125 0.25069444444444444 0.009375 0.013888888888888888
1 0.15234375 0.4076388888888889 0.028125 0.07916666666666666
1 0.126953125 0.4201388888888889 0.00390625 0.011111111111111112
1 0.216796875 0.4625 0.0375 0.058333333333333334
1 0.325 0.46597222222222223 0.0140625 0.0375
1 0.305078125 0.4756944444444444 0.01328125 0.029166666666666667
1 0.21640625 0.5298611111111111 0.034375 0.05138888888888889
1 0.237109375 0.6104166666666667 0.0390625 0.04861111111111111
1 0.166796875 0.63125 0.015625 0.034722222222222224
1 0.1578125 0.5861111111111111 0.0109375 0.03194444444444444
1 0.11953125 0.6333333333333333 0.015625 0.03194444444444444
1 0.1359375 0.6902777777777778 0.0390625 0.07222222222222222
1 0.06328125 0.6729166666666667 0.01875 0.05694444444444444
1 0.28359375 0.6222222222222222 0.00625 0.013888888888888888
1 0.334375 0.7805555555555556 0.0125 0.029166666666666667
1 0.255078125 0.8534722222222222 0.02734375 0.05277777777777778
1 0.130078125 0.9208333333333333 0.0171875 0.044444444444444446
1 0.1765625 0.9652777777777778 0.0109375 0.02361111111111111
1 0.395703125 0.9173611111111111 0.0171875 0.034722222222222224
1 0.4828125 0.93125 0.0296875 0.04722222222222222
1 0.458203125 0.20416666666666666 0.01328125 0.029166666666666667
1 0.596875 0.13125 0.0484375 0.059722222222222225
1 0.583203125 0.3875 0.03046875 0.05
1 0.614453125 0.4583333333333333 0.01328125 0.016666666666666666
1 0.65625 0.4513888888888889 0.02265625 0.034722222222222224
1 0.48671875 0.5229166666666667 0.03125 0.05
1 0.53671875 0.66875 0.0140625 0.03333333333333333
1 0.583203125 0.6951388888888889 0.01875 0.04027777777777778
1 0.589453125 0.7534722222222222 0.01015625 0.02361111111111111
1 0.63828125 0.7368055555555556 0.0140625 0.029166666666666667
1 0.56171875 0.8159722222222222 0.02109375 0.044444444444444446
1 0.497265625 0.6861111111111111 0.01015625 0.018055555555555554
1 0.47265625 0.7222222222222222 0.02265625 0.02361111111111111
1 0.705859375 0.4152777777777778 0.021875 0.04027777777777778
1 0.728515625 0.39652777777777776 0.01484375 0.030555555555555555
1 0.757421875 0.4361111111111111 0.01171875 0.020833333333333332
1 0.801171875 0.32222222222222224 0.0171875 0.0375
1 0.814453125 0.36319444444444443 0.02265625 0.044444444444444446
1 0.86484375 0.4673611111111111 0.0265625 0.04722222222222222
1 0.8671875 0.2638888888888889 0.0171875 0.03194444444444444
1 0.887109375 0.30833333333333335 0.02578125 0.06111111111111111
1 0.9171875 0.3090277777777778 0.01484375 0.03194444444444444
1 0.8984375 0.25 0.0171875 0.030555555555555555
1 0.596875 0.050694444444444445 0.01328125 0.027777777777777776
1 0.66484375 0.022916666666666665 0.015625 0.03333333333333333
1 0.673828125 0.09166666666666666 0.009375 0.02361111111111111
0 0.09453125 0.5458333333333333 0.18828125 0.45416666666666666
1 0.553515625 0.009722222222222222 0.021875 0.018055555555555554
1 0.674609375 0.7965277777777777 0.0296875 0.04027777777777778
1 0.792578125 0.75625 0.01796875 0.05
1 0.809765625 0.6631944444444444 0.009375 0.02361111111111111
1 0.840234375 0.6451388888888889 0.01796875 0.05
1 0.533203125 0.9381944444444444 0.02265625 0.03194444444444444
1 0.6328125 0.9895833333333334 0.00859375 0.009722222222222222
1 0.511328125 0.9805555555555555 0.0078125 0.009722222222222222
1 0.337890625 0.4166666666666667 0.00546875 0.0125
1 0.99140625 0.8791666666666667 0.0171875 0.029166666666666667
1 0.991796875 0.7652777777777777 0.01640625 0.041666666666666664
1 0.953125 0.7361111111111112 0.01640625 0.019444444444444445
1 0.985546875 0.7048611111111112 0.021875 0.05138888888888889
1 0.9765625 0.6402777777777777 0.0234375 0.044444444444444446
1 0.905078125 0.6381944444444444 0.0296875 0.05694444444444444
1 0.9546875 0.4708333333333333 0.00625 0.013888888888888888
1 0.921875 0.17430555555555555 0.01171875 0.030555555555555555
1 0.98359375 0.3770833333333333 0.03203125 0.075
0 0.090625 0.13819444444444445 0.18125 0.27361111111111114
0 0.12578125 0.3125 0.2515625 0.09166666666666666