1 0.9609375 0.5381944444444444 0.03203125 0.034722222222222224
1 0.76953125 0.15 0.03671875 0.06527777777777778
0 0.14921875 0.8409722222222222 0.15859375 0.31666666666666665
1 0.19140625 0.24097222222222223 0.021875 0.029166666666666667
1 0.696484375 0.22916666666666666 0.02734375 0.06666666666666667
1 0.80703125 0.2611111111111111 0.03046875 0.07777777777777778
1 0.31015625 0.2048611111111111 0.03125 0.07916666666666666
1 0.445703125 0.07430555555555556 0.0203125 0.03611111111111111
0 0.634765625 0.11805555555555555 0.11953125 0.2361111111111111
0 0.67734375 0.3229166666666667 0.0890625 0.32083333333333336
1 0.691796875 0.60625 0.028125 0.06944444444444445
1 0.791796875 0.07013888888888889 0.0296875 0.04861111111111111
1 0.934375 0.8340277777777778 0.02265625 0.05555555555555555
1 0.8890625 0.025694444444444443 0.0328125 0.04861111111111111
1 0.298046875 0.06111111111111111 0.03828125 0.06805555555555555
0 0.164453125 0.49166666666666664 0.15390625 0.39305555555555555
1 0.9859375 0.6256944444444444 0.028125 0.08472222222222223
0 0.63984375 0.47430555555555554 0.08125 0.2708333333333333
1 0.901171875 0.6847222222222222 0.0328125 0.08333333333333333
1 0.598828125 0.18680555555555556 0.0453125 0.09305555555555556
1 0.972265625 0.29791666666666666 0.0234375 0.06527777777777778
1 0.704296875 0.4888888888888889 0.0203125 0.02361111111111111
1 0.29609375 0.12430555555555556 0.01015625 0.015277777777777777
1 0.55234375 0.12361111111111112 0.009375 0.019444444444444445
0 0.205859375 0.9152777777777777 0.07734375 0.16944444444444445
1 0.40546875 0.13055555555555556 0.00859375 0.022222222222222223
1 0.17890625 0.1909722222222222 0.009375 0.022222222222222223
1 0.214453125 0.2881944444444444 0.0078125 0.016666666666666666
1 0.325 0.37083333333333335 0.0109375 0.02361111111111111
1 0.348828125 0.4791666666666667 0.0109375 0.025
1 0.148828125 0.42916666666666664 0.01640625 0.022222222222222223
1 0.156640625 0.34444444444444444 0.01953125 0.016666666666666666
1 0.204296875 0.4847222222222222 0.01015625 0.025
1 0.65859375 0.6229166666666667 0.0109375 0.018055555555555554
1 0.546484375 0.45625 0.01015625 0.018055555555555554
1 0.718359375 0.3527777777777778 0.01171875 0.02361111111111111
1 0.6140625 0.33541666666666664 0.00859375 0.016666666666666666
1 0.640625 0.17222222222222222 0.00625 0.019444444444444445
1 0.920703125 0.06666666666666667 0.0171875 0.025
1 0.85390625 0.45694444444444443 0.01015625 0.018055555555555554
1 0.83125 0.475 0.01875 0.020833333333333332
1 0.881640625 0.2375 0.0296875 0.034722222222222224
1 0.545703125 0.31527777777777777 0.01484375 0.025
1 0.429296875 0.03333333333333333 0.01484375 0.03611111111111111
1 0.66953125 0.8034722222222223 0.01640625 0.0375
1 0.5265625 0.9513888888888888 0.02265625 0.03888888888888889
1 0.246875 0.3284722222222222 0.0203125 0.044444444444444446
1 0.276953125 0.02013888888888889 0.0171875 0.04027777777777778
1 0.94765625 0.007638888888888889 0.0171875 0.015277777777777777
1 0.5734375 0.38958333333333334 0.0265625 0.06111111111111111
1 0.728125 0.8902777777777777 0.02421875 0.043055555555555555
1 0.09296875 0.2152777777777778 0.01484375 0.034722222222222224
1 0.83828125 0.8861111111111111 0.02578125 0.02638888888888889
1 0.417578125 0.08819444444444445 0.02109375 0.03888888888888889
1 0.878125 0.10347222222222222 0.0125 0.029166666666666667
1 0.561328125 0.3368055555555556 0.02734375 0.043055555555555555
1 0.299609375 0.25277777777777777 0.0203125 0.04583333333333333
1 0.437109375 0.006944444444444444 0.02109375 0.013888888888888888
1 0.6765625 0.8958333333333334 0.01171875 0.018055555555555554
1 0.262109375 0.4388888888888889 0.02421875 0.03194444444444444
1 0.3125 0.43333333333333335 0.01875 0.030555555555555555
0 0.15625 0.30416666666666664 0.18828125 0.12361111111111112
1 0.8890625 0.3784722222222222 0.015625 0.027777777777777776
1 0.22421875 0.9618055555555556 0.02265625 0.034722222222222224
1 0.294140625 0.5520833333333334 0.0203125 0.044444444444444446
1 0.914453125 0.9652777777777778 0.01640625 0.030555555555555555
1 0.220703125 0.7027777777777777 0.0125 0.020833333333333332
1 0.250390625 0.2590277777777778 0.03515625 0.05138888888888889
1 0.231640625 0.6013888888888889 0.01484375 0.02638888888888889
1 0.4796875 0.013888888888888888 0.01796875 0.027777777777777776
1 0.570703125 0.5472222222222223 0.0125 0.022222222222222223
1 0.067578125 0.2263888888888889 0.0109375 0.029166666666666667
1 0.278515625 0.6465277777777778 0.01015625 0.02638888888888889
1 0.616015625 0.9611111111111111 0.01953125 0.04027777777777778
1 0.395703125 0.3284722222222222 0.00703125 0.020833333333333332
1 0.470703125 0.7583333333333333 0.0171875 0.041666666666666664
1 0.569140625 0.19583333333333333 0.01484375 0.020833333333333332
1 0.078125 0.22569444444444445 0.015625 0.03333333333333333
1 0.4890625 0.9416666666666667 0.00859375 0.029166666666666667
1 0.9078125 0.11875 0.01875 0.022222222222222223
1 0.665625 0.9472222222222222 0.0140625 0.019444444444444445
1 0.816796875 0.7020833333333333 0.01484375 0.02638888888888889
1 0.443359375 0.9888888888888889 0.01796875 0.022222222222222223
1 0.480078125 0.11388888888888889 0.01796875 0.030555555555555555
1 0.438671875 0.6958333333333333 0.0265625 0.03611111111111111
1 0.4421875 0.5736111111111111 0.0171875 0.03194444444444444
1 0.2625 0.8479166666666667 0.0265625 0.06666666666666667
1 0.4859375 0.06041666666666667 0.02734375 0.058333333333333334
1 0.4140625 0.5666666666666667 0.0390625 0.09166666666666666
1 0.2625 0.04027777777777778 0.02421875 0.044444444444444446
1 0.58515625 0.6888888888888889 0.015625 0.03611111111111111
1 0.9453125 0.9784722222222222 0.03515625 0.043055555555555555
1 0.309375 0.5381944444444444 0.0171875 0.041666666666666664
1 0.25703125 0.1326388888888889 0.02265625 0.044444444444444446
1 0.471484375 0.9701388888888889 0.01875 0.029166666666666667
1 0.546484375 0.6013888888888889 0.02421875 0.059722222222222225
1 0.642578125 0.64375 0.02734375 0.0375
1 0.194140625 0.04513888888888889 0.034375 0.07083333333333333
1 0.2625 0.49722222222222223 0.0375 0.05138888888888889
0 0.181640625 0.07361111111111111 0.03515625 0.14722222222222223
1 0.233203125 0.06597222222222222 0.0265625 0.06666666666666667
1 0.973828125 0.7618055555555555 0.05234375 0.19166666666666668
1 0.31484375 0.6069444444444444 0.028125 0.06111111111111111
1 0.25234375 0.9673611111111111 0.028125 0.06527777777777778
1 0.24375 0.8854166666666666 0.03359375 0.06527777777777778
0 0.673828125 0.8715277777777778 0.0890625 0.2569444444444444
1 0.150390625 0.9715277777777778 0.02578125 0.05277777777777778
1 0.104296875 0.5805555555555556 0.0265625 0.04722222222222222
0 0.67734375 0.8236111111111111 0.20546875 0.3416666666666667
1 0.126953125 0.06736111111111111 0.02421875 0.04722222222222222
1 0.909765625 0.08333333333333333 0.01484375 0.03611111111111111
1 0.473828125 0.3909722222222222 0.06640625 0.2125