0 0.592578125 0.8145833333333333 0.1828125 0.37083333333333335
1 0.015625 0.23541666666666666 0.03125 0.05694444444444444
0 0.109375 0.059722222222222225 0.0921875 0.11944444444444445
0 0.73828125 0.6277777777777778 0.2703125 0.5305555555555556
0 0.629296875 0.4756944444444444 0.225 0.4375
0 0.08671875 0.74375 0.1734375 0.30833333333333335
1 0.088671875 0.18541666666666667 0.0265625 0.03888888888888889
1 0.291796875 0.13680555555555557 0.009375 0.013888888888888888
1 0.434765625 0.27708333333333335 0.05703125 0.075
1 0.525 0.3173611111111111 0.015625 0.07916666666666666
1 0.4171875 0.12569444444444444 0.0265625 0.05277777777777778
1 0.409765625 0.03819444444444445 0.02734375 0.06388888888888888
1 0.2890625 0.09930555555555555 0.0203125 0.020833333333333332
1 0.30546875 0.12013888888888889 0.01796875 0.03333333333333333
1 0.99140625 0.5465277777777777 0.01171875 0.016666666666666666
1 0.175 0.7152777777777778 0.0125 0.027777777777777776
1 0.16015625 0.7395833333333334 0.0109375 0.029166666666666667
1 0.18125 0.9541666666666667 0.01328125 0.0375
1 0.15546875 0.8291666666666667 0.02578125 0.043055555555555555
1 0.06953125 0.8340277777777778 0.01484375 0.029166666666666667
1 0.195703125 0.04375 0.021875 0.04583333333333333
1 0.18984375 0.15833333333333333 0.028125 0.043055555555555555
1 0.09296875 0.7986111111111112 0.01640625 0.05277777777777778
1 0.418359375 0.8722222222222222 0.015625 0.016666666666666666
1 0.435546875 0.8256944444444444 0.02890625 0.044444444444444446
1 0.6078125 0.9701388888888889 0.02109375 0.03888888888888889
1 0.51171875 0.93125 0.02265625 0.04583333333333333
1 0.6875 0.7944444444444444 0.0203125 0.034722222222222224
1 0.5875 0.7777777777777778 0.02265625 0.044444444444444446
1 0.555859375 0.74375 0.01328125 0.025
1 0.52265625 0.7284722222222222 0.0390625 0.058333333333333334
1 0.824609375 0.4701388888888889 0.02421875 0.034722222222222224
1 0.807421875 0.5006944444444444 0.0296875 0.043055555555555555
1 0.901953125 0.2875 0.01171875 0.02638888888888889
1 0.889453125 0.08611111111111111 0.01953125 0.03333333333333333
1 0.887109375 0.006944444444444444 0.01484375 0.013888888888888888
1 0.890625 0.14583333333333334 0.01953125 0.04861111111111111
1 0.804296875 0.15625 0.0421875 0.07777777777777778
1 0.619140625 0.04375 0.0140625 0.025
1 0.40234375 0.37777777777777777 0.01953125 0.041666666666666664
1 0.45625 0.4777777777777778 0.01328125 0.022222222222222223
1 0.4140625 0.575 0.0203125 0.034722222222222224
1 0.320703125 0.48194444444444445 0.021875 0.03611111111111111
1 0.101171875 0.5465277777777777 0.01484375 0.020833333333333332
1 0.1046875 0.5131944444444444 0.0171875 0.027777777777777776
1 0.054296875 0.40625 0.04140625 0.059722222222222225
1 0.165234375 0.38819444444444445 0.01796875 0.027777777777777776
1 0.141796875 0.2881944444444444 0.01640625 0.04027777777777778
1 0.112109375 0.2701388888888889 0.01328125 0.03194444444444444
1 0.06328125 0.3125 0.0265625 0.04027777777777778
1 0.75859375 0.9868055555555556 0.015625 0.02638888888888889
1 0.979296875 0.9888888888888889 0.02734375 0.022222222222222223
1 0.137890625 0.6784722222222223 0.015625 0.025
0 0.107421875 0.33541666666666664 0.12734375 0.42083333333333334
0 0.088671875 0.1361111111111111 0.17734375 0.2722222222222222
0 0.722265625 0.20902777777777778 0.234375 0.41805555555555557