1 0.744140625 0.6729166666666667 0.01640625 0.0375
1 0.757421875 0.6048611111111111 0.0140625 0.027777777777777776
1 0.79453125 0.5409722222222222 0.01328125 0.03333333333333333
1 0.796484375 0.6784722222222223 0.01875 0.029166666666666667
1 0.809765625 0.6388888888888888 0.0296875 0.05
1 0.832421875 0.6479166666666667 0.01640625 0.04861111111111111
1 0.855859375 0.6472222222222223 0.03203125 0.075
1 0.87890625 0.71875 0.01640625 0.03888888888888889
1 0.815234375 0.8409722222222222 0.025 0.027777777777777776
1 0.738671875 0.79375 0.0125 0.018055555555555554
1 0.829296875 0.9902777777777778 0.01640625 0.019444444444444445
1 0.845703125 0.8111111111111111 0.0234375 0.0375
1 0.869140625 0.8270833333333333 0.0234375 0.058333333333333334
1 0.8875 0.8888888888888888 0.009375 0.016666666666666666
1 0.926171875 0.9569444444444445 0.01171875 0.029166666666666667
1 0.925 0.7770833333333333 0.021875 0.0375
1 0.937109375 0.8451388888888889 0.0140625 0.019444444444444445
1 0.980859375 0.7506944444444444 0.03828125 0.12222222222222222
1 0.978515625 0.5444444444444444 0.01875 0.0625
1 0.994921875 0.5243055555555556 0.01015625 0.05138888888888889
1 0.908984375 0.5201388888888889 0.009375 0.013888888888888888
1 0.261328125 0.9861111111111112 0.0328125 0.027777777777777776
1 0.2984375 0.8402777777777778 0.02578125 0.041666666666666664
1 0.24765625 0.8555555555555555 0.02109375 0.04583333333333333
1 0.298828125 0.8979166666666667 0.0125 0.020833333333333332
1 0.28515625 0.9965277777777778 0.0109375 0.006944444444444444
1 0.27890625 0.5645833333333333 0.02734375 0.05277777777777778
1 0.287109375 0.6076388888888888 0.0203125 0.03888888888888889
1 0.1765625 0.5979166666666667 0.0125 0.030555555555555555
1 0.2140625 0.5611111111111111 0.01171875 0.016666666666666666
1 0.1546875 0.5527777777777778 0.0125 0.030555555555555555
1 0.217578125 0.45625 0.01953125 0.0375
1 0.30546875 0.48194444444444445 0.0171875 0.022222222222222223
1 0.238671875 0.4527777777777778 0.01875 0.027777777777777776
1 0.323828125 0.43472222222222223 0.0109375 0.013888888888888888
1 0.53125 0.9486111111111111 0.03359375 0.05138888888888889
1 0.589453125 0.90625 0.02890625 0.06805555555555555
1 0.615625 0.9284722222222223 0.01484375 0.025
1 0.596875 0.7916666666666666 0.03515625 0.043055555555555555
1 0.597265625 0.8416666666666667 0.02734375 0.05694444444444444
1 0.600390625 0.6944444444444444 0.03203125 0.044444444444444446
1 0.650390625 0.7895833333333333 0.01171875 0.03194444444444444
1 0.641796875 0.8305555555555556 0.01328125 0.019444444444444445
1 0.23125 0.8756944444444444 0.009375 0.02638888888888889
1 0.228125 0.8451388888888889 0.01171875 0.020833333333333332
1 0.18671875 0.7423611111111111 0.0140625 0.02638888888888889
1 0.208203125 0.9013888888888889 0.015625 0.034722222222222224
1 0.190625 0.9652777777777778 0.01328125 0.020833333333333332
1 0.108984375 0.8340277777777778 0.01640625 0.025
1 0.12734375 0.8652777777777778 0.01640625 0.02361111111111111
1 0.07890625 0.8347222222222223 0.03359375 0.08055555555555556
1 0.05234375 0.8194444444444444 0.0109375 0.025
1 0.133203125 0.7194444444444444 0.0171875 0.02638888888888889
1 0.11640625 0.7715277777777778 0.0125 0.02361111111111111
1 0.068359375 0.7506944444444444 0.03359375 0.05277777777777778
1 0.11796875 0.6763888888888889 0.0140625 0.027777777777777776
1 0.14375 0.65 0.02578125 0.06666666666666667
1 0.127734375 0.6243055555555556 0.0140625 0.019444444444444445
1 0.11171875 0.5673611111111111 0.0125 0.02638888888888889
1 0.183984375 0.5277777777777778 0.0125 0.02638888888888889
1 0.15546875 0.5 0.03046875 0.06666666666666667
1 0.1171875 0.3347222222222222 0.0109375 0.020833333333333332
1 0.1703125 0.3298611111111111 0.0125 0.03333333333333333
1 0.953125 0.025694444444444443 0.05390625 0.05138888888888889
1 0.990234375 0.034027777777777775 0.01953125 0.05
1 0.971484375 0.15069444444444444 0.01328125 0.025
1 0.83515625 0.06041666666666667 0.01875 0.043055555555555555
1 0.866015625 0.10625 0.0203125 0.034722222222222224
1 0.81171875 0.12569444444444444 0.03203125 0.06805555555555555
1 0.8421875 0.18680555555555556 0.015625 0.03194444444444444
1 0.848828125 0.24444444444444444 0.01953125 0.05277777777777778
1 0.8609375 0.20902777777777778 0.02265625 0.04722222222222222
1 0.62109375 0.6493055555555556 0.021875 0.05277777777777778
1 0.32421875 0.32083333333333336 0.01328125 0.027777777777777776
1 0.78671875 0.23680555555555555 0.03046875 0.07361111111111111
1 0.715625 0.28194444444444444 0.01875 0.03611111111111111
1 0.7296875 0.25416666666666665 0.0125 0.022222222222222223
1 0.734375 0.30277777777777776 0.01484375 0.04027777777777778
1 0.6546875 0.20833333333333334 0.01484375 0.019444444444444445
1 0.653125 0.15069444444444444 0.01328125 0.02638888888888889
1 0.683984375 0.044444444444444446 0.03203125 0.08888888888888889
1 0.6015625 0.034722222222222224 0.06015625 0.06944444444444445
1 0.65546875 0.029861111111111113 0.00703125 0.020833333333333332
1 0.647265625 0.06458333333333334 0.00703125 0.018055555555555554
1 0.554296875 0.06944444444444445 0.01640625 0.03888888888888889
1 0.574609375 0.07916666666666666 0.01875 0.05
1 0.888671875 0.25555555555555554 0.0109375 0.018055555555555554
1 0.923828125 0.3138888888888889 0.0140625 0.02638888888888889
1 0.931640625 0.26319444444444445 0.01875 0.03333333333333333
1 0.9921875 0.33819444444444446 0.0078125 0.0125
1 0.96796875 0.41388888888888886 0.01875 0.019444444444444445
1 0.932421875 0.4326388888888889 0.03359375 0.0763888888888889
1 0.8546875 0.43194444444444446 0.03671875 0.05277777777777778
1 0.719140625 0.36944444444444446 0.025 0.05416666666666667
1 0.71171875 0.40625 0.02890625 0.04722222222222222
1 0.734765625 0.4888888888888889 0.0140625 0.016666666666666666
1 0.677734375 0.33125 0.01640625 0.03888888888888889
1 0.59765625 0.3541666666666667 0.02890625 0.05
1 0.557421875 0.3909722222222222 0.0078125 0.015277777777777777
1 0.528125 0.2513888888888889 0.0125 0.02361111111111111
1 0.453125 0.1909722222222222 0.021875 0.04583333333333333
1 0.401171875 0.06597222222222222 0.021875 0.03611111111111111
1 0.21484375 0.07777777777777778 0.0375 0.043055555555555555
1 0.253515625 0.06041666666666667 0.03984375 0.06111111111111111
1 0.3078125 0.06458333333333334 0.03046875 0.05
1 0.315625 0.02638888888888889 0.0171875 0.018055555555555554
1 0.277734375 0.1388888888888889 0.028125 0.041666666666666664
1 0.028515625 0.06458333333333334 0.015625 0.015277777777777777
1 0.933203125 0.5472222222222223 0.015625 0.03333333333333333
1 0.15625 0.18611111111111112 0.01953125 0.029166666666666667
1 0.125 0.14652777777777778 0.00859375 0.02638888888888889
1 0.17578125 0.2263888888888889 0.01484375 0.03194444444444444
1 0.19921875 0.18194444444444444 0.01953125 0.03333333333333333
1 0.2484375 0.22847222222222222 0.0234375 0.04027777777777778
0 0.082421875 0.05138888888888889 0.16484375 0.10277777777777777
0 0.142578125 0.16041666666666668 0.18515625 0.32083333333333336
1 0.655078125 0.8493055555555555 0.0125 0.019444444444444445
0 0.10078125 0.5388888888888889 0.15625 0.3402777777777778
0 0.11796875 0.8930555555555556 0.2359375 0.16666666666666666
0 0.694921875 0.7840277777777778 0.1015625 0.43194444444444446
0 0.67421875 0.81875 0.18125 0.30277777777777776
0 0.67578125 0.4548611111111111 0.19453125 0.1388888888888889
0 0.6796875 0.15069444444444444 0.3078125 0.3013888888888889
1 0.715234375 0.19444444444444445 0.01015625 0.020833333333333332
1 0.53359375 0.18958333333333333 0.0078125 0.020833333333333332
0 0.687109375 0.10833333333333334 0.1 0.21666666666666667
1 0.9015625 0.5548611111111111 0.01875 0.02638888888888889
1 0.235546875 0.3013888888888889 0.01171875 0.020833333333333332
1 0.03359375 0.20347222222222222 0.009375 0.019444444444444445
1 0.09609375 0.24444444444444444 0.01171875 0.013888888888888888
1 0.0515625 0.3638888888888889 0.01171875 0.013888888888888888
1 0.203515625 0.8145833333333333 0.0125 0.016666666666666666
1 0.148046875 0.9673611111111111 0.01484375 0.015277777777777777
1 0.325390625 0.9118055555555555 0.00703125 0.013888888888888888
1 0.234375 0.41180555555555554 0.00859375 0.030555555555555555
1 0.1640625 0.0125 0.0171875 0.018055555555555554
1 0.106640625 0.022222222222222223 0.00703125 0.016666666666666666
1 0.0296875 0.09652777777777778 0.00546875 0.005555555555555556
1 0.26015625 0.325 0.01875 0.034722222222222224
1 0.14609375 0.26180555555555557 0.02109375 0.04583333333333333
1 0.675 0.9930555555555556 0.0140625 0.013888888888888888
1 0.728515625 0.9645833333333333 0.03671875 0.06527777777777778
1 0.688671875 0.9770833333333333 0.0078125 0.013888888888888888
1 0.703515625 0.9611111111111111 0.00703125 0.015277777777777777
1 0.685546875 0.90625 0.0109375 0.020833333333333332
1 0.701953125 0.8916666666666667 0.01015625 0.02638888888888889
1 0.69453125 0.7625 0.015625 0.044444444444444446
1 0.698828125 0.7145833333333333 0.0140625 0.02638888888888889
1 0.65390625 0.5715277777777777 0.02734375 0.04583333333333333
1 0.598828125 0.5236111111111111 0.0203125 0.05
1 0.61953125 0.5333333333333333 0.0125 0.03888888888888889
1 0.671484375 0.6118055555555556 0.02578125 0.05
1 0.70390625 0.6166666666666667 0.0296875 0.08472222222222223
1 0.728515625 0.6597222222222222 0.01328125 0.03611111111111111