1 0.75 0.6333333333333333 0.046875 0.06944444444444445
1 0.615625 0.06388888888888888 0.01015625 0.020833333333333332
1 0.4484375 0.5736111111111111 0.0109375 0.018055555555555554
0 0.089453125 0.3798611111111111 0.17890625 0.35555555555555557
0 0.084375 0.18263888888888888 0.16875 0.3388888888888889
0 0.700390625 0.27569444444444446 0.10390625 0.5513888888888889
0 0.095703125 0.7645833333333333 0.13125 0.4708333333333333
0 0.097265625 0.6027777777777777 0.19453125 0.3402777777777778
0 0.715625 0.14375 0.13984375 0.2875
0 0.680859375 0.9104166666666667 0.05625 0.17916666666666667
0 0.617578125 0.4888888888888889 0.1828125 0.33611111111111114
0 0.7140625 0.7138888888888889 0.1875 0.49722222222222223
1 0.058203125 0.059027777777777776 0.0140625 0.02638888888888889
1 0.29296875 0.011805555555555555 0.01171875 0.013888888888888888
1 0.61875 0.39444444444444443 0.0140625 0.03194444444444444
1 0.533203125 0.7333333333333333 0.0203125 0.04583333333333333
1 0.459765625 0.9493055555555555 0.01953125 0.05138888888888889
1 0.561328125 0.06944444444444445 0.0265625 0.044444444444444446
1 0.787109375 0.5520833333333334 0.0265625 0.044444444444444446
1 0.966015625 0.6722222222222223 0.015625 0.027777777777777776
1 0.762890625 0.0763888888888889 0.0390625 0.11388888888888889
1 0.955859375 0.14652777777777778 0.0140625 0.020833333333333332
1 0.868359375 0.99375 0.01328125 0.0125
1 0.9921875 0.83125 0.0125 0.0125
1 0.191015625 0.9826388888888888 0.01953125 0.034722222222222224
1 0.123046875 0.42986111111111114 0.01796875 0.029166666666666667
1 0.15234375 0.9243055555555556 0.0203125 0.022222222222222223
1 0.294921875 0.09861111111111111 0.01875 0.020833333333333332
1 0.726953125 0.1909722222222222 0.02421875 0.027777777777777776
1 0.735546875 0.15833333333333333 0.021875 0.043055555555555555
1 0.93125 0.41944444444444445 0.01015625 0.0125
1 0.387890625 0.8159722222222222 0.015625 0.03194444444444444
1 0.45390625 0.6354166666666666 0.015625 0.029166666666666667
1 0.980078125 0.9395833333333333 0.00859375 0.015277777777777777
1 0.962109375 0.8694444444444445 0.01484375 0.025
1 0.905859375 0.875 0.01484375 0.025
1 0.701953125 0.9875 0.01953125 0.025
1 0.39375 0.16805555555555557 0.0140625 0.019444444444444445
1 0.70703125 0.5361111111111111 0.0125 0.025
1 0.791015625 0.4284722222222222 0.01953125 0.030555555555555555
1 0.759765625 0.40902777777777777 0.01875 0.0375
1 0.78125 0.3576388888888889 0.0265625 0.07222222222222222
1 0.7359375 0.29583333333333334 0.021875 0.06388888888888888
1 0.82734375 0.9743055555555555 0.05234375 0.05138888888888889
1 0.7078125 0.5659722222222222 0.01171875 0.025
1 0.868359375 0.043055555555555555 0.0203125 0.05
1 0.894140625 0.12152777777777778 0.0140625 0.027777777777777776
1 0.834375 0.08958333333333333 0.01640625 0.02361111111111111
1 0.794921875 0.11805555555555555 0.0171875 0.043055555555555555
1 0.983203125 0.20972222222222223 0.03359375 0.09166666666666666
1 0.9875 0.3229166666666667 0.025 0.07361111111111111
1 0.896875 0.36944444444444446 0.0078125 0.015277777777777777
1 0.867578125 0.38472222222222224 0.01484375 0.030555555555555555
1 0.962890625 0.4930555555555556 0.01328125 0.02361111111111111
1 0.923828125 0.47847222222222224 0.0171875 0.0375
1 0.946484375 0.7305555555555555 0.0203125 0.05277777777777778
1 0.9859375 0.65 0.028125 0.05138888888888889
1 0.94296875 0.5590277777777778 0.0171875 0.030555555555555555
1 0.8921875 0.5340277777777778 0.0546875 0.09166666666666666
1 0.790625 0.5027777777777778 0.0421875 0.06527777777777778
1 0.82734375 0.6826388888888889 0.01875 0.034722222222222224
1 0.783203125 0.7 0.01640625 0.019444444444444445
1 0.605859375 0.7465277777777778 0.0375 0.06527777777777778
1 0.6921875 0.8180555555555555 0.01328125 0.025
1 0.651171875 0.8215277777777777 0.0171875 0.027777777777777776
1 0.59921875 0.8277777777777777 0.02578125 0.05555555555555555
1 0.573828125 0.8590277777777777 0.01953125 0.03888888888888889
1 0.6140625 0.9319444444444445 0.02421875 0.05277777777777778
1 0.6453125 0.9180555555555555 0.0390625 0.10972222222222222
1 0.419140625 0.9736111111111111 0.025 0.041666666666666664
1 0.425390625 0.9305555555555556 0.0265625 0.04583333333333333
1 0.4453125 0.7479166666666667 0.01015625 0.020833333333333332
1 0.548828125 0.5666666666666667 0.0203125 0.03194444444444444
1 0.556640625 0.6395833333333333 0.06171875 0.08333333333333333
1 0.475 0.5958333333333333 0.0125 0.0125
1 0.5015625 0.5458333333333333 0.02578125 0.044444444444444446
1 0.393359375 0.3402777777777778 0.0125 0.03333333333333333
1 0.498828125 0.3680555555555556 0.0140625 0.019444444444444445
1 0.57265625 0.4548611111111111 0.02109375 0.027777777777777776
1 0.6015625 0.33611111111111114 0.0203125 0.02638888888888889
1 0.573046875 0.33055555555555555 0.040625 0.10277777777777777
1 0.623828125 0.19791666666666666 0.04921875 0.08055555555555556
1 0.642578125 0.09583333333333334 0.02578125 0.041666666666666664
1 0.615234375 0.1284722222222222 0.0296875 0.07222222222222222
1 0.483984375 0.004861111111111111 0.021875 0.009722222222222222
1 0.50078125 0.17569444444444443 0.028125 0.05138888888888889
1 0.466796875 0.11458333333333333 0.04921875 0.0763888888888889
1 0.434375 0.07152777777777777 0.03046875 0.05
1 0.4296875 0.004166666666666667 0.01328125 0.008333333333333333
1 0.408203125 0.018055555555555554 0.01953125 0.03611111111111111
1 0.3703125 0.1 0.01328125 0.02361111111111111
1 0.209375 0.059722222222222225 0.021875 0.05555555555555555
1 0.22734375 0.24583333333333332 0.03828125 0.058333333333333334
1 0.137109375 0.2833333333333333 0.01328125 0.027777777777777776
1 0.0484375 0.5673611111111111 0.0234375 0.02361111111111111
1 0.065234375 0.5583333333333333 0.0078125 0.008333333333333333
1 0.104296875 0.5201388888888889 0.00859375 0.022222222222222223
1 0.637109375 0.6625 0.028125 0.04027777777777778
1 0.101171875 0.6861111111111111 0.03203125 0.05277777777777778
1 0.229296875 0.5722222222222222 0.0390625 0.10138888888888889
1 0.65390625 0.7215277777777778 0.01015625 0.02638888888888889
1 0.0890625 0.7986111111111112 0.021875 0.04027777777777778
1 0.516015625 0.14166666666666666 0.01796875 0.03194444444444444
1 0.731640625 0.6833333333333333 0.0171875 0.03611111111111111
1 0.691015625 0.6486111111111111 0.02265625 0.05416666666666667