1 0.30390625 0.06666666666666667 0.0375 0.04375
1 0.11171875 0.06145833333333333 0.01875 0.03125
1 0.05078125 0.740625 0.021875 0.022916666666666665
1 0.04140625 0.9020833333333333 0.0171875 0.022916666666666665
1 0.284375 0.8364583333333333 0.0125 0.027083333333333334
1 0.07265625 0.9729166666666667 0.025 0.01875
1 0.88984375 0.9479166666666666 0.0234375 0.041666666666666664
1 0.91328125 0.8302083333333333 0.015625 0.020833333333333332
1 0.9328125 0.925 0.0265625 0.020833333333333332
1 0.24296875 0.7895833333333333 0.021875 0.025
1 0.8859375 0.75625 0.0234375 0.041666666666666664
1 0.82890625 0.83125 0.015625 0.020833333333333332
1 0.7515625 0.8135416666666667 0.0140625 0.022916666666666665
1 0.37734375 0.96875 0.0296875 0.041666666666666664
1 0.35625 0.9135416666666667 0.0390625 0.05625
1 0.30390625 0.8229166666666666 0.021875 0.029166666666666667
1 0.4015625 0.8583333333333333 0.0296875 0.035416666666666666
1 0.3671875 0.7947916666666667 0.0578125 0.06041666666666667
1 0.56484375 0.809375 0.03125 0.05
1 0.7453125 0.13229166666666667 0.0171875 0.020833333333333332
1 0.90703125 0.017708333333333333 0.021875 0.022916666666666665
1 0.98359375 0.23854166666666668 0.03125 0.035416666666666666
1 0.6328125 0.684375 0.028125 0.04583333333333333
1 0.4796875 0.6989583333333333 0.01875 0.022916666666666665
1 0.44921875 0.796875 0.0453125 0.0375
1 0.24765625 0.7052083333333333 0.0234375 0.025
1 0.265625 0.68125 0.0234375 0.025
1 0.21484375 0.6697916666666667 0.0265625 0.025
1 0.12578125 0.571875 0.0234375 0.020833333333333332
1 0.1703125 0.496875 0.0109375 0.03125
1 0.421875 0.6458333333333334 0.03125 0.04375
1 0.390625 0.684375 0.028125 0.041666666666666664
1 0.34921875 0.7052083333333333 0.0484375 0.05625
1 0.084375 0.48333333333333334 0.028125 0.029166666666666667
1 0.12578125 0.4979166666666667 0.034375 0.035416666666666666
1 0.35390625 0.5260416666666666 0.0484375 0.052083333333333336
1 0.3578125 0.6114583333333333 0.046875 0.04791666666666667
1 0.30390625 0.6114583333333333 0.0265625 0.03333333333333333
1 0.5234375 0.6260416666666667 0.03125 0.04375
1 0.54375 0.6583333333333333 0.0296875 0.027083333333333334
1 0.8265625 0.5864583333333333 0.025 0.025
1 0.69296875 0.2520833333333333 0.0171875 0.029166666666666667
1 0.6890625 0.38333333333333336 0.034375 0.041666666666666664
1 0.778125 0.43125 0.0234375 0.03125
1 0.7765625 0.48854166666666665 0.03125 0.03125
1 0.7359375 0.5375 0.0515625 0.0625
1 0.71171875 0.5041666666666667 0.0296875 0.0375
1 0.56015625 0.5052083333333334 0.0375 0.041666666666666664
1 0.5453125 0.48333333333333334 0.03125 0.03333333333333333
1 0.46015625 0.34270833333333334 0.025 0.04791666666666667
1 0.38046875 0.3125 0.025 0.03125
1 0.47109375 0.21979166666666666 0.0203125 0.025
1 0.57109375 0.35208333333333336 0.0296875 0.041666666666666664
1 0.66953125 0.12083333333333333 0.03125 0.03333333333333333
1 0.59765625 0.021875 0.040625 0.04375
1 0.59296875 0.07083333333333333 0.0375 0.029166666666666667
1 0.4390625 0.090625 0.021875 0.058333333333333334
1 0.2421875 0.007291666666666667 0.03125 0.014583333333333334
1 0.2078125 0.010416666666666666 0.021875 0.020833333333333332
1 0.19921875 0.5291666666666667 0.0234375 0.025
1 0.1671875 0.4041666666666667 0.0203125 0.020833333333333332
1 0.23359375 0.37604166666666666 0.0234375 0.035416666666666666
1 0.2578125 0.3 0.034375 0.052083333333333336
1 0.2984375 0.290625 0.0375 0.04791666666666667
1 0.2734375 0.25833333333333336 0.03125 0.03125
0 0.5671875 0.9760416666666667 0.09375 0.04791666666666667
0 0.509375 0.759375 0.2265625 0.48125
0 0.64453125 0.5645833333333333 0.6890625 0.3458333333333333
0 0.68359375 0.33125 0.4234375 0.4708333333333333
0 0.5984375 0.16979166666666667 0.3828125 0.3375