1 0.811328125 0.8055555555555556 0.0125 0.013888888888888888
1 0.868359375 0.8576388888888888 0.009375 0.020833333333333332
1 0.9171875 0.8458333333333333 0.02734375 0.08888888888888889
1 0.4296875 0.7076388888888889 0.0203125 0.03888888888888889
1 0.790234375 0.7402777777777778 0.03515625 0.04583333333333333
1 0.842578125 0.9770833333333333 0.01640625 0.027777777777777776
1 0.76953125 0.8673611111111111 0.01875 0.029166666666666667
1 0.554296875 0.9201388888888888 0.0171875 0.013888888888888888
1 0.731640625 0.9520833333333333 0.0421875 0.06527777777777778
1 0.93046875 0.9368055555555556 0.0125 0.02638888888888889
1 0.6890625 0.9368055555555556 0.0203125 0.041666666666666664
1 0.58828125 0.8145833333333333 0.034375 0.05138888888888889
1 0.529296875 0.8965277777777778 0.0203125 0.043055555555555555
1 0.53203125 0.95625 0.0125 0.0375
1 0.64296875 0.5770833333333333 0.021875 0.034722222222222224
0 0.11640625 0.6625 0.2328125 0.22777777777777777
1 0.81171875 0.5881944444444445 0.01171875 0.018055555555555554
1 0.8734375 0.6215277777777778 0.02890625 0.034722222222222224
1 0.95859375 0.7055555555555556 0.02109375 0.025
1 0.85078125 0.11597222222222223 0.015625 0.03194444444444444
1 0.791796875 0.6125 0.01875 0.03611111111111111
1 0.7515625 0.5701388888888889 0.0078125 0.02361111111111111
0 0.63828125 0.10486111111111111 0.075 0.20972222222222223
1 0.88984375 0.05694444444444444 0.02109375 0.029166666666666667
1 0.766015625 0.011805555555555555 0.01484375 0.02361111111111111
0 0.68046875 0.7506944444444444 0.2828125 0.25972222222222224
1 0.965234375 0.7743055555555556 0.034375 0.09583333333333334
1 0.934765625 0.7298611111111111 0.01875 0.016666666666666666
0 0.109765625 0.32708333333333334 0.21953125 0.10138888888888889
0 0.663671875 0.8840277777777777 0.090625 0.23194444444444445
0 0.12265625 0.8222222222222222 0.19609375 0.32916666666666666
0 0.642578125 0.5180555555555556 0.215625 0.44027777777777777
1 0.946484375 0.05347222222222222 0.08828125 0.10694444444444444
1 0.82421875 0.04375 0.01484375 0.030555555555555555
1 0.972265625 0.5958333333333333 0.02578125 0.05694444444444444
1 0.844140625 0.2513888888888889 0.02578125 0.058333333333333334
1 0.866796875 0.07291666666666667 0.021875 0.06388888888888888
1 0.888671875 0.5840277777777778 0.01796875 0.03611111111111111
0 0.1140625 0.95625 0.08515625 0.0875
1 0.9953125 0.6486111111111111 0.009375 0.027777777777777776
0 0.105078125 0.17708333333333334 0.0890625 0.3541666666666667
1 0.900390625 0.7784722222222222 0.0140625 0.015277777777777777
1 0.606640625 0.3416666666666667 0.05703125 0.08472222222222223
1 0.77421875 0.04652777777777778 0.015625 0.02638888888888889
1 0.749609375 0.10208333333333333 0.04296875 0.08333333333333333
1 0.5859375 0.08680555555555555 0.03671875 0.07777777777777778
1 0.709375 0.1763888888888889 0.04453125 0.07083333333333333
1 0.543359375 0.027777777777777776 0.03125 0.05
1 0.572265625 0.014583333333333334 0.025 0.029166666666666667
1 0.513671875 0.19583333333333333 0.01484375 0.03333333333333333
1 0.915234375 0.44305555555555554 0.01484375 0.025
1 0.98671875 0.25416666666666665 0.0265625 0.05416666666666667
1 0.874609375 0.25416666666666665 0.028125 0.04583333333333333
1 0.778125 0.24097222222222223 0.0203125 0.03611111111111111
1 0.91796875 0.1763888888888889 0.0171875 0.0375
1 0.823046875 0.4875 0.0171875 0.022222222222222223
1 0.82265625 0.3680555555555556 0.02109375 0.0375
1 0.82578125 0.16944444444444445 0.02109375 0.05694444444444444
1 0.89296875 0.30486111111111114 0.05546875 0.08611111111111111
1 0.990625 0.35625 0.01875 0.030555555555555555
1 0.477734375 0.2423611111111111 0.01640625 0.02638888888888889
1 0.719140625 0.36319444444444443 0.01640625 0.03611111111111111
1 0.41171875 0.3597222222222222 0.02109375 0.05
1 0.52109375 0.11805555555555555 0.02421875 0.059722222222222225
1 0.073046875 0.4305555555555556 0.01953125 0.02638888888888889
1 0.763671875 0.53125 0.015625 0.019444444444444445
1 0.166015625 0.034722222222222224 0.0171875 0.04027777777777778
1 0.70078125 0.425 0.01796875 0.022222222222222223
1 0.734375 0.49375 0.03828125 0.06527777777777778
1 0.510546875 0.24791666666666667 0.01484375 0.02638888888888889
1 0.06953125 0.9791666666666666 0.0125 0.015277777777777777
1 0.2046875 0.8611111111111112 0.0125 0.02361111111111111
1 0.3203125 0.15 0.0078125 0.018055555555555554
1 0.228125 0.8625 0.02265625 0.03888888888888889
1 0.319140625 0.41388888888888886 0.0125 0.018055555555555554
1 0.787109375 0.33055555555555555 0.0109375 0.015277777777777777
1 0.439453125 0.3902777777777778 0.015625 0.034722222222222224
1 0.37109375 0.6861111111111111 0.02421875 0.05694444444444444
1 0.41640625 0.5770833333333333 0.00859375 0.015277777777777777
1 0.4796875 0.5020833333333333 0.0125 0.02361111111111111
1 0.493359375 0.31875 0.01953125 0.034722222222222224
1 0.3359375 0.4111111111111111 0.00859375 0.015277777777777777
1 0.115234375 0.9868055555555556 0.01640625 0.025
1 0.180078125 0.8652777777777778 0.0125 0.0125
1 0.212109375 0.7034722222222223 0.03984375 0.05277777777777778
1 0.205859375 0.6416666666666667 0.028125 0.04027777777777778
1 0.1125 0.7131944444444445 0.03359375 0.05555555555555555
1 0.031640625 0.5965277777777778 0.034375 0.034722222222222224
1 0.22421875 0.5069444444444444 0.0203125 0.041666666666666664
1 0.0609375 0.5451388888888888 0.046875 0.044444444444444446
1 0.198046875 0.5013888888888889 0.02109375 0.05
1 0.1046875 0.44166666666666665 0.02109375 0.0375
1 0.109375 0.39652777777777776 0.015625 0.02638888888888889
1 0.096484375 0.29791666666666666 0.02109375 0.03888888888888889
1 0.2828125 0.013194444444444444 0.015625 0.02638888888888889
1 0.1984375 0.11736111111111111 0.0140625 0.027777777777777776
1 0.26171875 0.13402777777777777 0.0484375 0.13472222222222222
1 0.38203125 0.09236111111111112 0.03125 0.059722222222222225
1 0.425 0.011805555555555555 0.0203125 0.02361111111111111
1 0.53984375 0.1597222222222222 0.01640625 0.0375
1 0.448046875 0.2875 0.0296875 0.07777777777777778
1 0.499609375 0.4041666666666667 0.0265625 0.034722222222222224
1 0.425 0.44583333333333336 0.02421875 0.06388888888888888
1 0.459765625 0.8493055555555555 0.0296875 0.0763888888888889
1 0.4015625 0.75625 0.01640625 0.030555555555555555
1 0.4921875 0.8597222222222223 0.0203125 0.041666666666666664
1 0.61640625 0.9479166666666666 0.02421875 0.05
1 0.961328125 0.9486111111111111 0.01484375 0.025
1 0.665625 0.5569444444444445 0.025 0.02361111111111111
1 0.712890625 0.8041666666666667 0.05234375 0.0875
1 0.640234375 0.5270833333333333 0.01640625 0.03333333333333333
1 0.680859375 0.8472222222222222 0.0296875 0.04583333333333333
1 0.868359375 0.7798611111111111 0.0328125 0.058333333333333334
1 0.285546875 0.7645833333333333 0.01796875 0.043055555555555555
1 0.5296875 0.7055555555555556 0.0234375 0.05
1 0.319921875 0.6798611111111111 0.0140625 0.016666666666666666
1 0.25546875 0.81875 0.021875 0.04583333333333333
1 0.14375 0.7347222222222223 0.015625 0.027777777777777776
1 0.26640625 0.9763888888888889 0.046875 0.04722222222222222
1 0.312890625 0.6256944444444444 0.01796875 0.0375