1 0.62421875 0.890625 0.0515625 0.04791666666666667
1 0.36953125 0.38333333333333336 0.0140625 0.01875
0 0.45859375 0.9552083333333333 0.071875 0.08958333333333333
0 0.48828125 0.7729166666666667 0.0390625 0.13125
0 0.51328125 0.4791666666666667 0.21875 0.13958333333333334
0 0.51171875 0.17604166666666668 0.1109375 0.35208333333333336
1 0.68984375 0.28125 0.021875 0.029166666666666667
1 0.6390625 0.17604166666666668 0.0265625 0.03333333333333333
1 0.6625 0.15104166666666666 0.028125 0.03333333333333333
1 0.63359375 0.11875 0.0234375 0.0375
1 0.53515625 0.20416666666666666 0.028125 0.029166666666666667
1 0.49375 0.340625 0.040625 0.041666666666666664
1 0.50078125 0.415625 0.034375 0.04375
1 0.3796875 0.46458333333333335 0.04375 0.04375
1 0.3734375 0.515625 0.0375 0.035416666666666666
1 0.33125 0.3125 0.021875 0.03333333333333333
1 0.26953125 0.25625 0.0171875 0.025
1 0.25 0.3072916666666667 0.028125 0.03958333333333333
1 0.73984375 0.309375 0.0296875 0.0375
1 0.665625 0.38229166666666664 0.0359375 0.03958333333333333
1 0.63046875 0.4166666666666667 0.0171875 0.03333333333333333
1 0.53984375 0.4739583333333333 0.0203125 0.020833333333333332
1 0.8375 0.2864583333333333 0.0234375 0.03125
1 0.88046875 0.5416666666666666 0.0125 0.022916666666666665
1 0.48671875 0.5510416666666667 0.021875 0.027083333333333334
1 0.37890625 0.6520833333333333 0.04375 0.058333333333333334
1 0.52109375 0.9947916666666666 0.03125 0.010416666666666666
1 0.64375 0.9770833333333333 0.015625 0.020833333333333332
1 0.69765625 0.8177083333333334 0.0203125 0.03125
1 0.72734375 0.928125 0.0140625 0.014583333333333334
1 0.325 0.8875 0.0234375 0.029166666666666667
1 0.35390625 0.834375 0.0421875 0.0375
1 0.15 0.875 0.0359375 0.041666666666666664
1 0.075 0.8479166666666667 0.021875 0.027083333333333334
1 0.0375 0.54375 0.0546875 0.041666666666666664
1 0.07734375 0.6510416666666666 0.025 0.025
1 0.0125 0.6791666666666667 0.025 0.022916666666666665
1 0.1875 0.65 0.0296875 0.035416666666666666
1 0.5171875 0.815625 0.0171875 0.035416666666666666
1 0.6578125 0.496875 0.01875 0.016666666666666666
1 0.884375 0.45208333333333334 0.015625 0.025
1 0.25546875 0.009375 0.034375 0.01875
1 0.2953125 0.0375 0.0296875 0.035416666666666666
1 0.0125 0.14583333333333334 0.0234375 0.03125
1 0.03203125 0.478125 0.0625 0.05416666666666667
1 0.1921875 0.9822916666666667 0.0171875 0.035416666666666666