0 0.090625 0.10486111111111111 0.18125 0.20972222222222223
0 0.1234375 0.3215277777777778 0.1703125 0.24861111111111112
1 0.165625 0.6444444444444445 0.0140625 0.02361111111111111
0 0.09765625 0.6743055555555556 0.18359375 0.6513888888888889
0 0.175390625 0.8652777777777778 0.26796875 0.26944444444444443
0 0.76953125 0.9645833333333333 0.19765625 0.07083333333333333
1 0.7421875 0.7840277777777778 0.01328125 0.02361111111111111
0 0.666796875 0.6027777777777777 0.1625 0.3958333333333333
0 0.741796875 0.30277777777777776 0.125 0.4986111111111111
0 0.746875 0.11805555555555555 0.2953125 0.2361111111111111
1 0.1171875 0.2423611111111111 0.01484375 0.022222222222222223
1 0.132421875 0.0875 0.021875 0.022222222222222223
1 0.062109375 0.1423611111111111 0.0109375 0.015277777777777777
1 0.07109375 0.12083333333333333 0.02265625 0.03611111111111111
1 0.412890625 0.24930555555555556 0.04609375 0.044444444444444446
1 0.32890625 0.25625 0.021875 0.04027777777777778
1 0.299609375 0.23194444444444445 0.01328125 0.02361111111111111
1 0.28515625 0.20277777777777778 0.01953125 0.03888888888888889
1 0.64453125 0.3958333333333333 0.015625 0.027777777777777776
1 0.684765625 0.5548611111111111 0.01015625 0.02361111111111111
1 0.728515625 0.6819444444444445 0.015625 0.03194444444444444
1 0.434765625 0.8076388888888889 0.0328125 0.059722222222222225
1 0.08671875 0.6708333333333333 0.0109375 0.022222222222222223
1 0.127734375 0.7131944444444445 0.00859375 0.020833333333333332
1 0.991796875 0.5208333333333334 0.0140625 0.029166666666666667
1 0.827734375 0.8375 0.02109375 0.06111111111111111
1 0.570703125 0.36180555555555555 0.04921875 0.12222222222222222
1 0.597265625 0.3993055555555556 0.00859375 0.019444444444444445
1 0.59296875 0.46319444444444446 0.01015625 0.020833333333333332
1 0.5734375 0.46597222222222223 0.01484375 0.027777777777777776
1 0.53515625 0.3736111111111111 0.02109375 0.05277777777777778
1 0.50234375 0.36736111111111114 0.0078125 0.015277777777777777
1 0.53671875 0.30486111111111114 0.02890625 0.05694444444444444
1 0.497265625 0.20625 0.03359375 0.08055555555555556
1 0.55390625 0.1951388888888889 0.0140625 0.03888888888888889
1 0.60234375 0.2375 0.03203125 0.05555555555555555
1 0.663671875 0.24375 0.0234375 0.04722222222222222
1 0.68828125 0.2826388888888889 0.01640625 0.03333333333333333
1 0.74296875 0.20972222222222223 0.02265625 0.044444444444444446
1 0.868359375 0.2708333333333333 0.01328125 0.029166666666666667
1 0.562890625 0.11180555555555556 0.025 0.05277777777777778
1 0.594140625 0.05 0.028125 0.0375
1 0.6171875 0.06527777777777778 0.01640625 0.03611111111111111
1 0.49375 0.12291666666666666 0.02578125 0.05416666666666667
1 0.554296875 0.022916666666666665 0.0296875 0.04583333333333333
1 0.80703125 0.35138888888888886 0.01484375 0.034722222222222224
1 0.9 0.14444444444444443 0.01328125 0.022222222222222223
1 0.953515625 0.09583333333333334 0.02421875 0.0625
1 0.99375 0.13958333333333334 0.0125 0.03888888888888889
1 0.930859375 0.06111111111111111 0.015625 0.03611111111111111
1 0.88203125 0.06527777777777778 0.01328125 0.030555555555555555
1 0.70078125 0.15625 0.00859375 0.019444444444444445
1 0.765234375 0.4708333333333333 0.01875 0.02638888888888889
1 0.7828125 0.45416666666666666 0.01171875 0.02361111111111111
1 0.790234375 0.4965277777777778 0.0203125 0.018055555555555554
1 0.659375 0.5243055555555556 0.0203125 0.041666666666666664
1 0.630859375 0.5291666666666667 0.01171875 0.022222222222222223
1 0.634375 0.5965277777777778 0.01875 0.034722222222222224
1 0.58984375 0.5534722222222223 0.01796875 0.019444444444444445
1 0.53046875 0.6361111111111111 0.025 0.059722222222222225
1 0.564453125 0.6486111111111111 0.03671875 0.0625
1 0.575 0.7506944444444444 0.028125 0.05416666666666667
1 0.575 0.8055555555555556 0.01953125 0.05138888888888889
1 0.60625 0.775 0.0140625 0.02638888888888889
1 0.62578125 0.7708333333333334 0.021875 0.058333333333333334
1 0.64296875 0.7375 0.02578125 0.05138888888888889
1 0.6421875 0.8930555555555556 0.01875 0.05416666666666667
1 0.234375 0.9111111111111111 0.02578125 0.03194444444444444
1 0.349609375 0.9 0.01328125 0.025
1 0.330859375 0.8638888888888889 0.03984375 0.0763888888888889
1 0.210546875 0.7513888888888889 0.01875 0.03888888888888889
1 0.248046875 0.47708333333333336 0.01171875 0.027777777777777776
1 0.182421875 0.5006944444444444 0.01015625 0.022222222222222223
1 0.028515625 0.4736111111111111 0.01875 0.02361111111111111
1 0.165625 0.59375 0.01484375 0.03333333333333333
1 0.798046875 0.9131944444444444 0.01953125 0.034722222222222224
1 0.766796875 0.9513888888888888 0.0390625 0.05277777777777778
1 0.05703125 0.9826388888888888 0.01328125 0.034722222222222224
1 0.099609375 0.03958333333333333 0.03046875 0.05
1 0.6890625 0.8840277777777777 0.02265625 0.03888888888888889
1 0.703125 0.95 0.03359375 0.03611111111111111
1 0.121484375 0.7722222222222223 0.00859375 0.015277777777777777
1 0.092578125 0.9840277777777777 0.01171875 0.03194444444444444
1 0.664453125 0.9125 0.01953125 0.044444444444444446
1 0.556640625 0.8729166666666667 0.01484375 0.029166666666666667
1 0.11640625 0.5583333333333333 0.021875 0.05138888888888889
1 0.114453125 0.49444444444444446 0.021875 0.034722222222222224
1 0.49375 0.9326388888888889 0.01328125 0.020833333333333332
1 0.43046875 0.4840277777777778 0.009375 0.013888888888888888
1 0.512109375 0.5951388888888889 0.01015625 0.016666666666666666
1 0.491015625 0.5215277777777778 0.01953125 0.03888888888888889
1 0.44140625 0.5388888888888889 0.01796875 0.02638888888888889
1 0.44296875 0.6006944444444444 0.0125 0.022222222222222223
1 0.35 0.60625 0.01875 0.0375
1 0.390234375 0.6958333333333333 0.01796875 0.030555555555555555
1 0.41328125 0.7881944444444444 0.0140625 0.043055555555555555