1 0.90703125 0.6958333333333333 0.01953125 0.03194444444444444
1 0.983984375 0.8840277777777777 0.0265625 0.06805555555555555
1 0.933203125 0.8729166666666667 0.01640625 0.03611111111111111
1 0.9578125 0.8777777777777778 0.0171875 0.029166666666666667
1 0.862890625 0.9263888888888889 0.01171875 0.016666666666666666
1 0.739453125 0.9138888888888889 0.0390625 0.05416666666666667
1 0.748046875 0.9951388888888889 0.01015625 0.009722222222222222
1 0.612109375 0.9333333333333333 0.02265625 0.04861111111111111
1 0.70859375 0.5618055555555556 0.01796875 0.034722222222222224
1 0.671875 0.5222222222222223 0.01640625 0.03333333333333333
1 0.71015625 0.36180555555555555 0.015625 0.04027777777777778
1 0.742578125 0.2659722222222222 0.0125 0.020833333333333332
1 0.71328125 0.22777777777777777 0.0234375 0.03611111111111111
1 0.766796875 0.27847222222222223 0.015625 0.03194444444444444
1 0.8015625 0.28194444444444444 0.01328125 0.02361111111111111
1 0.81953125 0.19375 0.06015625 0.08333333333333333
1 0.883203125 0.2791666666666667 0.021875 0.041666666666666664
1 0.884375 0.4354166666666667 0.01640625 0.03888888888888889
1 0.896484375 0.3909722222222222 0.02265625 0.043055555555555555
1 0.919921875 0.41180555555555554 0.01796875 0.06805555555555555
1 0.972265625 0.18611111111111112 0.021875 0.0375
1 0.966015625 0.01597222222222222 0.0203125 0.03194444444444444
1 0.769140625 0.04791666666666667 0.01328125 0.022222222222222223
1 0.796875 0.11666666666666667 0.009375 0.013888888888888888
1 0.58359375 0.10277777777777777 0.03359375 0.05277777777777778
1 0.465625 0.029861111111111113 0.01796875 0.030555555555555555
1 0.50546875 0.004861111111111111 0.0078125 0.009722222222222222
1 0.605859375 0.30833333333333335 0.025 0.041666666666666664
1 0.275390625 0.5326388888888889 0.028125 0.04861111111111111
1 0.217578125 0.5229166666666667 0.01484375 0.02361111111111111
1 0.192578125 0.5715277777777777 0.0125 0.016666666666666666
1 0.17109375 0.6375 0.0203125 0.0375
1 0.160546875 0.6875 0.01796875 0.025
1 0.11484375 0.7638888888888888 0.01640625 0.03611111111111111
1 0.037109375 0.5479166666666667 0.0265625 0.059722222222222225
1 0.1375 0.5111111111111111 0.015625 0.034722222222222224
1 0.16171875 0.4847222222222222 0.02265625 0.04027777777777778
1 0.094921875 0.4395833333333333 0.0125 0.03333333333333333
1 0.20859375 0.3402777777777778 0.03515625 0.07083333333333333
1 0.126171875 0.4125 0.0109375 0.025
1 0.156640625 0.3680555555555556 0.01015625 0.025
1 0.15078125 0.27708333333333335 0.01328125 0.03333333333333333
1 0.11328125 0.23680555555555555 0.01328125 0.029166666666666667
1 0.20234375 0.20625 0.01953125 0.0375
1 0.146875 0.24513888888888888 0.00703125 0.022222222222222223
1 0.188671875 0.12361111111111112 0.02890625 0.04583333333333333
1 0.219921875 0.125 0.025 0.08888888888888889
1 0.2609375 0.125 0.02734375 0.05555555555555555
1 0.23125 0.2298611111111111 0.0140625 0.027777777777777776
1 0.02890625 0.015277777777777777 0.02109375 0.030555555555555555
1 0.084765625 0.025 0.034375 0.05
1 0.830078125 0.5333333333333333 0.0140625 0.025
1 0.936328125 0.6048611111111111 0.0359375 0.05694444444444444
0 0.614453125 0.2972222222222222 0.16796875 0.3861111111111111
0 0.6140625 0.5944444444444444 0.2734375 0.34444444444444444
0 0.6734375 0.7958333333333333 0.08984375 0.4083333333333333
0 0.5875 0.9611111111111111 0.21953125 0.07777777777777778
0 0.146484375 0.9395833333333333 0.1921875 0.12083333333333333
0 0.12578125 0.7611111111111111 0.09921875 0.44027777777777777
0 0.126953125 0.21319444444444444 0.1125 0.4263888888888889
1 0.296875 0.9145833333333333 0.02109375 0.05555555555555555
1 0.170703125 0.39861111111111114 0.01328125 0.027777777777777776
1 0.03046875 0.8861111111111111 0.01328125 0.029166666666666667
1 0.099609375 0.3236111111111111 0.059375 0.1111111111111111
1 0.966015625 0.33125 0.00703125 0.0125
0 0.68125 0.09444444444444444 0.14609375 0.18888888888888888
1 0.1828125 0.7465277777777778 0.0328125 0.06944444444444445
1 0.214453125 0.7597222222222222 0.03359375 0.05138888888888889
1 0.24453125 0.7541666666666667 0.015625 0.029166666666666667
1 0.271875 0.81875 0.02109375 0.03194444444444444
1 0.26328125 0.8993055555555556 0.015625 0.025
1 0.208203125 0.9645833333333333 0.028125 0.03194444444444444
1 0.234765625 0.9826388888888888 0.021875 0.034722222222222224
1 0.0890625 0.8979166666666667 0.02578125 0.05555555555555555
1 0.18671875 0.9236111111111112 0.00703125 0.011111111111111112
1 0.334765625 0.7861111111111111 0.0140625 0.020833333333333332
1 0.509375 0.69375 0.01953125 0.03611111111111111
1 0.6015625 0.6458333333333334 0.025 0.05277777777777778
1 0.63515625 0.7194444444444444 0.0328125 0.059722222222222225
1 0.699609375 0.7319444444444444 0.03828125 0.1125
1 0.747265625 0.7423611111111111 0.021875 0.029166666666666667
1 0.73515625 0.6138888888888889 0.015625 0.058333333333333334
1 0.768359375 0.6645833333333333 0.0125 0.027777777777777776
1 0.87578125 0.7027777777777777 0.0296875 0.05555555555555555
1 0.959765625 0.8104166666666667 0.025 0.03888888888888889