1 0.3546875 0.7520833333333333 0.0265625 0.0375
1 0.3171875 0.3885416666666667 0.015625 0.022916666666666665
1 0.43515625 0.8854166666666666 0.021875 0.027083333333333334
1 0.3828125 0.22708333333333333 0.0703125 0.025
1 0.42109375 0.125 0.0171875 0.01875
1 0.428125 0.7302083333333333 0.0296875 0.03333333333333333
1 0.70546875 0.08333333333333333 0.034375 0.03125
1 0.71875 0.28541666666666665 0.0265625 0.03333333333333333
1 0.625 0.21875 0.0203125 0.029166666666666667
1 0.66640625 0.08958333333333333 0.0234375 0.03125
0 0.58046875 0.06354166666666666 0.0734375 0.12708333333333333
0 0.60859375 0.2916666666666667 0.1046875 0.33125
0 0.496875 0.49166666666666664 0.3265625 0.2375
0 0.52265625 0.821875 0.2234375 0.32916666666666666
0 0.5875 0.9458333333333333 0.0859375 0.10833333333333334