1 0.63203125 0.6208333333333333 0.01484375 0.05694444444444444
1 0.5203125 0.09930555555555555 0.00859375 0.013888888888888888
1 0.588671875 0.21875 0.0078125 0.013888888888888888
1 0.1828125 0.6326388888888889 0.009375 0.018055555555555554
1 0.388671875 0.16458333333333333 0.00703125 0.020833333333333332
1 0.46484375 0.1111111111111111 0.009375 0.025
1 0.490234375 0.44027777777777777 0.02265625 0.02361111111111111
1 0.501953125 0.46111111111111114 0.0203125 0.029166666666666667
1 0.7109375 0.47847222222222224 0.003125 0.008333333333333333
1 0.71796875 0.47152777777777777 0.00625 0.015277777777777777
1 0.6140625 0.3972222222222222 0.015625 0.03194444444444444
1 0.717578125 0.34444444444444444 0.02109375 0.04722222222222222
1 0.69140625 0.2902777777777778 0.0171875 0.0375
1 0.682421875 0.059027777777777776 0.0296875 0.07083333333333333
1 0.70625 0.10694444444444444 0.03359375 0.08333333333333333
1 0.748046875 0.07291666666666667 0.0171875 0.034722222222222224
1 0.756640625 0.04097222222222222 0.009375 0.013888888888888888
1 0.794921875 0.06180555555555556 0.009375 0.02361111111111111
1 0.8296875 0.025694444444444443 0.01171875 0.019444444444444445
1 0.84453125 0.010416666666666666 0.01875 0.020833333333333332
1 0.933984375 0.013194444444444444 0.02265625 0.025
1 0.89921875 0.058333333333333334 0.02421875 0.03611111111111111
1 0.995703125 0.025 0.00859375 0.041666666666666664
1 0.9796875 0.04861111111111111 0.02109375 0.03333333333333333
1 0.940625 0.08611111111111111 0.0109375 0.027777777777777776
1 0.970703125 0.12083333333333333 0.03125 0.0625
1 0.928125 0.2048611111111111 0.01875 0.05138888888888889
1 0.88828125 0.18888888888888888 0.03359375 0.05694444444444444
1 0.812109375 0.30277777777777776 0.0140625 0.02361111111111111
1 0.80078125 0.40555555555555556 0.01328125 0.030555555555555555
1 0.790234375 0.525 0.0421875 0.05138888888888889
1 0.8203125 0.5576388888888889 0.01484375 0.020833333333333332
1 0.922265625 0.5694444444444444 0.01640625 0.05138888888888889
1 0.79609375 0.6569444444444444 0.04296875 0.13055555555555556
1 0.878515625 0.6638888888888889 0.01015625 0.013888888888888888
1 0.909375 0.6520833333333333 0.0296875 0.04722222222222222
1 0.94140625 0.7159722222222222 0.01640625 0.05
1 0.88359375 0.7277777777777777 0.01953125 0.0375
1 0.92109375 0.7979166666666667 0.01875 0.03611111111111111
1 0.9578125 0.8770833333333333 0.01796875 0.03194444444444444
1 0.935546875 0.9881944444444445 0.01796875 0.02361111111111111
1 0.85859375 0.9520833333333333 0.02109375 0.027777777777777776
1 0.838671875 0.88125 0.0109375 0.022222222222222223
0 0.07734375 0.08819444444444445 0.15234375 0.1763888888888889
0 0.1328125 0.16180555555555556 0.19140625 0.3236111111111111
0 0.126953125 0.5527777777777778 0.20703125 0.20277777777777778
0 0.127734375 0.9 0.2421875 0.2
0 0.623828125 0.9270833333333334 0.05703125 0.14583333333333334
0 0.675390625 0.7486111111111111 0.20078125 0.33055555555555555
0 0.6421875 0.47847222222222224 0.26328125 0.3638888888888889
0 0.622265625 0.36666666666666664 0.2765625 0.37222222222222223
0 0.637890625 0.11388888888888889 0.0875 0.22777777777777777
1 0.173828125 0.05138888888888889 0.01484375 0.05138888888888889
1 0.2328125 0.008333333333333333 0.0125 0.016666666666666666
1 0.208984375 0.2465277777777778 0.040625 0.0875
1 0.244140625 0.28055555555555556 0.01796875 0.03888888888888889
1 0.187109375 0.35555555555555557 0.00859375 0.020833333333333332
1 0.11875 0.33958333333333335 0.0265625 0.05694444444444444
1 0.083984375 0.25555555555555554 0.00859375 0.02638888888888889
1 0.221875 0.5465277777777777 0.0171875 0.03611111111111111
1 0.190625 0.4965277777777778 0.0125 0.016666666666666666
1 0.246484375 0.45416666666666666 0.0109375 0.02361111111111111
1 0.257421875 0.4756944444444444 0.01015625 0.019444444444444445
1 0.3203125 0.6798611111111111 0.02890625 0.06388888888888888
1 0.23359375 0.7451388888888889 0.01328125 0.03194444444444444
1 0.198046875 0.7180555555555556 0.0203125 0.0375
1 0.144921875 0.6958333333333333 0.03359375 0.059722222222222225
1 0.173046875 0.7951388888888888 0.01796875 0.03888888888888889
1 0.209375 0.9173611111111111 0.02734375 0.07222222222222222
1 0.16953125 0.89375 0.0109375 0.029166666666666667
1 0.1046875 0.8618055555555556 0.01640625 0.029166666666666667
1 0.034375 0.8597222222222223 0.01015625 0.03194444444444444
1 0.265234375 0.9583333333333334 0.0109375 0.015277777777777777
1 0.562109375 0.9548611111111112 0.02890625 0.06527777777777778
1 0.6046875 0.925 0.0109375 0.034722222222222224
1 0.590234375 0.8430555555555556 0.015625 0.03333333333333333
1 0.690625 0.9458333333333333 0.02109375 0.027777777777777776
1 0.779296875 0.7861111111111111 0.01953125 0.041666666666666664
1 0.819140625 0.80625 0.01171875 0.027777777777777776
1 0.75390625 0.7208333333333333 0.015625 0.04027777777777778
1 0.676953125 0.7118055555555556 0.03203125 0.04861111111111111
1 0.648046875 0.6923611111111111 0.0203125 0.03333333333333333
1 0.555859375 0.6729166666666667 0.01640625 0.03888888888888889
1 0.585546875 0.6847222222222222 0.01796875 0.030555555555555555
1 0.61484375 0.625 0.01953125 0.041666666666666664
1 0.78203125 0.8166666666666667 0.01640625 0.02361111111111111
1 0.01171875 0.23819444444444443 0.0109375 0.03333333333333333
1 0.30625 0.9118055555555555 0.00625 0.015277777777777777
1 0.5328125 0.23402777777777778 0.00703125 0.0125