1 0.078125 0.7916666666666666 0.053125 0.03333333333333333
1 0.8703125 0.3625 0.053125 0.06458333333333334
1 0.875 0.10416666666666667 0.075 0.10208333333333333
1 0.14921875 0.3729166666666667 0.01875 0.04583333333333333
0 0.4484375 0.01875 0.0984375 0.0375
0 0.528125 0.28229166666666666 0.4796875 0.3104166666666667
1 0.15234375 0.49166666666666664 0.015625 0.016666666666666666
1 0.184375 0.971875 0.0109375 0.0125
1 0.43984375 0.878125 0.0140625 0.016666666666666666
0 0.44296875 0.9208333333333333 0.1203125 0.15833333333333333
0 0.43046875 0.8552083333333333 0.4234375 0.28958333333333336
1 0.42109375 0.753125 0.0203125 0.022916666666666665
1 0.01171875 0.6260416666666667 0.0234375 0.03333333333333333
1 0.16875 0.6208333333333333 0.025 0.05
1 0.0890625 0.4322916666666667 0.021875 0.027083333333333334
1 0.08203125 0.29375 0.0234375 0.027083333333333334
1 0.003125 0.3125 0.00625 0.016666666666666666
1 0.10078125 0.16666666666666666 0.0203125 0.03333333333333333
1 0.15546875 0.21145833333333333 0.0140625 0.020833333333333332
1 0.12421875 0.08541666666666667 0.0546875 0.0625
1 0.00625 0.0125 0.0125 0.025
1 0.0859375 0.007291666666666667 0.025 0.014583333333333334
1 0.32578125 0.125 0.040625 0.05625
1 0.39609375 0.0875 0.05 0.07083333333333333
1 0.43515625 0.13333333333333333 0.05625 0.05625
1 0.46171875 0.046875 0.0140625 0.020833333333333332
1 0.53515625 0.040625 0.0375 0.08125
1 0.5296875 0.11354166666666667 0.09375 0.07291666666666667
1 0.60234375 0.10625 0.0421875 0.04583333333333333
1 0.59453125 0.146875 0.015625 0.020833333333333332
1 0.55859375 0.221875 0.0609375 0.03958333333333333
1 0.4828125 0.265625 0.0359375 0.075
1 0.54296875 0.28125 0.0859375 0.08541666666666667
1 0.5953125 0.2708333333333333 0.0125 0.01875
1 0.61640625 0.3145833333333333 0.028125 0.035416666666666666
1 0.37265625 0.3145833333333333 0.0671875 0.08125
1 0.3390625 0.37395833333333334 0.0453125 0.0375
1 0.4015625 0.365625 0.028125 0.03333333333333333
1 0.3859375 0.4166666666666667 0.034375 0.041666666666666664
1 0.35078125 0.44375 0.05 0.04791666666666667
1 0.29609375 0.48541666666666666 0.021875 0.03125
1 0.37578125 0.5 0.059375 0.06666666666666667
1 0.41875 0.509375 0.0296875 0.04791666666666667
1 0.32578125 0.5583333333333333 0.05 0.05
1 0.43046875 0.5489583333333333 0.0203125 0.022916666666666665
1 0.490625 0.5145833333333333 0.03125 0.03958333333333333
1 0.49765625 0.5895833333333333 0.0203125 0.020833333333333332
1 0.55390625 0.6375 0.046875 0.06041666666666667
1 0.58984375 0.603125 0.0296875 0.04375
1 0.60859375 0.6645833333333333 0.0359375 0.04791666666666667
1 0.55234375 0.7375 0.03125 0.0375
1 0.55859375 0.7760416666666666 0.0375 0.035416666666666666
1 0.490625 0.7552083333333334 0.0359375 0.03958333333333333
1 0.46953125 0.778125 0.021875 0.01875
1 0.43671875 0.6958333333333333 0.053125 0.0625
1 0.696875 0.7885416666666667 0.1625 0.1375
1 0.70703125 0.884375 0.0328125 0.04583333333333333
1 0.6296875 0.86875 0.0171875 0.035416666666666666
1 0.565625 0.94375 0.0421875 0.04583333333333333
1 0.47109375 0.9010416666666666 0.0359375 0.06041666666666667
1 0.49609375 0.94375 0.0296875 0.041666666666666664
1 0.4875 0.9833333333333333 0.021875 0.027083333333333334
1 0.5234375 0.9916666666666667 0.0234375 0.016666666666666666
1 0.33203125 0.8760416666666667 0.0375 0.04583333333333333
1 0.29375 0.9010416666666666 0.03125 0.041666666666666664
1 0.27890625 0.7760416666666666 0.025 0.03333333333333333
1 0.76484375 0.9177083333333333 0.0421875 0.06666666666666667
1 0.75234375 0.959375 0.0328125 0.03333333333333333
1 0.81484375 0.884375 0.0765625 0.13958333333333334
1 0.825 0.96875 0.0140625 0.025
1 0.8359375 0.9885416666666667 0.0171875 0.022916666666666665
1 0.86015625 0.8479166666666667 0.0171875 0.0375
1 0.81484375 0.7760416666666666 0.0265625 0.035416666666666666
1 0.7296875 0.6125 0.021875 0.022916666666666665
1 0.8046875 0.6208333333333333 0.021875 0.020833333333333332
1 0.7828125 0.6729166666666667 0.01875 0.027083333333333334
1 0.803125 0.55625 0.0390625 0.04583333333333333
1 0.82578125 0.5072916666666667 0.0515625 0.04583333333333333
1 0.871875 0.5614583333333333 0.0265625 0.03125
1 0.91328125 0.49270833333333336 0.0265625 0.052083333333333336
1 0.93359375 0.5291666666666667 0.0203125 0.03333333333333333
1 0.94296875 0.571875 0.03125 0.03333333333333333
1 0.96640625 0.5916666666666667 0.0203125 0.022916666666666665
1 0.65 0.378125 0.0265625 0.03125
1 0.53671875 0.434375 0.021875 0.03125
1 0.56015625 0.44479166666666664 0.0296875 0.0375
1 0.55 0.4083333333333333 0.0265625 0.027083333333333334
1 0.69609375 0.2604166666666667 0.025 0.03125
1 0.71484375 0.30104166666666665 0.01875 0.022916666666666665
1 0.70625 0.4239583333333333 0.040625 0.03958333333333333
1 0.7359375 0.41770833333333335 0.0125 0.0125
1 0.6546875 0.484375 0.0390625 0.041666666666666664
1 0.83671875 0.43854166666666666 0.0515625 0.04375
1 0.78671875 0.25104166666666666 0.01875 0.027083333333333334
1 0.8296875 0.26145833333333335 0.01875 0.025
1 0.71328125 0.13333333333333333 0.04375 0.04375
1 0.61328125 0.013541666666666667 0.0265625 0.027083333333333334
1 0.7046875 0.019791666666666666 0.053125 0.03958333333333333
1 0.7890625 0.06041666666666667 0.0421875 0.058333333333333334
1 0.846875 0.020833333333333332 0.0359375 0.041666666666666664
1 0.88828125 0.03125 0.0234375 0.035416666666666666
1 0.93828125 0.057291666666666664 0.0640625 0.07708333333333334
1 0.9328125 0.12083333333333333 0.0421875 0.052083333333333336
1 0.87578125 0.18541666666666667 0.0515625 0.04791666666666667
1 0.946875 0.20208333333333334 0.021875 0.029166666666666667
1 0.01796875 0.5760416666666667 0.0359375 0.058333333333333334
1 0.15625 0.7083333333333334 0.065625 0.07916666666666666
1 0.11796875 0.6635416666666667 0.0328125 0.07083333333333333
1 0.11484375 0.859375 0.034375 0.05
1 0.06484375 0.8645833333333334 0.059375 0.06666666666666667