1 0.97109375 0.021875 0.03125 0.0375
1 0.98203125 0.5895833333333333 0.0359375 0.06458333333333334
1 0.10390625 0.06145833333333333 0.0125 0.016666666666666666
0 0.82109375 0.27708333333333335 0.3578125 0.5541666666666667
0 0.7953125 0.5864583333333333 0.409375 0.40625
0 0.72734375 0.6989583333333333 0.3609375 0.38333333333333336
1 0.4109375 0.103125 0.01875 0.03333333333333333
1 0.22265625 0.015625 0.0109375 0.025
1 0.21796875 0.28125 0.0171875 0.03125
1 0.3046875 0.4041666666666667 0.03125 0.05
1 0.30703125 0.48541666666666666 0.0390625 0.04791666666666667
1 0.41796875 0.46458333333333335 0.028125 0.03333333333333333
1 0.31953125 0.5770833333333333 0.03125 0.0625
1 0.29921875 0.6072916666666667 0.0234375 0.0125
1 0.34765625 0.60625 0.0234375 0.03333333333333333
1 0.2328125 0.7927083333333333 0.0234375 0.027083333333333334
1 0.0375 0.790625 0.0265625 0.035416666666666666
1 0.04453125 0.7083333333333334 0.0203125 0.022916666666666665
1 0.02734375 0.6239583333333333 0.0421875 0.03333333333333333
1 0.51484375 0.8510416666666667 0.0234375 0.035416666666666666
1 0.66875 0.9947916666666666 0.0125 0.010416666666666666
1 0.571875 0.971875 0.01875 0.022916666666666665
1 0.709375 0.9072916666666667 0.0390625 0.05
1 0.82265625 0.9145833333333333 0.025 0.03125
1 0.8890625 0.9697916666666667 0.0296875 0.03333333333333333
1 0.9828125 0.85 0.028125 0.027083333333333334
1 0.6328125 0.8208333333333333 0.0296875 0.022916666666666665
1 0.6578125 0.8 0.021875 0.04583333333333333
1 0.7046875 0.7895833333333333 0.03125 0.0375
1 0.62421875 0.7395833333333334 0.021875 0.027083333333333334
1 0.73203125 0.6322916666666667 0.03125 0.03333333333333333
1 0.55546875 0.5729166666666666 0.0296875 0.03958333333333333
1 0.6109375 0.528125 0.040625 0.03958333333333333
1 0.5859375 0.475 0.0171875 0.035416666666666666
1 0.534375 0.2760416666666667 0.05625 0.058333333333333334
1 0.57890625 0.30416666666666664 0.0296875 0.03333333333333333
1 0.61875 0.32395833333333335 0.046875 0.052083333333333336
1 0.6484375 0.265625 0.0296875 0.0375
1 0.61171875 0.15520833333333334 0.046875 0.0375
1 0.6078125 0.19479166666666667 0.040625 0.04583333333333333
1 0.63359375 0.121875 0.0203125 0.029166666666666667
1 0.66171875 0.14166666666666666 0.046875 0.058333333333333334
1 0.684375 0.08854166666666667 0.0453125 0.05625
1 0.7421875 0.09479166666666666 0.04375 0.052083333333333336
1 0.8484375 0.22083333333333333 0.0984375 0.07083333333333333
1 0.9390625 0.2375 0.0421875 0.03958333333333333
1 0.98828125 0.321875 0.0234375 0.035416666666666666
1 0.92421875 0.6895833333333333 0.0140625 0.016666666666666666
1 0.91328125 0.584375 0.0953125 0.05416666666666667