1 0.86015625 0.2552083333333333 0.0140625 0.020833333333333332
1 0.821875 0.44895833333333335 0.0109375 0.0125
1 0.90546875 0.43125 0.025 0.014583333333333334
0 0.6890625 0.17291666666666666 0.1609375 0.3458333333333333
0 0.58359375 0.7354166666666667 0.3734375 0.23125
0 0.6484375 0.878125 0.1734375 0.24375
1 0.20078125 0.0625 0.025 0.022916666666666665
1 0.225 0.06770833333333333 0.0125 0.010416666666666666
1 0.6390625 0.434375 0.059375 0.075
1 0.66328125 0.478125 0.0328125 0.03958333333333333
1 0.6734375 0.4583333333333333 0.009375 0.016666666666666666
1 0.6296875 0.48854166666666665 0.04375 0.03333333333333333
1 0.70078125 0.4479166666666667 0.01875 0.01875
1 0.13828125 0.17083333333333334 0.0078125 0.01875
1 0.30390625 0.140625 0.0125 0.025
1 0.3328125 0.10833333333333334 0.00625 0.014583333333333334
1 0.390625 0.07395833333333333 0.00625 0.022916666666666665
1 0.42734375 0.09583333333333334 0.025 0.0375
1 0.459375 0.08125 0.0265625 0.05416666666666667
1 0.4265625 0.009375 0.0109375 0.01875
1 0.271875 0.007291666666666667 0.0140625 0.014583333333333334
1 0.2859375 0.021875 0.025 0.041666666666666664
1 0.30546875 0.01875 0.015625 0.027083333333333334
1 0.31015625 0.04583333333333333 0.034375 0.05416666666666667
1 0.2703125 0.058333333333333334 0.0140625 0.010416666666666666
1 0.3609375 0.21145833333333333 0.0140625 0.016666666666666666
1 0.44140625 0.21041666666666667 0.034375 0.041666666666666664
1 0.50703125 0.190625 0.0203125 0.029166666666666667
1 0.503125 0.26875 0.0234375 0.025
1 0.53203125 0.24479166666666666 0.0140625 0.027083333333333334
1 0.5515625 0.24166666666666667 0.0234375 0.04583333333333333
1 0.5953125 0.24166666666666667 0.0203125 0.03125
1 0.51328125 0.0375 0.0234375 0.029166666666666667
1 0.53515625 0.03229166666666667 0.021875 0.027083333333333334
1 0.5296875 0.058333333333333334 0.021875 0.03125
1 0.5546875 0.007291666666666667 0.021875 0.014583333333333334
1 0.57421875 0.01875 0.021875 0.035416666666666666
1 0.6328125 0.020833333333333332 0.0359375 0.03333333333333333
1 0.6390625 0.004166666666666667 0.0140625 0.008333333333333333
1 0.2859375 0.28854166666666664 0.0109375 0.008333333333333333
1 0.14453125 0.18020833333333333 0.00625 0.010416666666666666
1 0.4875 0.3458333333333333 0.025 0.041666666666666664
1 0.5078125 0.3072916666666667 0.015625 0.01875
1 0.54140625 0.30416666666666664 0.015625 0.0125
1 0.53828125 0.32395833333333335 0.00625 0.020833333333333332
1 0.37109375 0.37395833333333334 0.0703125 0.10208333333333333
1 0.2921875 0.3958333333333333 0.0328125 0.03125
1 0.2171875 0.41354166666666664 0.0296875 0.04791666666666667
1 0.23203125 0.4395833333333333 0.040625 0.05
1 0.37421875 0.4875 0.0234375 0.03333333333333333
1 0.35234375 0.484375 0.03125 0.0375
1 0.3 0.45729166666666665 0.0140625 0.014583333333333334
1 0.421875 0.4708333333333333 0.015625 0.01875
1 0.37734375 0.5229166666666667 0.009375 0.0125
1 0.46484375 0.4375 0.0421875 0.052083333333333336
1 0.49453125 0.43020833333333336 0.0125 0.027083333333333334
1 0.5 0.46145833333333336 0.0125 0.01875
1 0.521875 0.44895833333333335 0.0359375 0.041666666666666664
1 0.3546875 0.5520833333333334 0.0265625 0.027083333333333334
1 0.3703125 0.571875 0.01875 0.029166666666666667
1 0.3265625 0.565625 0.0171875 0.01875
1 0.3328125 0.534375 0.01875 0.022916666666666665
1 0.3171875 0.55 0.015625 0.020833333333333332
1 0.28984375 0.55 0.0140625 0.027083333333333334
1 0.29921875 0.5739583333333333 0.021875 0.03125
1 0.22734375 0.5885416666666666 0.0109375 0.016666666666666666
1 0.14296875 0.528125 0.0171875 0.014583333333333334
1 0.11953125 0.5489583333333333 0.009375 0.01875
1 0.56640625 0.4041666666666667 0.009375 0.014583333333333334
1 0.58203125 0.3104166666666667 0.0328125 0.0625
1 0.61015625 0.3385416666666667 0.0328125 0.04375
1 0.6125 0.38333333333333336 0.0359375 0.03958333333333333
1 0.6359375 0.36666666666666664 0.01875 0.022916666666666665
1 0.65390625 0.390625 0.021875 0.027083333333333334
1 0.72734375 0.434375 0.0390625 0.04583333333333333
1 0.63359375 0.31979166666666664 0.015625 0.03125
1 0.66328125 0.30520833333333336 0.034375 0.041666666666666664
1 0.77578125 0.4979166666666667 0.0203125 0.014583333333333334
1 0.73671875 0.48125 0.015625 0.014583333333333334
1 0.74296875 0.37604166666666666 0.0765625 0.07291666666666667
1 0.78984375 0.34479166666666666 0.0296875 0.04375
1 0.7609375 0.328125 0.021875 0.022916666666666665
1 0.76875 0.052083333333333336 0.053125 0.04791666666666667
1 0.73046875 0.07708333333333334 0.025 0.035416666666666666
1 0.709375 0.07395833333333333 0.0171875 0.016666666666666666
1 0.734375 0.11979166666666667 0.0484375 0.06875
1 0.76171875 0.10729166666666666 0.0140625 0.020833333333333332
1 0.69453125 0.10416666666666667 0.0171875 0.016666666666666666
1 0.69140625 0.13645833333333332 0.0125 0.03958333333333333
1 0.70625 0.14166666666666666 0.015625 0.03333333333333333
1 0.67734375 0.13020833333333334 0.0125 0.041666666666666664
1 0.6859375 0.16666666666666666 0.015625 0.027083333333333334
1 0.91640625 0.16041666666666668 0.01875 0.027083333333333334
1 0.93515625 0.196875 0.0140625 0.014583333333333334
1 0.92421875 0.22708333333333333 0.025 0.01875
1 0.91484375 0.07291666666666667 0.01875 0.025
1 0.89765625 0.07708333333333334 0.0171875 0.035416666666666666
1 0.88359375 0.09791666666666667 0.0375 0.035416666666666666
1 0.828125 0.16770833333333332 0.0234375 0.0375
1 0.84375 0.20625 0.0640625 0.06041666666666667
1 0.7625 0.29791666666666666 0.025 0.029166666666666667
1 0.7796875 0.2833333333333333 0.01875 0.027083333333333334
1 0.7203125 0.25104166666666666 0.05625 0.08125
1 0.79140625 0.253125 0.0203125 0.020833333333333332
1 0.82421875 0.2604166666666667 0.05 0.06041666666666667
1 0.79921875 0.28125 0.025 0.022916666666666665
1 0.83125 0.32395833333333335 0.0359375 0.035416666666666666
1 0.84609375 0.3541666666666667 0.0234375 0.016666666666666666
1 0.8578125 0.34479166666666666 0.0140625 0.010416666666666666
1 0.86484375 0.415625 0.0234375 0.029166666666666667
1 0.93359375 0.35625 0.03125 0.022916666666666665
1 0.90859375 0.396875 0.0359375 0.05416666666666667
1 0.9375 0.403125 0.0265625 0.05416666666666667
1 0.9203125 0.47291666666666665 0.0359375 0.03125
1 0.88984375 0.5020833333333333 0.028125 0.027083333333333334
1 0.9671875 0.4864583333333333 0.0265625 0.035416666666666666
1 0.96328125 0.4552083333333333 0.015625 0.020833333333333332
1 0.98828125 0.4125 0.0203125 0.027083333333333334
1 0.9671875 0.4041666666666667 0.015625 0.016666666666666666
1 0.9828125 0.446875 0.015625 0.022916666666666665
1 0.984375 0.4666666666666667 0.0234375 0.01875
1 0.97578125 0.58125 0.0203125 0.029166666666666667
1 0.9671875 0.6104166666666667 0.0328125 0.052083333333333336
1 0.97734375 0.6572916666666667 0.0421875 0.04583333333333333
1 0.8390625 0.58125 0.0484375 0.04583333333333333
1 0.86953125 0.5708333333333333 0.028125 0.03958333333333333
1 0.8921875 0.55625 0.0515625 0.058333333333333334
1 0.86328125 0.6625 0.028125 0.052083333333333336
1 0.8359375 0.6666666666666666 0.021875 0.03333333333333333
1 0.875 0.7729166666666667 0.0171875 0.029166666666666667
1 0.8078125 0.7635416666666667 0.0390625 0.04791666666666667
1 0.878125 0.8375 0.0140625 0.01875
1 0.8546875 0.8458333333333333 0.0390625 0.05
1 0.90546875 0.8864583333333333 0.0125 0.025
1 0.9546875 0.8 0.025 0.027083333333333334
1 0.9765625 0.7291666666666666 0.046875 0.0875
1 0.9765625 0.784375 0.0234375 0.03125
1 0.9953125 0.828125 0.009375 0.014583333333333334
1 0.98984375 0.8520833333333333 0.0171875 0.01875
1 0.91328125 0.9083333333333333 0.021875 0.03125
1 0.909375 0.95 0.03125 0.020833333333333332
1 0.8765625 0.9416666666666667 0.009375 0.016666666666666666
1 0.93125 0.990625 0.0125 0.016666666666666666
1 0.9703125 0.9864583333333333 0.0265625 0.025
1 0.84609375 0.9822916666666667 0.1125 0.035416666666666666
1 0.709375 0.928125 0.0359375 0.04375
1 0.7671875 0.9239583333333333 0.08125 0.09375
1 0.7 0.975 0.0234375 0.027083333333333334
1 0.71953125 0.9520833333333333 0.015625 0.016666666666666666
1 0.7203125 0.978125 0.0203125 0.035416666666666666
1 0.30625 0.96875 0.028125 0.03333333333333333
1 0.30703125 0.9927083333333333 0.0140625 0.014583333333333334
1 0.3390625 0.9760416666666667 0.015625 0.0125
1 0.33359375 0.99375 0.0109375 0.0125
1 0.3890625 0.953125 0.025 0.06041666666666667
1 0.40859375 0.9552083333333333 0.015625 0.025
1 0.42734375 0.9583333333333334 0.0125 0.010416666666666666
1 0.42734375 0.9822916666666667 0.0328125 0.027083333333333334
1 0.384375 0.990625 0.0421875 0.01875
1 0.459375 0.9364583333333333 0.06875 0.075
1 0.540625 0.9125 0.0171875 0.027083333333333334
1 0.56015625 0.89375 0.025 0.03125
1 0.58046875 0.9322916666666666 0.01875 0.029166666666666667
1 0.62578125 0.8166666666666667 0.0140625 0.03125
1 0.6546875 0.8479166666666667 0.0234375 0.027083333333333334
1 0.5953125 0.8489583333333334 0.0859375 0.08125
1 0.525 0.85 0.0328125 0.0375
1 0.4109375 0.8395833333333333 0.040625 0.052083333333333336
1 0.428125 0.80625 0.01875 0.029166666666666667
1 0.47578125 0.7604166666666666 0.0640625 0.06041666666666667
1 0.50859375 0.778125 0.0296875 0.035416666666666666
1 0.4859375 0.828125 0.0875 0.07291666666666667
1 0.53671875 0.7479166666666667 0.025 0.04375
1 0.57265625 0.7177083333333333 0.0265625 0.03333333333333333
1 0.565625 0.740625 0.028125 0.029166666666666667
1 0.55859375 0.7708333333333334 0.0328125 0.0375
1 0.25546875 0.6895833333333333 0.03125 0.029166666666666667
1 0.31875 0.7302083333333333 0.028125 0.035416666666666666
1 0.2703125 0.7885416666666667 0.0203125 0.020833333333333332
1 0.30390625 0.7770833333333333 0.040625 0.029166666666666667
1 0.26953125 0.909375 0.009375 0.0125
1 0.29375 0.8125 0.0140625 0.014583333333333334
1 0.24140625 0.7520833333333333 0.0078125 0.010416666666666666
1 0.134375 0.703125 0.021875 0.01875
1 0.3734375 0.6385416666666667 0.021875 0.022916666666666665
1 0.39765625 0.7229166666666667 0.10625 0.14375
1 0.4515625 0.715625 0.0125 0.025
1 0.53046875 0.6114583333333333 0.03125 0.03125
1 0.6296875 0.56875 0.0140625 0.016666666666666666
1 0.6265625 0.596875 0.028125 0.03125
1 0.7125 0.609375 0.0484375 0.07916666666666666
1 0.63515625 0.6520833333333333 0.028125 0.03333333333333333
1 0.71796875 0.7260416666666667 0.0296875 0.029166666666666667
1 0.68828125 0.7 0.03125 0.0625
1 0.76328125 0.8041666666666667 0.0265625 0.025
1 0.6890625 0.78125 0.0203125 0.027083333333333334
1 0.51953125 0.5333333333333333 0.059375 0.08541666666666667
1 0.0078125 0.36666666666666664 0.0140625 0.020833333333333332
1 0.3828125 0.07916666666666666 0.0078125 0.016666666666666666
1 0.28046875 0.990625 0.0140625 0.01875
1 0.22734375 0.7489583333333333 0.0109375 0.0125
1 0.02890625 0.40208333333333335 0.009375 0.020833333333333332
1 0.978125 0.20833333333333334 0.0171875 0.03333333333333333
1 0.9921875 0.13333333333333333 0.015625 0.025
1 0.98203125 0.09166666666666666 0.0359375 0.03333333333333333
1 0.98828125 0.11770833333333333 0.015625 0.010416666666666666
1 0.96015625 0.1875 0.0109375 0.016666666666666666