1 0.640625 0.740625 0.0171875 0.020833333333333332
1 0.575 0.746875 0.025 0.03125
1 0.58671875 0.6854166666666667 0.028125 0.03125
1 0.53671875 0.5572916666666666 0.0171875 0.020833333333333332
1 0.5109375 0.5541666666666667 0.021875 0.03125
1 0.3296875 0.5416666666666666 0.0140625 0.020833333333333332
1 0.36796875 0.4166666666666667 0.0171875 0.027083333333333334
1 0.48828125 0.41875 0.028125 0.03125
1 0.46796875 0.35 0.01875 0.020833333333333332
1 0.43125 0.296875 0.0390625 0.041666666666666664
1 0.54765625 0.24583333333333332 0.025 0.029166666666666667
1 0.39453125 0.18020833333333333 0.0140625 0.035416666666666666
1 0.4125 0.017708333333333333 0.0265625 0.01875
1 0.38203125 0.01875 0.0171875 0.0375
1 0.3296875 0.008333333333333333 0.028125 0.016666666666666666
1 0.34765625 0.7395833333333334 0.028125 0.03125
1 0.37421875 0.6989583333333333 0.025 0.0375
1 0.4265625 0.7260416666666667 0.025 0.03333333333333333
1 0.45078125 0.690625 0.0296875 0.022916666666666665
1 0.02421875 0.5458333333333333 0.0484375 0.041666666666666664
1 0.02109375 0.5854166666666667 0.03125 0.035416666666666666
1 0.00625 0.49270833333333336 0.0125 0.020833333333333332
1 0.0109375 0.3145833333333333 0.021875 0.03958333333333333
1 0.01171875 0.2520833333333333 0.0234375 0.03333333333333333
1 0.11171875 0.115625 0.025 0.025
1 0.03359375 0.059375 0.0203125 0.01875
1 0.05703125 0.05 0.01875 0.035416666666666666
1 0.00546875 0.125 0.0109375 0.01875
1 0.1140625 0.04583333333333333 0.0234375 0.027083333333333334
1 0.10390625 0.017708333333333333 0.0109375 0.035416666666666666
1 0.128125 0.026041666666666668 0.01875 0.016666666666666666
1 0.18125 0.06770833333333333 0.040625 0.04375
1 0.28046875 0.07916666666666666 0.0171875 0.041666666666666664
1 0.30078125 0.44166666666666665 0.025 0.022916666666666665
1 0.2921875 0.4875 0.01875 0.029166666666666667
1 0.2578125 0.5395833333333333 0.0203125 0.05625
1 0.17265625 0.559375 0.0234375 0.01875
1 0.18125 0.4875 0.0171875 0.020833333333333332
1 0.0625 0.44166666666666665 0.009375 0.016666666666666666
1 0.121875 0.21666666666666667 0.021875 0.03958333333333333
1 0.0296875 0.19166666666666668 0.021875 0.01875
1 0.05859375 0.17395833333333333 0.025 0.01875
1 0.265625 0.011458333333333333 0.028125 0.022916666666666665
1 0.77421875 0.803125 0.053125 0.07083333333333333
1 0.50625 0.8916666666666667 0.0203125 0.025
1 0.5625 0.8614583333333333 0.028125 0.0375
1 0.33203125 0.9854166666666667 0.028125 0.029166666666666667
1 0.38125 0.8645833333333334 0.0453125 0.058333333333333334
1 0.12578125 0.9166666666666666 0.028125 0.03333333333333333
1 0.00625 0.88125 0.0125 0.022916666666666665
1 0.03046875 0.834375 0.01875 0.029166666666666667
1 0.11171875 0.7822916666666667 0.025 0.029166666666666667
1 0.18671875 0.7885416666666667 0.028125 0.052083333333333336
1 0.125 0.7291666666666666 0.0234375 0.052083333333333336
0 0.45234375 0.16354166666666667 0.0859375 0.27291666666666664
0 0.47421875 0.7458333333333333 0.15 0.28125
0 0.475 0.940625 0.05 0.11875
1 0.9109375 0.020833333333333332 0.021875 0.022916666666666665
1 0.628125 0.9739583333333334 0.009375 0.016666666666666666
1 0.26640625 0.7322916666666667 0.021875 0.0375
1 0.22734375 0.6916666666666667 0.0140625 0.022916666666666665
1 0.2 0.6229166666666667 0.025 0.041666666666666664
1 0.453125 0.09166666666666666 0.0125 0.022916666666666665
1 0.453125 0.042708333333333334 0.0140625 0.025
1 0.6484375 0.04479166666666667 0.0171875 0.04375
1 0.590625 0.016666666666666666 0.075 0.03333333333333333
1 0.71171875 0.027083333333333334 0.021875 0.020833333333333332
1 0.73671875 0.022916666666666665 0.0265625 0.04583333333333333
1 0.7375 0.06458333333333334 0.0265625 0.03333333333333333
1 0.74296875 0.140625 0.0140625 0.016666666666666666
1 0.690625 0.15 0.028125 0.041666666666666664
1 0.5875 0.125 0.0265625 0.020833333333333332
1 0.6375 0.203125 0.015625 0.014583333333333334
1 0.61484375 0.24375 0.021875 0.029166666666666667
1 0.64375 0.28125 0.03125 0.0375
1 0.8796875 0.290625 0.015625 0.016666666666666666
1 0.85703125 0.34479166666666666 0.015625 0.016666666666666666
1 0.7890625 0.4166666666666667 0.0234375 0.022916666666666665
1 0.73125 0.36354166666666665 0.01875 0.022916666666666665
1 0.6875 0.48125 0.0234375 0.029166666666666667
1 0.775 0.5114583333333333 0.053125 0.05
1 0.98984375 0.8135416666666667 0.0203125 0.03333333333333333
1 0.98671875 0.8583333333333333 0.0265625 0.0375
1 0.94765625 0.8927083333333333 0.025 0.022916666666666665
1 0.86875 0.81875 0.0140625 0.025
1 0.68515625 0.7208333333333333 0.021875 0.029166666666666667