0 0.5671875 0.11666666666666667 0.140625 0.23333333333333334
0 0.50078125 0.6416666666666667 0.4375 0.20625
1 0.2109375 0.48125 0.0671875 0.09583333333333334
1 0.9453125 0.03958333333333333 0.0234375 0.022916666666666665
1 0.81015625 0.09479166666666666 0.0296875 0.035416666666666666
1 0.78125 0.3572916666666667 0.025 0.025
1 0.76328125 0.2833333333333333 0.05 0.06458333333333334
1 0.9671875 0.35208333333333336 0.0125 0.025
1 0.8953125 0.3229166666666667 0.021875 0.025
1 0.86875 0.32395833333333335 0.021875 0.03125
1 0.98046875 0.5177083333333333 0.0359375 0.029166666666666667
1 0.90078125 0.4864583333333333 0.0296875 0.052083333333333336
1 0.7265625 0.6895833333333333 0.0140625 0.035416666666666666
1 0.62734375 0.8104166666666667 0.0171875 0.014583333333333334
1 0.59453125 0.8489583333333334 0.0421875 0.035416666666666666
1 0.58359375 0.971875 0.03125 0.03958333333333333
1 0.41015625 0.9916666666666667 0.015625 0.016666666666666666
1 0.37734375 0.809375 0.04375 0.04375
1 0.33671875 0.8729166666666667 0.03125 0.03958333333333333
1 0.28203125 0.7854166666666667 0.0328125 0.03958333333333333
1 0.2125 0.7895833333333333 0.0515625 0.04583333333333333
1 0.31875 0.584375 0.025 0.03125
1 0.41015625 0.409375 0.021875 0.03333333333333333
1 0.3203125 0.28958333333333336 0.0328125 0.0375
1 0.1390625 0.34479166666666666 0.01875 0.022916666666666665
1 0.31171875 0.39895833333333336 0.03125 0.04375
1 0.2375 0.378125 0.040625 0.05416666666666667
1 0.2453125 0.48854166666666665 0.009375 0.016666666666666666
0 0.55234375 0.9072916666666667 0.3828125 0.18541666666666667
0 0.65390625 0.3145833333333333 0.3703125 0.35833333333333334