1 0.93828125 0.6947916666666667 0.0296875 0.0375
1 0.65546875 0.014583333333333334 0.03125 0.029166666666666667
1 0.5453125 0.030208333333333334 0.065625 0.06041666666666667
1 0.46875 0.05520833333333333 0.0140625 0.03333333333333333
1 0.40703125 0.10625 0.06875 0.11458333333333333
1 0.34921875 0.13541666666666666 0.0109375 0.014583333333333334
1 0.31171875 0.16875 0.0734375 0.052083333333333336
1 0.30859375 0.10416666666666667 0.0484375 0.06875
1 0.23515625 0.10625 0.0421875 0.06458333333333334
1 0.1640625 0.07708333333333334 0.0109375 0.016666666666666666
0 0.51328125 0.7916666666666666 0.2609375 0.4166666666666667
0 0.58515625 0.31875 0.3921875 0.3770833333333333
1 0.7640625 0.025 0.1125 0.05
1 0.8625 0.07604166666666666 0.028125 0.06041666666666667
1 0.97421875 0.027083333333333334 0.0328125 0.020833333333333332
1 0.9796875 0.1 0.0234375 0.035416666666666666
1 0.94609375 0.11875 0.0265625 0.04375
1 0.95 0.18645833333333334 0.0328125 0.035416666666666666
1 0.865625 0.1625 0.0234375 0.03125
1 0.69375 0.18333333333333332 0.0265625 0.04583333333333333
1 0.51796875 0.15625 0.0234375 0.0375
1 0.553125 0.184375 0.0296875 0.0125
1 0.4890625 0.23645833333333333 0.034375 0.04375
1 0.44140625 0.25416666666666665 0.0578125 0.08125
1 0.3609375 0.30625 0.065625 0.08125
1 0.27578125 0.3072916666666667 0.10625 0.2625
1 0.3375 0.359375 0.0453125 0.0625
1 0.32265625 0.4791666666666667 0.028125 0.03125
1 0.40625 0.49895833333333334 0.0265625 0.03125
1 0.4640625 0.534375 0.0640625 0.08333333333333333
1 0.50703125 0.4864583333333333 0.01875 0.03125
1 0.6296875 0.44583333333333336 0.0421875 0.052083333333333336
1 0.5234375 0.34479166666666666 0.0265625 0.0375
1 0.46328125 0.30833333333333335 0.03125 0.03958333333333333
1 0.63046875 0.28854166666666664 0.046875 0.03333333333333333
1 0.6828125 0.278125 0.0109375 0.016666666666666666
1 0.73203125 0.290625 0.0234375 0.01875
1 0.74140625 0.3375 0.05 0.05
1 0.8046875 0.3416666666666667 0.0484375 0.06666666666666667
1 0.72109375 0.45625 0.121875 0.11875
1 0.7625 0.6052083333333333 0.0265625 0.03125
1 0.5984375 0.6145833333333334 0.0515625 0.07083333333333333
1 0.89140625 0.5552083333333333 0.0375 0.058333333333333334
1 0.85234375 0.5 0.0125 0.020833333333333332
1 0.87265625 0.24270833333333333 0.0734375 0.13333333333333333
1 0.98984375 0.365625 0.0203125 0.03125
1 0.975 0.39375 0.0328125 0.022916666666666665
1 0.921875 0.565625 0.01875 0.03958333333333333
1 0.90703125 0.6177083333333333 0.025 0.03958333333333333
1 0.959375 0.6083333333333333 0.053125 0.06875
1 0.965625 0.6625 0.0328125 0.029166666666666667
1 0.7015625 0.671875 0.0265625 0.03125
1 0.7125 0.7333333333333333 0.075 0.0875
1 0.76015625 0.8041666666666667 0.0453125 0.06458333333333334
1 0.89609375 0.9125 0.0328125 0.041666666666666664
1 0.921875 0.9489583333333333 0.0203125 0.01875
1 0.7484375 0.8739583333333333 0.025 0.022916666666666665
1 0.69765625 0.90625 0.0765625 0.07708333333333334
1 0.76484375 0.9916666666666667 0.03125 0.016666666666666666
1 0.59140625 0.9104166666666667 0.0546875 0.06875
1 0.6125 0.9625 0.0390625 0.04375
1 0.58515625 0.8375 0.0875 0.05625
1 0.4890625 0.6614583333333334 0.0203125 0.01875
1 0.41328125 0.6635416666666667 0.021875 0.03333333333333333
1 0.4375 0.740625 0.040625 0.041666666666666664
1 0.38984375 0.7854166666666667 0.025 0.0375
1 0.440625 0.8135416666666667 0.0421875 0.07291666666666667
1 0.40078125 0.8677083333333333 0.053125 0.04583333333333333
1 0.39453125 0.9541666666666667 0.046875 0.05625
1 0.39453125 0.9072916666666667 0.0375 0.041666666666666664
1 0.4421875 0.8854166666666666 0.0390625 0.05416666666666667
1 0.33828125 0.9354166666666667 0.021875 0.035416666666666666
1 0.1703125 0.9885416666666667 0.0765625 0.022916666666666665
1 0.20859375 0.778125 0.0421875 0.0625
1 0.3375 0.725 0.05625 0.04583333333333333
1 0.24453125 0.64375 0.021875 0.027083333333333334
1 0.1640625 0.634375 0.015625 0.03333333333333333
1 0.12265625 0.71875 0.05 0.05
1 0.00859375 0.9635416666666666 0.0171875 0.0375
1 0.01953125 0.3927083333333333 0.0171875 0.025
1 0.21953125 0.43854166666666666 0.0203125 0.020833333333333332
1 0.6453125 0.17083333333333334 0.0203125 0.03958333333333333
1 0.478125 0.3854166666666667 0.0265625 0.016666666666666666