1 0.923828125 0.3576388888888889 0.00703125 0.015277777777777777
0 0.690625 0.4305555555555556 0.14453125 0.5083333333333333
0 0.69765625 0.05416666666666667 0.1609375 0.10833333333333334
0 0.63125 0.7361111111111112 0.2359375 0.24027777777777778
0 0.684765625 0.8131944444444444 0.18359375 0.3736111111111111
0 0.60234375 0.9527777777777777 0.0921875 0.09444444444444444
0 0.081640625 0.8645833333333334 0.16328125 0.2708333333333333
0 0.11875 0.6680555555555555 0.096875 0.3055555555555556
0 0.09453125 0.20625 0.171875 0.0875
0 0.113671875 0.0798611111111111 0.0828125 0.1597222222222222
1 0.2328125 0.5527777777777778 0.0109375 0.02361111111111111
1 0.346484375 0.53125 0.00703125 0.0125
1 0.313671875 0.8423611111111111 0.015625 0.020833333333333332
1 0.33984375 0.42291666666666666 0.009375 0.018055555555555554
0 0.678125 0.19027777777777777 0.203125 0.19722222222222222
1 0.241796875 0.5777777777777777 0.01171875 0.03888888888888889
1 0.156640625 0.58125 0.015625 0.027777777777777776
1 0.18046875 0.6166666666666667 0.0078125 0.019444444444444445
1 0.17265625 0.6868055555555556 0.025 0.03194444444444444
1 0.208203125 0.6652777777777777 0.0203125 0.03888888888888889
1 0.1546875 0.7333333333333333 0.009375 0.016666666666666666
1 0.167578125 0.8166666666666667 0.0125 0.02638888888888889
1 0.206640625 0.7548611111111111 0.03515625 0.05694444444444444
1 0.26875 0.8645833333333334 0.0203125 0.044444444444444446
1 0.2859375 0.8722222222222222 0.0140625 0.027777777777777776
1 0.2328125 0.9111111111111111 0.0171875 0.029166666666666667
1 0.2265625 0.98125 0.01484375 0.0375
1 0.24140625 0.9951388888888889 0.01015625 0.009722222222222222
1 0.18125 0.9638888888888889 0.009375 0.013888888888888888
1 0.29453125 0.5048611111111111 0.009375 0.030555555555555555
1 0.325390625 0.4708333333333333 0.0078125 0.016666666666666666
1 0.31484375 0.08888888888888889 0.0140625 0.027777777777777776
1 0.31875 0.05 0.01796875 0.03611111111111111
1 0.425390625 0.08888888888888889 0.01875 0.02361111111111111
1 0.49375 0.13055555555555556 0.00625 0.011111111111111112
1 0.55703125 0.12708333333333333 0.01015625 0.020833333333333332
1 0.586328125 0.009027777777777777 0.0265625 0.018055555555555554
1 0.605078125 0.02847222222222222 0.0109375 0.034722222222222224
1 0.690234375 0.011111111111111112 0.02109375 0.022222222222222223
1 0.784765625 0.007638888888888889 0.0234375 0.015277777777777777
1 0.802734375 0.0125 0.009375 0.015277777777777777
1 0.7921875 0.1 0.01953125 0.0375
1 0.734375 0.15833333333333333 0.0234375 0.04861111111111111
1 0.769921875 0.18958333333333333 0.02109375 0.03888888888888889
1 0.785546875 0.15625 0.02421875 0.044444444444444446
1 0.739453125 0.28680555555555554 0.015625 0.02638888888888889
1 0.574609375 0.4097222222222222 0.034375 0.07222222222222222
1 0.541015625 0.5326388888888889 0.02421875 0.05
1 0.533203125 0.65625 0.015625 0.019444444444444445
1 0.623828125 0.6159722222222223 0.01640625 0.02638888888888889
1 0.69609375 0.5756944444444444 0.0171875 0.029166666666666667
1 0.70390625 0.6472222222222223 0.01640625 0.030555555555555555
1 0.70703125 0.7583333333333333 0.0546875 0.075
1 0.742578125 0.8263888888888888 0.0296875 0.07083333333333333
1 0.6375 0.7909722222222222 0.01796875 0.04027777777777778
1 0.54453125 0.8652777777777778 0.0203125 0.041666666666666664
1 0.571484375 0.88125 0.01796875 0.03194444444444444
1 0.69765625 0.9798611111111111 0.02890625 0.04027777777777778
1 0.7109375 0.94375 0.021875 0.03888888888888889
1 0.45078125 0.5388888888888889 0.00625 0.009722222222222222
1 0.63828125 0.30069444444444443 0.0171875 0.03888888888888889
1 0.984375 0.16597222222222222 0.0140625 0.022222222222222223
1 0.978125 0.13958333333333334 0.01484375 0.02638888888888889
1 0.93203125 0.10208333333333333 0.02421875 0.1
1 0.852734375 0.12013888888888889 0.0125 0.02638888888888889
1 0.883984375 0.10069444444444445 0.01640625 0.03333333333333333
1 0.851171875 0.052083333333333336 0.01328125 0.034722222222222224
1 0.854296875 0.20972222222222223 0.02109375 0.0375
1 0.80078125 0.2222222222222222 0.02265625 0.059722222222222225
1 0.867578125 0.28125 0.02734375 0.05277777777777778
1 0.848046875 0.3597222222222222 0.01015625 0.029166666666666667
1 0.674609375 0.44305555555555554 0.01796875 0.020833333333333332
1 0.7140625 0.5013888888888889 0.01640625 0.019444444444444445
1 0.786328125 0.49583333333333335 0.01015625 0.0125
1 0.8078125 0.42430555555555555 0.01796875 0.025
1 0.804296875 0.45416666666666666 0.0109375 0.009722222222222222
1 0.996484375 0.27291666666666664 0.00703125 0.04583333333333333
1 0.930078125 0.2777777777777778 0.0375 0.07361111111111111
1 0.934765625 0.3659722222222222 0.01171875 0.0375
1 0.96640625 0.42986111111111114 0.015625 0.02361111111111111
1 0.941015625 0.4111111111111111 0.01875 0.03194444444444444
1 0.98984375 0.5055555555555555 0.0203125 0.03194444444444444
1 0.949609375 0.5125 0.0140625 0.022222222222222223
1 0.92890625 0.46944444444444444 0.0453125 0.059722222222222225
1 0.898046875 0.5104166666666666 0.04609375 0.08055555555555556
1 0.95546875 0.6986111111111111 0.01015625 0.027777777777777776
1 0.99375 0.8458333333333333 0.0125 0.02361111111111111
1 0.920703125 0.9006944444444445 0.01953125 0.04861111111111111
1 0.9734375 0.7652777777777777 0.053125 0.07222222222222222
1 0.910546875 0.7548611111111111 0.01171875 0.016666666666666666
1 0.910546875 0.6402777777777777 0.01171875 0.030555555555555555
1 0.863671875 0.56875 0.01953125 0.03194444444444444
1 0.871875 0.6909722222222222 0.02578125 0.03333333333333333
1 0.83828125 0.6902777777777778 0.01171875 0.027777777777777776
1 0.813671875 0.8326388888888889 0.03125 0.07222222222222222
1 0.80546875 0.9548611111111112 0.0203125 0.03888888888888889
1 0.69921875 0.9 0.0140625 0.019444444444444445
1 0.745703125 0.9930555555555556 0.02109375 0.013888888888888888
1 0.201171875 0.5868055555555556 0.02421875 0.06111111111111111
1 0.17109375 0.49444444444444446 0.01953125 0.03611111111111111
1 0.2296875 0.46875 0.0671875 0.11805555555555555
1 0.30234375 0.4215277777777778 0.02578125 0.05555555555555555
1 0.296875 0.3472222222222222 0.01328125 0.016666666666666666
1 0.290234375 0.30972222222222223 0.0140625 0.022222222222222223
1 0.262890625 0.3263888888888889 0.01015625 0.030555555555555555
1 0.248828125 0.3125 0.01640625 0.04583333333333333
1 0.20625 0.3277777777777778 0.0140625 0.025
1 0.18984375 0.3625 0.01953125 0.03611111111111111
1 0.173046875 0.3909722222222222 0.01953125 0.034722222222222224
1 0.121484375 0.37569444444444444 0.01171875 0.019444444444444445
1 0.1484375 0.3388888888888889 0.01640625 0.03333333333333333
1 0.242578125 0.22847222222222222 0.04296875 0.043055555555555555
1 0.2515625 0.17916666666666667 0.025 0.03888888888888889
1 0.251171875 0.12638888888888888 0.01953125 0.034722222222222224
1 0.2609375 0.07569444444444444 0.03046875 0.044444444444444446
1 0.201171875 0.06875 0.0296875 0.07916666666666666
1 0.17734375 0.04375 0.01875 0.027777777777777776
1 0.052734375 0.05138888888888889 0.0375 0.10277777777777777
1 0.64921875 0.16944444444444445 0.0109375 0.041666666666666664