0 0.671875 0.1951388888888889 0.16171875 0.3194444444444444
0 0.669921875 0.4791666666666667 0.15703125 0.2388888888888889
0 0.681640625 0.6513888888888889 0.084375 0.1597222222222222
0 0.129296875 0.20972222222222223 0.2140625 0.30277777777777776
0 0.678125 0.027083333333333334 0.05546875 0.05416666666666667
0 0.189453125 0.9222222222222223 0.115625 0.15555555555555556
0 0.116796875 0.47152777777777777 0.23359375 0.14722222222222223
0 0.122265625 0.6881944444444444 0.24453125 0.17777777777777778
0 0.6265625 0.9048611111111111 0.23984375 0.19027777777777777
1 0.465625 0.013888888888888888 0.0203125 0.027777777777777776
1 0.416015625 0.017361111111111112 0.0125 0.020833333333333332
1 0.30625 0.23194444444444445 0.0125 0.029166666666666667
1 0.325390625 0.20555555555555555 0.0125 0.019444444444444445
1 0.230859375 0.19236111111111112 0.01171875 0.019444444444444445
1 0.25625 0.4166666666666667 0.03671875 0.04722222222222222
1 0.281640625 0.37569444444444444 0.0234375 0.04861111111111111
1 0.190625 0.4340277777777778 0.01875 0.027777777777777776
1 0.230078125 0.5048611111111111 0.03046875 0.030555555555555555
1 0.261328125 0.5215277777777778 0.01796875 0.02638888888888889
1 0.262890625 0.6555555555555556 0.04375 0.09027777777777778
1 0.294140625 0.5965277777777778 0.01328125 0.027777777777777776
1 0.12734375 0.5590277777777778 0.034375 0.059722222222222225
1 0.10625 0.8826388888888889 0.01484375 0.015277777777777777
1 0.121875 0.8715277777777778 0.009375 0.013888888888888888
1 0.15390625 0.6854166666666667 0.01953125 0.029166666666666667
1 0.16015625 0.1736111111111111 0.0140625 0.043055555555555555
1 0.20625 0.09027777777777778 0.02890625 0.08472222222222223
1 0.955859375 0.016666666666666666 0.01484375 0.03333333333333333
1 0.9875 0.029861111111111113 0.025 0.059722222222222225
1 0.979296875 0.06458333333333334 0.0359375 0.05277777777777778
0 0.17109375 0.06111111111111111 0.06953125 0.12222222222222222
1 0.983984375 0.18263888888888888 0.01484375 0.027777777777777776
1 0.84609375 0.08819444444444445 0.01171875 0.020833333333333332
1 0.58203125 0.6097222222222223 0.0109375 0.018055555555555554
1 0.331640625 0.3715277777777778 0.01328125 0.03194444444444444
1 0.892578125 0.07847222222222222 0.0109375 0.022222222222222223
1 0.21171875 0.9229166666666667 0.0390625 0.06527777777777778
1 0.237109375 0.9694444444444444 0.021875 0.03888888888888889
1 0.208984375 0.9840277777777777 0.01796875 0.03194444444444444
1 0.23359375 0.9958333333333333 0.009375 0.008333333333333333
1 0.205859375 0.8486111111111111 0.025 0.044444444444444446
1 0.301953125 0.8326388888888889 0.0140625 0.022222222222222223
1 0.360546875 0.9291666666666667 0.0078125 0.018055555555555554
1 0.3734375 0.9611111111111111 0.01171875 0.015277777777777777
1 0.49296875 0.7923611111111111 0.01640625 0.019444444444444445
1 0.53671875 0.8625 0.02890625 0.04722222222222222
1 0.5890625 0.9625 0.01640625 0.025
1 0.672265625 0.8625 0.0171875 0.041666666666666664
1 0.62890625 0.8458333333333333 0.01171875 0.029166666666666667
1 0.651171875 0.8118055555555556 0.01953125 0.02638888888888889
1 0.711328125 0.9583333333333334 0.021875 0.05416666666666667
1 0.762109375 0.9548611111111112 0.015625 0.027777777777777776
1 0.795703125 0.8861111111111111 0.0140625 0.030555555555555555
1 0.887890625 0.9430555555555555 0.0265625 0.04722222222222222
1 0.87578125 0.8951388888888889 0.01015625 0.018055555555555554
1 0.958984375 0.9347222222222222 0.06953125 0.06666666666666667
1 0.96640625 0.9840277777777777 0.0203125 0.03194444444444444
1 0.8953125 0.7361111111111112 0.028125 0.05555555555555555
1 0.9546875 0.7486111111111111 0.03828125 0.06388888888888888
1 0.819140625 0.8027777777777778 0.025 0.04722222222222222
1 0.746484375 0.8229166666666666 0.0109375 0.022222222222222223
1 0.725 0.7868055555555555 0.025 0.05555555555555555
1 0.7265625 0.6770833333333334 0.034375 0.05694444444444444
1 0.72890625 0.7145833333333333 0.021875 0.03333333333333333
1 0.75859375 0.6326388888888889 0.01328125 0.022222222222222223
1 0.784765625 0.65 0.0171875 0.025
1 0.745703125 0.5763888888888888 0.0203125 0.022222222222222223
1 0.7484375 0.47847222222222224 0.0234375 0.0375
1 0.76640625 0.5138888888888888 0.03125 0.03888888888888889
1 0.69375 0.5048611111111111 0.0171875 0.03888888888888889
1 0.612890625 0.6222222222222222 0.0265625 0.04722222222222222
1 0.62421875 0.5652777777777778 0.0171875 0.029166666666666667
1 0.540234375 0.65 0.01953125 0.030555555555555555
1 0.5984375 0.5770833333333333 0.01640625 0.025
1 0.60078125 0.375 0.0171875 0.02638888888888889
1 0.666015625 0.38472222222222224 0.0078125 0.018055555555555554
1 0.765625 0.3104166666666667 0.01953125 0.04027777777777778
1 0.62578125 0.2951388888888889 0.02734375 0.059722222222222225
1 0.683984375 0.23055555555555557 0.015625 0.030555555555555555
1 0.6625 0.16944444444444445 0.0125 0.02638888888888889
1 0.6703125 0.13402777777777777 0.01796875 0.0375
1 0.6390625 0.09375 0.0328125 0.0625
1 0.596875 0.10902777777777778 0.0203125 0.05416666666666667
1 0.554296875 0.05486111111111111 0.015625 0.03194444444444444
1 0.573828125 0.06111111111111111 0.01875 0.0375
1 0.595703125 0.03680555555555556 0.03203125 0.07361111111111111
1 0.652734375 0.03263888888888889 0.0125 0.025
1 0.67890625 0.020833333333333332 0.01640625 0.041666666666666664
1 0.690625 0.04236111111111111 0.01796875 0.02638888888888889
1 0.71484375 0.015277777777777777 0.015625 0.030555555555555555
1 0.76953125 0.050694444444444445 0.02890625 0.041666666666666664
1 0.775390625 0.015277777777777777 0.0234375 0.030555555555555555
1 0.73515625 0.13333333333333333 0.01640625 0.02361111111111111
1 0.734765625 0.16944444444444445 0.01171875 0.027777777777777776
1 0.8171875 0.19166666666666668 0.01953125 0.030555555555555555
1 0.89375 0.26319444444444445 0.0171875 0.030555555555555555
1 0.915234375 0.3111111111111111 0.0171875 0.03333333333333333
1 0.940234375 0.3277777777777778 0.01484375 0.025
1 0.906640625 0.4409722222222222 0.046875 0.075
1 0.9515625 0.4215277777777778 0.0125 0.016666666666666666
1 0.869921875 0.4986111111111111 0.0296875 0.043055555555555555
1 0.902734375 0.5055555555555555 0.0078125 0.0125
1 0.87890625 0.5756944444444444 0.03203125 0.044444444444444446
1 0.8359375 0.6083333333333333 0.02890625 0.044444444444444446
1 0.812890625 0.4861111111111111 0.05078125 0.1875
1 0.9875 0.5104166666666666 0.0125 0.018055555555555554
1 0.993359375 0.47152777777777777 0.01328125 0.015277777777777777
1 0.92734375 0.6520833333333333 0.015625 0.034722222222222224
1 0.903125 0.1763888888888889 0.02421875 0.05416666666666667