1 0.56328125 0.459375 0.0171875 0.0375
0 0.61171875 0.028125 0.1484375 0.05625
0 0.771875 0.18125 0.271875 0.3625
0 0.80546875 0.934375 0.3875 0.13125
0 0.7078125 0.8104166666666667 0.3796875 0.37916666666666665
0 0.646875 0.45208333333333334 0.2828125 0.24375
1 0.76796875 0.08229166666666667 0.015625 0.01875
1 0.809375 0.0125 0.034375 0.025
1 0.95546875 0.125 0.015625 0.020833333333333332
1 0.9828125 0.30625 0.025 0.041666666666666664
1 0.16171875 0.5302083333333333 0.0203125 0.025
1 0.24140625 0.5166666666666667 0.0125 0.016666666666666666
1 0.25859375 0.8729166666666667 0.021875 0.027083333333333334
1 0.34453125 0.86875 0.040625 0.04791666666666667
1 0.3734375 0.8552083333333333 0.0171875 0.01875
1 0.4859375 0.9864583333333333 0.0359375 0.025
1 0.4421875 0.91875 0.028125 0.04375
1 0.4609375 0.8989583333333333 0.0109375 0.022916666666666665
1 0.4796875 0.9 0.0234375 0.03333333333333333
1 0.52734375 0.7385416666666667 0.015625 0.020833333333333332
1 0.45 0.8270833333333333 0.0125 0.016666666666666666
1 0.56171875 0.8645833333333334 0.028125 0.041666666666666664
1 0.75546875 0.778125 0.015625 0.01875
1 0.96328125 0.7260416666666667 0.015625 0.022916666666666665
1 0.50078125 0.7197916666666667 0.028125 0.04583333333333333
1 0.534375 0.7145833333333333 0.0234375 0.025
1 0.296875 0.6208333333333333 0.0203125 0.0375
1 0.421875 0.5802083333333333 0.0234375 0.027083333333333334
1 0.8453125 0.6989583333333333 0.0171875 0.025
1 0.8734375 0.5333333333333333 0.021875 0.029166666666666667
1 0.72109375 0.53125 0.0515625 0.07083333333333333
1 0.43515625 0.046875 0.0265625 0.05416666666666667
1 0.3375 0.035416666666666666 0.0125 0.020833333333333332
1 0.3421875 0.31666666666666665 0.0234375 0.041666666666666664
1 0.49921875 0.215625 0.0140625 0.022916666666666665
1 0.54375 0.13854166666666667 0.0328125 0.03958333333333333
1 0.8453125 0.24166666666666667 0.0203125 0.035416666666666666
1 0.6984375 0.321875 0.05 0.041666666666666664
1 0.69140625 0.278125 0.0265625 0.03958333333333333
1 0.6734375 0.24791666666666667 0.03125 0.05416666666666667
1 0.88984375 0.309375 0.01875 0.01875
1 0.925 0.30833333333333335 0.0203125 0.025
1 0.825 0.246875 0.0140625 0.016666666666666666
1 0.88984375 0.44583333333333336 0.0125 0.020833333333333332
1 0.60546875 0.4322916666666667 0.0328125 0.029166666666666667