1 0.666015625 0.13055555555555556 0.0265625 0.044444444444444446
1 0.8421875 0.7798611111111111 0.01328125 0.02361111111111111
1 0.74375 0.9583333333333334 0.01640625 0.030555555555555555
1 0.778125 0.5104166666666666 0.01484375 0.025
1 0.63203125 0.8645833333333334 0.02109375 0.0375
1 0.831640625 0.9625 0.021875 0.030555555555555555
1 0.88359375 0.6881944444444444 0.01953125 0.0375
1 0.830078125 0.8895833333333333 0.028125 0.04027777777777778
1 0.91953125 0.12638888888888888 0.01953125 0.04027777777777778
1 0.172265625 0.36666666666666664 0.0265625 0.044444444444444446
1 0.23203125 0.5298611111111111 0.02578125 0.029166666666666667
1 0.919140625 0.18333333333333332 0.0203125 0.030555555555555555
1 0.980859375 0.21180555555555555 0.03125 0.06111111111111111
1 0.983203125 0.8104166666666667 0.0234375 0.04583333333333333
1 0.209375 0.15625 0.02265625 0.04583333333333333
1 0.68671875 0.6791666666666667 0.0296875 0.05694444444444444
1 0.704296875 0.7423611111111111 0.02109375 0.034722222222222224
1 0.79765625 0.6798611111111111 0.04609375 0.06805555555555555
1 0.19609375 0.7159722222222222 0.01484375 0.030555555555555555
1 0.055859375 0.6013888888888889 0.04140625 0.05
1 0.06171875 0.8916666666666667 0.02734375 0.07361111111111111
1 0.062109375 0.3388888888888889 0.0296875 0.04583333333333333
1 0.965625 0.06597222222222222 0.03203125 0.05138888888888889
1 0.410546875 0.9756944444444444 0.0578125 0.041666666666666664
1 0.929296875 0.017361111111111112 0.01875 0.034722222222222224
1 0.721484375 0.6666666666666666 0.0203125 0.06388888888888888
1 0.873046875 0.17222222222222222 0.05390625 0.09861111111111111
1 0.848828125 0.8166666666666667 0.0265625 0.04027777777777778
1 0.859375 0.8513888888888889 0.0171875 0.03333333333333333
1 0.10625 0.2604166666666667 0.03046875 0.05
1 0.1265625 0.23055555555555557 0.021875 0.04722222222222222
1 0.844921875 0.04652777777777778 0.040625 0.05555555555555555
1 0.10859375 0.4284722222222222 0.0140625 0.03888888888888889
1 0.698046875 0.06388888888888888 0.015625 0.06944444444444445
1 0.785546875 0.05138888888888889 0.021875 0.044444444444444446
1 0.1390625 0.7263888888888889 0.0265625 0.03888888888888889
1 0.9671875 0.3972222222222222 0.03203125 0.05
1 0.096875 0.9180555555555555 0.02265625 0.041666666666666664
1 0.5453125 0.5909722222222222 0.040625 0.07083333333333333
1 0.752734375 0.6611111111111111 0.01953125 0.03333333333333333
1 0.14921875 0.08333333333333333 0.034375 0.04722222222222222
1 0.914453125 0.45555555555555555 0.05390625 0.1125
1 0.777734375 0.8520833333333333 0.02265625 0.03888888888888889
1 0.6921875 0.4722222222222222 0.03671875 0.058333333333333334
1 0.96015625 0.8819444444444444 0.05625 0.09722222222222222
1 0.933984375 0.5270833333333333 0.02421875 0.03888888888888889
0 0.66015625 0.9138888888888889 0.153125 0.17222222222222222
0 0.625390625 0.7520833333333333 0.22265625 0.275
0 0.564453125 0.5583333333333333 0.19296875 0.5236111111111111
0 0.557421875 0.19166666666666668 0.32265625 0.38333333333333336
0 0.583984375 0.0625 0.20390625 0.125
0 0.09453125 0.7097222222222223 0.1890625 0.12638888888888888
0 0.1125 0.5020833333333333 0.14609375 0.10138888888888889
0 0.05703125 0.32430555555555557 0.1140625 0.3388888888888889
0 0.0671875 0.030555555555555555 0.134375 0.059722222222222225
1 0.863671875 0.08888888888888889 0.02109375 0.034722222222222224
1 0.77890625 0.9458333333333333 0.015625 0.02638888888888889
1 0.69921875 0.175 0.01484375 0.03333333333333333
1 0.133984375 0.19027777777777777 0.015625 0.03194444444444444
1 0.16796875 0.5979166666666667 0.01953125 0.03194444444444444
1 0.6953125 0.23125 0.01640625 0.025
1 0.2484375 0.23055555555555557 0.01484375 0.027777777777777776
1 0.9484375 0.8229166666666666 0.0265625 0.03194444444444444
1 0.141796875 0.43472222222222223 0.0234375 0.04027777777777778
1 0.154296875 0.006944444444444444 0.01953125 0.013888888888888888
1 0.209765625 0.10833333333333334 0.01640625 0.03333333333333333
1 0.073046875 0.9770833333333333 0.01953125 0.03611111111111111
1 0.251953125 0.9583333333333334 0.0203125 0.025
1 0.827734375 0.15902777777777777 0.0140625 0.02638888888888889
1 0.221875 0.7604166666666666 0.01328125 0.02638888888888889
1 0.057421875 0.16805555555555557 0.02109375 0.05
1 0.092578125 0.9055555555555556 0.03515625 0.06805555555555555
1 0.5625 0.5625 0.01875 0.034722222222222224
1 0.5328125 0.1875 0.0109375 0.025
1 0.823828125 0.7708333333333334 0.01171875 0.022222222222222223
1 0.76953125 0.9875 0.02421875 0.019444444444444445
1 0.510546875 0.16527777777777777 0.0109375 0.02638888888888889
1 0.0640625 0.7583333333333333 0.0203125 0.029166666666666667
1 0.215234375 0.9881944444444445 0.01796875 0.020833333333333332
1 0.150390625 0.4270833333333333 0.02578125 0.03888888888888889
1 0.774609375 0.6138888888888889 0.0140625 0.027777777777777776