1 0.320703125 0.7715277777777778 0.03359375 0.05138888888888889
1 0.84296875 0.1638888888888889 0.01953125 0.02361111111111111
1 0.72109375 0.06458333333333334 0.0203125 0.04722222222222222
1 0.759375 0.10555555555555556 0.0125 0.029166666666666667
1 0.53984375 0.3972222222222222 0.0140625 0.030555555555555555
1 0.578515625 0.4840277777777778 0.0359375 0.06527777777777778
1 0.60625 0.40902777777777777 0.0296875 0.07361111111111111
1 0.70078125 0.4013888888888889 0.03671875 0.0763888888888889
1 0.7375 0.43333333333333335 0.01875 0.027777777777777776
1 0.742578125 0.4756944444444444 0.01484375 0.03194444444444444
1 0.6234375 0.5756944444444444 0.015625 0.0375
1 0.514453125 0.6055555555555555 0.0125 0.030555555555555555
1 0.434765625 0.6708333333333333 0.0203125 0.034722222222222224
1 0.56953125 0.7263888888888889 0.02265625 0.034722222222222224
1 0.412890625 0.31805555555555554 0.015625 0.02638888888888889
1 0.463671875 0.34375 0.01875 0.0375
1 0.538671875 0.13402777777777777 0.021875 0.034722222222222224
1 0.603515625 0.07777777777777778 0.02578125 0.03888888888888889
1 0.54296875 0.06180555555555556 0.02578125 0.04027777777777778
1 0.2 0.16944444444444445 0.0265625 0.08472222222222223
1 0.228125 0.17083333333333334 0.034375 0.05416666666666667
1 0.26484375 0.07569444444444444 0.021875 0.027777777777777776
1 0.020703125 0.2604166666666667 0.02421875 0.043055555555555555
1 0.128515625 0.29791666666666666 0.02265625 0.05416666666666667
1 0.1578125 0.5868055555555556 0.0265625 0.08194444444444444
1 0.189453125 0.5444444444444444 0.02265625 0.0375
1 0.891796875 0.14027777777777778 0.021875 0.041666666666666664
1 0.290234375 0.7847222222222222 0.025 0.043055555555555555
1 0.281640625 0.9541666666666667 0.02109375 0.0375
1 0.246484375 0.9479166666666666 0.0171875 0.04027777777777778
1 0.53671875 0.9590277777777778 0.03046875 0.04722222222222222
1 0.52109375 0.8256944444444444 0.0515625 0.0875
1 0.684375 0.8680555555555556 0.028125 0.05138888888888889
0 0.10390625 0.2048611111111111 0.09765625 0.36666666666666664
0 0.08125 0.5243055555555556 0.10859375 0.4736111111111111
0 0.112109375 0.7784722222222222 0.20390625 0.2875
0 0.120703125 0.8875 0.14921875 0.225
0 0.131640625 0.9791666666666666 0.0125 0.041666666666666664
0 0.69453125 0.8743055555555556 0.11015625 0.2513888888888889
0 0.73203125 0.7479166666666667 0.315625 0.35694444444444445
0 0.651953125 0.5131944444444444 0.1359375 0.3333333333333333
0 0.681640625 0.1875 0.134375 0.375
0 0.692578125 0.06527777777777778 0.08828125 0.13055555555555556
1 0.454296875 0.3854166666666667 0.02265625 0.05277777777777778
1 0.51875 0.4041666666666667 0.015625 0.04027777777777778
1 0.43046875 0.43333333333333335 0.03359375 0.059722222222222225
1 0.81484375 0.75625 0.01796875 0.029166666666666667
0 0.117578125 0.09583333333333334 0.06328125 0.19166666666666668
1 0.90703125 0.5222222222222223 0.0359375 0.05138888888888889
1 0.94453125 0.5618055555555556 0.02578125 0.04027777777777778
1 0.958984375 0.4222222222222222 0.01015625 0.020833333333333332
1 0.808984375 0.24305555555555555 0.02578125 0.0375
1 0.97734375 0.95 0.01640625 0.029166666666666667
1 0.003125 0.20902777777777778 0.00625 0.025
1 0.25078125 0.8090277777777778 0.01328125 0.027777777777777776
1 0.18046875 0.86875 0.01875 0.0375
1 0.115625 0.2534722222222222 0.02421875 0.03611111111111111
1 0.062109375 0.03194444444444444 0.01640625 0.030555555555555555
1 0.156640625 0.022222222222222223 0.025 0.044444444444444446
1 0.817578125 0.08958333333333333 0.0125 0.022222222222222223