1 0.20625 0.9673611111111111 0.0421875 0.06527777777777778
1 0.142578125 0.9861111111111112 0.03359375 0.027777777777777776
1 0.371875 0.8493055555555555 0.01875 0.029166666666666667
1 0.216015625 0.725 0.02265625 0.04861111111111111
1 0.166015625 0.7256944444444444 0.025 0.041666666666666664
1 0.171875 0.7006944444444444 0.01484375 0.02638888888888889
1 0.20234375 0.6729166666666667 0.02734375 0.04861111111111111
1 0.21875 0.6319444444444444 0.01328125 0.02638888888888889
1 0.150390625 0.5645833333333333 0.02421875 0.043055555555555555
1 0.129296875 0.4979166666666667 0.02265625 0.043055555555555555
1 0.19609375 0.3333333333333333 0.02421875 0.05416666666666667
1 0.17578125 0.3076388888888889 0.01953125 0.03194444444444444
1 0.15625 0.25972222222222224 0.03515625 0.06388888888888888
1 0.208203125 0.23680555555555555 0.03125 0.05416666666666667
1 0.215625 0.07847222222222222 0.01875 0.03194444444444444
1 0.491015625 0.07152777777777777 0.02109375 0.05277777777777778
1 0.6375 0.22430555555555556 0.02578125 0.05694444444444444
1 0.662890625 0.08819444444444445 0.01484375 0.03333333333333333
1 0.6609375 0.03819444444444445 0.021875 0.043055555555555555
1 0.7484375 0.27291666666666664 0.03984375 0.06666666666666667
1 0.782421875 0.34930555555555554 0.03828125 0.07361111111111111
1 0.74609375 0.44166666666666665 0.021875 0.04583333333333333
1 0.7078125 0.42430555555555555 0.01796875 0.029166666666666667
1 0.811328125 0.5215277777777778 0.0296875 0.05138888888888889
1 0.915625 0.41041666666666665 0.03515625 0.0625
1 0.93203125 0.45208333333333334 0.02109375 0.03333333333333333
1 0.891015625 0.22708333333333333 0.02265625 0.04027777777777778
1 0.926171875 0.21944444444444444 0.02109375 0.04583333333333333
1 0.94296875 0.2701388888888889 0.02734375 0.059722222222222225
1 0.95234375 0.05347222222222222 0.0125 0.02361111111111111
1 0.9875 0.14097222222222222 0.025 0.11666666666666667
1 0.990625 0.3541666666666667 0.01875 0.08194444444444444
1 0.94296875 0.5055555555555555 0.06171875 0.07777777777777778
1 0.894921875 0.5236111111111111 0.015625 0.02638888888888889
1 0.926953125 0.6263888888888889 0.02265625 0.0375
1 0.982421875 0.6493055555555556 0.03515625 0.11527777777777778
1 0.98359375 0.7520833333333333 0.01328125 0.03194444444444444
1 0.750390625 0.68125 0.02890625 0.044444444444444446
1 0.705859375 0.6326388888888889 0.01640625 0.025
1 0.844140625 0.8138888888888889 0.015625 0.034722222222222224
1 0.856640625 0.91875 0.015625 0.030555555555555555
1 0.937890625 0.9458333333333333 0.01875 0.0375
1 0.78671875 0.9722222222222222 0.06875 0.05555555555555555
1 0.65546875 0.8548611111111111 0.0421875 0.1125
1 0.70703125 0.9513888888888888 0.0140625 0.034722222222222224
1 0.64375 0.5479166666666667 0.02109375 0.05138888888888889
1 0.484375 0.5916666666666667 0.015625 0.029166666666666667
1 0.55 0.41875 0.02421875 0.04027777777777778
1 0.5546875 0.30625 0.01484375 0.020833333333333332
1 0.53046875 0.3111111111111111 0.03046875 0.02638888888888889
0 0.665625 0.6659722222222222 0.18984375 0.41805555555555557
0 0.628515625 0.88125 0.23203125 0.23472222222222222
0 0.584375 0.35208333333333336 0.240625 0.3013888888888889
0 0.568359375 0.07013888888888889 0.03671875 0.14027777777777778
0 0.07109375 0.8659722222222223 0.14140625 0.26805555555555555
0 0.095703125 0.6034722222222222 0.19140625 0.3819444444444444
0 0.12421875 0.5354166666666667 0.20078125 0.29444444444444445
0 0.13125 0.225 0.1625 0.38055555555555554
0 0.149609375 0.08055555555555556 0.09296875 0.16111111111111112