0 0.148046875 0.8763888888888889 0.121875 0.24722222222222223
1 0.12109375 0.8236111111111111 0.02578125 0.04722222222222222
1 0.325 0.85625 0.0140625 0.03611111111111111
1 0.220703125 0.68125 0.028125 0.04027777777777778
1 0.198046875 0.6076388888888888 0.02421875 0.034722222222222224
1 0.174609375 0.5784722222222223 0.02109375 0.034722222222222224
1 0.13515625 0.5527777777777778 0.0203125 0.03611111111111111
1 0.212109375 0.5097222222222222 0.03125 0.044444444444444446
1 0.1265625 0.7090277777777778 0.01640625 0.034722222222222224
1 0.227734375 0.13055555555555556 0.03125 0.04027777777777778
1 0.25546875 0.025694444444444443 0.02578125 0.025
1 0.60703125 0.29305555555555557 0.028125 0.05277777777777778
1 0.650390625 0.20555555555555555 0.0265625 0.04861111111111111
1 0.712109375 0.24375 0.028125 0.07222222222222222
1 0.755078125 0.15833333333333333 0.02734375 0.05277777777777778
1 0.9140625 0.16666666666666666 0.0359375 0.06111111111111111
1 0.926953125 0.1076388888888889 0.02265625 0.04027777777777778
1 0.98984375 0.24166666666666667 0.0203125 0.05
1 0.957421875 0.2625 0.03125 0.05277777777777778
1 0.87734375 0.32013888888888886 0.0296875 0.06111111111111111
1 0.840625 0.27152777777777776 0.01953125 0.03888888888888889
1 0.72109375 0.39652777777777776 0.065625 0.09444444444444444
1 0.683984375 0.44305555555555554 0.02578125 0.03611111111111111
1 0.9765625 0.4340277777777778 0.021875 0.027777777777777776
1 0.948828125 0.47847222222222224 0.04140625 0.06111111111111111
1 0.916015625 0.5291666666666667 0.03828125 0.04583333333333333
1 0.844140625 0.5444444444444444 0.0203125 0.03611111111111111
1 0.9109375 0.6381944444444444 0.0296875 0.059722222222222225
1 0.91640625 0.7284722222222222 0.0390625 0.05138888888888889
1 0.97265625 0.7326388888888888 0.0421875 0.07083333333333333
1 0.925 0.8222222222222222 0.0234375 0.06527777777777778
1 0.959375 0.8777777777777778 0.01875 0.03611111111111111
1 0.89140625 0.9361111111111111 0.01875 0.03194444444444444
1 0.898046875 0.9881944444444445 0.0171875 0.02361111111111111
1 0.862109375 0.7798611111111111 0.0171875 0.05
1 0.612890625 0.5506944444444445 0.0203125 0.029166666666666667
1 0.69921875 0.5166666666666667 0.01875 0.03611111111111111
1 0.57734375 0.8611111111111112 0.01796875 0.034722222222222224
1 0.712109375 0.9402777777777778 0.021875 0.03333333333333333
1 0.7515625 0.9854166666666667 0.03046875 0.029166666666666667
0 0.110546875 0.6972222222222222 0.1765625 0.22916666666666666
0 0.136328125 0.5319444444444444 0.10390625 0.2875
0 0.098046875 0.26319444444444445 0.19609375 0.1763888888888889
0 0.13125 0.1125 0.13828125 0.225
0 0.691015625 0.8194444444444444 0.1046875 0.3611111111111111
0 0.669140625 0.7666666666666667 0.16484375 0.4666666666666667
0 0.68203125 0.4409722222222222 0.21796875 0.16666666666666666
0 0.66328125 0.08194444444444444 0.09140625 0.1638888888888889