1 0.621875 0.08125 0.04765625 0.0875
0 0.749609375 0.7381944444444445 0.18671875 0.24444444444444444
0 0.712890625 0.22847222222222222 0.28046875 0.3486111111111111
0 0.681640625 0.21180555555555555 0.1265625 0.41944444444444445
0 0.12890625 0.93125 0.23515625 0.1375
0 0.15 0.7291666666666666 0.25703125 0.2652777777777778
0 0.133203125 0.48194444444444445 0.165625 0.2611111111111111
0 0.16953125 0.2875 0.12734375 0.3888888888888889
1 0.8828125 0.37430555555555556 0.01796875 0.058333333333333334
1 0.157421875 0.20347222222222222 0.0328125 0.059722222222222225
1 0.136328125 0.014583333333333334 0.0265625 0.029166666666666667
1 0.094140625 0.05555555555555555 0.028125 0.05416666666666667
1 0.09140625 0.16666666666666666 0.03125 0.05555555555555555
1 0.180078125 0.4326388888888889 0.0296875 0.08055555555555556
1 0.186328125 0.8145833333333333 0.02734375 0.0625
1 0.134375 0.6569444444444444 0.05390625 0.04861111111111111
1 0.23828125 0.6076388888888888 0.0171875 0.03333333333333333
1 0.2203125 0.5451388888888888 0.04453125 0.07361111111111111
1 0.283203125 0.5402777777777777 0.03828125 0.07916666666666666
1 0.31171875 0.6486111111111111 0.03359375 0.05
1 0.294921875 0.7020833333333333 0.0234375 0.03888888888888889
1 0.2515625 0.9465277777777777 0.06640625 0.09166666666666666
1 0.582421875 0.76875 0.02734375 0.05416666666666667
1 0.6328125 0.775 0.03828125 0.044444444444444446
1 0.58046875 0.9694444444444444 0.02265625 0.03611111111111111
1 0.522265625 0.8979166666666667 0.01328125 0.03888888888888889
1 0.575390625 0.8159722222222222 0.01796875 0.044444444444444446
1 0.321484375 0.21041666666666667 0.02578125 0.04722222222222222
1 0.3046875 0.1361111111111111 0.03125 0.06111111111111111
1 0.27421875 0.08958333333333333 0.0296875 0.05138888888888889
1 0.183203125 0.13680555555555557 0.01953125 0.043055555555555555
1 0.24609375 0.20069444444444445 0.02578125 0.03194444444444444
1 0.234375 0.29583333333333334 0.025 0.05555555555555555
1 0.259765625 0.3909722222222222 0.01875 0.04861111111111111
1 0.2890625 0.39791666666666664 0.0140625 0.03194444444444444
1 0.3375 0.41458333333333336 0.025 0.04861111111111111
1 0.44140625 0.40555555555555556 0.01953125 0.041666666666666664
1 0.55 0.5055555555555555 0.01796875 0.0375
1 0.549609375 0.4048611111111111 0.02890625 0.044444444444444446
1 0.676171875 0.41180555555555554 0.0234375 0.04583333333333333
1 0.68828125 0.35694444444444445 0.03125 0.07361111111111111
1 0.779296875 0.4 0.01796875 0.04027777777777778
1 0.80859375 0.36944444444444446 0.034375 0.05694444444444444
1 0.81796875 0.27847222222222223 0.03046875 0.05
1 0.816015625 0.21041666666666667 0.021875 0.030555555555555555
1 0.93125 0.10902777777777778 0.0296875 0.043055555555555555
1 0.725 0.6291666666666667 0.03984375 0.08611111111111111
1 0.873046875 0.6729166666666667 0.04765625 0.08333333333333333
1 0.945703125 0.6479166666666667 0.01328125 0.03888888888888889
1 0.919140625 0.5194444444444445 0.02109375 0.04722222222222222
1 0.941796875 0.5159722222222223 0.02421875 0.027777777777777776
1 0.9765625 0.6513888888888889 0.03125 0.07083333333333333
1 0.973046875 0.7125 0.03125 0.04722222222222222
1 0.95859375 0.79375 0.04375 0.07083333333333333
1 0.878125 0.8013888888888889 0.03828125 0.07361111111111111
1 0.834375 0.8645833333333334 0.02890625 0.04027777777777778
1 0.728125 0.8270833333333333 0.0171875 0.04583333333333333
1 0.651171875 0.8236111111111111 0.02421875 0.044444444444444446