1 0.8328125 0.15486111111111112 0.0140625 0.029166666666666667
1 0.320703125 0.45069444444444445 0.0203125 0.03333333333333333
1 0.837890625 0.3951388888888889 0.0203125 0.04027777777777778
1 0.769921875 0.5548611111111111 0.0140625 0.027777777777777776
1 0.98359375 0.5548611111111111 0.02109375 0.04027777777777778
0 0.086328125 0.26458333333333334 0.171875 0.25833333333333336
1 0.31171875 0.41458333333333336 0.01796875 0.029166666666666667
1 0.87421875 0.26805555555555555 0.0171875 0.03611111111111111
1 0.88046875 0.19027777777777777 0.015625 0.0375
1 0.3890625 0.7756944444444445 0.01328125 0.02638888888888889
1 0.17734375 0.6527777777777778 0.0171875 0.03333333333333333
1 0.834765625 0.010416666666666666 0.01875 0.020833333333333332
0 0.094140625 0.44375 0.18828125 0.15833333333333333
0 0.61640625 0.42986111111111114 0.24375 0.2722222222222222
1 0.218359375 0.7444444444444445 0.015625 0.020833333333333332
1 0.1484375 0.6076388888888888 0.0265625 0.041666666666666664
1 0.312890625 0.10902777777777778 0.01171875 0.025
1 0.74453125 0.47708333333333336 0.0421875 0.14722222222222223
0 0.107421875 0.8361111111111111 0.10859375 0.325
1 0.18515625 0.07777777777777778 0.01640625 0.030555555555555555
1 0.640234375 0.5548611111111111 0.021875 0.04861111111111111
1 0.946875 0.09722222222222222 0.03828125 0.08888888888888889
1 0.091796875 0.36736111111111114 0.02265625 0.03611111111111111
1 0.72890625 0.7708333333333334 0.01640625 0.022222222222222223
1 0.80078125 0.9222222222222223 0.02109375 0.0375
1 0.403125 0.7159722222222222 0.01796875 0.041666666666666664
1 0.896484375 0.81875 0.021875 0.03888888888888889
1 0.826953125 0.7145833333333333 0.0515625 0.07222222222222222
1 0.826171875 0.05416666666666667 0.01171875 0.020833333333333332
1 0.91328125 0.5131944444444444 0.015625 0.027777777777777776
1 0.77265625 0.1375 0.01328125 0.025
1 0.6078125 0.3923611111111111 0.01484375 0.03333333333333333
1 0.568359375 0.015277777777777777 0.02265625 0.030555555555555555
1 0.541796875 0.35138888888888886 0.02578125 0.0375
1 0.589453125 0.7486111111111111 0.0109375 0.029166666666666667
1 0.612890625 0.8555555555555555 0.0171875 0.03333333333333333
1 0.958203125 0.8979166666666667 0.021875 0.044444444444444446
1 0.658203125 0.8986111111111111 0.01875 0.03194444444444444
1 0.603515625 0.16666666666666666 0.01796875 0.027777777777777776
1 0.97265625 0.6138888888888889 0.01796875 0.04027777777777778
1 0.180078125 0.5722222222222222 0.034375 0.05
0 0.61796875 0.09097222222222222 0.2109375 0.18194444444444444
1 0.552734375 0.28402777777777777 0.02109375 0.025
1 0.864453125 0.14166666666666666 0.01484375 0.027777777777777776
1 0.523828125 0.11458333333333333 0.01796875 0.0375
1 0.767578125 0.7513888888888889 0.02578125 0.043055555555555555
1 0.566796875 0.36875 0.01171875 0.029166666666666667
1 0.615625 0.7770833333333333 0.0125 0.020833333333333332
1 0.42890625 0.7902777777777777 0.0125 0.018055555555555554
1 0.748046875 0.2701388888888889 0.02109375 0.041666666666666664
0 0.564453125 0.9347222222222222 0.22421875 0.12916666666666668
1 0.785546875 0.39375 0.01484375 0.025
0 0.065234375 0.07847222222222222 0.13046875 0.15416666666666667
1 0.53828125 0.7527777777777778 0.04140625 0.09444444444444444
1 0.9171875 0.28680555555555554 0.01484375 0.04722222222222222
1 0.90390625 0.36180555555555555 0.02109375 0.03611111111111111
1 0.912109375 0.22569444444444445 0.01796875 0.03194444444444444
1 0.918359375 0.18541666666666667 0.0125 0.020833333333333332
1 0.899609375 0.48541666666666666 0.0171875 0.030555555555555555
1 0.194921875 0.7875 0.025 0.0763888888888889
1 0.13125 0.26319444444444445 0.021875 0.05
1 0.9078125 0.009027777777777777 0.0234375 0.018055555555555554
1 0.873828125 0.9201388888888888 0.0171875 0.027777777777777776
1 0.208984375 0.4326388888888889 0.02421875 0.03611111111111111
1 0.764453125 0.04027777777777778 0.01875 0.030555555555555555
1 0.81015625 0.86875 0.05078125 0.07222222222222222
1 0.91171875 0.5715277777777777 0.01640625 0.025
1 0.1453125 0.6993055555555555 0.0125 0.027777777777777776
1 0.932421875 0.47291666666666665 0.0203125 0.03888888888888889
1 0.70703125 0.4708333333333333 0.0203125 0.03333333333333333
1 0.0765625 0.625 0.021875 0.05416666666666667
0 0.6078125 0.7638888888888888 0.13125 0.4375
1 0.4890625 0.5020833333333333 0.02890625 0.05277777777777778
1 0.556640625 0.48541666666666666 0.01640625 0.027777777777777776
1 0.1921875 0.6902777777777778 0.01328125 0.03194444444444444
1 0.105859375 0.4201388888888889 0.01640625 0.05694444444444444
1 0.907421875 0.09791666666666667 0.03515625 0.06527777777777778
0 0.59609375 0.22361111111111112 0.28984375 0.20555555555555555
1 0.348046875 0.7861111111111111 0.0140625 0.02361111111111111
1 0.787890625 0.2701388888888889 0.01171875 0.022222222222222223
1 0.74296875 0.34652777777777777 0.01171875 0.027777777777777776
1 0.708203125 0.2777777777777778 0.01875 0.0375
1 0.19765625 0.7263888888888889 0.01328125 0.025
1 0.18671875 0.9354166666666667 0.0109375 0.027777777777777776
1 0.800390625 0.5625 0.021875 0.03888888888888889
1 0.755859375 0.11388888888888889 0.01640625 0.03333333333333333
1 0.7625 0.8208333333333333 0.015625 0.02638888888888889
1 0.770703125 0.3597222222222222 0.015625 0.03194444444444444
1 0.483984375 0.8493055555555555 0.0125 0.03888888888888889
1 0.687109375 0.9840277777777777 0.01640625 0.025
1 0.31328125 0.05347222222222222 0.0140625 0.022222222222222223
1 0.727734375 0.9576388888888889 0.01796875 0.030555555555555555
1 0.90859375 0.9888888888888889 0.015625 0.018055555555555554