1 0.9546875 0.4583333333333333 0.0296875 0.035416666666666666
1 0.93359375 0.94375 0.03125 0.029166666666666667
1 0.9703125 0.9375 0.0203125 0.03125
1 0.92890625 0.9729166666666667 0.015625 0.016666666666666666
1 0.94609375 0.7364583333333333 0.0171875 0.014583333333333334
1 0.51171875 0.965625 0.0171875 0.016666666666666666
1 0.35 0.9239583333333333 0.0328125 0.027083333333333334
1 0.1703125 0.7614583333333333 0.015625 0.029166666666666667
1 0.0234375 0.7291666666666666 0.01875 0.020833333333333332
1 0.34296875 0.896875 0.0125 0.014583333333333334
1 0.99375 0.9520833333333333 0.0125 0.01875
0 0.58515625 0.165625 0.2421875 0.21458333333333332
0 0.56640625 0.46145833333333336 0.4375 0.17708333333333334
0 0.56328125 0.78125 0.115625 0.4375
1 0.2796875 0.278125 0.034375 0.052083333333333336
1 0.12109375 0.12083333333333333 0.0140625 0.022916666666666665
1 0.15859375 0.19791666666666666 0.0203125 0.029166666666666667
1 0.12734375 0.22395833333333334 0.025 0.020833333333333332
1 0.13203125 0.44583333333333336 0.025 0.0375
1 0.06484375 0.26875 0.015625 0.01875
1 0.39375 0.259375 0.0140625 0.025
1 0.40625 0.23125 0.0203125 0.014583333333333334
1 0.4328125 0.203125 0.01875 0.035416666666666666
1 0.6 0.28125 0.0140625 0.020833333333333332
1 0.321875 0.42916666666666664 0.015625 0.020833333333333332
1 0.3296875 0.013541666666666667 0.025 0.025
1 0.0875 0.27395833333333336 0.034375 0.035416666666666666
1 0.64296875 0.296875 0.03125 0.03125
1 0.56484375 0.40520833333333334 0.0234375 0.022916666666666665
1 0.70625 0.35208333333333336 0.03125 0.029166666666666667
1 0.73359375 0.221875 0.028125 0.035416666666666666
1 0.7375 0.028125 0.0515625 0.05625
1 0.8546875 0.1125 0.0234375 0.03125
1 0.84765625 0.2125 0.0171875 0.029166666666666667
1 0.8375 0.28854166666666664 0.01875 0.035416666666666666
1 0.821875 0.33958333333333335 0.040625 0.05625
1 0.9640625 0.3104166666666667 0.0265625 0.035416666666666666
1 0.90546875 0.40208333333333335 0.0234375 0.022916666666666665
1 0.96015625 0.396875 0.0265625 0.016666666666666666
1 0.9328125 0.4083333333333333 0.0203125 0.020833333333333332
1 0.98671875 0.44895833333333335 0.0203125 0.03125
1 0.98203125 0.5260416666666666 0.0265625 0.029166666666666667
1 0.790625 0.46458333333333335 0.0234375 0.027083333333333334
1 0.78359375 0.49583333333333335 0.0125 0.016666666666666666
1 0.60546875 0.578125 0.0234375 0.025
1 0.4765625 0.578125 0.01875 0.020833333333333332
1 0.50234375 0.684375 0.0375 0.04583333333333333
1 0.36640625 0.7135416666666666 0.040625 0.03333333333333333
1 0.81328125 0.6333333333333333 0.0125 0.0125
1 0.95546875 0.690625 0.034375 0.0375
1 0.82109375 0.828125 0.0234375 0.016666666666666666
1 0.94609375 0.07395833333333333 0.0171875 0.020833333333333332