1 0.124609375 0.8583333333333333 0.034375 0.0763888888888889
1 0.205859375 0.9166666666666666 0.025 0.030555555555555555
1 0.734375 0.7479166666666667 0.01640625 0.02638888888888889
1 0.462890625 0.5763888888888888 0.03359375 0.03333333333333333
1 0.60234375 0.28125 0.01484375 0.03611111111111111
1 0.598046875 0.36666666666666664 0.04453125 0.07083333333333333
1 0.253125 0.9375 0.025 0.05694444444444444
1 0.435546875 0.12569444444444444 0.028125 0.04861111111111111
1 0.225390625 0.022222222222222223 0.03359375 0.044444444444444446
1 0.255078125 0.14027777777777778 0.03125 0.0625
1 0.240625 0.29375 0.015625 0.029166666666666667
1 0.177734375 0.6694444444444444 0.0203125 0.03333333333333333
1 0.21796875 0.6388888888888888 0.03671875 0.0625
1 0.24375 0.79375 0.02890625 0.04583333333333333
1 0.225390625 0.8715277777777778 0.01875 0.0375
1 0.39609375 0.6479166666666667 0.00859375 0.0125
1 0.284765625 0.7 0.01875 0.020833333333333332
1 0.359765625 0.8506944444444444 0.03203125 0.06527777777777778
1 0.4515625 0.8236111111111111 0.0125 0.025
1 0.643359375 0.9263888888888889 0.01875 0.016666666666666666
1 0.621484375 0.8881944444444444 0.02265625 0.058333333333333334
1 0.648046875 0.8194444444444444 0.021875 0.034722222222222224
1 0.65390625 0.8826388888888889 0.03125 0.06805555555555555
1 0.537109375 0.9548611111111112 0.0296875 0.05694444444444444
1 0.48984375 0.8666666666666667 0.059375 0.11944444444444445
1 0.433203125 0.7256944444444444 0.0078125 0.025
1 0.567578125 0.5159722222222223 0.0171875 0.034722222222222224
1 0.593359375 0.5090277777777777 0.025 0.011111111111111112
1 0.99140625 0.7798611111111111 0.0171875 0.03333333333333333
1 0.536328125 0.7430555555555556 0.0203125 0.05
1 0.4734375 0.7423611111111111 0.01328125 0.027777777777777776
1 0.84296875 0.8763888888888889 0.02109375 0.029166666666666667
1 0.458203125 0.6527777777777778 0.01171875 0.013888888888888888
1 0.496484375 0.6763888888888889 0.0359375 0.05694444444444444
1 0.974609375 0.9 0.05078125 0.10416666666666667
1 0.439453125 0.5041666666666667 0.015625 0.020833333333333332
1 0.91484375 0.7986111111111112 0.0109375 0.022222222222222223
1 0.972265625 0.9791666666666666 0.04453125 0.041666666666666664
1 0.520703125 0.5722222222222222 0.034375 0.13194444444444445
1 0.8515625 0.7041666666666667 0.025 0.03888888888888889
1 0.507421875 0.48541666666666666 0.01640625 0.02638888888888889
1 0.411328125 0.575 0.01484375 0.027777777777777776
1 0.4296875 0.4409722222222222 0.03046875 0.0763888888888889
1 0.240625 0.5326388888888889 0.01640625 0.030555555555555555
1 0.208984375 0.5145833333333333 0.015625 0.022222222222222223
1 0.76953125 0.8430555555555556 0.0375 0.06527777777777778
1 0.359765625 0.5319444444444444 0.0296875 0.09444444444444444
1 0.31015625 0.42986111111111114 0.01171875 0.022222222222222223
1 0.79609375 0.9680555555555556 0.028125 0.05694444444444444
1 0.370703125 0.2902777777777778 0.01328125 0.02638888888888889
1 0.41171875 0.27569444444444446 0.01640625 0.03888888888888889
1 0.252734375 0.3388888888888889 0.01640625 0.03611111111111111
1 0.332421875 0.19305555555555556 0.01640625 0.03333333333333333
1 0.231640625 0.4152777777777778 0.0109375 0.022222222222222223
1 0.257421875 0.41041666666666665 0.03515625 0.05555555555555555
0 0.663671875 0.5743055555555555 0.265625 0.2375
1 0.170703125 0.38333333333333336 0.021875 0.03333333333333333
1 0.23671875 0.22777777777777777 0.025 0.044444444444444446
1 0.878515625 0.9666666666666667 0.02734375 0.06666666666666667
1 0.519921875 0.17083333333333334 0.02421875 0.027777777777777776
1 0.30546875 0.09583333333333334 0.0265625 0.07083333333333333
1 0.54140625 0.052083333333333336 0.01484375 0.022222222222222223
1 0.461328125 0.1527777777777778 0.0125 0.04027777777777778
1 0.9359375 0.1986111111111111 0.00625 0.0125
1 0.4796875 0.11388888888888889 0.03046875 0.0875
1 0.4515625 0.35 0.01640625 0.022222222222222223
1 0.553125 0.3423611111111111 0.01484375 0.03333333333333333
1 0.77578125 0.10138888888888889 0.0296875 0.0375
1 0.47578125 0.40069444444444446 0.01796875 0.05416666666666667
1 0.521875 0.2881944444444444 0.0296875 0.04027777777777778
1 0.51953125 0.22430555555555556 0.01875 0.02638888888888889
1 0.930859375 0.27569444444444446 0.0234375 0.03888888888888889
1 0.55546875 0.4270833333333333 0.02890625 0.06111111111111111
1 0.589453125 0.3229166666666667 0.02734375 0.043055555555555555
1 0.590625 0.18194444444444444 0.0421875 0.09722222222222222
1 0.569140625 0.008333333333333333 0.01015625 0.016666666666666666
1 0.587109375 0.08263888888888889 0.02109375 0.030555555555555555
1 0.64296875 0.25069444444444444 0.0171875 0.02638888888888889
1 0.609375 0.11666666666666667 0.028125 0.05277777777777778
1 0.741015625 0.32083333333333336 0.0609375 0.08611111111111111
1 0.75 0.26458333333333334 0.03671875 0.05
1 0.69140625 0.44513888888888886 0.0125 0.015277777777777777
1 0.7015625 0.39791666666666664 0.0203125 0.043055555555555555
1 0.66796875 0.4361111111111111 0.02421875 0.05
1 0.660546875 0.6611111111111111 0.00859375 0.015277777777777777
1 0.60078125 0.6784722222222223 0.01328125 0.02638888888888889
1 0.6859375 0.5618055555555556 0.0328125 0.044444444444444446
1 0.8546875 0.7381944444444445 0.015625 0.029166666666666667
1 0.792578125 0.9333333333333333 0.0125 0.018055555555555554
1 0.837109375 0.9097222222222222 0.0125 0.02361111111111111
1 0.7359375 0.8375 0.034375 0.05694444444444444
1 0.9515625 0.8423611111111111 0.01953125 0.03333333333333333
1 0.832421875 0.8194444444444444 0.03984375 0.075
1 0.800390625 0.61875 0.0171875 0.05
1 0.7578125 0.6215277777777778 0.01953125 0.0375
1 0.81796875 0.5368055555555555 0.0203125 0.05
1 0.78125 0.55625 0.03125 0.05277777777777778
1 0.837109375 0.60625 0.01796875 0.030555555555555555
1 0.959765625 0.6541666666666667 0.0125 0.022222222222222223
1 0.952734375 0.5902777777777778 0.0265625 0.05277777777777778
1 0.85625 0.4597222222222222 0.0109375 0.019444444444444445
1 0.891015625 0.49166666666666664 0.04140625 0.10833333333333334
1 0.867578125 0.3798611111111111 0.0109375 0.019444444444444445
1 0.94453125 0.49583333333333335 0.02734375 0.06388888888888888
1 0.941796875 0.4479166666666667 0.03046875 0.044444444444444446
1 0.855859375 0.31805555555555554 0.01484375 0.0375
1 0.90546875 0.3423611111111111 0.01796875 0.029166666666666667
1 0.8859375 0.3138888888888889 0.0234375 0.06388888888888888
1 0.971875 0.3236111111111111 0.01640625 0.02638888888888889
1 0.86875 0.21666666666666667 0.03359375 0.07083333333333333
1 0.9078125 0.22430555555555556 0.03828125 0.05416666666666667
1 0.79453125 0.12986111111111112 0.0109375 0.019444444444444445
1 0.779296875 0.05347222222222222 0.01640625 0.029166666666666667
1 0.75234375 0.05416666666666667 0.01640625 0.018055555555555554
1 0.862890625 0.13125 0.01875 0.030555555555555555
1 0.865234375 0.018055555555555554 0.02265625 0.03611111111111111
1 0.945703125 0.16944444444444445 0.01953125 0.03611111111111111
0 0.6140625 0.01597222222222222 0.021875 0.03194444444444444
0 0.723828125 0.08402777777777778 0.18828125 0.16805555555555557
0 0.675390625 0.33958333333333335 0.1921875 0.42916666666666664
0 0.725 0.9465277777777777 0.1453125 0.10416666666666667
1 0.95078125 0.10069444444444445 0.02578125 0.034722222222222224
0 0.16640625 0.9722222222222222 0.02578125 0.05555555555555555
0 0.639453125 0.7756944444444445 0.19453125 0.4041666666666667
0 0.11640625 0.4513888888888889 0.1578125 0.425
1 0.84921875 0.6638888888888889 0.0140625 0.027777777777777776
1 0.83984375 0.5486111111111112 0.02109375 0.041666666666666664
1 0.25 0.9895833333333334 0.02421875 0.013888888888888888
1 0.773828125 0.7395833333333334 0.02421875 0.043055555555555555
1 0.73046875 0.3909722222222222 0.03359375 0.04861111111111111
1 0.6859375 0.65625 0.01484375 0.02361111111111111
1 0.868359375 0.6597222222222222 0.0125 0.02361111111111111
0 0.084375 0.09236111111111112 0.16875 0.18333333333333332
0 0.136328125 0.9131944444444444 0.2203125 0.1736111111111111
0 0.080859375 0.12986111111111112 0.16171875 0.25972222222222224
1 0.88046875 0.035416666666666666 0.01640625 0.03194444444444444
1 0.52734375 0.04722222222222222 0.01015625 0.020833333333333332
1 0.07734375 0.6819444444444445 0.01484375 0.029166666666666667
1 0.459765625 0.027777777777777776 0.01328125 0.018055555555555554
1 0.18359375 0.96875 0.01484375 0.02361111111111111
1 0.173828125 0.90625 0.01953125 0.05
1 0.091796875 0.4722222222222222 0.03125 0.029166666666666667
1 0.030859375 0.91875 0.06171875 0.15138888888888888
1 0.03671875 0.6881944444444444 0.02890625 0.07361111111111111
1 0.128125 0.6722222222222223 0.0234375 0.04027777777777778
1 0.184375 0.775 0.071875 0.10277777777777777
1 0.052734375 0.017361111111111112 0.025 0.034722222222222224
1 0.16484375 0.3472222222222222 0.01953125 0.030555555555555555
1 0.00859375 0.31527777777777777 0.0171875 0.07222222222222222
1 0.020703125 0.016666666666666666 0.01171875 0.03333333333333333
1 0.03671875 0.33611111111111114 0.0234375 0.041666666666666664
1 0.0671875 0.46805555555555556 0.01875 0.03333333333333333
1 0.12265625 0.25625 0.02890625 0.04722222222222222
1 0.046875 0.27708333333333335 0.0296875 0.05
1 0.09453125 0.2708333333333333 0.0203125 0.041666666666666664
1 0.13359375 0.36875 0.0234375 0.02638888888888889
1 0.06640625 0.5527777777777778 0.01796875 0.022222222222222223
1 0.08671875 0.7534722222222222 0.12109375 0.14305555555555555
1 0.0046875 0.011111111111111112 0.009375 0.022222222222222223
1 0.09375 0.6201388888888889 0.034375 0.08611111111111111
1 0.071875 0.8486111111111111 0.0171875 0.020833333333333332
1 0.10546875 0.2972222222222222 0.02265625 0.044444444444444446
1 0.147265625 0.005555555555555556 0.01328125 0.011111111111111112
1 0.14453125 0.6347222222222222 0.01796875 0.030555555555555555
1 0.04140625 0.42291666666666666 0.015625 0.034722222222222224
1 0.052734375 0.06527777777777778 0.01484375 0.02638888888888889
1 0.11953125 0.3416666666666667 0.0171875 0.044444444444444446
1 0.330859375 0.058333333333333334 0.01640625 0.022222222222222223
1 0.32890625 0.013888888888888888 0.0109375 0.013888888888888888