1 0.230078125 0.18819444444444444 0.0109375 0.019444444444444445
1 0.71015625 0.7722222222222223 0.0234375 0.06805555555555555
1 0.734375 0.7569444444444444 0.0203125 0.04583333333333333
1 0.591796875 0.7847222222222222 0.0171875 0.019444444444444445
0 0.10625 0.5347222222222222 0.2125 0.2652777777777778
0 0.176171875 0.9798611111111111 0.03125 0.04027777777777778
1 0.35078125 0.7465277777777778 0.02734375 0.022222222222222223
0 0.105859375 0.7208333333333333 0.21171875 0.20416666666666666
0 0.682421875 0.98125 0.0625 0.0375
0 0.679296875 0.8263888888888888 0.21640625 0.15416666666666667
0 0.660546875 0.6569444444444444 0.26484375 0.23194444444444445
0 0.684765625 0.28125 0.13203125 0.37916666666666665
1 0.218359375 0.9263888888888889 0.028125 0.05555555555555555
1 0.253125 0.8375 0.03203125 0.06111111111111111
1 0.276953125 0.8041666666666667 0.01796875 0.04027777777777778
1 0.1765625 0.9118055555555555 0.015625 0.030555555555555555
1 0.156640625 0.7881944444444444 0.01328125 0.02361111111111111
1 0.143359375 0.7666666666666667 0.0125 0.020833333333333332
1 0.114453125 0.7923611111111111 0.0265625 0.043055555555555555
1 0.191796875 0.7069444444444445 0.015625 0.03888888888888889
1 0.2484375 0.7298611111111111 0.0171875 0.027777777777777776
1 0.21796875 0.60625 0.025 0.05277777777777778
1 0.262109375 0.6076388888888888 0.0234375 0.03888888888888889
1 0.214453125 0.5201388888888889 0.0125 0.029166666666666667
1 0.17109375 0.5 0.0140625 0.027777777777777776
1 0.125390625 0.5319444444444444 0.02265625 0.03194444444444444
1 0.097265625 0.5118055555555555 0.01953125 0.02638888888888889
1 0.080078125 0.4826388888888889 0.02265625 0.03611111111111111
1 0.240625 0.3958333333333333 0.015625 0.041666666666666664
1 0.255859375 0.44722222222222224 0.0140625 0.02361111111111111
1 0.212890625 0.27291666666666664 0.02421875 0.05
1 0.273828125 0.28541666666666665 0.01875 0.03194444444444444
1 0.218359375 0.1375 0.01484375 0.030555555555555555
1 0.290625 0.1597222222222222 0.01953125 0.04027777777777778
1 0.33671875 0.1326388888888889 0.01171875 0.022222222222222223
1 0.221484375 0.06111111111111111 0.01953125 0.04027777777777778
1 0.248828125 0.034027777777777775 0.021875 0.04027777777777778
1 0.068359375 0.05694444444444444 0.01953125 0.04027777777777778
1 0.0453125 0.08958333333333333 0.028125 0.03611111111111111
1 0.09140625 0.09097222222222222 0.01875 0.018055555555555554
1 0.13671875 0.03194444444444444 0.02890625 0.04583333333333333
0 0.609765625 0.1284722222222222 0.3125 0.2569444444444444
0 0.119140625 0.23333333333333334 0.2078125 0.4666666666666667
0 0.139453125 0.38055555555555554 0.2125 0.15694444444444444
1 0.048046875 0.15555555555555556 0.01328125 0.020833333333333332
1 0.024609375 0.2652777777777778 0.02734375 0.05
1 0.1171875 0.27847222222222223 0.0265625 0.04861111111111111
1 0.146484375 0.33402777777777776 0.01484375 0.025
1 0.045703125 0.3548611111111111 0.0125 0.027777777777777776
1 0.03671875 0.6986111111111111 0.02421875 0.041666666666666664
1 0.045703125 0.6125 0.01875 0.019444444444444445
1 0.04609375 0.7472222222222222 0.015625 0.018055555555555554
1 0.10859375 0.9923611111111111 0.03515625 0.015277777777777777
1 0.517578125 0.9770833333333333 0.0171875 0.04583333333333333
1 0.609375 0.9006944444444445 0.02265625 0.04583333333333333
1 0.65078125 0.9402777777777778 0.01328125 0.022222222222222223
1 0.743359375 0.9604166666666667 0.015625 0.03333333333333333
1 0.800390625 0.9458333333333333 0.01484375 0.02361111111111111
1 0.86875 0.9555555555555556 0.01640625 0.029166666666666667
1 0.8734375 0.9138888888888889 0.01328125 0.022222222222222223
1 0.916015625 0.9375 0.02109375 0.03888888888888889
1 0.97109375 0.9576388888888889 0.01953125 0.027777777777777776
1 0.971484375 0.8368055555555556 0.01484375 0.02361111111111111
1 0.9859375 0.8763888888888889 0.01328125 0.018055555555555554
1 0.884375 0.7493055555555556 0.01796875 0.030555555555555555
1 0.805859375 0.7944444444444444 0.01484375 0.0375
1 0.99609375 0.7284722222222222 0.0078125 0.027777777777777776
1 0.951171875 0.6361111111111111 0.01796875 0.03194444444444444
1 0.984765625 0.6034722222222222 0.01953125 0.030555555555555555
1 0.811328125 0.6055555555555555 0.0515625 0.05694444444444444
1 0.73671875 0.6743055555555556 0.0265625 0.05416666666666667
1 0.7609375 0.5506944444444445 0.02109375 0.03888888888888889
1 0.680078125 0.5326388888888889 0.0359375 0.04722222222222222
1 0.608203125 0.5527777777777778 0.03515625 0.04861111111111111
1 0.608203125 0.64375 0.01953125 0.034722222222222224
1 0.608984375 0.40625 0.01484375 0.0375
1 0.748828125 0.39166666666666666 0.0234375 0.034722222222222224
1 0.765625 0.32222222222222224 0.02109375 0.029166666666666667
1 0.700390625 0.225 0.0234375 0.04583333333333333
1 0.728515625 0.2076388888888889 0.01875 0.0375
1 0.771484375 0.12638888888888888 0.02265625 0.03888888888888889
1 0.805078125 0.17847222222222223 0.03671875 0.04861111111111111
1 0.760546875 0.059722222222222225 0.01875 0.0375
1 0.78125 0.003472222222222222 0.01171875 0.006944444444444444
1 0.88125 0.011805555555555555 0.02890625 0.02361111111111111
1 0.975390625 0.011805555555555555 0.02578125 0.02361111111111111
1 0.911328125 0.07708333333333334 0.015625 0.025
1 0.86796875 0.20347222222222222 0.01015625 0.020833333333333332
1 0.8953125 0.32916666666666666 0.02734375 0.04583333333333333
1 0.884375 0.36875 0.01796875 0.034722222222222224
1 0.92265625 0.32013888888888886 0.0125 0.025
1 0.978125 0.33611111111111114 0.0265625 0.02361111111111111
1 0.967578125 0.2861111111111111 0.01875 0.03194444444444444
1 0.946484375 0.48125 0.0140625 0.018055555555555554
1 0.98125 0.50625 0.01953125 0.03333333333333333
1 0.5625 0.26666666666666666 0.01328125 0.02361111111111111
1 0.621875 0.013194444444444444 0.0203125 0.02638888888888889