1 0.3609375 0.6104166666666667 0.025 0.03125
1 0.459375 0.5020833333333333 0.0203125 0.022916666666666665
1 0.50625 0.6197916666666666 0.01875 0.029166666666666667
1 0.4609375 0.7322916666666667 0.0296875 0.0375
1 0.42109375 0.7197916666666667 0.03125 0.04583333333333333
1 0.44140625 0.69375 0.0171875 0.0125
1 0.2484375 0.9239583333333333 0.0984375 0.12083333333333333
1 0.16171875 0.8822916666666667 0.0265625 0.035416666666666666
1 0.0640625 0.9645833333333333 0.028125 0.029166666666666667
1 0.01640625 0.8479166666666667 0.0234375 0.0375
0 0.49375 0.45416666666666666 0.1921875 0.2625
0 0.48359375 0.846875 0.1421875 0.22916666666666666
0 0.4578125 0.20729166666666668 0.1296875 0.26458333333333334
1 0.9453125 0.5489583333333333 0.0171875 0.041666666666666664
1 0.8640625 0.978125 0.01875 0.025
1 0.1125 0.7822916666666667 0.0171875 0.025
1 0.5703125 0.5375 0.0078125 0.0125
1 0.63125 0.7510416666666667 0.0171875 0.0375
1 0.9890625 0.809375 0.021875 0.020833333333333332
1 0.95859375 0.94375 0.03125 0.027083333333333334
1 0.825 0.8822916666666667 0.01875 0.0375
1 0.6296875 0.8833333333333333 0.03125 0.035416666666666666
1 0.72578125 0.85 0.028125 0.035416666666666666
1 0.81171875 0.7979166666666667 0.025 0.025
1 0.8625 0.07916666666666666 0.0265625 0.03333333333333333
1 0.84375 0.13333333333333333 0.0390625 0.06875
1 0.8046875 0.1375 0.0171875 0.027083333333333334
1 0.94921875 0.18854166666666666 0.0484375 0.03125
1 0.84375 0.215625 0.0140625 0.01875
1 0.77421875 0.26145833333333335 0.028125 0.041666666666666664
1 0.75234375 0.25625 0.0078125 0.020833333333333332
1 0.7265625 0.41458333333333336 0.05 0.06666666666666667
1 0.65 0.3572916666666667 0.0390625 0.052083333333333336
1 0.98203125 0.5760416666666667 0.0359375 0.03958333333333333
1 0.9640625 0.66875 0.028125 0.03125
1 0.83125 0.6416666666666667 0.0375 0.022916666666666665
1 0.759375 0.6322916666666667 0.0234375 0.03125
1 0.7140625 0.6479166666666667 0.05625 0.03958333333333333
1 0.6734375 0.6479166666666667 0.01875 0.03125
1 0.65234375 0.6833333333333333 0.0328125 0.04375
1 0.67890625 0.5125 0.03125 0.03125
1 0.59375 0.4510416666666667 0.0359375 0.05
1 0.596875 0.38229166666666664 0.0265625 0.035416666666666666
1 0.68203125 0.125 0.0171875 0.020833333333333332
1 0.6375 0.15 0.025 0.03333333333333333
1 0.61953125 0.21458333333333332 0.015625 0.01875
1 0.575 0.2625 0.034375 0.06458333333333334
1 0.41875 0.240625 0.0265625 0.025
1 0.559375 0.1 0.01875 0.0375
1 0.43828125 0.125 0.028125 0.027083333333333334
1 0.38671875 0.31979166666666664 0.028125 0.041666666666666664
1 0.37890625 0.2833333333333333 0.0125 0.0375
1 0.3640625 0.24895833333333334 0.0234375 0.0375
1 0.22734375 0.010416666666666666 0.0359375 0.020833333333333332
1 0.1359375 0.034375 0.0265625 0.03333333333333333
1 0.01953125 0.21875 0.0171875 0.025
1 0.0265625 0.042708333333333334 0.03125 0.027083333333333334
1 0.203125 0.08333333333333333 0.0453125 0.03958333333333333
1 0.31171875 0.215625 0.0265625 0.035416666666666666
1 0.26796875 0.2875 0.015625 0.025
1 0.24375 0.27395833333333336 0.0140625 0.01875
1 0.26640625 0.35625 0.021875 0.025
1 0.26953125 0.4010416666666667 0.0390625 0.035416666666666666
1 0.19453125 0.3489583333333333 0.0390625 0.03125
1 0.12734375 0.35 0.0328125 0.035416666666666666
1 0.1875 0.440625 0.0234375 0.04583333333333333
1 0.1921875 0.48125 0.040625 0.0375
1 0.03828125 0.490625 0.0265625 0.05416666666666667
1 0.046875 0.6916666666666667 0.0328125 0.016666666666666666
1 0.4359375 0.865625 0.0296875 0.022916666666666665
1 0.5859375 0.89375 0.025 0.05
1 0.525 0.9552083333333333 0.0359375 0.03125
1 0.4625 0.9614583333333333 0.0296875 0.041666666666666664
1 0.42578125 0.95 0.0265625 0.03958333333333333
1 0.36875 0.8864583333333333 0.0390625 0.05
1 0.22578125 0.721875 0.01875 0.025
1 0.22890625 0.7697916666666667 0.040625 0.04583333333333333
1 0.14765625 0.6166666666666667 0.025 0.035416666666666666
1 0.05234375 0.5614583333333333 0.046875 0.04791666666666667
1 0.146875 0.7229166666666667 0.0484375 0.05625
1 0.41328125 0.525 0.021875 0.025