1 0.237890625 0.6694444444444444 0.01953125 0.041666666666666664
1 0.330859375 0.6625 0.01328125 0.030555555555555555
1 0.205859375 0.5715277777777777 0.0265625 0.06111111111111111
1 0.26796875 0.4986111111111111 0.0765625 0.14027777777777778
1 0.196875 0.45902777777777776 0.0171875 0.0375
1 0.208984375 0.2881944444444444 0.0265625 0.04583333333333333
1 0.231640625 0.25 0.040625 0.058333333333333334
1 0.240625 0.29444444444444445 0.025 0.0375
1 0.283203125 0.24027777777777778 0.0078125 0.011111111111111112
1 0.266796875 0.10277777777777777 0.0328125 0.06388888888888888
1 0.3046875 0.1388888888888889 0.0234375 0.041666666666666664
1 0.401953125 0.18055555555555555 0.01640625 0.027777777777777776
1 0.215625 0.15625 0.009375 0.018055555555555554
1 0.184765625 0.14930555555555555 0.01953125 0.03194444444444444
1 0.15859375 0.10833333333333334 0.02109375 0.043055555555555555
1 0.200390625 0.09652777777777778 0.025 0.05277777777777778
1 0.209375 0.04722222222222222 0.021875 0.03611111111111111
1 0.22421875 0.014583333333333334 0.02734375 0.029166666666666667
1 0.27265625 0.013888888888888888 0.00703125 0.016666666666666666
1 0.403125 0.14375 0.0078125 0.015277777777777777
1 0.4625 0.07847222222222222 0.0109375 0.020833333333333332
1 0.56015625 0.06666666666666667 0.00625 0.013888888888888888
1 0.74140625 0.07083333333333333 0.0609375 0.1125
1 0.84609375 0.044444444444444446 0.02265625 0.04861111111111111
1 0.86484375 0.02638888888888889 0.01171875 0.022222222222222223
1 0.883984375 0.010416666666666666 0.02578125 0.020833333333333332
1 0.940234375 0.009722222222222222 0.01796875 0.019444444444444445
1 0.877734375 0.14097222222222222 0.03359375 0.04583333333333333
1 0.908203125 0.1388888888888889 0.0171875 0.041666666666666664
1 0.9265625 0.20555555555555555 0.01796875 0.03888888888888889
1 0.96484375 0.1638888888888889 0.01953125 0.03611111111111111
1 0.987109375 0.22361111111111112 0.02578125 0.04027777777777778
1 0.940625 0.34375 0.0421875 0.05277777777777778
1 0.921875 0.40069444444444446 0.034375 0.03611111111111111
1 0.967578125 0.4083333333333333 0.01796875 0.034722222222222224
1 0.925 0.48125 0.03828125 0.06805555555555555
1 0.959765625 0.48819444444444443 0.0171875 0.03333333333333333
1 0.894921875 0.5368055555555555 0.0109375 0.02638888888888889
1 0.94296875 0.6006944444444444 0.040625 0.09166666666666666
1 0.96796875 0.6423611111111112 0.0125 0.02361111111111111
1 0.956640625 0.7659722222222223 0.009375 0.016666666666666666
1 0.958203125 0.83125 0.01796875 0.030555555555555555
1 0.9203125 0.7673611111111112 0.01796875 0.03194444444444444
1 0.86640625 0.81875 0.0453125 0.06805555555555555
1 0.873046875 0.8840277777777777 0.021875 0.05694444444444444
1 0.891015625 0.9229166666666667 0.01015625 0.027777777777777776
1 0.838671875 0.9458333333333333 0.0234375 0.058333333333333334
1 0.768359375 0.9534722222222223 0.01484375 0.043055555555555555
1 0.73359375 0.8875 0.02265625 0.041666666666666664
1 0.712890625 0.8604166666666667 0.01796875 0.04861111111111111
1 0.775390625 0.8638888888888889 0.01328125 0.022222222222222223
1 0.82265625 0.8041666666666667 0.015625 0.03888888888888889
1 0.83046875 0.7395833333333334 0.03515625 0.07916666666666666
1 0.8015625 0.7729166666666667 0.00859375 0.013888888888888888
1 0.671875 0.8263888888888888 0.015625 0.019444444444444445
1 0.690234375 0.825 0.0109375 0.0125
1 0.612109375 0.8861111111111111 0.0171875 0.02638888888888889
1 0.569140625 0.8270833333333333 0.02734375 0.058333333333333334
1 0.55 0.9604166666666667 0.01328125 0.016666666666666666
1 0.58203125 0.9680555555555556 0.01875 0.022222222222222223
1 0.25625 0.925 0.015625 0.04027777777777778
1 0.26484375 0.9756944444444444 0.01875 0.03888888888888889
1 0.16015625 0.9770833333333333 0.0296875 0.04583333333333333
1 0.0828125 0.9875 0.02734375 0.025
1 0.168359375 0.9111111111111111 0.01171875 0.022222222222222223
1 0.1640625 0.8694444444444445 0.01015625 0.022222222222222223
1 0.184765625 0.8534722222222222 0.02109375 0.041666666666666664
1 0.216015625 0.8638888888888889 0.01328125 0.044444444444444446
1 0.243359375 0.8166666666666667 0.01484375 0.04027777777777778
1 0.15859375 0.8270833333333333 0.009375 0.015277777777777777
1 0.221484375 0.7361111111111112 0.0578125 0.08472222222222223
1 0.29375 0.7888888888888889 0.0125 0.019444444444444445
1 0.271875 0.675 0.0078125 0.018055555555555554
1 0.153125 0.71875 0.00859375 0.027777777777777776
1 0.165234375 0.6625 0.00859375 0.0125
1 0.101171875 0.5875 0.025 0.05277777777777778
1 0.34453125 0.3368055555555556 0.0125 0.013888888888888888
1 0.58125 0.64375 0.025 0.04722222222222222
1 0.612890625 0.6534722222222222 0.015625 0.02638888888888889
1 0.641015625 0.5972222222222222 0.02109375 0.0375
1 0.598828125 0.5694444444444444 0.01171875 0.016666666666666666
1 0.6625 0.5152777777777777 0.02578125 0.03888888888888889
1 0.662109375 0.4673611111111111 0.0234375 0.044444444444444446
1 0.665625 0.4395833333333333 0.009375 0.016666666666666666
1 0.73984375 0.48055555555555557 0.0171875 0.044444444444444446
1 0.830859375 0.5020833333333333 0.05 0.044444444444444446
1 0.675390625 0.30833333333333335 0.03828125 0.11388888888888889
1 0.67421875 0.7416666666666667 0.0171875 0.029166666666666667
1 0.690625 0.6972222222222222 0.009375 0.016666666666666666
1 0.71640625 0.5965277777777778 0.0109375 0.020833333333333332
1 0.804296875 0.6097222222222223 0.01015625 0.02361111111111111
1 0.858203125 0.6145833333333334 0.0171875 0.025
1 0.8890625 0.6493055555555556 0.021875 0.027777777777777776
1 0.941015625 0.9006944444444445 0.021875 0.05277777777777778
1 0.95 0.9763888888888889 0.0296875 0.04722222222222222
1 0.993359375 0.9895833333333334 0.01328125 0.020833333333333332
1 0.70078125 0.2048611111111111 0.00859375 0.0125
1 0.7203125 0.16666666666666666 0.01015625 0.018055555555555554
1 0.674609375 0.15625 0.009375 0.0125
1 0.87265625 0.08402777777777778 0.0109375 0.016666666666666666
1 0.023046875 0.6159722222222223 0.00703125 0.0125
1 0.603515625 0.18680555555555556 0.00625 0.013888888888888888
1 0.4234375 0.44930555555555557 0.0078125 0.0125
0 0.70078125 0.7020833333333333 0.175 0.3347222222222222
0 0.64609375 0.8625 0.2390625 0.275
0 0.653515625 0.3347222222222222 0.221875 0.29444444444444445
0 0.63203125 0.26666666666666666 0.21328125 0.31666666666666665
0 0.620703125 0.10833333333333334 0.071875 0.21666666666666667
0 0.15078125 0.04583333333333333 0.1125 0.09166666666666666
0 0.1078125 0.2048611111111111 0.215625 0.09583333333333334
0 0.12890625 0.9368055555555556 0.02890625 0.12638888888888888
0 0.12890625 0.46875 0.1171875 0.4513888888888889