1 0.094921875 0.27847222222222223 0.021875 0.030555555555555555
1 0.5859375 0.64375 0.0140625 0.029166666666666667
1 0.898828125 0.7527777777777778 0.01328125 0.029166666666666667
1 0.743359375 0.9875 0.02265625 0.02361111111111111
1 0.431640625 0.6104166666666667 0.01796875 0.044444444444444446
1 0.42578125 0.3 0.0171875 0.03611111111111111
1 0.58203125 0.9881944444444445 0.0140625 0.020833333333333332
0 0.602734375 0.03819444444444445 0.03515625 0.0763888888888889
0 0.18046875 0.09861111111111111 0.0796875 0.13472222222222222
0 0.172265625 0.9423611111111111 0.0640625 0.11527777777777778
0 0.68828125 0.9756944444444444 0.01015625 0.04861111111111111
1 0.072265625 0.3173611111111111 0.03359375 0.058333333333333334
1 0.720703125 0.44027777777777777 0.0234375 0.04722222222222222
1 0.216015625 0.3798611111111111 0.04609375 0.075
0 0.13046875 0.8298611111111112 0.16015625 0.31666666666666665
1 0.251171875 0.88125 0.04453125 0.075
1 0.603515625 0.5194444444444445 0.025 0.044444444444444446
1 0.253515625 0.9527777777777777 0.0296875 0.044444444444444446
0 0.10390625 0.6388888888888888 0.2078125 0.30416666666666664
1 0.92265625 0.6375 0.01875 0.03611111111111111
1 0.26484375 0.016666666666666666 0.01796875 0.03333333333333333
1 0.19140625 0.9194444444444444 0.02578125 0.058333333333333334
0 0.703515625 0.8145833333333333 0.2296875 0.3680555555555556
1 0.726171875 0.225 0.0265625 0.05
1 0.933203125 0.09583333333333334 0.0171875 0.03888888888888889
1 0.062109375 0.21319444444444444 0.05078125 0.0763888888888889
0 0.227734375 0.4097222222222222 0.18515625 0.18333333333333332
1 0.265625 0.6263888888888889 0.0171875 0.029166666666666667
1 0.977734375 0.7756944444444445 0.01953125 0.034722222222222224
1 0.2140625 0.29791666666666666 0.02890625 0.043055555555555555
1 0.85234375 0.5 0.0234375 0.059722222222222225
1 0.551953125 0.9194444444444444 0.01875 0.03888888888888889
1 0.891796875 0.02361111111111111 0.02421875 0.04722222222222222
1 0.87265625 0.8020833333333334 0.0171875 0.03333333333333333
0 0.64140625 0.24861111111111112 0.09296875 0.44305555555555554
1 0.562109375 0.3875 0.02890625 0.06944444444444445
1 0.36640625 0.5868055555555556 0.015625 0.034722222222222224
1 0.35859375 0.2652777777777778 0.02265625 0.04861111111111111
1 0.29140625 0.12916666666666668 0.04765625 0.09027777777777778
1 0.946484375 0.7277777777777777 0.0265625 0.05
0 0.640234375 0.5895833333333333 0.184375 0.15138888888888888
1 0.0265625 0.5034722222222222 0.0109375 0.022222222222222223
1 0.7390625 0.5451388888888888 0.01640625 0.03888888888888889
1 0.113671875 0.05555555555555555 0.02578125 0.03888888888888889
1 0.201171875 0.6006944444444444 0.0234375 0.05138888888888889
1 0.884375 0.7680555555555556 0.015625 0.030555555555555555
1 0.614453125 0.7 0.02265625 0.05416666666666667
0 0.604296875 0.09027777777777778 0.23828125 0.18055555555555555
1 0.8703125 0.14722222222222223 0.01796875 0.030555555555555555