1 0.9875 0.33645833333333336 0.025 0.03333333333333333
1 0.8453125 0.23125 0.0171875 0.022916666666666665
1 0.78046875 0.09166666666666666 0.0171875 0.020833333333333332
1 0.7484375 0.08229166666666667 0.0265625 0.03958333333333333
1 0.87421875 0.09375 0.0234375 0.020833333333333332
1 0.909375 0.12291666666666666 0.0234375 0.029166666666666667
1 0.93828125 0.13333333333333333 0.025 0.07083333333333333
1 0.890625 0.06041666666666667 0.015625 0.025
1 0.66328125 0.017708333333333333 0.021875 0.035416666666666666
1 0.7171875 0.008333333333333333 0.01875 0.016666666666666666
0 0.52578125 0.8520833333333333 0.10625 0.29583333333333334
1 0.39453125 0.6385416666666667 0.034375 0.06666666666666667
1 0.35703125 0.5802083333333333 0.021875 0.06041666666666667
1 0.3125 0.5583333333333333 0.0203125 0.029166666666666667
1 0.321875 0.6604166666666667 0.03125 0.03125
1 0.28515625 0.6364583333333333 0.0265625 0.03333333333333333
1 0.37578125 0.8416666666666667 0.0203125 0.020833333333333332
1 0.28984375 0.7427083333333333 0.028125 0.041666666666666664
1 0.33125 0.8135416666666667 0.015625 0.029166666666666667
1 0.321875 0.8635416666666667 0.04375 0.052083333333333336
1 0.2875 0.990625 0.01875 0.01875
1 0.3140625 0.9239583333333333 0.075 0.05416666666666667
1 0.3984375 0.9333333333333333 0.0421875 0.06666666666666667
1 0.68515625 0.7958333333333333 0.0203125 0.022916666666666665
1 0.60078125 0.7177083333333333 0.028125 0.035416666666666666
1 0.615625 0.8447916666666667 0.0265625 0.03125
1 0.57578125 0.8916666666666667 0.0296875 0.0375
1 0.74140625 0.8770833333333333 0.03125 0.03125
1 0.91015625 0.7979166666666667 0.01875 0.027083333333333334
1 0.86015625 0.7802083333333333 0.034375 0.03125
1 0.87265625 0.8364583333333333 0.03125 0.0375
1 0.86328125 0.8927083333333333 0.028125 0.035416666666666666
1 0.80546875 0.9760416666666667 0.0625 0.04791666666666667
1 0.78671875 0.8989583333333333 0.0296875 0.05625
1 0.821875 0.8666666666666667 0.0390625 0.052083333333333336
1 0.7625 0.834375 0.0359375 0.04375
1 0.7859375 0.7916666666666666 0.025 0.0375
0 0.59921875 0.58125 0.25 0.2791666666666667
1 0.5 0.23333333333333334 0.05 0.0375
1 0.47734375 0.159375 0.05625 0.05
1 0.45078125 0.03333333333333333 0.0515625 0.04583333333333333
1 0.39609375 0.017708333333333333 0.034375 0.035416666666666666
1 0.3546875 0.09166666666666666 0.04375 0.05
1 0.3125 0.096875 0.0328125 0.041666666666666664
1 0.3 0.14895833333333333 0.028125 0.035416666666666666
1 0.1609375 0.09270833333333334 0.028125 0.020833333333333332
1 0.0171875 0.22291666666666668 0.034375 0.08541666666666667
1 0.0296875 0.99375 0.0265625 0.0125
1 0.04296875 0.5479166666666667 0.0203125 0.03333333333333333
1 0.01171875 0.56875 0.0203125 0.03958333333333333
1 0.02421875 0.6354166666666666 0.0296875 0.06041666666666667
1 0.3015625 0.28020833333333334 0.0453125 0.035416666666666666
1 0.3390625 0.33958333333333335 0.021875 0.025
1 0.3171875 0.3802083333333333 0.0359375 0.03333333333333333
1 0.4359375 0.3416666666666667 0.028125 0.09166666666666666
1 0.42109375 0.43020833333333336 0.0390625 0.03125
1 0.33203125 0.49895833333333334 0.0671875 0.05
0 0.59921875 0.3625 0.165625 0.41041666666666665
0 0.55 0.052083333333333336 0.171875 0.10416666666666667
1 0.5171875 0.3125 0.0203125 0.025
1 0.4953125 0.384375 0.01875 0.0375
1 0.53671875 0.18125 0.015625 0.035416666666666666
1 0.540625 0.225 0.0171875 0.01875
1 0.48671875 0.28125 0.0171875 0.03958333333333333
1 0.6015625 0.18125 0.028125 0.0375
1 0.66953125 0.28541666666666665 0.0171875 0.020833333333333332
1 0.72265625 0.40625 0.03125 0.04375
1 0.765625 0.5 0.0375 0.041666666666666664
1 0.84609375 0.6010416666666667 0.0359375 0.06666666666666667
1 0.7921875 0.7 0.0203125 0.01875
1 0.63515625 0.6260416666666667 0.0234375 0.025
1 0.45703125 0.61875 0.01875 0.03333333333333333
1 0.88828125 0.6208333333333333 0.0171875 0.03125
1 0.89375 0.5583333333333333 0.0359375 0.05625
1 0.88671875 0.45729166666666665 0.028125 0.022916666666666665
1 0.80546875 0.4239583333333333 0.0328125 0.05625
1 0.7359375 0.23958333333333334 0.03125 0.05625
1 0.79453125 0.25833333333333336 0.0140625 0.016666666666666666