1 0.146484375 0.07152777777777777 0.0125 0.018055555555555554
1 0.789453125 0.7854166666666667 0.01484375 0.03194444444444444
1 0.71171875 0.7368055555555556 0.02265625 0.05138888888888889
1 0.773046875 0.7048611111111112 0.015625 0.03611111111111111
1 0.80703125 0.7090277777777778 0.0234375 0.03611111111111111
1 0.8953125 0.7881944444444444 0.01171875 0.02361111111111111
1 0.920703125 0.8027777777777778 0.01171875 0.015277777777777777
1 0.941015625 0.7597222222222222 0.01796875 0.02638888888888889
1 0.71640625 0.5777777777777777 0.0640625 0.12222222222222222
1 0.7546875 0.5993055555555555 0.009375 0.015277777777777777
1 0.771875 0.55 0.0171875 0.043055555555555555
1 0.749609375 0.5048611111111111 0.015625 0.02361111111111111
1 0.70703125 0.46111111111111114 0.0171875 0.05694444444444444
1 0.684765625 0.4930555555555556 0.025 0.03611111111111111
1 0.578125 0.6111111111111112 0.02578125 0.05138888888888889
1 0.6 0.6152777777777778 0.01875 0.020833333333333332
1 0.539453125 0.6215277777777778 0.00546875 0.008333333333333333
1 0.58984375 0.38958333333333334 0.01015625 0.030555555555555555
1 0.596484375 0.4340277777777778 0.00703125 0.013888888888888888
1 0.56953125 0.45069444444444445 0.0078125 0.009722222222222222
1 0.63984375 0.31527777777777777 0.01796875 0.03333333333333333
1 0.64921875 0.26875 0.01640625 0.03611111111111111
1 0.684375 0.20347222222222222 0.0125 0.03333333333333333
1 0.5859375 0.16597222222222222 0.0203125 0.041666666666666664
1 0.56953125 0.03333333333333333 0.03671875 0.06666666666666667
1 0.69609375 0.013194444444444444 0.01953125 0.02638888888888889
1 0.683203125 0.005555555555555556 0.0109375 0.011111111111111112
1 0.762890625 0.059027777777777776 0.0203125 0.02638888888888889
1 0.726953125 0.15208333333333332 0.01328125 0.03194444444444444
1 0.751953125 0.1736111111111111 0.01484375 0.034722222222222224
1 0.79296875 0.09722222222222222 0.02109375 0.03888888888888889
1 0.81796875 0.12083333333333333 0.0109375 0.019444444444444445
1 0.830859375 0.03958333333333333 0.03046875 0.04861111111111111
1 0.801953125 0.1527777777777778 0.0359375 0.06944444444444445
1 0.80859375 0.22847222222222222 0.0234375 0.09861111111111111
1 0.83515625 0.22708333333333333 0.02890625 0.0375
1 0.86953125 0.08541666666666667 0.01875 0.043055555555555555
1 0.89453125 0.034722222222222224 0.03203125 0.05416666666666667
1 0.90078125 0.11388888888888889 0.015625 0.02638888888888889
1 0.946875 0.1076388888888889 0.021875 0.03194444444444444
1 0.964453125 0.12291666666666666 0.0125 0.02361111111111111
1 0.966015625 0.15555555555555556 0.0171875 0.029166666666666667
1 0.991015625 0.17916666666666667 0.01796875 0.030555555555555555
1 0.940234375 0.25 0.021875 0.06111111111111111
1 0.910546875 0.24513888888888888 0.0140625 0.03194444444444444
1 0.879296875 0.3472222222222222 0.0140625 0.025
1 0.8234375 0.32430555555555557 0.01875 0.07916666666666666
1 0.84375 0.3923611111111111 0.01640625 0.027777777777777776
1 0.969921875 0.3416666666666667 0.01640625 0.03333333333333333
1 0.79296875 0.45069444444444445 0.02109375 0.0625
1 0.81328125 0.4673611111111111 0.02109375 0.04583333333333333
1 0.713671875 0.3277777777777778 0.0140625 0.02638888888888889
1 0.714453125 0.3902777777777778 0.01953125 0.0375
1 0.919921875 0.5395833333333333 0.0234375 0.03194444444444444
1 0.8703125 0.5673611111111111 0.01328125 0.025
1 0.951953125 0.5680555555555555 0.0078125 0.025
1 0.96875 0.6152777777777778 0.01796875 0.04027777777777778
1 0.677734375 0.9916666666666667 0.00546875 0.015277777777777777
1 0.469140625 0.26944444444444443 0.03515625 0.05
1 0.147265625 0.9791666666666666 0.01796875 0.025
0 0.135546875 0.05347222222222222 0.03515625 0.10694444444444444
0 0.109765625 0.3326388888888889 0.2171875 0.14305555555555555
0 0.124609375 0.5909722222222222 0.12734375 0.3458333333333333
0 0.15390625 0.8236111111111111 0.04921875 0.0625
0 0.122265625 0.9104166666666667 0.09765625 0.17916666666666667
0 0.64453125 0.8708333333333333 0.23984375 0.25833333333333336
0 0.66796875 0.7118055555555556 0.12578125 0.34444444444444444
0 0.609375 0.3888888888888889 0.225 0.3458333333333333
0 0.649609375 0.24444444444444444 0.171875 0.38055555555555554
0 0.63828125 0.09097222222222222 0.14375 0.18194444444444444
1 0.11796875 0.09097222222222222 0.01796875 0.034722222222222224
1 0.21953125 0.11875 0.02890625 0.08472222222222223
1 0.109765625 0.18263888888888888 0.01640625 0.03194444444444444
1 0.173828125 0.22152777777777777 0.03515625 0.05
1 0.271484375 0.19444444444444445 0.01015625 0.016666666666666666
1 0.245703125 0.3958333333333333 0.021875 0.05694444444444444
1 0.130859375 0.38958333333333334 0.01328125 0.020833333333333332
1 0.0546875 0.45416666666666666 0.01640625 0.029166666666666667
1 0.191796875 0.5826388888888889 0.028125 0.04583333333333333
1 0.254296875 0.5861111111111111 0.021875 0.044444444444444446
1 0.2921875 0.5513888888888889 0.0125 0.03333333333333333
1 0.24296875 0.9236111111111112 0.02265625 0.04722222222222222
1 0.25859375 0.9388888888888889 0.01171875 0.025
1 0.28046875 0.9819444444444444 0.01953125 0.03611111111111111
1 0.219921875 0.9576388888888889 0.0203125 0.03194444444444444
1 0.58515625 0.84375 0.0296875 0.05555555555555555
1 0.560546875 0.9666666666666667 0.015625 0.030555555555555555
1 0.65546875 0.9263888888888889 0.01171875 0.019444444444444445
1 0.696875 0.8479166666666667 0.0171875 0.04861111111111111
1 0.651953125 0.8388888888888889 0.0125 0.019444444444444445
1 0.664453125 0.8555555555555555 0.01953125 0.018055555555555554
1 0.71484375 0.98125 0.0171875 0.03333333333333333
1 0.761328125 0.9770833333333333 0.01953125 0.03333333333333333
1 0.803515625 0.95 0.02890625 0.04722222222222222
1 0.743359375 0.7916666666666666 0.03515625 0.05694444444444444
1 0.887109375 0.9270833333333334 0.05546875 0.07222222222222222
1 0.95703125 0.8895833333333333 0.0265625 0.044444444444444446
1 0.824609375 0.7944444444444444 0.01484375 0.022222222222222223
1 0.831640625 0.8263888888888888 0.01796875 0.034722222222222224