1 0.66796875 0.95625 0.025 0.041666666666666664
1 0.375 0.63125 0.028125 0.03333333333333333
1 0.1703125 0.6020833333333333 0.0234375 0.03125
1 0.346875 0.4791666666666667 0.0359375 0.029166666666666667
1 0.43828125 0.46145833333333336 0.021875 0.03125
1 0.51796875 0.47604166666666664 0.03125 0.041666666666666664
1 0.52109375 0.5354166666666667 0.0140625 0.022916666666666665
1 0.56015625 0.5802083333333333 0.03125 0.029166666666666667
1 0.61640625 0.6270833333333333 0.0140625 0.0375
1 0.5875 0.6010416666666667 0.015625 0.014583333333333334
1 0.65390625 0.6697916666666667 0.0125 0.016666666666666666
1 0.6640625 0.7125 0.040625 0.06666666666666667
1 0.7078125 0.715625 0.028125 0.03333333333333333
1 0.7703125 0.746875 0.0203125 0.022916666666666665
1 0.76484375 0.7666666666666667 0.0140625 0.016666666666666666
1 0.58203125 0.890625 0.034375 0.029166666666666667
1 0.6734375 0.865625 0.0171875 0.016666666666666666
1 0.671875 0.9083333333333333 0.015625 0.014583333333333334
1 0.83359375 0.8791666666666667 0.025 0.041666666666666664
1 0.8984375 0.821875 0.0625 0.052083333333333336
1 0.83125 0.6875 0.025 0.027083333333333334
1 0.9125 0.6885416666666667 0.028125 0.035416666666666666
1 0.99453125 0.7802083333333333 0.0109375 0.020833333333333332
1 0.86953125 0.5364583333333334 0.03125 0.035416666666666666
1 0.9296875 0.5104166666666666 0.021875 0.025
1 0.7515625 0.465625 0.0484375 0.058333333333333334
1 0.64375 0.43854166666666666 0.046875 0.04583333333333333
1 0.56171875 0.40625 0.0359375 0.03958333333333333
1 0.62109375 0.33125 0.028125 0.035416666666666666
1 0.3953125 0.39895833333333336 0.040625 0.05625
1 0.4265625 0.37395833333333334 0.0203125 0.01875
1 0.30390625 0.24270833333333333 0.021875 0.025
1 0.32578125 0.24479166666666666 0.01875 0.029166666666666667
1 0.29296875 0.28854166666666664 0.0234375 0.020833333333333332
1 0.31015625 0.13854166666666667 0.05 0.07083333333333333
1 0.41875 0.078125 0.0140625 0.0125
1 0.42109375 0.036458333333333336 0.0328125 0.035416666666666666
1 0.49921875 0.09270833333333334 0.090625 0.18541666666666667
1 0.4578125 0.17708333333333334 0.053125 0.03958333333333333
1 0.61875 0.09479166666666666 0.025 0.03333333333333333
1 0.71015625 0.18958333333333333 0.0359375 0.05416666666666667
1 0.7578125 0.20729166666666668 0.0203125 0.025
1 0.790625 0.39791666666666664 0.046875 0.04375
1 0.83984375 0.3927083333333333 0.025 0.035416666666666666
1 0.9875 0.346875 0.0125 0.016666666666666666
1 0.9546875 0.19375 0.034375 0.035416666666666666
1 0.91953125 0.06979166666666667 0.0625 0.06041666666666667
1 0.86015625 0.022916666666666665 0.0484375 0.04583333333333333
1 0.79921875 0.171875 0.03125 0.027083333333333334
1 0.84140625 0.4427083333333333 0.0140625 0.016666666666666666
1 0.97421875 0.9833333333333333 0.015625 0.020833333333333332
1 0.678125 0.6375 0.0171875 0.022916666666666665
1 0.60078125 0.615625 0.0125 0.016666666666666666
1 0.84765625 0.8197916666666667 0.0140625 0.0125
1 0.20703125 0.9666666666666667 0.01875 0.022916666666666665
1 0.2015625 0.9885416666666667 0.040625 0.022916666666666665
1 0.2546875 0.9875 0.025 0.025
1 0.3046875 0.9822916666666667 0.0234375 0.029166666666666667
1 0.490625 0.32083333333333336 0.0109375 0.0125
1 0.9921875 0.7427083333333333 0.015625 0.020833333333333332
1 0.3 0.846875 0.021875 0.027083333333333334
0 0.65 0.7802083333333333 0.215625 0.20625
0 0.71484375 0.584375 0.434375 0.20416666666666666
0 0.67578125 0.26875 0.5515625 0.27708333333333335
0 0.73125 0.14270833333333333 0.21875 0.28541666666666665
1 0.1953125 0.03229166666666667 0.01875 0.014583333333333334
1 0.45 0.7583333333333333 0.034375 0.05416666666666667
1 0.4984375 0.7416666666666667 0.0375 0.04583333333333333
1 0.31875 0.7677083333333333 0.0453125 0.07083333333333333
1 0.3328125 0.6510416666666666 0.0375 0.04583333333333333