1 0.6296875 0.9864583333333333 0.071875 0.027083333333333334
1 0.62890625 0.8739583333333333 0.01875 0.025
1 0.6640625 0.8614583333333333 0.05 0.0625
1 0.7625 0.8989583333333333 0.078125 0.06875
1 0.81953125 0.9010416666666666 0.0359375 0.04375
1 0.7 0.8604166666666667 0.0359375 0.07291666666666667
1 0.715625 0.9166666666666666 0.021875 0.022916666666666665
1 0.66875 0.9677083333333333 0.034375 0.04583333333333333
1 0.8078125 0.9447916666666667 0.0234375 0.035416666666666666
1 0.85 0.990625 0.0328125 0.01875
1 0.93203125 0.9395833333333333 0.0296875 0.03125
1 0.96875 0.865625 0.034375 0.04583333333333333
1 0.9921875 0.8572916666666667 0.015625 0.03333333333333333
1 0.87734375 0.828125 0.034375 0.029166666666666667
1 0.80625 0.7625 0.0234375 0.029166666666666667
1 0.9046875 0.709375 0.0375 0.03333333333333333
1 0.92890625 0.75 0.0375 0.035416666666666666
1 0.73984375 0.728125 0.0171875 0.020833333333333332
1 0.6734375 0.63125 0.0390625 0.05625
1 0.55625 0.5458333333333333 0.0296875 0.027083333333333334
1 0.58125 0.5010416666666667 0.0265625 0.035416666666666666
1 0.628125 0.48020833333333335 0.0296875 0.035416666666666666
1 0.65546875 0.49583333333333335 0.025 0.022916666666666665
1 0.684375 0.4635416666666667 0.0375 0.04791666666666667
1 0.575 0.42604166666666665 0.015625 0.01875
1 0.48359375 0.24791666666666667 0.009375 0.016666666666666666
1 0.5109375 0.9270833333333334 0.0078125 0.022916666666666665
1 0.353125 0.9395833333333333 0.1078125 0.12083333333333333
1 0.41328125 0.9291666666666667 0.0328125 0.06041666666666667
1 0.4421875 0.934375 0.015625 0.022916666666666665
1 0.41640625 0.8760416666666667 0.0109375 0.0125
1 0.3078125 0.853125 0.0328125 0.04375
1 0.15859375 0.8052083333333333 0.03125 0.04375
1 0.0984375 0.9260416666666667 0.04375 0.035416666666666666
1 0.1421875 0.9708333333333333 0.03125 0.03958333333333333
1 0.18046875 0.9864583333333333 0.0375 0.027083333333333334
1 0.37578125 0.8104166666666667 0.01875 0.025
1 0.440625 0.7510416666666667 0.0359375 0.08958333333333333
1 0.42890625 0.6854166666666667 0.03125 0.04375
1 0.45859375 0.7072916666666667 0.0296875 0.03333333333333333
1 0.4859375 0.690625 0.0359375 0.05625
1 0.33125 0.6114583333333333 0.0421875 0.05625
1 0.36484375 0.665625 0.040625 0.05
1 0.4484375 0.5791666666666667 0.059375 0.041666666666666664
1 0.45625 0.5395833333333333 0.015625 0.025
1 0.24140625 0.784375 0.0296875 0.0375
1 0.19609375 0.7010416666666667 0.0296875 0.027083333333333334
1 0.153125 0.684375 0.0375 0.027083333333333334
1 0.09765625 0.6510416666666666 0.0265625 0.035416666666666666
1 0.22109375 0.7291666666666666 0.0265625 0.029166666666666667
1 0.18828125 0.5322916666666667 0.0390625 0.04375
1 0.175 0.371875 0.059375 0.075
1 0.15546875 0.41458333333333336 0.0203125 0.022916666666666665
1 0.09296875 0.49166666666666664 0.0140625 0.016666666666666666
1 0.346875 0.46770833333333334 0.0265625 0.0375
1 0.3765625 0.45 0.025 0.035416666666666666
1 0.4 0.4625 0.034375 0.041666666666666664
1 0.48046875 0.5322916666666667 0.028125 0.04375
1 0.45546875 0.39375 0.0203125 0.025
1 0.37265625 0.32916666666666666 0.0421875 0.04375
1 0.41171875 0.3489583333333333 0.0421875 0.06458333333333334
1 0.465625 0.3375 0.0296875 0.03958333333333333
1 0.47265625 0.30104166666666665 0.0125 0.03125
1 0.3078125 0.3385416666666667 0.01875 0.01875
1 0.29609375 0.24375 0.040625 0.035416666666666666
1 0.11015625 0.290625 0.0328125 0.03333333333333333
1 0.13359375 0.32083333333333336 0.0546875 0.052083333333333336
1 0.14453125 0.2635416666666667 0.0203125 0.03125
1 0.1734375 0.24583333333333332 0.028125 0.035416666666666666
1 0.003125 0.34479166666666666 0.00625 0.0125
1 0.103125 0.19270833333333334 0.025 0.03958333333333333
1 0.1421875 0.19583333333333333 0.025 0.0375
1 0.09140625 0.10625 0.0578125 0.10416666666666667
1 0.11484375 0.007291666666666667 0.0359375 0.014583333333333334
1 0.20859375 0.0125 0.0390625 0.025
1 0.18828125 0.07083333333333333 0.040625 0.035416666666666666
1 0.14921875 0.09270833333333334 0.028125 0.025
1 0.3046875 0.075 0.059375 0.07083333333333333
1 0.35390625 0.053125 0.03125 0.05
1 0.30703125 0.14583333333333334 0.0265625 0.029166666666666667
1 0.34140625 0.17916666666666667 0.021875 0.03333333333333333
1 0.4140625 0.17083333333333334 0.0328125 0.0375
1 0.39609375 0.22916666666666666 0.04375 0.058333333333333334
1 0.42734375 0.1375 0.0375 0.058333333333333334
1 0.46484375 0.09375 0.028125 0.0375
1 0.24140625 0.07604166666666666 0.028125 0.022916666666666665
1 0.134375 0.026041666666666668 0.01875 0.022916666666666665
1 0.49296875 0.1625 0.01875 0.03125
1 0.54296875 0.04479166666666667 0.0296875 0.052083333333333336
1 0.5984375 0.11770833333333333 0.0515625 0.07291666666666667
1 0.54921875 0.21145833333333333 0.0265625 0.0375
1 0.55390625 0.24479166666666666 0.0234375 0.029166666666666667
1 0.5828125 0.18645833333333334 0.0421875 0.06875
1 0.65546875 0.019791666666666666 0.0234375 0.03958333333333333
1 0.70703125 0.01875 0.028125 0.0375
1 0.71171875 0.08020833333333334 0.0484375 0.04583333333333333
1 0.71875 0.14166666666666666 0.065625 0.07916666666666666
1 0.67890625 0.18541666666666667 0.028125 0.029166666666666667
1 0.5609375 0.3229166666666667 0.0328125 0.05416666666666667
1 0.63046875 0.30104166666666665 0.0859375 0.10625
1 0.6765625 0.325 0.01875 0.03333333333333333
1 0.73828125 0.28229166666666666 0.025 0.027083333333333334
1 0.78046875 0.2875 0.0421875 0.0375
1 0.73828125 0.23125 0.0359375 0.04583333333333333
1 0.8078125 0.13854166666666667 0.0421875 0.03958333333333333
1 0.81015625 0.10104166666666667 0.0296875 0.029166666666666667
1 0.846875 0.12291666666666666 0.0203125 0.022916666666666665
1 0.9078125 0.021875 0.0328125 0.04375
1 0.94609375 0.051041666666666666 0.021875 0.03333333333333333
1 0.9265625 0.13333333333333333 0.0328125 0.0375
1 0.996875 0.09270833333333334 0.00625 0.014583333333333334
1 0.821875 0.2 0.028125 0.03958333333333333
1 0.87109375 0.25 0.0296875 0.03125
1 0.9375 0.24895833333333334 0.075 0.08541666666666667
1 0.96015625 0.334375 0.03125 0.04375
1 0.99140625 0.3697916666666667 0.0171875 0.04375
1 0.87265625 0.3729166666666667 0.06875 0.07291666666666667
1 0.94296875 0.44895833333333335 0.0484375 0.08541666666666667
1 0.9109375 0.3572916666666667 0.025 0.025
1 0.94296875 0.3854166666666667 0.0140625 0.022916666666666665
1 0.78359375 0.39895833333333336 0.0328125 0.052083333333333336
1 0.82421875 0.4552083333333333 0.04375 0.041666666666666664
1 0.80703125 0.5010416666666667 0.028125 0.0375
1 0.7765625 0.5229166666666667 0.03125 0.04375
1 0.721875 0.5604166666666667 0.034375 0.05416666666666667
1 0.91640625 0.553125 0.071875 0.13541666666666666
1 0.1875 0.14375 0.01875 0.01875
1 0.21640625 0.59375 0.01875 0.029166666666666667
1 0.29765625 0.7645833333333333 0.0296875 0.035416666666666666
1 0.19296875 0.8447916666666667 0.0390625 0.035416666666666666
0 0.54296875 0.5760416666666667 0.3421875 0.24791666666666667
0 0.48046875 0.165625 0.1328125 0.33125
0 0.47734375 0.36770833333333336 0.103125 0.3854166666666667
0 0.50703125 0.8458333333333333 0.2078125 0.30833333333333335
1 0.984375 0.47291666666666665 0.0265625 0.022916666666666665
1 0.634375 0.7322916666666667 0.059375 0.1
1 0.6625 0.7947916666666667 0.0296875 0.04583333333333333
1 0.578125 0.8197916666666667 0.0359375 0.06041666666666667