1 0.8046875 0.4041666666666667 0.090625 0.11458333333333333
1 0.89765625 0.4010416666666667 0.0328125 0.04375
1 0.965625 0.41354166666666664 0.065625 0.06041666666666667
1 0.86640625 0.4895833333333333 0.0890625 0.125
1 0.9765625 0.5416666666666666 0.0390625 0.041666666666666664
1 0.96171875 0.509375 0.0125 0.016666666666666666
1 0.94609375 0.6020833333333333 0.0578125 0.08125
1 0.878125 0.6520833333333333 0.1046875 0.15416666666666667
1 0.81171875 0.5979166666666667 0.0625 0.09375
1 0.7578125 0.5520833333333334 0.015625 0.027083333333333334
1 0.73203125 0.540625 0.0296875 0.027083333333333334
1 0.7015625 0.5645833333333333 0.046875 0.052083333333333336
1 0.68203125 0.6510416666666666 0.0609375 0.08125
1 0.78671875 0.6354166666666666 0.03125 0.03125
1 0.90390625 0.7385416666666667 0.0125 0.016666666666666666
1 0.7765625 0.7364583333333333 0.0484375 0.075
1 0.7671875 0.8072916666666666 0.0390625 0.029166666666666667
1 0.8265625 0.8989583333333333 0.115625 0.12291666666666666
1 0.86484375 0.803125 0.025 0.025
1 0.92890625 0.8322916666666667 0.0203125 0.022916666666666665
1 0.90546875 0.7989583333333333 0.0234375 0.03333333333333333
1 0.99296875 0.759375 0.0140625 0.022916666666666665
1 0.99296875 0.8083333333333333 0.0140625 0.058333333333333334
1 0.97109375 0.7572916666666667 0.0203125 0.03125
1 0.9890625 0.9802083333333333 0.021875 0.03958333333333333
1 0.9359375 0.9895833333333334 0.0359375 0.020833333333333332
1 0.8953125 0.9479166666666666 0.028125 0.027083333333333334
1 0.728125 0.928125 0.034375 0.03958333333333333
1 0.61875 0.971875 0.0140625 0.029166666666666667
1 0.5875 0.990625 0.0234375 0.01875
1 0.04921875 0.940625 0.021875 0.022916666666666665
1 0.30234375 0.9854166666666667 0.040625 0.029166666666666667
1 0.23828125 0.975 0.021875 0.027083333333333334
1 0.259375 0.9447916666666667 0.0140625 0.022916666666666665
1 0.2546875 0.9125 0.053125 0.035416666666666666
1 0.12734375 0.9489583333333333 0.0765625 0.10208333333333333
1 0.02890625 0.8875 0.0265625 0.027083333333333334
1 0.03515625 0.825 0.025 0.03125
1 0.24609375 0.7760416666666666 0.034375 0.035416666666666666
1 0.26640625 0.7427083333333333 0.0234375 0.0375
1 0.42578125 0.934375 0.05625 0.05625
1 0.3796875 0.8979166666666667 0.028125 0.027083333333333334
1 0.515625 0.8770833333333333 0.0328125 0.0375
1 0.5625 0.8166666666666667 0.040625 0.029166666666666667
1 0.58984375 0.7239583333333334 0.0421875 0.03958333333333333
1 0.56171875 0.6979166666666666 0.0421875 0.029166666666666667
1 0.48515625 0.740625 0.0765625 0.12916666666666668
1 0.4328125 0.7197916666666667 0.021875 0.025
1 0.403125 0.7333333333333333 0.03125 0.04375
1 0.40625 0.6729166666666667 0.028125 0.03125
1 0.3265625 0.6604166666666667 0.0671875 0.04583333333333333
1 0.2796875 0.6229166666666667 0.04375 0.0375
1 0.11875 0.4666666666666667 0.0296875 0.027083333333333334
1 0.1734375 0.5197916666666667 0.0421875 0.041666666666666664
1 0.25078125 0.45208333333333334 0.034375 0.04791666666666667
1 0.4703125 0.5447916666666667 0.0234375 0.020833333333333332
1 0.4453125 0.5197916666666667 0.0171875 0.01875
1 0.5515625 0.5552083333333333 0.034375 0.06041666666666667
1 0.54375 0.43854166666666666 0.0359375 0.041666666666666664
1 0.49921875 0.46979166666666666 0.040625 0.04791666666666667
1 0.36640625 0.44375 0.046875 0.05
1 0.35078125 0.390625 0.025 0.03958333333333333
1 0.41484375 0.39791666666666664 0.0828125 0.09583333333333334
1 0.44375 0.3177083333333333 0.0375 0.0625
1 0.6640625 0.2 0.03125 0.0375
1 0.71875 0.27395833333333336 0.0359375 0.05625
1 0.67421875 0.33958333333333335 0.028125 0.035416666666666666
1 0.57109375 0.325 0.1390625 0.21666666666666667
1 0.48984375 0.035416666666666666 0.0859375 0.06875
1 0.0546875 0.29583333333333334 0.0265625 0.035416666666666666
1 0.02734375 0.3333333333333333 0.021875 0.027083333333333334
1 0.18515625 0.359375 0.0234375 0.03958333333333333
1 0.24140625 0.34791666666666665 0.025 0.04791666666666667
1 0.2828125 0.28958333333333336 0.08125 0.07291666666666667
1 0.3453125 0.2604166666666667 0.05 0.08333333333333333
1 0.3921875 0.22916666666666666 0.0453125 0.04791666666666667
1 0.51796875 0.20208333333333334 0.034375 0.03958333333333333
1 0.440625 0.1875 0.04375 0.05416666666666667
1 0.40546875 0.14375 0.0265625 0.03333333333333333
1 0.34296875 0.05625 0.0375 0.05416666666666667
1 0.27421875 0.109375 0.034375 0.03958333333333333
1 0.18203125 0.08333333333333333 0.0328125 0.029166666666666667
1 0.18046875 0.23333333333333334 0.0796875 0.12916666666666668
1 0.096875 0.17395833333333333 0.0359375 0.04583333333333333
0 0.69375 0.903125 0.365625 0.19375
0 0.62265625 0.76875 0.3234375 0.3
0 0.66484375 0.5572916666666666 0.4609375 0.23333333333333334
0 0.640625 0.020833333333333332 0.06875 0.041666666666666664
1 0.93359375 0.546875 0.015625 0.016666666666666666
1 0.95234375 0.33229166666666665 0.0125 0.010416666666666666
1 0.8015625 0.040625 0.1015625 0.08125
1 0.94453125 0.08645833333333333 0.01875 0.025
1 0.88828125 0.11666666666666667 0.021875 0.025
1 0.99296875 0.3125 0.0125 0.027083333333333334
1 0.96484375 0.21979166666666666 0.0375 0.04375
1 0.9796875 0.06666666666666667 0.040625 0.1
1 0.75859375 0.15416666666666667 0.015625 0.014583333333333334
1 0.834375 0.2989583333333333 0.0109375 0.014583333333333334
0 0.584375 0.21666666666666667 0.50625 0.375