1 0.894140625 0.02361111111111111 0.02109375 0.04722222222222222
1 0.465625 0.3284722222222222 0.03125 0.041666666666666664
1 0.525 0.325 0.0140625 0.02638888888888889
1 0.450390625 0.3888888888888889 0.02421875 0.03611111111111111
1 0.378515625 0.40625 0.0140625 0.018055555555555554
1 0.378125 0.49444444444444446 0.01484375 0.027777777777777776
1 0.49140625 0.4527777777777778 0.03203125 0.07222222222222222
1 0.568359375 0.23194444444444445 0.0078125 0.015277777777777777
1 0.594921875 0.08888888888888889 0.01796875 0.034722222222222224
1 0.601171875 0.034027777777777775 0.02109375 0.06805555555555555
1 0.231640625 0.47152777777777777 0.0203125 0.020833333333333332
1 0.27890625 0.005555555555555556 0.0078125 0.011111111111111112
1 0.016015625 0.0125 0.01875 0.025
1 0.22421875 0.6402777777777777 0.03046875 0.05277777777777778
1 0.16796875 0.7868055555555555 0.01796875 0.0375
1 0.1734375 0.8270833333333333 0.0359375 0.04861111111111111
1 0.45546875 0.9083333333333333 0.02265625 0.043055555555555555
1 0.60703125 0.8611111111111112 0.0296875 0.05277777777777778
1 0.54296875 0.8069444444444445 0.01015625 0.020833333333333332
1 0.466796875 0.7708333333333334 0.03359375 0.041666666666666664
1 0.421875 0.6861111111111111 0.01796875 0.030555555555555555
1 0.45390625 0.6520833333333333 0.02578125 0.04583333333333333
1 0.526171875 0.6326388888888889 0.02421875 0.04861111111111111
1 0.594140625 0.6375 0.0171875 0.04861111111111111
1 0.687890625 0.5840277777777778 0.01875 0.04027777777777778
1 0.808984375 0.3090277777777778 0.015625 0.030555555555555555
1 0.86875 0.30625 0.0171875 0.04583333333333333
1 0.8578125 0.3527777777777778 0.01640625 0.025
1 0.9875 0.33541666666666664 0.015625 0.020833333333333332
1 0.99453125 0.4 0.0109375 0.03888888888888889
1 0.959765625 0.6743055555555556 0.02890625 0.043055555555555555
1 0.8625 0.7965277777777777 0.01328125 0.022222222222222223
1 0.951953125 0.9888888888888889 0.02734375 0.022222222222222223
1 0.746875 0.7291666666666666 0.0234375 0.05694444444444444
1 0.7 0.7402777777777778 0.01875 0.0375
1 0.662890625 0.5548611111111111 0.0125 0.027777777777777776
1 0.1171875 0.5236111111111111 0.0140625 0.030555555555555555
0 0.092578125 0.12152777777777778 0.18515625 0.24166666666666667
0 0.08125 0.2972222222222222 0.15 0.5305555555555556
0 0.090625 0.5388888888888889 0.18125 0.25
0 0.1296875 0.8006944444444445 0.22109375 0.39861111111111114
0 0.6984375 0.8618055555555556 0.1171875 0.2763888888888889
0 0.640625 0.46041666666666664 0.0765625 0.21805555555555556
0 0.629296875 0.05 0.04375 0.09722222222222222
0 0.65859375 0.17569444444444443 0.196875 0.35138888888888886