1 0.356640625 0.7208333333333333 0.01015625 0.027777777777777776
1 0.737890625 0.21944444444444444 0.015625 0.03333333333333333
1 0.88359375 0.28541666666666665 0.0125 0.019444444444444445
1 0.546484375 0.6208333333333333 0.015625 0.030555555555555555
1 0.642578125 0.21180555555555555 0.028125 0.02361111111111111
1 0.8765625 0.5506944444444445 0.05 0.07222222222222222
0 0.10859375 0.27291666666666664 0.2171875 0.27361111111111114
1 0.41328125 0.059722222222222225 0.021875 0.02638888888888889
0 0.121875 0.8 0.24375 0.24027777777777778
1 0.573828125 0.14722222222222223 0.01875 0.034722222222222224
0 0.615234375 0.7118055555555556 0.20546875 0.2111111111111111
0 0.714453125 0.10625 0.209375 0.2125
1 0.646875 0.9069444444444444 0.02421875 0.03888888888888889
1 0.7078125 0.8548611111111111 0.03828125 0.06666666666666667
1 0.576953125 0.2076388888888889 0.0140625 0.03611111111111111
1 0.533984375 0.05 0.01328125 0.034722222222222224
1 0.980859375 0.9069444444444444 0.0125 0.018055555555555554
1 0.9703125 0.5944444444444444 0.04375 0.07083333333333333
1 0.7046875 0.95 0.02734375 0.1
1 0.894140625 0.27569444444444446 0.01171875 0.030555555555555555
1 0.830078125 0.5715277777777777 0.028125 0.059722222222222225
1 0.303125 0.11944444444444445 0.0390625 0.03611111111111111
1 0.598828125 0.20972222222222223 0.015625 0.04027777777777778
1 0.91953125 0.11805555555555555 0.009375 0.03333333333333333
0 0.666796875 0.475 0.19296875 0.4875
0 0.15 0.9201388888888888 0.1359375 0.1597222222222222
1 0.98125 0.7465277777777778 0.0375 0.0763888888888889
1 0.973828125 0.2902777777777778 0.05234375 0.11944444444444445
0 0.58359375 0.94375 0.1390625 0.1111111111111111
1 0.68671875 0.55 0.0609375 0.15833333333333333
1 0.89453125 0.33541666666666664 0.0265625 0.043055555555555555
1 0.78046875 0.6291666666666667 0.06328125 0.10277777777777777
1 0.66328125 0.2513888888888889 0.02421875 0.04583333333333333
1 0.716796875 0.19375 0.02109375 0.025
1 0.938671875 0.12083333333333333 0.01953125 0.027777777777777776
1 0.50234375 0.9791666666666666 0.0328125 0.041666666666666664
1 0.558203125 0.7930555555555555 0.05078125 0.0875
1 0.541015625 0.725 0.04765625 0.06388888888888888
1 0.6984375 0.20069444444444445 0.01328125 0.029166666666666667
1 0.580078125 0.8680555555555556 0.01484375 0.029166666666666667
1 0.671484375 0.9819444444444444 0.02109375 0.03611111111111111
1 0.644921875 0.9590277777777778 0.02109375 0.034722222222222224
1 0.88359375 0.9145833333333333 0.028125 0.03888888888888889
1 0.861328125 0.35138888888888886 0.0109375 0.03333333333333333
1 0.7234375 0.2798611111111111 0.01640625 0.02361111111111111
1 0.80859375 0.8055555555555556 0.01328125 0.019444444444444445
1 0.7921875 0.9222222222222223 0.05390625 0.10833333333333334
1 0.780859375 0.2722222222222222 0.03984375 0.04861111111111111
1 0.8421875 0.8520833333333333 0.0421875 0.06666666666666667
1 0.490625 0.6152777777777778 0.028125 0.04722222222222222
1 0.765625 0.7791666666666667 0.0203125 0.034722222222222224
1 0.953125 0.16527777777777777 0.015625 0.025
1 0.54609375 0.925 0.0203125 0.029166666666666667
1 0.91171875 0.8354166666666667 0.02421875 0.04583333333333333
1 0.509765625 0.41458333333333336 0.01953125 0.043055555555555555
1 0.469921875 0.30277777777777776 0.05546875 0.10694444444444444
1 0.732421875 0.6590277777777778 0.0328125 0.05555555555555555
1 0.590625 0.11944444444444445 0.02109375 0.0375
1 0.334765625 0.8347222222222223 0.009375 0.020833333333333332
1 0.951953125 0.41597222222222224 0.0078125 0.016666666666666666
1 0.776171875 0.006944444444444444 0.01015625 0.013888888888888888
1 0.955078125 0.020833333333333332 0.01328125 0.041666666666666664
0 0.123828125 0.5076388888888889 0.196875 0.4722222222222222
1 0.7109375 0.23125 0.0125 0.019444444444444445
1 0.637109375 0.24375 0.0140625 0.03333333333333333
1 0.841015625 0.2923611111111111 0.02734375 0.04583333333333333
1 0.40703125 0.24930555555555556 0.0125 0.015277777777777777
0 0.679296875 0.7680555555555556 0.13515625 0.19305555555555556
1 0.785546875 0.015277777777777777 0.009375 0.019444444444444445
1 0.498046875 0.3506944444444444 0.01640625 0.027777777777777776
1 0.74296875 0.38680555555555557 0.01875 0.025
1 0.42109375 0.425 0.015625 0.03611111111111111
1 0.758984375 0.010416666666666666 0.01640625 0.020833333333333332
1 0.888671875 0.5972222222222222 0.03515625 0.03194444444444444
1 0.873828125 0.4791666666666667 0.01640625 0.02638888888888889
1 0.898828125 0.4736111111111111 0.015625 0.020833333333333332
1 0.691796875 0.29791666666666666 0.04609375 0.04722222222222222
1 0.99453125 0.3729166666666667 0.0109375 0.04722222222222222
1 0.9296875 0.4638888888888889 0.01640625 0.03888888888888889
1 0.985546875 0.035416666666666666 0.02890625 0.07083333333333333
1 0.870703125 0.10069444444444445 0.0078125 0.0125
1 0.60234375 0.4305555555555556 0.0453125 0.06944444444444445
1 0.9640625 0.19305555555555556 0.0234375 0.04583333333333333
1 0.471484375 0.2013888888888889 0.021875 0.059722222222222225
1 0.9015625 0.7604166666666666 0.01953125 0.034722222222222224
1 0.916796875 0.7166666666666667 0.03359375 0.04722222222222222
1 0.8109375 0.4930555555555556 0.0609375 0.1
1 0.887890625 0.8201388888888889 0.01796875 0.044444444444444446
1 0.72265625 0.5875 0.03671875 0.0625
1 0.755078125 0.35625 0.01953125 0.041666666666666664
1 0.507421875 0.24791666666666667 0.01640625 0.030555555555555555
1 0.7953125 0.38055555555555554 0.021875 0.05694444444444444
1 0.77421875 0.32708333333333334 0.025 0.05277777777777778
1 0.681640625 0.22430555555555556 0.01875 0.030555555555555555
1 0.821875 0.34375 0.01015625 0.029166666666666667
1 0.839453125 0.004861111111111111 0.0140625 0.009722222222222222
1 0.90390625 0.034027777777777775 0.01328125 0.027777777777777776
1 0.287890625 0.36319444444444443 0.0109375 0.016666666666666666
1 0.01953125 0.32916666666666666 0.0140625 0.04027777777777778
1 0.7421875 0.05763888888888889 0.02421875 0.044444444444444446
1 0.725390625 0.011805555555555555 0.015625 0.020833333333333332
1 0.866796875 0.1361111111111111 0.01171875 0.0125
1 0.917578125 0.39791666666666664 0.03359375 0.06944444444444445
1 0.1859375 0.64375 0.009375 0.03194444444444444
1 0.652734375 0.10972222222222222 0.0125 0.03888888888888889
1 0.828125 0.10416666666666667 0.0203125 0.06111111111111111
1 0.848046875 0.03263888888888889 0.021875 0.043055555555555555
1 0.0484375 0.007638888888888889 0.0234375 0.015277777777777777
1 0.6625 0.04375 0.04609375 0.0875
1 0.8734375 0.2125 0.0484375 0.09444444444444444
1 0.56328125 0.2847222222222222 0.01171875 0.022222222222222223
1 0.15 0.21875 0.01171875 0.02638888888888889
1 0.022265625 0.14791666666666667 0.025 0.04722222222222222
1 0.8734375 0.06805555555555555 0.0109375 0.015277777777777777
1 0.269140625 0.9166666666666666 0.01796875 0.04027777777777778
1 0.240234375 0.6965277777777777 0.0359375 0.075
1 0.20234375 0.6743055555555556 0.01875 0.030555555555555555
1 0.07109375 0.6631944444444444 0.02265625 0.06944444444444445
1 0.058203125 0.17430555555555555 0.01171875 0.02638888888888889
1 0.25703125 0.7784722222222222 0.02265625 0.05138888888888889
1 0.174609375 0.29097222222222224 0.01796875 0.034722222222222224
1 0.23125 0.052083333333333336 0.04453125 0.07083333333333333
1 0.046484375 0.13055555555555556 0.021875 0.02361111111111111
1 0.140234375 0.011805555555555555 0.01015625 0.02361111111111111
1 0.08046875 0.40208333333333335 0.03515625 0.05
1 0.248828125 0.8666666666666667 0.0125 0.025
1 0.7828125 0.10972222222222222 0.0140625 0.016666666666666666
1 0.048828125 0.6 0.02421875 0.043055555555555555
1 0.202734375 0.6333333333333333 0.01796875 0.03888888888888889
1 0.026171875 0.5951388888888889 0.0140625 0.029166666666666667
1 0.35859375 0.9368055555555556 0.01875 0.07916666666666666
1 0.19921875 0.4861111111111111 0.02265625 0.04722222222222222
1 0.129296875 0.8638888888888889 0.03203125 0.07916666666666666
1 0.0515625 0.6826388888888889 0.01640625 0.027777777777777776
1 0.294140625 0.2826388888888889 0.01484375 0.02638888888888889
1 0.12421875 0.10347222222222222 0.040625 0.06944444444444445
1 0.53203125 0.1361111111111111 0.03515625 0.0875
1 0.152734375 0.3875 0.0265625 0.075
1 0.27109375 0.25069444444444444 0.0203125 0.04722222222222222
1 0.280078125 0.16180555555555556 0.01328125 0.022222222222222223
1 0.20546875 0.15 0.0328125 0.06944444444444445
1 0.42421875 0.09791666666666667 0.02265625 0.04861111111111111
1 0.39921875 0.8263888888888888 0.01171875 0.0375
1 0.166796875 0.15763888888888888 0.01953125 0.03611111111111111
1 0.13203125 0.18680555555555556 0.02578125 0.05
1 0.957421875 0.9930555555555556 0.0140625 0.013888888888888888
1 0.26796875 0.6465277777777778 0.021875 0.034722222222222224
1 0.891796875 0.49930555555555556 0.0140625 0.029166666666666667
1 0.298046875 0.33958333333333335 0.01796875 0.025
1 0.741796875 0.47638888888888886 0.02578125 0.02638888888888889
1 0.158203125 0.8472222222222222 0.01484375 0.019444444444444445
1 0.258984375 0.006944444444444444 0.0140625 0.013888888888888888
1 0.992578125 0.6548611111111111 0.01484375 0.05694444444444444
1 0.45234375 0.010416666666666666 0.01875 0.020833333333333332
1 0.4171875 0.3125 0.03046875 0.06666666666666667
1 0.433984375 0.2152777777777778 0.02109375 0.027777777777777776
1 0.521484375 0.34791666666666665 0.00859375 0.022222222222222223
1 0.944140625 0.6527777777777778 0.04296875 0.08611111111111111
1 0.353125 0.2652777777777778 0.02890625 0.075
1 0.92578125 0.31319444444444444 0.040625 0.09722222222222222
1 0.497265625 0.08333333333333333 0.0125 0.03194444444444444