0 0.6078125 0.10416666666666667 0.09765625 0.20833333333333334
1 0.985546875 0.06319444444444444 0.02734375 0.0375
1 0.90546875 0.91875 0.0546875 0.09166666666666666
0 0.04765625 0.13402777777777777 0.09296875 0.26666666666666666
1 0.670703125 0.33611111111111114 0.03515625 0.05
1 0.169921875 0.6402777777777777 0.03671875 0.05416666666666667
1 0.753515625 0.9534722222222223 0.025 0.06944444444444445
1 0.732421875 0.3388888888888889 0.03125 0.058333333333333334
1 0.94609375 0.07152777777777777 0.01796875 0.029166666666666667
1 0.969921875 0.36180555555555555 0.0421875 0.05138888888888889
0 0.07578125 0.7201388888888889 0.134375 0.4861111111111111
1 0.16484375 0.8395833333333333 0.0328125 0.05138888888888889
1 0.846875 0.4951388888888889 0.0296875 0.05138888888888889
1 0.978515625 0.8743055555555556 0.04296875 0.06388888888888888
1 0.920703125 0.9958333333333333 0.01171875 0.008333333333333333
1 0.96953125 0.9895833333333334 0.02890625 0.020833333333333332
1 0.991015625 0.5340277777777778 0.01796875 0.05
1 0.509375 0.3486111111111111 0.01015625 0.027777777777777776
1 0.462890625 0.32569444444444445 0.01875 0.02638888888888889
1 0.48359375 0.7298611111111111 0.00859375 0.015277777777777777
1 0.26640625 0.015277777777777777 0.01484375 0.027777777777777776
1 0.060546875 0.9847222222222223 0.0125 0.030555555555555555
1 0.11015625 0.7256944444444444 0.01484375 0.02361111111111111
1 0.031640625 0.36875 0.01484375 0.030555555555555555
1 0.06875 0.21736111111111112 0.01640625 0.02361111111111111
1 0.806640625 0.39166666666666666 0.0140625 0.034722222222222224
1 0.678125 0.2826388888888889 0.01484375 0.022222222222222223
1 0.8625 0.3798611111111111 0.01328125 0.027777777777777776
1 0.9546875 0.6743055555555556 0.01171875 0.02361111111111111
1 0.387109375 0.034722222222222224 0.0125 0.025
1 0.230859375 0.2611111111111111 0.0125 0.03194444444444444
1 0.6625 0.10416666666666667 0.0125 0.025
1 0.833984375 0.9305555555555556 0.0109375 0.018055555555555554
1 0.209375 0.3458333333333333 0.015625 0.020833333333333332
1 0.04375 0.46597222222222223 0.0203125 0.030555555555555555
1 0.308203125 0.2111111111111111 0.01484375 0.029166666666666667
1 0.690625 0.009027777777777777 0.025 0.018055555555555554
1 0.135546875 0.65625 0.0125 0.044444444444444446
1 0.6375 0.8694444444444445 0.01796875 0.041666666666666664
1 0.52578125 0.17152777777777778 0.01484375 0.030555555555555555
1 0.153515625 0.01597222222222222 0.05234375 0.03194444444444444
1 0.9578125 0.9444444444444444 0.021875 0.03611111111111111
1 0.511328125 0.21041666666666667 0.01875 0.03194444444444444
1 0.76015625 0.3597222222222222 0.0234375 0.022222222222222223
1 0.38203125 0.2465277777777778 0.0234375 0.044444444444444446
1 0.91640625 0.1361111111111111 0.03359375 0.05
1 0.83515625 0.3888888888888889 0.02421875 0.03888888888888889
1 0.961328125 0.22569444444444445 0.01875 0.03611111111111111
1 0.976171875 0.5756944444444444 0.02109375 0.04027777777777778
1 0.485546875 0.1798611111111111 0.01875 0.03611111111111111
1 0.81328125 0.9722222222222222 0.01640625 0.03333333333333333
1 0.585546875 0.94375 0.0234375 0.03611111111111111
1 0.91015625 0.1763888888888889 0.021875 0.04027777777777778
1 0.108203125 0.6444444444444445 0.02734375 0.04027777777777778
1 0.669921875 0.4222222222222222 0.0234375 0.0625
1 0.77734375 0.29791666666666666 0.01640625 0.029166666666666667
1 0.59296875 0.49444444444444446 0.0171875 0.03194444444444444
0 0.592578125 0.875 0.13984375 0.25
1 0.76328125 0.22083333333333333 0.02734375 0.05277777777777778
1 0.63515625 0.75625 0.0234375 0.041666666666666664
1 0.721875 0.39444444444444443 0.0140625 0.02638888888888889
1 0.976171875 0.6305555555555555 0.02578125 0.044444444444444446
1 0.6828125 0.8041666666666667 0.0140625 0.030555555555555555
0 0.085546875 0.25763888888888886 0.17109375 0.1763888888888889
1 0.143359375 0.49166666666666664 0.02578125 0.05
1 0.769140625 0.13958333333333334 0.02734375 0.05555555555555555
1 0.93828125 0.7138888888888889 0.0265625 0.0375
1 0.05859375 0.2881944444444444 0.0265625 0.05277777777777778
1 0.848828125 0.8125 0.02578125 0.05694444444444444
0 0.604296875 0.46319444444444446 0.190625 0.31666666666666665
0 0.621484375 0.6895833333333333 0.20859375 0.19305555555555556
1 0.554296875 0.16180555555555556 0.028125 0.07916666666666666
1 0.013671875 0.48680555555555555 0.02734375 0.07361111111111111
1 0.854296875 0.8972222222222223 0.021875 0.030555555555555555
0 0.06640625 0.45069444444444445 0.1328125 0.33194444444444443
1 0.930078125 0.6527777777777778 0.0265625 0.0625
1 0.79765625 0.6861111111111111 0.01875 0.0375
1 0.7953125 0.4152777777777778 0.0234375 0.04861111111111111
1 0.59453125 0.2125 0.03203125 0.09166666666666666
1 0.133984375 0.5763888888888888 0.02578125 0.058333333333333334
1 0.701171875 0.2722222222222222 0.02109375 0.03888888888888889
1 0.684765625 0.9847222222222223 0.046875 0.030555555555555555
1 0.52578125 0.2604166666666667 0.03203125 0.0625
1 0.220703125 0.17430555555555555 0.01953125 0.034722222222222224
1 0.239453125 0.3145833333333333 0.0265625 0.044444444444444446
1 0.1515625 0.23194444444444445 0.05234375 0.09583333333333334
0 0.5859375 0.2263888888888889 0.0875 0.4527777777777778
0 0.058203125 0.9118055555555555 0.11640625 0.1763888888888889
1 0.990625 0.7805555555555556 0.01875 0.06666666666666667
1 0.97890625 0.44722222222222224 0.01953125 0.044444444444444446
1 0.924609375 0.5576388888888889 0.05703125 0.07777777777777778
1 0.14609375 0.12013888888888889 0.0296875 0.08611111111111111
1 0.7796875 0.7833333333333333 0.02578125 0.04583333333333333
1 0.991015625 0.6708333333333333 0.01796875 0.10416666666666667