1 0.7671875 0.7048611111111112 0.0484375 0.09722222222222222
1 0.7640625 0.9618055555555556 0.046875 0.07083333333333333
1 0.81640625 0.5208333333333334 0.015625 0.025
1 0.826171875 0.6236111111111111 0.0109375 0.019444444444444445
0 0.645703125 0.9625 0.028125 0.06944444444444445
1 0.083203125 0.5854166666666667 0.0125 0.019444444444444445
0 0.171875 0.9611111111111111 0.0953125 0.07777777777777778
1 0.83125 0.4513888888888889 0.01796875 0.019444444444444445
1 0.879296875 0.15694444444444444 0.015625 0.05
1 0.744140625 0.5375 0.01171875 0.019444444444444445
1 0.98515625 0.39791666666666664 0.02890625 0.05694444444444444
1 0.76796875 0.5229166666666667 0.03125 0.06388888888888888
1 0.802734375 0.7784722222222222 0.0234375 0.044444444444444446
1 0.990625 0.975 0.01875 0.05
1 0.804296875 0.9756944444444444 0.0171875 0.041666666666666664
1 0.8015625 0.6875 0.01640625 0.025
1 0.88984375 0.48819444444444443 0.01875 0.05138888888888889
1 0.82890625 0.8527777777777777 0.015625 0.03333333333333333
1 0.702734375 0.6756944444444445 0.01484375 0.03333333333333333
1 0.589453125 0.11944444444444445 0.0109375 0.019444444444444445
1 0.643359375 0.7284722222222222 0.0328125 0.041666666666666664
1 0.9015625 0.04513888888888889 0.01640625 0.022222222222222223
1 0.72890625 0.6104166666666667 0.034375 0.13472222222222222
1 0.6890625 0.3368055555555556 0.02578125 0.04583333333333333
1 0.83125 0.5840277777777778 0.021875 0.059722222222222225
1 0.88828125 0.22569444444444445 0.01484375 0.016666666666666666
1 0.860546875 0.2625 0.02109375 0.020833333333333332
1 0.8640625 0.0375 0.0125 0.03194444444444444
1 0.615625 0.39791666666666664 0.01953125 0.04583333333333333
1 0.815234375 0.11180555555555556 0.0125 0.025
1 0.9234375 0.4756944444444444 0.0390625 0.10277777777777777
1 0.741015625 0.4166666666666667 0.02265625 0.03194444444444444
1 0.77421875 0.88125 0.0125 0.02361111111111111
1 0.84140625 0.01597222222222222 0.025 0.03194444444444444
1 0.8625 0.36736111111111114 0.015625 0.030555555555555555
1 0.769921875 0.4444444444444444 0.02578125 0.03611111111111111
1 0.99296875 0.1736111111111111 0.0140625 0.02361111111111111
1 0.8171875 0.6472222222222223 0.0125 0.013888888888888888
1 0.678125 0.1625 0.025 0.025
1 0.803515625 0.18333333333333332 0.009375 0.015277777777777777
1 0.58046875 0.24930555555555556 0.0875 0.18055555555555555
1 0.49453125 0.17083333333333334 0.0203125 0.05
1 0.854296875 0.9444444444444444 0.0171875 0.016666666666666666
1 0.53515625 0.2798611111111111 0.01640625 0.030555555555555555
1 0.967578125 0.2326388888888889 0.06484375 0.10277777777777777
1 0.96875 0.13125 0.02109375 0.07222222222222222
1 0.892578125 0.39791666666666664 0.03984375 0.09861111111111111
1 0.993359375 0.01597222222222222 0.0125 0.03194444444444444
1 0.20703125 0.4625 0.03359375 0.07361111111111111
1 0.88203125 0.9048611111111111 0.0125 0.0375
1 0.5921875 0.7326388888888888 0.0171875 0.025
1 0.61171875 0.15138888888888888 0.015625 0.03888888888888889
1 0.933203125 0.33402777777777776 0.04375 0.10277777777777777
1 0.68515625 0.4013888888888889 0.02890625 0.044444444444444446
1 0.969140625 0.32916666666666666 0.0171875 0.02361111111111111
1 0.660546875 0.03611111111111111 0.02890625 0.07222222222222222
1 0.8171875 0.034027777777777775 0.01171875 0.022222222222222223
1 0.141796875 0.96875 0.021875 0.03888888888888889
1 0.9109375 0.08819444444444445 0.0140625 0.030555555555555555
1 0.7125 0.04722222222222222 0.02265625 0.041666666666666664
0 0.672265625 0.15486111111111112 0.103125 0.30972222222222223
0 0.118359375 0.7222222222222222 0.1109375 0.37222222222222223
1 0.728515625 0.2708333333333333 0.075 0.14027777777777778
1 0.200390625 0.8666666666666667 0.05859375 0.10972222222222222
1 0.55859375 0.46041666666666664 0.01796875 0.0375
1 0.514453125 0.5944444444444444 0.03359375 0.06527777777777778
1 0.918359375 0.014583333333333334 0.03828125 0.029166666666666667
0 0.132421875 0.2326388888888889 0.115625 0.23194444444444445
1 0.949609375 0.08888888888888889 0.0234375 0.05416666666666667
1 0.78046875 0.5944444444444444 0.03046875 0.06111111111111111
1 0.821484375 0.3104166666666667 0.009375 0.019444444444444445
1 0.005859375 0.08055555555555556 0.01171875 0.03888888888888889
1 0.64296875 0.10347222222222222 0.03359375 0.08055555555555556
1 0.359375 0.6701388888888888 0.015625 0.03333333333333333
1 0.85546875 0.7083333333333334 0.03046875 0.04722222222222222
1 0.853515625 0.8861111111111111 0.015625 0.02361111111111111
1 0.85625 0.10347222222222222 0.02578125 0.03333333333333333
1 0.107421875 0.3625 0.03203125 0.0375
1 0.407421875 0.9319444444444445 0.0171875 0.03611111111111111
1 0.593359375 0.4215277777777778 0.02109375 0.05138888888888889
1 0.50859375 0.44027777777777777 0.0109375 0.018055555555555554
1 0.530078125 0.8951388888888889 0.01328125 0.04027777777777778
1 0.838671875 0.1951388888888889 0.0140625 0.03611111111111111
1 0.077734375 0.9541666666666667 0.02578125 0.04583333333333333
1 0.843359375 0.6451388888888889 0.01796875 0.05138888888888889
1 0.878125 0.5888888888888889 0.03515625 0.04583333333333333
0 0.640234375 0.6125 0.09140625 0.3263888888888889
1 0.316015625 0.3659722222222222 0.01484375 0.02638888888888889
1 0.700390625 0.6138888888888889 0.0234375 0.0375
1 0.976171875 0.7145833333333333 0.0453125 0.08055555555555556
1 0.259375 0.6701388888888888 0.06328125 0.19027777777777777
1 0.6453125 0.5618055555555556 0.01953125 0.041666666666666664
1 0.170703125 0.007638888888888889 0.0328125 0.015277777777777777
1 0.1078125 0.5284722222222222 0.0375 0.09166666666666666
1 0.24375 0.24513888888888888 0.0515625 0.08888888888888889
1 0.86640625 0.21875 0.015625 0.015277777777777777
1 0.218359375 0.8069444444444445 0.04921875 0.09444444444444444
1 0.312890625 0.9319444444444445 0.01484375 0.025
1 0.01328125 0.02638888888888889 0.0265625 0.04861111111111111
1 0.23984375 0.32708333333333334 0.04375 0.075
1 0.58515625 0.36875 0.0203125 0.04583333333333333
1 0.197265625 0.6368055555555555 0.01796875 0.04583333333333333
1 0.221484375 0.4076388888888889 0.0140625 0.018055555555555554
1 0.092578125 0.11875 0.0328125 0.075
1 0.9375 0.8013888888888889 0.009375 0.016666666666666666
1 0.198046875 0.08888888888888889 0.10390625 0.1125
1 0.209375 0.32916666666666666 0.01328125 0.027777777777777776
1 0.528125 0.19375 0.0109375 0.02638888888888889
1 0.59296875 0.5069444444444444 0.0296875 0.05416666666666667
1 0.3953125 0.3145833333333333 0.0125 0.019444444444444445
1 0.29765625 0.2833333333333333 0.01953125 0.034722222222222224
1 0.387109375 0.59375 0.0140625 0.044444444444444446
1 0.619140625 0.4534722222222222 0.0125 0.022222222222222223
1 0.126953125 0.4111111111111111 0.021875 0.03333333333333333
1 0.581640625 0.7645833333333333 0.015625 0.027777777777777776
1 0.507421875 0.5076388888888889 0.02890625 0.04027777777777778
1 0.1546875 0.4354166666666667 0.0203125 0.041666666666666664
1 0.118359375 0.007638888888888889 0.01875 0.015277777777777777
1 0.7140625 0.7958333333333333 0.0109375 0.011111111111111112
1 0.12890625 0.17847222222222223 0.03203125 0.03888888888888889
1 0.097265625 0.8444444444444444 0.0125 0.022222222222222223
1 0.6109375 0.6631944444444444 0.01484375 0.030555555555555555
1 0.34765625 0.5611111111111111 0.02578125 0.05138888888888889
1 0.362890625 0.018055555555555554 0.02265625 0.03611111111111111
1 0.29921875 0.90625 0.01328125 0.027777777777777776
1 0.057421875 0.5666666666666667 0.01484375 0.029166666666666667
1 0.059765625 0.40208333333333335 0.07890625 0.08055555555555556
1 0.05 0.7194444444444444 0.03515625 0.10972222222222222
1 0.051953125 0.10347222222222222 0.03359375 0.09166666666666666
1 0.9 0.6902777777777778 0.0421875 0.044444444444444446
1 0.054296875 0.28680555555555554 0.00546875 0.027777777777777776
1 0.594921875 0.59375 0.028125 0.08611111111111111
1 0.536328125 0.3763888888888889 0.02421875 0.05138888888888889
1 0.544140625 0.5597222222222222 0.034375 0.07777777777777778
1 0.458984375 0.06805555555555555 0.0125 0.030555555555555555
1 0.46953125 0.25625 0.0359375 0.07916666666666666
1 0.30390625 0.22569444444444445 0.04296875 0.04027777777777778
1 0.595703125 0.8951388888888889 0.0625 0.10972222222222222
1 0.463671875 0.38055555555555554 0.03203125 0.04583333333333333
1 0.505078125 0.7361111111111112 0.0359375 0.0625
1 0.95703125 0.5743055555555555 0.0859375 0.2
1 0.091015625 0.20833333333333334 0.05625 0.05416666666666667
1 0.535546875 0.08472222222222223 0.028125 0.04583333333333333
1 0.309375 0.6993055555555555 0.0125 0.020833333333333332
1 0.237890625 0.4840277777777778 0.02890625 0.04722222222222222
1 0.483984375 0.5618055555555556 0.01875 0.04861111111111111
1 0.531640625 0.8236111111111111 0.0453125 0.07083333333333333
1 0.4953125 0.6972222222222222 0.02109375 0.041666666666666664
1 0.46015625 0.5152777777777777 0.02734375 0.05
1 0.11484375 0.9763888888888889 0.021875 0.03611111111111111
1 0.135546875 0.6881944444444444 0.01328125 0.019444444444444445
1 0.555078125 0.7618055555555555 0.02265625 0.04722222222222222
1 0.480859375 0.6555555555555556 0.01328125 0.034722222222222224
1 0.9484375 0.8291666666666667 0.015625 0.030555555555555555
1 0.91640625 0.7631944444444444 0.03359375 0.075
1 0.519140625 0.3159722222222222 0.01328125 0.027777777777777776
1 0.6984375 0.45902777777777776 0.0203125 0.04583333333333333
1 0.533984375 0.9861111111111112 0.0203125 0.020833333333333332
1 0.687109375 0.11944444444444445 0.01171875 0.030555555555555555
1 0.708984375 0.96875 0.0484375 0.05694444444444444
1 0.86484375 0.65 0.0171875 0.041666666666666664
1 0.86171875 0.5159722222222223 0.034375 0.06805555555555555
1 0.214453125 0.6722222222222223 0.02109375 0.03888888888888889
0 0.665625 0.4486111111111111 0.1046875 0.30972222222222223
1 0.02890625 0.5840277777777778 0.0125 0.041666666666666664
1 0.798828125 0.4708333333333333 0.01640625 0.03194444444444444
1 0.74921875 0.8652777777777778 0.0296875 0.05416666666666667
1 0.8625 0.41180555555555554 0.01484375 0.029166666666666667
1 0.669140625 0.4270833333333333 0.0125 0.029166666666666667
1 0.990625 0.32222222222222224 0.01875 0.05416666666666667
1 0.63359375 0.9875 0.01796875 0.025
1 0.540234375 0.6486111111111111 0.025 0.041666666666666664
0 0.147265625 0.5645833333333333 0.1015625 0.2152777777777778
1 0.691015625 0.79375 0.01484375 0.020833333333333332
0 0.601953125 0.010416666666666666 0.021875 0.020833333333333332
1 0.860546875 0.9819444444444444 0.0796875 0.03611111111111111
1 0.698828125 0.8979166666666667 0.02265625 0.041666666666666664
1 0.87734375 0.019444444444444445 0.01171875 0.018055555555555554
0 0.133203125 0.14097222222222222 0.16484375 0.28194444444444444
1 0.873828125 0.8368055555555556 0.021875 0.044444444444444446
1 0.98515625 0.7576388888888889 0.015625 0.016666666666666666
1 0.984375 0.8618055555555556 0.03125 0.09166666666666666
1 0.723828125 0.9180555555555555 0.0109375 0.02361111111111111