1 0.1171875 0.4875 0.0359375 0.041666666666666664
0 0.3890625 0.13958333333333334 0.1296875 0.275
0 0.34140625 0.725 0.234375 0.175
0 0.37109375 0.9645833333333333 0.1046875 0.07083333333333333
1 0.51015625 0.3072916666666667 0.028125 0.03125
1 0.49921875 0.04583333333333333 0.0203125 0.025
1 0.68984375 0.04895833333333333 0.021875 0.03333333333333333
1 0.72890625 0.016666666666666666 0.0421875 0.029166666666666667
1 0.8109375 0.08854166666666667 0.0140625 0.025
1 0.99140625 0.09270833333333334 0.0171875 0.05625
1 0.87890625 0.20104166666666667 0.0203125 0.035416666666666666
1 0.94140625 0.8552083333333333 0.03125 0.03333333333333333
1 0.1484375 0.990625 0.01875 0.01875
1 0.00859375 0.975 0.0140625 0.05
1 0.63515625 0.8583333333333333 0.028125 0.025
1 0.6296875 0.5114583333333333 0.0171875 0.014583333333333334
1 0.71640625 0.825 0.0140625 0.027083333333333334
1 0.56484375 0.809375 0.025 0.027083333333333334
1 0.62890625 0.775 0.0171875 0.027083333333333334
1 0.17265625 0.7510416666666667 0.0203125 0.022916666666666665
1 0.0875 0.0875 0.0171875 0.03958333333333333
1 0.01875 0.12708333333333333 0.0296875 0.022916666666666665
1 0.28984375 0.16875 0.0140625 0.020833333333333332
1 0.43828125 0.46145833333333336 0.03125 0.04375
1 0.30390625 0.43854166666666666 0.03125 0.029166666666666667
1 0.0078125 0.49270833333333336 0.0140625 0.041666666666666664
1 0.1046875 0.5583333333333333 0.0234375 0.022916666666666665