0 0.970703125 0.2611111111111111 0.05859375 0.05555555555555555
0 0.971484375 0.8298611111111112 0.05703125 0.08194444444444444
0 0.643359375 0.15486111111111112 0.0578125 0.30972222222222223
0 0.615625 0.22916666666666666 0.1640625 0.15416666666666667
0 0.645703125 0.42916666666666664 0.178125 0.25972222222222224
0 0.6703125 0.5208333333333334 0.20234375 0.2125
0 0.663671875 0.8236111111111111 0.1859375 0.11388888888888889
0 0.651953125 0.9333333333333333 0.07734375 0.13333333333333333
0 0.190625 0.2423611111111111 0.128125 0.18611111111111112
0 0.24296875 0.4756944444444444 0.0921875 0.2972222222222222
0 0.24375 0.6611111111111111 0.11328125 0.20277777777777778
0 0.24609375 0.8861111111111111 0.065625 0.12222222222222222
1 0.765234375 0.21944444444444444 0.01796875 0.029166666666666667
1 0.755078125 0.3993055555555556 0.01015625 0.022222222222222223
1 0.770703125 0.4409722222222222 0.01484375 0.03194444444444444
1 0.758203125 0.6020833333333333 0.04140625 0.05416666666666667
1 0.772265625 0.5319444444444444 0.04296875 0.10138888888888889
1 0.735546875 0.5173611111111112 0.034375 0.04861111111111111
1 0.74765625 0.4673611111111111 0.03125 0.07777777777777778
1 0.722265625 0.4756944444444444 0.01953125 0.030555555555555555
1 0.714453125 0.43680555555555556 0.021875 0.03194444444444444
1 0.70703125 0.3972222222222222 0.03046875 0.03611111111111111
1 0.6453125 0.40625 0.0171875 0.04027777777777778
1 0.65234375 0.30416666666666664 0.015625 0.02638888888888889
1 0.676953125 0.3263888888888889 0.02578125 0.043055555555555555
1 0.602734375 0.15347222222222223 0.01328125 0.034722222222222224
1 0.3796875 0.3736111111111111 0.03203125 0.08055555555555556
1 0.455859375 0.3402777777777778 0.0203125 0.04027777777777778
1 0.458203125 0.3902777777777778 0.01796875 0.034722222222222224
1 0.476953125 0.39166666666666666 0.0203125 0.0375
1 0.484375 0.3597222222222222 0.01953125 0.030555555555555555
1 0.53984375 0.3909722222222222 0.015625 0.02361111111111111
1 0.505859375 0.36736111111111114 0.0203125 0.04583333333333333
1 0.505078125 0.4173611111111111 0.0171875 0.02361111111111111
1 0.455859375 0.4618055555555556 0.01875 0.03611111111111111
1 0.440625 0.5027777777777778 0.03828125 0.03333333333333333
1 0.381640625 0.48125 0.01484375 0.029166666666666667
1 0.36796875 0.5381944444444444 0.03828125 0.0875
1 0.391796875 0.6298611111111111 0.04296875 0.08888888888888889
1 0.469921875 0.55625 0.01640625 0.02361111111111111
1 0.534765625 0.4875 0.0375 0.09305555555555556
1 0.53515625 0.5631944444444444 0.01796875 0.0375
1 0.486328125 0.5972222222222222 0.0390625 0.05555555555555555
1 0.5015625 0.6569444444444444 0.0203125 0.03194444444444444
1 0.453125 0.66875 0.01640625 0.029166666666666667
1 0.568359375 0.6083333333333333 0.01796875 0.0375
1 0.567578125 0.6493055555555556 0.0109375 0.02638888888888889
1 0.5765625 0.7034722222222223 0.01328125 0.034722222222222224
1 0.484765625 0.7465277777777778 0.01796875 0.03194444444444444
1 0.509765625 0.7173611111111111 0.02265625 0.05694444444444444
1 0.596484375 0.7798611111111111 0.01015625 0.025
1 0.62734375 0.8951388888888889 0.01171875 0.022222222222222223
1 0.623828125 0.5506944444444445 0.021875 0.030555555555555555
1 0.61875 0.5861111111111111 0.01640625 0.034722222222222224
1 0.600390625 0.6215277777777778 0.03125 0.06805555555555555
1 0.661328125 0.6034722222222222 0.02578125 0.059722222222222225
1 0.687109375 0.6381944444444444 0.02578125 0.05138888888888889
1 0.663671875 0.6541666666666667 0.02890625 0.043055555555555555
1 0.6359375 0.6756944444444445 0.01484375 0.02361111111111111
1 0.666796875 0.7479166666666667 0.01328125 0.020833333333333332
1 0.648046875 0.7166666666666667 0.01171875 0.02361111111111111
1 0.6390625 0.7319444444444444 0.0203125 0.029166666666666667
1 0.687890625 0.8027777777777778 0.04140625 0.034722222222222224
1 0.705078125 0.88125 0.01640625 0.03333333333333333
1 0.67890625 0.9395833333333333 0.02109375 0.034722222222222224
1 0.69140625 0.9756944444444444 0.03359375 0.04861111111111111
1 0.7296875 0.6604166666666667 0.01796875 0.04027777777777778
1 0.708984375 0.6958333333333333 0.02265625 0.044444444444444446
1 0.72265625 0.7916666666666666 0.0125 0.02361111111111111
1 0.76015625 0.7222222222222222 0.01015625 0.020833333333333332
1 0.7890625 0.7875 0.01328125 0.02361111111111111
1 0.830078125 0.8291666666666667 0.01484375 0.02638888888888889
1 0.8484375 0.7576388888888889 0.01640625 0.029166666666666667
1 0.833984375 0.7736111111111111 0.01484375 0.02638888888888889
1 0.86875 0.9479166666666666 0.0109375 0.02638888888888889
1 0.903515625 0.99375 0.01484375 0.0125
1 0.912109375 0.9659722222222222 0.01796875 0.02361111111111111
1 0.92109375 0.9423611111111111 0.01171875 0.02638888888888889
1 0.93984375 0.9881944444444445 0.02734375 0.02361111111111111
1 0.9546875 0.9673611111111111 0.02109375 0.06111111111111111
1 0.9484375 0.9201388888888888 0.0171875 0.0375
1 0.922265625 0.9055555555555556 0.03203125 0.04583333333333333
1 0.959765625 0.8486111111111111 0.0234375 0.034722222222222224
1 0.98046875 0.7569444444444444 0.0375 0.05138888888888889
1 0.98828125 0.7083333333333334 0.0234375 0.05694444444444444
1 0.9171875 0.7034722222222223 0.03359375 0.08472222222222223
1 0.877734375 0.6354166666666666 0.028125 0.04027777777777778
1 0.91875 0.54375 0.01953125 0.034722222222222224
1 0.80390625 0.4722222222222222 0.01796875 0.022222222222222223
1 0.840625 0.525 0.01484375 0.03194444444444444
1 0.873828125 0.48819444444444443 0.0203125 0.03194444444444444
1 0.952734375 0.02013888888888889 0.015625 0.029166666666666667
1 0.964453125 0.4215277777777778 0.034375 0.041666666666666664
1 0.93828125 0.475 0.04375 0.09027777777777778
1 0.893359375 0.3888888888888889 0.02109375 0.02638888888888889
1 0.851953125 0.39375 0.0234375 0.043055555555555555
1 0.829296875 0.3736111111111111 0.0171875 0.041666666666666664
1 0.79765625 0.3770833333333333 0.02890625 0.041666666666666664
1 0.73984375 0.32708333333333334 0.02421875 0.043055555555555555
1 0.812890625 0.21805555555555556 0.02421875 0.034722222222222224
1 0.962890625 0.31875 0.03984375 0.05416666666666667
1 0.884765625 0.30486111111111114 0.06484375 0.07916666666666666
1 0.806640625 0.2881944444444444 0.02578125 0.05138888888888889
1 0.83671875 0.1423611111111111 0.03203125 0.03611111111111111
1 0.872265625 0.09513888888888888 0.01796875 0.027777777777777776
1 0.969921875 0.1951388888888889 0.05 0.07361111111111111
1 0.929296875 0.13402777777777777 0.040625 0.06944444444444445
1 0.873046875 0.14791666666666667 0.02578125 0.05138888888888889
1 0.774609375 0.029861111111111113 0.02578125 0.059722222222222225
1 0.701171875 0.05138888888888889 0.01875 0.025
1 0.716796875 0.10972222222222222 0.03515625 0.10694444444444444
1 0.727734375 0.17708333333333334 0.021875 0.0375
1 0.702734375 0.20902777777777778 0.02421875 0.04861111111111111
1 0.658984375 0.2611111111111111 0.01484375 0.03194444444444444
1 0.63984375 0.2791666666666667 0.01796875 0.03194444444444444
1 0.634375 0.17083333333333334 0.01171875 0.0375
1 0.61953125 0.17291666666666666 0.01328125 0.018055555555555554
1 0.619140625 0.22361111111111112 0.01953125 0.02361111111111111
1 0.616015625 0.29791666666666666 0.01796875 0.027777777777777776
1 0.550390625 0.31180555555555556 0.028125 0.04583333333333333
1 0.57265625 0.26319444444444445 0.02734375 0.034722222222222224
1 0.4484375 0.7791666666666667 0.01640625 0.027777777777777776
1 0.523828125 0.22847222222222222 0.05 0.0875
1 0.596875 0.04236111111111111 0.0171875 0.027777777777777776
1 0.566015625 0.06388888888888888 0.01796875 0.029166666666666667
1 0.387109375 0.8527777777777777 0.03046875 0.043055555555555555
1 0.558203125 0.009027777777777777 0.0203125 0.018055555555555554
1 0.50703125 0.03125 0.02265625 0.043055555555555555
1 0.512890625 0.13541666666666666 0.02578125 0.05277777777777778
1 0.410546875 0.925 0.0234375 0.06944444444444445
1 0.464453125 0.23472222222222222 0.05 0.08194444444444444
1 0.439453125 0.2659722222222222 0.025 0.043055555555555555
1 0.423828125 0.23541666666666666 0.0125 0.02361111111111111
1 0.410546875 0.22916666666666666 0.01328125 0.025
1 0.398828125 0.12569444444444444 0.01640625 0.034722222222222224
1 0.427734375 0.10069444444444445 0.04609375 0.09166666666666666
1 0.462890625 0.02013888888888889 0.03046875 0.04027777777777778
1 0.54140625 0.9833333333333333 0.015625 0.03333333333333333
1 0.426171875 0.03680555555555556 0.02421875 0.03333333333333333
1 0.390234375 0.02013888888888889 0.025 0.04027777777777778
1 0.330859375 0.017361111111111112 0.021875 0.03194444444444444
1 0.3125 0.8847222222222222 0.01484375 0.019444444444444445
1 0.30234375 0.0125 0.025 0.025
1 0.25859375 0.024305555555555556 0.02265625 0.04861111111111111
1 0.192578125 0.08680555555555555 0.01171875 0.025
1 0.287890625 0.7847222222222222 0.01328125 0.022222222222222223
1 0.167578125 0.13055555555555556 0.01484375 0.02361111111111111
1 0.063671875 0.16111111111111112 0.05703125 0.10416666666666667
1 0.119140625 0.15 0.025 0.044444444444444446
1 0.197265625 0.17916666666666667 0.01484375 0.03611111111111111
1 0.352734375 0.06736111111111111 0.02109375 0.03888888888888889
1 0.320703125 0.09513888888888888 0.01640625 0.020833333333333332
1 0.332421875 0.11666666666666667 0.021875 0.03333333333333333
1 0.086328125 0.9263888888888889 0.01171875 0.029166666666666667
1 0.31171875 0.1423611111111111 0.01796875 0.027777777777777776
1 0.338671875 0.21388888888888888 0.03203125 0.07361111111111111
1 0.28828125 0.28055555555555556 0.025 0.030555555555555555
1 0.056640625 0.8256944444444444 0.01328125 0.020833333333333332
1 0.262890625 0.33402777777777776 0.01953125 0.03333333333333333
1 0.251953125 0.2534722222222222 0.0171875 0.03611111111111111
1 0.185546875 0.3 0.01875 0.029166666666666667
1 0.31796875 0.5298611111111111 0.01796875 0.0375
1 0.16171875 0.29305555555555557 0.01875 0.034722222222222224
1 0.151953125 0.32083333333333336 0.015625 0.029166666666666667
1 0.009765625 0.38055555555555554 0.01953125 0.04027777777777778
1 0.066796875 0.24930555555555556 0.025 0.05
1 0.111328125 0.32222222222222224 0.06171875 0.08055555555555556
1 0.0703125 0.41944444444444445 0.0359375 0.0625
1 0.083203125 0.5020833333333333 0.03984375 0.06666666666666667
1 0.095703125 0.5444444444444444 0.02890625 0.06527777777777778
1 0.122265625 0.48055555555555557 0.025 0.08194444444444444
1 0.1734375 0.4798611111111111 0.0203125 0.041666666666666664
1 0.119921875 0.5583333333333333 0.01640625 0.029166666666666667
1 0.089453125 0.6409722222222223 0.03359375 0.05694444444444444
1 0.136328125 0.6138888888888889 0.04140625 0.043055555555555555
1 0.16640625 0.6138888888888889 0.01484375 0.029166666666666667
1 0.19375 0.5590277777777778 0.01796875 0.03333333333333333
1 0.191796875 0.6069444444444444 0.03359375 0.04722222222222222
1 0.20390625 0.6479166666666667 0.00859375 0.02361111111111111
1 0.28828125 0.5354166666666667 0.02109375 0.034722222222222224
1 0.274609375 0.5888888888888889 0.01484375 0.027777777777777776
1 0.103515625 0.8152777777777778 0.01171875 0.02638888888888889
1 0.03359375 0.99375 0.015625 0.0125
1 0.021484375 0.9729166666666667 0.0203125 0.020833333333333332
1 0.069140625 0.9868055555555556 0.03046875 0.02638888888888889
1 0.073046875 0.9243055555555556 0.01640625 0.029166666666666667
1 0.109765625 0.9333333333333333 0.0171875 0.029166666666666667
1 0.153515625 0.9881944444444445 0.02421875 0.02361111111111111
1 0.18203125 0.9673611111111111 0.02109375 0.029166666666666667
1 0.233203125 0.9770833333333333 0.01875 0.04583333333333333
1 0.19609375 0.8333333333333334 0.01796875 0.05
1 0.254296875 0.7513888888888889 0.015625 0.020833333333333332
1 0.284765625 0.7451388888888889 0.02109375 0.043055555555555555
1 0.304296875 0.7125 0.021875 0.03194444444444444
1 0.313671875 0.7486111111111111 0.02421875 0.03888888888888889
1 0.496484375 0.9763888888888889 0.03203125 0.04583333333333333
1 0.509765625 0.9340277777777778 0.01953125 0.034722222222222224
1 0.562890625 0.9868055555555556 0.02109375 0.02638888888888889
1 0.580078125 0.8791666666666667 0.01484375 0.02638888888888889
1 0.57734375 0.9319444444444445 0.01875 0.0375
1 0.545703125 0.8833333333333333 0.0453125 0.075
1 0.48359375 0.8875 0.01171875 0.029166666666666667
1 0.4546875 0.9402777777777778 0.0203125 0.02638888888888889
1 0.459375 0.9 0.02578125 0.04861111111111111
1 0.351953125 0.9798611111111111 0.04140625 0.04027777777777778
1 0.375 0.9270833333333334 0.03828125 0.058333333333333334
1 0.380078125 0.7409722222222223 0.01328125 0.03611111111111111
1 0.373046875 0.7736111111111111 0.02109375 0.03333333333333333
1 0.382421875 0.8194444444444444 0.01796875 0.02638888888888889
1 0.423828125 0.8409722222222222 0.02421875 0.0375
1 0.467578125 0.7916666666666666 0.02109375 0.03333333333333333
1 0.354296875 0.6006944444444444 0.0125 0.027777777777777776
1 0.3546875 0.23333333333333334 0.0171875 0.044444444444444446
1 0.41953125 0.7520833333333333 0.0140625 0.02638888888888889
1 0.42265625 0.7909722222222222 0.01953125 0.034722222222222224
1 0.429296875 0.7652777777777777 0.0125 0.020833333333333332
1 0.8203125 0.11805555555555555 0.11328125 0.2361111111111111
0 0.97421875 0.05347222222222222 0.0515625 0.10694444444444444
1 0.304296875 0.45069444444444445 0.0359375 0.059722222222222225