1 0.53671875 0.5986111111111111 0.0140625 0.027777777777777776
1 0.676171875 0.5416666666666666 0.02890625 0.06805555555555555
1 0.700390625 0.36180555555555555 0.053125 0.06805555555555555
1 0.682421875 0.3111111111111111 0.0109375 0.020833333333333332
1 0.761328125 0.30069444444444443 0.01640625 0.02638888888888889
1 0.9390625 0.8104166666666667 0.0375 0.05277777777777778
1 0.8234375 0.22083333333333333 0.02265625 0.03611111111111111
1 0.871484375 0.18611111111111112 0.02109375 0.030555555555555555
1 0.898828125 0.1625 0.01953125 0.018055555555555554
1 0.823828125 0.05555555555555555 0.0234375 0.05277777777777778
1 0.79296875 0.02361111111111111 0.01796875 0.043055555555555555
1 0.73984375 0.021527777777777778 0.0109375 0.030555555555555555
1 0.8484375 0.04722222222222222 0.01640625 0.03194444444444444
1 0.913671875 0.009722222222222222 0.02421875 0.019444444444444445
1 0.948828125 0.05763888888888889 0.03515625 0.06388888888888888
1 0.92421875 0.09097222222222222 0.0265625 0.059722222222222225
1 0.97421875 0.021527777777777778 0.02890625 0.043055555555555555
1 0.993359375 0.19305555555555556 0.01328125 0.04027777777777778
1 0.97421875 0.23819444444444443 0.0125 0.022222222222222223
1 0.925390625 0.34444444444444444 0.028125 0.04722222222222222
1 0.8640625 0.38680555555555557 0.0109375 0.022222222222222223
1 0.822265625 0.44305555555555554 0.01171875 0.03611111111111111
1 0.836328125 0.5222222222222223 0.01484375 0.022222222222222223
1 0.89296875 0.5631944444444444 0.01796875 0.05277777777777778
1 0.884375 0.6298611111111111 0.02421875 0.05277777777777778
1 0.909375 0.5902777777777778 0.01484375 0.029166666666666667
1 0.955859375 0.5451388888888888 0.03671875 0.0625
1 0.934765625 0.6284722222222222 0.0328125 0.075
1 0.89375 0.7291666666666666 0.01328125 0.02638888888888889
1 0.94453125 0.7506944444444444 0.02578125 0.03333333333333333
0 0.1109375 0.09652777777777778 0.15078125 0.19305555555555556
0 0.12578125 0.2423611111111111 0.08515625 0.1597222222222222
0 0.114453125 0.5423611111111111 0.22734375 0.14166666666666666
1 0.394140625 0.96875 0.0171875 0.03194444444444444
1 0.37578125 0.9791666666666666 0.0203125 0.027777777777777776
1 0.148828125 0.9097222222222222 0.025 0.04861111111111111
1 0.178125 0.7833333333333333 0.01796875 0.041666666666666664
1 0.19921875 0.7958333333333333 0.0140625 0.03333333333333333
1 0.19375 0.6541666666666667 0.028125 0.04722222222222222
1 0.053515625 0.8909722222222223 0.0109375 0.027777777777777776
1 0.104296875 0.4013888888888889 0.0125 0.011111111111111112
1 0.202734375 0.9270833333333334 0.0125 0.02638888888888889
1 0.418359375 0.03888888888888889 0.01796875 0.018055555555555554
1 0.490234375 0.3784722222222222 0.0125 0.019444444444444445
1 0.62578125 0.28402777777777777 0.0109375 0.02638888888888889
1 0.474609375 0.58125 0.01015625 0.015277777777777777
1 0.53046875 0.7409722222222223 0.0125 0.019444444444444445
1 0.489453125 0.8284722222222223 0.0140625 0.03611111111111111
1 0.45390625 0.8513888888888889 0.02109375 0.03333333333333333
1 0.45390625 0.8145833333333333 0.01953125 0.029166666666666667
1 0.514453125 0.7513888888888889 0.009375 0.0125
1 0.99140625 0.9333333333333333 0.015625 0.03611111111111111
1 0.95703125 0.99375 0.015625 0.0125
1 0.863671875 0.9527777777777777 0.0078125 0.022222222222222223
1 0.703515625 0.8951388888888889 0.021875 0.030555555555555555
1 0.752734375 0.8111111111111111 0.01171875 0.020833333333333332
1 0.79453125 0.9104166666666667 0.0140625 0.029166666666666667
1 0.861328125 0.7708333333333334 0.0109375 0.019444444444444445
1 0.744921875 0.56875 0.0171875 0.0375
1 0.796875 0.6854166666666667 0.06171875 0.08333333333333333
0 0.129296875 0.7979166666666667 0.12421875 0.2777777777777778
0 0.176953125 0.9590277777777778 0.1 0.08194444444444444
0 0.6609375 0.6652777777777777 0.12109375 0.44166666666666665
0 0.64296875 0.8173611111111111 0.10703125 0.3638888888888889
0 0.63984375 0.9479166666666666 0.1546875 0.07361111111111111
0 0.6171875 0.2986111111111111 0.14375 0.175
0 0.628515625 0.09375 0.12421875 0.18472222222222223
0 0.60625 0.16805555555555557 0.03984375 0.33611111111111114
1 0.078125 0.024305555555555556 0.025 0.04861111111111111
1 0.1125 0.07916666666666666 0.01328125 0.019444444444444445
1 0.199609375 0.02847222222222222 0.02578125 0.04583333333333333
1 0.15859375 0.21944444444444444 0.01875 0.020833333333333332
1 0.165234375 0.2520833333333333 0.015625 0.030555555555555555
1 0.094921875 0.30069444444444443 0.0140625 0.034722222222222224
1 0.11171875 0.325 0.02421875 0.04027777777777778
1 0.120703125 0.37777777777777777 0.01640625 0.030555555555555555
1 0.05234375 0.3638888888888889 0.0296875 0.034722222222222224
1 0.051953125 0.4798611111111111 0.02109375 0.030555555555555555
1 0.222265625 0.4638888888888889 0.0125 0.03194444444444444
1 0.4234375 0.4930555555555556 0.01875 0.03888888888888889
1 0.43046875 0.325 0.01171875 0.029166666666666667
1 0.394921875 0.18888888888888888 0.03359375 0.09027777777777778
1 0.43984375 0.17152777777777778 0.01640625 0.03333333333333333
1 0.421484375 0.18958333333333333 0.01171875 0.027777777777777776
1 0.291015625 0.044444444444444446 0.0140625 0.029166666666666667
1 0.498046875 0.05277777777777778 0.0171875 0.030555555555555555
1 0.54453125 0.07083333333333333 0.01015625 0.027777777777777776
1 0.546484375 0.15555555555555556 0.025 0.03611111111111111
1 0.4828125 0.11944444444444445 0.01328125 0.02638888888888889
1 0.446875 0.10208333333333333 0.0109375 0.013888888888888888
1 0.57421875 0.017361111111111112 0.0203125 0.025
1 0.6859375 0.12361111111111112 0.0234375 0.0625
1 0.675390625 0.014583333333333334 0.021875 0.025
1 0.73125 0.14583333333333334 0.01484375 0.011111111111111112
1 0.72734375 0.17083333333333334 0.01875 0.03611111111111111
1 0.7453125 0.2152777777777778 0.0140625 0.027777777777777776
1 0.746875 0.25 0.0125 0.02361111111111111
1 0.54453125 0.24097222222222223 0.0171875 0.04027777777777778
1 0.44765625 0.29375 0.0125 0.018055555555555554
1 0.476953125 0.3423611111111111 0.04375 0.058333333333333334
1 0.487109375 0.45069444444444445 0.0203125 0.04583333333333333
1 0.516015625 0.4625 0.01640625 0.05694444444444444
1 0.491796875 0.525 0.02734375 0.041666666666666664
1 0.578515625 0.4777777777777778 0.0125 0.029166666666666667
1 0.369140625 0.45416666666666666 0.0109375 0.015277777777777777
1 0.451953125 0.6159722222222223 0.01796875 0.03611111111111111
1 0.424609375 0.6083333333333333 0.0125 0.027777777777777776
1 0.43515625 0.7083333333333334 0.0234375 0.034722222222222224