1 0.587109375 0.11527777777777778 0.05703125 0.12638888888888888
1 0.4359375 0.5645833333333333 0.021875 0.03611111111111111
1 0.446875 0.44305555555555554 0.02109375 0.04722222222222222
1 0.440625 0.35555555555555557 0.03984375 0.1361111111111111
1 0.50859375 0.4465277777777778 0.01953125 0.0375
1 0.51875 0.36180555555555555 0.02578125 0.059722222222222225
1 0.656640625 0.22361111111111112 0.06171875 0.09027777777777778
1 0.694140625 0.2222222222222222 0.01953125 0.03611111111111111
1 0.709765625 0.2965277777777778 0.04453125 0.08888888888888889
1 0.647265625 0.3145833333333333 0.0234375 0.03888888888888889
1 0.65546875 0.36666666666666664 0.015625 0.05
1 0.702734375 0.3888888888888889 0.01328125 0.022222222222222223
1 0.73125 0.39305555555555555 0.0234375 0.05138888888888889
1 0.71875 0.4625 0.0390625 0.09444444444444444
1 0.781640625 0.38472222222222224 0.0296875 0.03888888888888889
1 0.646484375 0.5208333333333334 0.0171875 0.027777777777777776
1 0.66484375 0.5986111111111111 0.040625 0.0763888888888889
1 0.665234375 0.6631944444444444 0.028125 0.04722222222222222
1 0.684765625 0.7256944444444444 0.0265625 0.041666666666666664
1 0.748828125 0.7215277777777778 0.03515625 0.07222222222222222
1 0.7625 0.7902777777777777 0.028125 0.05277777777777778
1 0.7546875 0.8618055555555556 0.015625 0.03333333333333333
1 0.77265625 0.8729166666666667 0.01875 0.059722222222222225
1 0.78984375 0.9291666666666667 0.04609375 0.07361111111111111
1 0.71875 0.9347222222222222 0.0171875 0.041666666666666664
1 0.744921875 0.9722222222222222 0.025 0.04861111111111111
1 0.786328125 0.9875 0.02421875 0.025
1 0.812890625 0.9798611111111111 0.0125 0.025
1 0.828125 0.9805555555555555 0.01484375 0.025
1 0.8875 0.9666666666666667 0.0359375 0.06666666666666667
1 0.893359375 0.8756944444444444 0.025 0.06805555555555555
1 0.87578125 0.83125 0.03046875 0.06805555555555555
1 0.836328125 0.8548611111111111 0.0265625 0.04722222222222222
1 0.89609375 0.68125 0.021875 0.043055555555555555
1 0.86796875 0.7256944444444444 0.01796875 0.04027777777777778
1 0.89609375 0.7270833333333333 0.0140625 0.02361111111111111
1 0.941796875 0.6798611111111111 0.01953125 0.03333333333333333
1 0.95859375 0.64375 0.0125 0.025
1 0.786328125 0.6416666666666667 0.015625 0.034722222222222224
1 0.737890625 0.6180555555555556 0.0203125 0.03333333333333333
1 0.801171875 0.5673611111111111 0.0171875 0.02361111111111111
1 0.8140625 0.5909722222222222 0.01484375 0.030555555555555555
1 0.682421875 0.5625 0.0140625 0.058333333333333334
1 0.569140625 0.5430555555555555 0.015625 0.019444444444444445
1 0.582421875 0.5993055555555555 0.0171875 0.02638888888888889
1 0.51640625 0.5888888888888889 0.01875 0.06805555555555555
1 0.566015625 0.725 0.0375 0.08055555555555556
1 0.60703125 0.7138888888888889 0.0171875 0.041666666666666664
1 0.546875 0.8118055555555556 0.03125 0.10972222222222222
1 0.56953125 0.8638888888888889 0.01484375 0.02361111111111111
1 0.598046875 0.8847222222222222 0.03125 0.05416666666666667
1 0.625 0.9138888888888889 0.028125 0.0625
1 0.625390625 0.9708333333333333 0.0421875 0.058333333333333334
1 0.549609375 0.9104166666666667 0.02890625 0.05138888888888889
1 0.48203125 0.9354166666666667 0.025 0.03888888888888889
1 0.521875 0.9701388888888889 0.0203125 0.03611111111111111
1 0.42734375 0.96875 0.0359375 0.0625
1 0.46875 0.9875 0.01328125 0.025
1 0.428125 0.8930555555555556 0.01640625 0.029166666666666667
1 0.332421875 0.9722222222222222 0.03984375 0.05555555555555555
1 0.29140625 0.9472222222222222 0.0203125 0.034722222222222224
1 0.118359375 0.9722222222222222 0.05703125 0.05555555555555555
1 0.0734375 0.9881944444444445 0.0125 0.02361111111111111
1 0.09921875 0.8736111111111111 0.01875 0.02361111111111111
1 0.24140625 0.9048611111111111 0.01640625 0.03611111111111111
1 0.25 0.8680555555555556 0.03046875 0.05694444444444444
1 0.247265625 0.7791666666666667 0.03359375 0.05138888888888889
1 0.168359375 0.7972222222222223 0.03359375 0.04583333333333333
1 0.13515625 0.7868055555555555 0.01640625 0.03333333333333333
1 0.20234375 0.7083333333333334 0.03359375 0.09444444444444444
1 0.237890625 0.6944444444444444 0.0234375 0.03333333333333333
1 0.253125 0.6541666666666667 0.01796875 0.05138888888888889
1 0.35859375 0.8201388888888889 0.04765625 0.09027777777777778
1 0.41328125 0.7763888888888889 0.01875 0.029166666666666667
1 0.447265625 0.8069444444444445 0.00703125 0.015277777777777777
1 0.447265625 0.7055555555555556 0.02734375 0.0625
1 0.469140625 0.7430555555555556 0.03125 0.07222222222222222
1 0.478125 0.6909722222222222 0.02109375 0.029166666666666667
1 0.51171875 0.7111111111111111 0.02265625 0.04722222222222222
1 0.50078125 0.7486111111111111 0.0359375 0.06111111111111111
1 0.43125 0.6625 0.015625 0.043055555555555555
1 0.411328125 0.5229166666666667 0.03046875 0.06388888888888888
1 0.444140625 0.5041666666666667 0.05390625 0.08333333333333333
1 0.466015625 0.25069444444444444 0.034375 0.05694444444444444
1 0.48984375 0.29444444444444445 0.02109375 0.05
1 0.4890625 0.15694444444444444 0.06953125 0.13333333333333333
1 0.442578125 0.06041666666666667 0.03671875 0.05138888888888889
1 0.40859375 0.10347222222222222 0.0328125 0.04027777777777778
1 0.5015625 0.009722222222222222 0.0203125 0.019444444444444445
1 0.52109375 0.011111111111111112 0.01640625 0.022222222222222223
1 0.55 0.0125 0.021875 0.025
1 0.54453125 0.06041666666666667 0.025 0.05555555555555555
1 0.326171875 0.011805555555555555 0.0234375 0.02361111111111111
1 0.34453125 0.1 0.03046875 0.06666666666666667
1 0.320703125 0.24166666666666667 0.02109375 0.058333333333333334
1 0.249609375 0.3625 0.03984375 0.1
1 0.2171875 0.3548611111111111 0.03828125 0.05
1 0.180078125 0.29305555555555557 0.0140625 0.0375
1 0.16015625 0.2125 0.0234375 0.043055555555555555
1 0.08125 0.2013888888888889 0.028125 0.05694444444444444
1 0.07734375 0.24791666666666667 0.0234375 0.0375
1 0.037109375 0.12569444444444444 0.03203125 0.11944444444444445
1 0.063671875 0.16180555555555556 0.015625 0.02361111111111111
1 0.01171875 0.05347222222222222 0.0171875 0.02638888888888889
1 0.158203125 0.10972222222222222 0.021875 0.05138888888888889
1 0.18984375 0.015277777777777777 0.02578125 0.030555555555555555
1 0.162109375 0.025694444444444443 0.01640625 0.015277777777777777
1 0.259765625 0.010416666666666666 0.02109375 0.020833333333333332
1 0.239453125 0.02847222222222222 0.02578125 0.03611111111111111
1 0.24453125 0.07291666666666667 0.03359375 0.05416666666666667
1 0.228515625 0.10486111111111111 0.021875 0.041666666666666664
1 0.44765625 0.00625 0.0109375 0.0125
1 0.510546875 0.06041666666666667 0.00546875 0.009722222222222222
1 0.5421875 0.19791666666666666 0.02421875 0.05277777777777778
1 0.553515625 0.2375 0.02265625 0.025
1 0.597265625 0.20625 0.03125 0.05
1 0.6140625 0.2361111111111111 0.0140625 0.03194444444444444
1 0.59140625 0.30972222222222223 0.02578125 0.05277777777777778
1 0.552734375 0.2951388888888889 0.01640625 0.03611111111111111
1 0.56640625 0.37083333333333335 0.01875 0.018055555555555554
1 0.569140625 0.4111111111111111 0.015625 0.044444444444444446
1 0.86640625 0.9138888888888889 0.0109375 0.016666666666666666
1 0.87265625 0.5277777777777778 0.0078125 0.015277777777777777
1 0.844140625 0.6159722222222223 0.01328125 0.029166666666666667
1 0.741796875 0.11180555555555556 0.0390625 0.04722222222222222
1 0.78671875 0.09930555555555555 0.02890625 0.07222222222222222
1 0.7453125 0.07222222222222222 0.01875 0.034722222222222224
1 0.7390625 0.025694444444444443 0.0328125 0.05138888888888889
1 0.65 0.005555555555555556 0.0140625 0.011111111111111112
1 0.673828125 0.020833333333333332 0.028125 0.041666666666666664
1 0.644921875 0.04375 0.0171875 0.025
1 0.81171875 0.025 0.0171875 0.027777777777777776
1 0.8421875 0.08194444444444444 0.0296875 0.059722222222222225
1 0.871484375 0.18194444444444444 0.04296875 0.10972222222222222
1 0.796484375 0.2 0.0453125 0.04861111111111111
1 0.835546875 0.175 0.01328125 0.022222222222222223
1 0.905078125 0.21666666666666667 0.021875 0.044444444444444446
1 0.92109375 0.2423611111111111 0.03203125 0.05277777777777778
1 0.9625 0.19236111111111112 0.02578125 0.041666666666666664
1 0.991015625 0.19444444444444445 0.01796875 0.04027777777777778
1 0.994921875 0.2611111111111111 0.01015625 0.015277777777777777
1 0.919140625 0.3423611111111111 0.0265625 0.03888888888888889
1 0.950390625 0.34652777777777777 0.0140625 0.027777777777777776
1 0.09453125 0.7451388888888889 0.0109375 0.030555555555555555
1 0.140234375 0.59375 0.0140625 0.02361111111111111
1 0.277734375 0.60625 0.01328125 0.034722222222222224
1 0.30390625 0.5902777777777778 0.025 0.04583333333333333
1 0.321484375 0.6208333333333333 0.0234375 0.029166666666666667
1 0.237890625 0.46805555555555556 0.01796875 0.043055555555555555
1 0.290234375 0.4527777777777778 0.00703125 0.016666666666666666
1 0.0984375 0.5243055555555556 0.03046875 0.0763888888888889
1 0.065234375 0.48680555555555555 0.02109375 0.0625
1 0.0390625 0.47708333333333336 0.021875 0.03194444444444444
1 0.060546875 0.42986111111111114 0.0171875 0.02361111111111111
1 0.074609375 0.4166666666666667 0.01171875 0.018055555555555554
1 0.273828125 0.33194444444444443 0.02109375 0.03611111111111111
1 0.0828125 0.006944444444444444 0.0109375 0.013888888888888888
1 0.496484375 0.25277777777777777 0.0171875 0.02638888888888889
1 0.51328125 0.8527777777777777 0.01171875 0.03333333333333333
1 0.516796875 0.9166666666666666 0.0078125 0.018055555555555554
1 0.50546875 0.9493055555555555 0.0125 0.011111111111111112
1 0.46953125 0.6319444444444444 0.00859375 0.018055555555555554
1 0.75 0.15416666666666667 0.0203125 0.04861111111111111
1 0.739453125 0.8770833333333333 0.0203125 0.05277777777777778
0 0.129296875 0.90625 0.20859375 0.1875
0 0.1265625 0.5736111111111111 0.21953125 0.4097222222222222
0 0.13125 0.1597222222222222 0.11015625 0.3194444444444444
0 0.60078125 0.014583333333333334 0.08515625 0.029166666666666667
0 0.669921875 0.10833333333333334 0.1703125 0.14305555555555555
0 0.694921875 0.3861111111111111 0.20703125 0.3902777777777778
0 0.645703125 0.7256944444444444 0.10859375 0.5486111111111112
0 0.627734375 0.8277777777777777 0.09609375 0.34444444444444444
0 0.692578125 0.9194444444444444 0.0859375 0.16111111111111112
1 0.957421875 0.8395833333333333 0.0140625 0.022222222222222223