1 0.11015625 0.7427083333333333 0.0265625 0.027083333333333334
1 0.95859375 0.008333333333333333 0.0265625 0.016666666666666666
1 0.6609375 0.46458333333333335 0.0234375 0.027083333333333334
1 0.76484375 0.5010416666666667 0.025 0.0375
1 0.203125 0.22916666666666666 0.03125 0.0375
1 0.23203125 0.265625 0.0265625 0.03958333333333333
1 0.8671875 0.5166666666666667 0.0171875 0.025
1 0.62421875 0.221875 0.01875 0.025
1 0.1890625 0.5916666666666667 0.0234375 0.016666666666666666
1 0.765625 0.66875 0.03125 0.041666666666666664
1 0.7390625 0.32395833333333335 0.021875 0.01875
1 0.23359375 0.14166666666666666 0.0328125 0.029166666666666667
1 0.27421875 0.684375 0.0203125 0.0375
1 0.49765625 0.8510416666666667 0.0234375 0.029166666666666667
1 0.24453125 0.6322916666666667 0.01875 0.020833333333333332
1 0.31171875 0.63125 0.0265625 0.025
0 0.484375 0.728125 0.2234375 0.23333333333333334
1 0.58828125 0.48125 0.0171875 0.03333333333333333
1 0.409375 0.8 0.0234375 0.027083333333333334
1 0.68125 0.21458333333333332 0.0171875 0.027083333333333334
0 0.42890625 0.503125 0.2140625 0.19375
0 0.46640625 0.13125 0.2375 0.21458333333333332
1 0.64609375 0.190625 0.034375 0.05
1 0.740625 0.39895833333333336 0.0234375 0.027083333333333334
1 0.7359375 0.45416666666666666 0.021875 0.027083333333333334
1 0.5625 0.08958333333333333 0.015625 0.020833333333333332
1 0.7109375 0.10625 0.0125 0.010416666666666666