1 0.43203125 0.5881944444444445 0.03046875 0.05416666666666667
1 0.58125 0.56875 0.03046875 0.04583333333333333
1 0.61171875 0.51875 0.028125 0.04583333333333333
1 0.62265625 0.4673611111111111 0.01875 0.02638888888888889
1 0.64140625 0.5284722222222222 0.0203125 0.03611111111111111
1 0.59609375 0.4736111111111111 0.015625 0.019444444444444445
1 0.63984375 0.42777777777777776 0.0203125 0.03333333333333333
1 0.670703125 0.38958333333333334 0.0359375 0.05
1 0.721484375 0.36041666666666666 0.01640625 0.03611111111111111
1 0.7328125 0.4354166666666667 0.02734375 0.05555555555555555
1 0.74453125 0.3458333333333333 0.03125 0.05
1 0.782421875 0.33194444444444443 0.01953125 0.044444444444444446
1 0.8234375 0.36527777777777776 0.02421875 0.06388888888888888
1 0.826171875 0.45416666666666666 0.028125 0.043055555555555555
1 0.814453125 0.5430555555555555 0.0234375 0.044444444444444446
1 0.841015625 0.5368055555555555 0.01796875 0.04027777777777778
1 0.801953125 0.6013888888888889 0.02421875 0.04722222222222222
1 0.737109375 0.6104166666666667 0.02890625 0.05138888888888889
1 0.730078125 0.6784722222222223 0.02421875 0.029166666666666667
1 0.773046875 0.7215277777777778 0.0328125 0.06666666666666667
1 0.71796875 0.7319444444444444 0.0265625 0.03888888888888889
1 0.7234375 0.7784722222222222 0.0140625 0.03611111111111111
1 0.73984375 0.8076388888888889 0.0203125 0.027777777777777776
1 0.780859375 0.8604166666666667 0.01640625 0.02638888888888889
1 0.79609375 0.8270833333333333 0.0109375 0.018055555555555554
1 0.823046875 0.7902777777777777 0.021875 0.05555555555555555
1 0.92265625 0.9 0.02890625 0.06388888888888888
1 0.884375 0.9548611111111112 0.01953125 0.0375
1 0.94375 0.9666666666666667 0.03671875 0.06388888888888888
1 0.90859375 0.6826388888888889 0.0328125 0.075
1 0.961328125 0.7604166666666666 0.0078125 0.015277777777777777
1 0.992578125 0.8381944444444445 0.01484375 0.019444444444444445
1 0.67890625 0.2965277777777778 0.0109375 0.018055555555555554
1 0.71875 0.49444444444444446 0.01953125 0.03611111111111111
1 0.762109375 0.5506944444444445 0.021875 0.030555555555555555
1 0.8390625 0.33402777777777776 0.01015625 0.019444444444444445
1 0.9625 0.35694444444444445 0.01796875 0.03333333333333333
1 0.966796875 0.1763888888888889 0.03515625 0.08611111111111111
1 0.953125 0.22708333333333333 0.0265625 0.06527777777777778
1 0.7 0.1673611111111111 0.01640625 0.044444444444444446
1 0.722265625 0.14305555555555555 0.03203125 0.044444444444444446
1 0.7484375 0.16597222222222222 0.02109375 0.029166666666666667
1 0.77734375 0.09930555555555555 0.01484375 0.019444444444444445
1 0.818359375 0.06319444444444444 0.040625 0.05416666666666667
1 0.90859375 0.009027777777777777 0.01796875 0.018055555555555554
1 0.621484375 0.15208333333333332 0.01328125 0.02638888888888889
1 0.630078125 0.19791666666666666 0.015625 0.03194444444444444
1 0.618359375 0.27152777777777776 0.015625 0.03194444444444444
1 0.62578125 0.36527777777777776 0.0109375 0.030555555555555555
1 0.503515625 0.3486111111111111 0.03125 0.05416666666666667
1 0.507421875 0.39166666666666666 0.034375 0.0375
1 0.48046875 0.45069444444444445 0.04140625 0.08333333333333333
1 0.1828125 0.51875 0.03828125 0.09583333333333334
1 0.241796875 0.3548611111111111 0.046875 0.10555555555555556
1 0.183203125 0.35 0.0375 0.03888888888888889
1 0.130859375 0.36666666666666664 0.028125 0.06944444444444445
1 0.1484375 0.4513888888888889 0.028125 0.0763888888888889
1 0.2375 0.41041666666666665 0.04609375 0.06944444444444445
1 0.083984375 0.37222222222222223 0.046875 0.09166666666666666
1 0.09921875 0.43680555555555556 0.0265625 0.03611111111111111
1 0.2203125 0.2652777777777778 0.040625 0.09166666666666666
1 0.264453125 0.2361111111111111 0.03125 0.06666666666666667
1 0.169921875 0.2152777777777778 0.01484375 0.02638888888888889
1 0.179296875 0.2659722222222222 0.01953125 0.02638888888888889
1 0.0734375 0.1638888888888889 0.028125 0.04861111111111111
1 0.03828125 0.17083333333333334 0.01640625 0.03333333333333333
1 0.0140625 0.1798611111111111 0.015625 0.04722222222222222
1 0.070703125 0.06944444444444445 0.0171875 0.02638888888888889
1 0.101953125 0.014583333333333334 0.0109375 0.022222222222222223
1 0.19375 0.14375 0.015625 0.029166666666666667
1 0.23515625 0.09930555555555555 0.0234375 0.06527777777777778
1 0.384765625 0.17708333333333334 0.01171875 0.02361111111111111
1 0.24921875 0.9236111111111112 0.01484375 0.020833333333333332
1 0.08203125 0.6694444444444444 0.015625 0.03194444444444444
1 0.103515625 0.6201388888888889 0.02265625 0.04027777777777778
1 0.1203125 0.5451388888888888 0.0140625 0.027777777777777776
1 0.15234375 0.5430555555555555 0.01796875 0.05
1 0.115625 0.5784722222222223 0.0078125 0.020833333333333332
1 0.687890625 0.20208333333333334 0.01328125 0.020833333333333332
1 0.815625 0.8909722222222223 0.0125 0.019444444444444445
1 0.159765625 0.6986111111111111 0.00703125 0.018055555555555554
1 0.68828125 0.5986111111111111 0.01484375 0.027777777777777776
1 0.902734375 0.37777777777777777 0.01171875 0.020833333333333332
1 0.602734375 0.2388888888888889 0.00859375 0.015277777777777777
1 0.586328125 0.25763888888888886 0.01328125 0.019444444444444445
1 0.608984375 0.44375 0.009375 0.02361111111111111
1 0.485546875 0.5486111111111112 0.00703125 0.013888888888888888
0 0.67265625 0.027777777777777776 0.10390625 0.05555555555555555
0 0.68828125 0.19166666666666668 0.2390625 0.25416666666666665
0 0.664453125 0.4166666666666667 0.07265625 0.20277777777777778
0 0.733984375 0.6861111111111111 0.1765625 0.5763888888888888
0 0.6984375 0.8152777777777778 0.18203125 0.36944444444444446
0 0.145703125 0.8875 0.18515625 0.225
0 0.103515625 0.7194444444444444 0.15546875 0.5611111111111111
0 0.122265625 0.30486111111111114 0.2390625 0.20277777777777778
0 0.1078125 0.49375 0.215625 0.2611111111111111
0 0.124609375 0.09930555555555555 0.0921875 0.1986111111111111
1 0.556640625 0.5597222222222222 0.0125 0.027777777777777776
1 0.048828125 0.013888888888888888 0.01640625 0.027777777777777776
1 0.47578125 0.04097222222222222 0.0296875 0.044444444444444446
1 0.503125 0.021527777777777778 0.03671875 0.043055555555555555
1 0.55234375 0.06041666666666667 0.03671875 0.05555555555555555
1 0.58828125 0.014583333333333334 0.028125 0.029166666666666667
1 0.610546875 0.01875 0.02109375 0.0375
1 0.51796875 0.10138888888888889 0.01484375 0.03888888888888889
1 0.503125 0.11805555555555555 0.01171875 0.029166666666666667
1 0.445703125 0.13194444444444445 0.02109375 0.06666666666666667
1 0.42421875 0.16458333333333333 0.0203125 0.06527777777777778
1 0.46484375 0.20902777777777778 0.04375 0.05
1 0.408984375 0.27569444444444446 0.01171875 0.015277777777777777
1 0.348046875 0.3277777777777778 0.0328125 0.06111111111111111
1 0.32421875 0.3145833333333333 0.01171875 0.03333333333333333
1 0.391015625 0.38958333333333334 0.01015625 0.027777777777777776
1 0.3328125 0.47708333333333336 0.0265625 0.06527777777777778
1 0.263671875 0.5680555555555555 0.0328125 0.0875
1 0.240234375 0.6215277777777778 0.02734375 0.04722222222222222
1 0.183203125 0.6444444444444445 0.0125 0.030555555555555555
1 0.24765625 0.7097222222222223 0.0265625 0.05
1 0.203515625 0.74375 0.0453125 0.06805555555555555
1 0.173828125 0.7680555555555556 0.01953125 0.025
1 0.156640625 0.7833333333333333 0.01484375 0.043055555555555555
1 0.13125 0.7756944444444445 0.0203125 0.041666666666666664
1 0.040625 0.7069444444444445 0.0140625 0.03194444444444444
1 0.066796875 0.7368055555555556 0.03515625 0.06944444444444445
1 0.11640625 0.9618055555555556 0.04453125 0.0763888888888889
1 0.151953125 0.9493055555555555 0.02734375 0.08194444444444444
1 0.176953125 0.96875 0.02421875 0.041666666666666664
1 0.213671875 0.9583333333333334 0.028125 0.05416666666666667
1 0.246875 0.9868055555555556 0.02109375 0.02638888888888889
1 0.213671875 0.8291666666666667 0.02890625 0.05694444444444444
1 0.24296875 0.8236111111111111 0.02734375 0.05416666666666667
1 0.323046875 0.7409722222222223 0.04140625 0.07222222222222222
1 0.316796875 0.7986111111111112 0.04921875 0.06944444444444445
1 0.378125 0.9020833333333333 0.0234375 0.03611111111111111
1 0.441796875 0.8180555555555555 0.04375 0.09861111111111111
1 0.437109375 0.8944444444444445 0.0140625 0.03611111111111111
1 0.438671875 0.9875 0.0171875 0.025
1 0.558203125 0.9423611111111111 0.03515625 0.04722222222222222
1 0.596875 0.95 0.03671875 0.08194444444444444
1 0.4734375 0.7930555555555555 0.02265625 0.03888888888888889
1 0.506640625 0.8340277777777778 0.01171875 0.02361111111111111
1 0.5921875 0.8340277777777778 0.021875 0.044444444444444446
1 0.6078125 0.7847222222222222 0.0484375 0.06388888888888888
1 0.64921875 0.8388888888888889 0.015625 0.03333333333333333
1 0.64609375 0.8986111111111111 0.0171875 0.03611111111111111
1 0.68046875 0.9451388888888889 0.0140625 0.02638888888888889
1 0.58203125 0.7222222222222222 0.0140625 0.025
1 0.515234375 0.7194444444444444 0.0609375 0.1
1 0.58125 0.6444444444444445 0.0265625 0.03888888888888889