1 0.769140625 0.1736111111111111 0.03828125 0.058333333333333334
1 0.58671875 0.059027777777777776 0.02265625 0.04027777777777778
1 0.612109375 0.04722222222222222 0.02109375 0.04722222222222222
1 0.788671875 0.3111111111111111 0.0234375 0.05694444444444444
1 0.737890625 0.55 0.0125 0.022222222222222223
1 0.574609375 0.6840277777777778 0.0296875 0.0375
1 0.74765625 0.7145833333333333 0.03125 0.03194444444444444
1 0.79140625 0.8263888888888888 0.046875 0.06388888888888888
1 0.853515625 0.875 0.0234375 0.041666666666666664
1 0.833203125 0.9826388888888888 0.02265625 0.02638888888888889
1 0.83671875 0.3798611111111111 0.0171875 0.03194444444444444
1 0.7515625 0.8048611111111111 0.0328125 0.05
1 0.859375 0.7652777777777777 0.0109375 0.022222222222222223
1 0.99140625 0.7145833333333333 0.0171875 0.02361111111111111
1 0.9765625 0.6722222222222223 0.02578125 0.034722222222222224
1 0.96484375 0.7131944444444445 0.02421875 0.0375
1 0.972265625 0.4354166666666667 0.0109375 0.020833333333333332
1 0.980859375 0.39305555555555555 0.01328125 0.03611111111111111
1 0.900390625 0.48680555555555555 0.01484375 0.03888888888888889
1 0.76875 0.5423611111111111 0.021875 0.04027777777777778
1 0.82109375 0.44513888888888886 0.0140625 0.02361111111111111
1 0.848046875 0.425 0.0234375 0.041666666666666664
1 0.861328125 0.36875 0.025 0.04583333333333333
1 0.86484375 0.10277777777777777 0.02109375 0.05694444444444444
1 0.8953125 0.2013888888888889 0.021875 0.044444444444444446
1 0.9203125 0.2548611111111111 0.034375 0.07222222222222222
1 0.904296875 0.3423611111111111 0.0421875 0.041666666666666664
1 0.941015625 0.5923611111111111 0.0359375 0.08888888888888889
1 0.983984375 0.32569444444444445 0.03203125 0.09583333333333334
1 0.982421875 0.5451388888888888 0.03515625 0.06527777777777778
1 0.94296875 0.9215277777777777 0.0234375 0.06388888888888888
1 0.519921875 0.7763888888888889 0.0171875 0.05138888888888889
1 0.585546875 0.95 0.0203125 0.05416666666666667
0 0.112890625 0.1451388888888889 0.209375 0.28055555555555556
0 0.09765625 0.37222222222222223 0.1390625 0.41388888888888886
0 0.14921875 0.6638888888888889 0.2859375 0.18333333333333332
0 0.1359375 0.8902777777777777 0.096875 0.2152777777777778
0 0.662109375 0.14375 0.28125 0.2847222222222222
0 0.659765625 0.3548611111111111 0.25703125 0.3888888888888889
0 0.7 0.7138888888888889 0.1453125 0.5708333333333333
1 0.071484375 0.30833333333333335 0.0390625 0.06527777777777778
1 0.2046875 0.23472222222222222 0.02578125 0.0875
1 0.178515625 0.3875 0.01875 0.03333333333333333
1 0.257421875 0.4888888888888889 0.03828125 0.06111111111111111
1 0.243359375 0.6388888888888888 0.0265625 0.034722222222222224
1 0.23515625 0.7256944444444444 0.03359375 0.029166666666666667
1 0.276953125 0.7208333333333333 0.01015625 0.03194444444444444
1 0.26796875 0.8048611111111111 0.01875 0.044444444444444446
1 0.23984375 0.95 0.03515625 0.04027777777777778
1 0.61953125 0.1875 0.05625 0.04722222222222222
1 0.221484375 0.9743055555555555 0.02890625 0.041666666666666664
1 0.611328125 0.3611111111111111 0.034375 0.06944444444444445