1 0.928515625 0.02013888888888889 0.01953125 0.02638888888888889
1 0.948046875 0.7208333333333333 0.02109375 0.03888888888888889
1 0.82734375 0.7236111111111111 0.01796875 0.03333333333333333
1 0.56640625 0.16944444444444445 0.0109375 0.019444444444444445
1 0.078125 0.5013888888888889 0.01875 0.02638888888888889
1 0.290234375 0.38958333333333334 0.0078125 0.013888888888888888
1 0.54765625 0.9506944444444444 0.04609375 0.08194444444444444
1 0.5234375 0.7666666666666667 0.03359375 0.06388888888888888
1 0.284375 0.8986111111111111 0.00859375 0.0125
1 0.759765625 0.5743055555555555 0.03046875 0.05694444444444444
1 0.91484375 0.8527777777777777 0.01484375 0.030555555555555555
0 0.070703125 0.10694444444444444 0.14140625 0.21388888888888888
0 0.6140625 0.86875 0.16171875 0.19583333333333333
1 0.3140625 0.9222222222222223 0.0109375 0.02361111111111111
0 0.094921875 0.6305555555555555 0.18984375 0.3236111111111111
1 0.210546875 0.9104166666666667 0.05 0.11944444444444445
1 0.459375 0.9076388888888889 0.04140625 0.03888888888888889
1 0.937890625 0.07777777777777778 0.0140625 0.025
1 0.7015625 0.3506944444444444 0.01953125 0.0375
1 0.35859375 0.3770833333333333 0.01171875 0.025
1 0.86875 0.009027777777777777 0.0125 0.018055555555555554
0 0.633203125 0.5777777777777777 0.06171875 0.1361111111111111
1 0.962109375 0.0798611111111111 0.0109375 0.020833333333333332
1 0.846484375 0.8881944444444444 0.0203125 0.019444444444444445
1 0.243359375 0.5055555555555555 0.0125 0.015277777777777777
1 0.76875 0.37916666666666665 0.0140625 0.02361111111111111
0 0.69296875 0.9708333333333333 0.13203125 0.058333333333333334
0 0.094140625 0.8583333333333333 0.18828125 0.2833333333333333
1 0.823046875 0.029166666666666667 0.01484375 0.034722222222222224
0 0.625 0.36180555555555555 0.24140625 0.18055555555555555
1 0.256640625 0.5458333333333333 0.03984375 0.06944444444444445
1 0.0921875 0.6777777777777778 0.05 0.15138888888888888
1 0.180078125 0.6145833333333334 0.03046875 0.06388888888888888
1 0.161328125 0.9743055555555555 0.02421875 0.043055555555555555
1 0.138671875 0.7409722222222223 0.02109375 0.03333333333333333
1 0.1953125 0.7972222222222223 0.02109375 0.04583333333333333
1 0.191796875 0.9805555555555555 0.02109375 0.034722222222222224
1 0.980078125 0.13333333333333333 0.03046875 0.04583333333333333
1 0.6609375 0.33125 0.01484375 0.020833333333333332
1 0.273046875 0.013888888888888888 0.0234375 0.027777777777777776
1 0.983203125 0.6416666666666667 0.02734375 0.0625
1 0.10625 0.08888888888888889 0.0203125 0.059722222222222225
1 0.561328125 0.7527777777777778 0.0453125 0.13055555555555556
1 0.609765625 0.6208333333333333 0.00859375 0.019444444444444445
1 0.2328125 0.7777777777777778 0.02890625 0.1125
1 0.523828125 0.8902777777777777 0.0296875 0.04722222222222222
1 0.11015625 0.4708333333333333 0.0328125 0.0625
1 0.05546875 0.6923611111111111 0.01875 0.04722222222222222
1 0.69921875 0.19444444444444445 0.025 0.058333333333333334
1 0.208203125 0.47708333333333336 0.03828125 0.05277777777777778
1 0.669140625 0.3 0.0109375 0.016666666666666666
1 0.53984375 0.8506944444444444 0.0171875 0.05416666666666667
0 0.10546875 0.3875 0.09765625 0.32916666666666666
1 0.93515625 0.15555555555555556 0.021875 0.02638888888888889
1 0.473046875 0.9479166666666666 0.01796875 0.04583333333333333
1 0.993359375 0.006944444444444444 0.01328125 0.013888888888888888
1 0.909375 0.27569444444444446 0.015625 0.022222222222222223
1 0.8859375 0.2076388888888889 0.01796875 0.027777777777777776
1 0.8015625 0.2875 0.0328125 0.04861111111111111
1 0.831640625 0.3229166666666667 0.0125 0.02361111111111111
1 0.944921875 0.3798611111111111 0.0296875 0.04861111111111111
1 0.91796875 0.4013888888888889 0.01796875 0.043055555555555555
1 0.81953125 0.4048611111111111 0.0171875 0.030555555555555555
1 0.812109375 0.4722222222222222 0.01484375 0.03333333333333333
1 0.825 0.50625 0.02734375 0.044444444444444446
1 0.897265625 0.46111111111111114 0.01953125 0.03333333333333333
1 0.422265625 0.6159722222222223 0.02109375 0.05138888888888889
1 0.490234375 0.6020833333333333 0.04453125 0.058333333333333334
1 0.439453125 0.6534722222222222 0.01875 0.06388888888888888
1 0.491015625 0.5465277777777777 0.02109375 0.04583333333333333
1 0.862109375 0.5541666666666667 0.01484375 0.02638888888888889
1 0.86796875 0.5979166666666667 0.02421875 0.041666666666666664
1 0.726171875 0.9819444444444444 0.02578125 0.03611111111111111
1 0.929296875 0.6305555555555555 0.03046875 0.04027777777777778
1 0.90703125 0.59375 0.021875 0.03611111111111111
1 0.99140625 0.5722222222222222 0.0171875 0.059722222222222225
1 0.412109375 0.6736111111111112 0.01640625 0.03194444444444444
1 0.966796875 0.5638888888888889 0.0171875 0.019444444444444445
1 0.490234375 0.83125 0.071875 0.1361111111111111
1 0.414453125 0.17222222222222222 0.01015625 0.015277777777777777
1 0.582421875 0.13819444444444445 0.0140625 0.03611111111111111
1 0.901953125 0.7520833333333333 0.01015625 0.019444444444444445
1 0.766015625 0.7673611111111112 0.01328125 0.027777777777777776
1 0.848828125 0.9159722222222222 0.0125 0.029166666666666667
1 0.916796875 0.8152777777777778 0.03125 0.05138888888888889
1 0.649609375 0.9361111111111111 0.01328125 0.022222222222222223
1 0.718359375 0.8520833333333333 0.0125 0.020833333333333332
1 0.790234375 0.6222222222222222 0.03359375 0.06666666666666667
1 0.728125 0.7298611111111111 0.034375 0.058333333333333334
1 0.70234375 0.6569444444444444 0.0171875 0.03333333333333333
1 0.751953125 0.5222222222222223 0.01640625 0.025
1 0.871875 0.5069444444444444 0.01640625 0.041666666666666664
1 0.713671875 0.43333333333333335 0.02578125 0.06388888888888888
1 0.431640625 0.7111111111111111 0.01015625 0.025
1 0.75859375 0.34375 0.01640625 0.02638888888888889
1 0.722265625 0.36736111111111114 0.021875 0.04722222222222222
1 0.386328125 0.7097222222222223 0.0234375 0.05277777777777778
1 0.98125 0.5118055555555555 0.0375 0.07916666666666666
1 0.933984375 0.5541666666666667 0.0125 0.022222222222222223
1 0.512890625 0.5659722222222222 0.009375 0.025
1 0.89296875 0.5076388888888889 0.02265625 0.03611111111111111
1 0.530859375 0.4840277777777778 0.01640625 0.03888888888888889
1 0.575390625 0.4666666666666667 0.03671875 0.05277777777777778
1 0.920703125 0.49236111111111114 0.021875 0.04027777777777778
1 0.746875 0.38263888888888886 0.02890625 0.05138888888888889
1 0.15234375 0.7041666666666667 0.03359375 0.05416666666666667
1 0.72734375 0.5041666666666667 0.0203125 0.034722222222222224
1 0.131640625 0.011805555555555555 0.0140625 0.02361111111111111
1 0.6609375 0.5020833333333333 0.0234375 0.034722222222222224
1 0.241015625 0.01597222222222222 0.015625 0.03194444444444444
1 0.730859375 0.6333333333333333 0.01171875 0.025
1 0.33359375 0.9361111111111111 0.0203125 0.03888888888888889
1 0.66875 0.6965277777777777 0.0125 0.018055555555555554
1 0.701953125 0.7854166666666667 0.04296875 0.075
1 0.6546875 0.7743055555555556 0.040625 0.06527777777777778
1 0.7875 0.9638888888888889 0.025 0.05138888888888889
1 0.709375 0.9361111111111111 0.0453125 0.05
1 0.559375 0.2263888888888889 0.01640625 0.03333333333333333
1 0.85390625 0.8388888888888889 0.01640625 0.027777777777777776
1 0.409375 0.04027777777777778 0.009375 0.019444444444444445
1 0.447265625 0.011805555555555555 0.02109375 0.02361111111111111
1 0.487109375 0.6875 0.0375 0.08194444444444444
1 0.70078125 0.26458333333333334 0.0109375 0.03888888888888889
1 0.597265625 0.06944444444444445 0.01640625 0.030555555555555555
1 0.617578125 0.08541666666666667 0.0140625 0.034722222222222224
1 0.775390625 0.07708333333333334 0.01875 0.027777777777777776
1 0.647265625 0.20347222222222222 0.01875 0.03611111111111111
1 0.54609375 0.45416666666666666 0.01640625 0.05138888888888889
1 0.226171875 0.27569444444444446 0.0109375 0.020833333333333332
1 0.7859375 0.12916666666666668 0.0140625 0.03194444444444444
1 0.51328125 0.33402777777777776 0.015625 0.02361111111111111
1 0.965234375 0.3034722222222222 0.0078125 0.019444444444444445
1 0.53125 0.40069444444444446 0.0375 0.08472222222222223
1 0.221875 0.06875 0.00859375 0.015277777777777777
1 0.469921875 0.44930555555555557 0.05078125 0.075
1 0.440234375 0.21736111111111112 0.0078125 0.013888888888888888
1 0.73984375 0.32708333333333334 0.009375 0.016666666666666666
1 0.399609375 0.3590277777777778 0.0265625 0.07777777777777778
1 0.00859375 0.034722222222222224 0.015625 0.02361111111111111
1 0.4265625 0.35833333333333334 0.02578125 0.08888888888888889
1 0.448046875 0.40208333333333335 0.02421875 0.05138888888888889
1 0.476171875 0.11875 0.03125 0.058333333333333334
1 0.813671875 0.7986111111111112 0.06015625 0.13194444444444445
1 0.087890625 0.17847222222222223 0.02578125 0.025
1 0.45859375 0.3645833333333333 0.01953125 0.029166666666666667
1 0.252734375 0.004861111111111111 0.009375 0.009722222222222222
1 0.43984375 0.15763888888888888 0.0328125 0.06666666666666667
1 0.46484375 0.16805555555555557 0.01796875 0.025
1 0.39921875 0.22152777777777777 0.01640625 0.029166666666666667
1 0.514453125 0.20277777777777778 0.01875 0.03333333333333333
1 0.491015625 0.24930555555555556 0.02421875 0.05138888888888889
1 0.53515625 0.21180555555555555 0.01171875 0.02361111111111111
1 0.065625 0.05555555555555555 0.02109375 0.03194444444444444
1 0.1578125 0.55 0.01015625 0.0125
1 0.428515625 0.4173611111111111 0.01796875 0.03194444444444444
1 0.569140625 0.3611111111111111 0.0390625 0.09861111111111111
1 0.45703125 0.9888888888888889 0.0125 0.022222222222222223
1 0.198828125 0.022916666666666665 0.02421875 0.04583333333333333
1 0.1890625 0.41388888888888886 0.05234375 0.06527777777777778
1 0.566015625 0.07152777777777777 0.04765625 0.14305555555555555
1 0.509765625 0.27291666666666664 0.01875 0.04027777777777778
1 0.15546875 0.4048611111111111 0.015625 0.03333333333333333
1 0.15859375 0.2548611111111111 0.00859375 0.020833333333333332
1 0.190625 0.32013888888888886 0.0359375 0.06388888888888888
1 0.141796875 0.3104166666666667 0.01796875 0.05
1 0.467578125 0.31805555555555554 0.01640625 0.05
1 0.173828125 0.10694444444444444 0.01875 0.04027777777777778
1 0.6 0.19652777777777777 0.009375 0.0125
1 0.690625 0.5104166666666666 0.009375 0.022222222222222223
1 0.039453125 0.1125 0.01953125 0.018055555555555554
1 0.0671875 0.5208333333333334 0.0109375 0.019444444444444445
1 0.890625 0.6368055555555555 0.00703125 0.015277777777777777
1 0.143359375 0.5423611111111111 0.01328125 0.022222222222222223
1 0.793359375 0.21041666666666667 0.01328125 0.02361111111111111
0 0.6921875 0.14444444444444443 0.21484375 0.2861111111111111
1 0.741015625 0.14375 0.02109375 0.06805555555555555
1 0.978125 0.9708333333333333 0.03046875 0.058333333333333334
1 0.43828125 0.9909722222222223 0.01171875 0.018055555555555554
1 0.05 0.9055555555555556 0.01484375 0.0125
1 0.106640625 0.9645833333333333 0.0125 0.030555555555555555
1 0.9515625 0.8930555555555556 0.0203125 0.025
1 0.975390625 0.003472222222222222 0.00703125 0.006944444444444444
1 0.79921875 0.027083333333333334 0.0171875 0.03194444444444444
1 0.753125 0.019444444444444445 0.01875 0.02638888888888889
1 0.687109375 0.07013888888888889 0.00703125 0.0125
1 0.667578125 0.02638888888888889 0.00625 0.013888888888888888
1 0.5984375 0.4236111111111111 0.01328125 0.020833333333333332
1 0.63671875 0.3034722222222222 0.00546875 0.015277777777777777
1 0.641015625 0.6131944444444445 0.009375 0.016666666666666666
1 0.58671875 0.6409722222222223 0.0125 0.015277777777777777
1 0.64765625 0.12638888888888888 0.0078125 0.0125
1 0.85234375 0.09583333333333334 0.0125 0.020833333333333332
1 0.8453125 0.13958333333333334 0.03046875 0.058333333333333334
1 0.799609375 0.1701388888888889 0.0265625 0.044444444444444446
1 0.812890625 0.5819444444444445 0.0125 0.0125
1 0.01015625 0.41875 0.0203125 0.03888888888888889
1 0.9109375 0.9951388888888889 0.02265625 0.009722222222222222
1 0.038671875 0.5638888888888889 0.01875 0.030555555555555555