1 0.7828125 0.2916666666666667 0.0171875 0.01875
0 0.4609375 0.9333333333333333 0.10625 0.13333333333333333
0 0.3984375 0.6614583333333334 0.0515625 0.03333333333333333
0 0.39609375 0.490625 0.1703125 0.32708333333333334
0 0.41640625 0.09895833333333333 0.33125 0.19791666666666666
1 0.43984375 0.23229166666666667 0.03125 0.03333333333333333
1 0.55625 0.20833333333333334 0.015625 0.022916666666666665
1 0.6953125 0.11354166666666667 0.01875 0.029166666666666667
1 0.6109375 0.009375 0.028125 0.01875
1 0.7234375 0.05 0.0296875 0.041666666666666664
1 0.8390625 0.017708333333333333 0.021875 0.035416666666666666
1 0.91796875 0.07604166666666666 0.015625 0.01875
1 0.99296875 0.06458333333333334 0.0140625 0.03333333333333333
1 0.84609375 0.18958333333333333 0.025 0.022916666666666665
1 0.88125 0.20520833333333333 0.0421875 0.052083333333333336
1 0.79921875 0.4010416666666667 0.034375 0.035416666666666666
1 0.90390625 0.334375 0.034375 0.041666666666666664
1 0.73984375 0.471875 0.034375 0.058333333333333334
1 0.55703125 0.5177083333333333 0.0375 0.035416666666666666
1 0.5796875 0.5520833333333334 0.021875 0.035416666666666666
1 0.45234375 0.6822916666666666 0.0234375 0.0375
1 0.4375 0.6166666666666667 0.028125 0.03125
1 0.80859375 0.725 0.021875 0.052083333333333336
1 0.83671875 0.803125 0.028125 0.027083333333333334
1 0.83828125 0.6489583333333333 0.025 0.035416666666666666
1 0.76953125 0.5052083333333334 0.0109375 0.014583333333333334
1 0.64453125 0.5791666666666667 0.0140625 0.022916666666666665
1 0.4828125 0.396875 0.025 0.03125
1 0.5171875 0.42604166666666665 0.03125 0.05625
1 0.4078125 0.3927083333333333 0.01875 0.035416666666666666
1 0.31484375 0.334375 0.0203125 0.0375
1 0.184375 0.340625 0.0328125 0.04791666666666667
1 0.1953125 0.45729166666666665 0.034375 0.05416666666666667
1 0.1875 0.5302083333333333 0.021875 0.03125
1 0.01328125 0.5322916666666667 0.0265625 0.03125
1 0.12265625 0.7583333333333333 0.0203125 0.05
1 0.2234375 0.8885416666666667 0.025 0.029166666666666667
1 0.28203125 0.91875 0.0171875 0.022916666666666665
1 0.07890625 0.9583333333333334 0.0859375 0.08333333333333333
1 0.04453125 0.6416666666666667 0.0125 0.020833333333333332
1 0.11171875 0.25833333333333336 0.025 0.01875
1 0.1296875 0.3072916666666667 0.0140625 0.016666666666666666
1 0.90390625 0.08333333333333333 0.0078125 0.0125
1 0.5359375 0.8052083333333333 0.0265625 0.0375
1 0.5625 0.8166666666666667 0.0265625 0.03333333333333333
1 0.546875 0.85625 0.0234375 0.022916666666666665