1 0.31953125 0.14479166666666668 0.021875 0.03333333333333333
1 0.28359375 0.13229166666666667 0.025 0.03333333333333333
1 0.0578125 0.08229166666666667 0.0421875 0.05
1 0.0265625 0.10416666666666667 0.009375 0.01875
1 0.1703125 0.03854166666666667 0.025 0.01875
1 0.42421875 0.021875 0.0453125 0.04375
1 0.52578125 0.14375 0.0421875 0.06041666666666667
1 0.65234375 0.16041666666666668 0.025 0.035416666666666666
1 0.6546875 0.19166666666666668 0.0171875 0.01875
1 0.56171875 0.15833333333333333 0.009375 0.010416666666666666
1 0.57265625 0.007291666666666667 0.0203125 0.014583333333333334
1 0.63359375 0.019791666666666666 0.0296875 0.035416666666666666
1 0.65703125 0.09166666666666666 0.0515625 0.04583333333333333
1 0.734375 0.15729166666666666 0.0328125 0.03333333333333333
1 0.7703125 0.22291666666666668 0.0265625 0.035416666666666666
1 0.6578125 0.30833333333333335 0.01875 0.020833333333333332
1 0.690625 0.3854166666666667 0.0125 0.014583333333333334
1 0.72421875 0.396875 0.028125 0.025
1 0.74921875 0.48854166666666665 0.01875 0.029166666666666667
1 0.78359375 0.5177083333333333 0.0375 0.035416666666666666
1 0.7546875 0.584375 0.0203125 0.016666666666666666
1 0.8046875 0.9270833333333334 0.0171875 0.016666666666666666
1 0.9328125 0.9489583333333333 0.0265625 0.0375
1 0.896875 0.8572916666666667 0.03125 0.041666666666666664
1 0.91796875 0.796875 0.0125 0.022916666666666665
1 0.57421875 0.7385416666666667 0.015625 0.01875
1 0.7546875 0.746875 0.01875 0.025
1 0.78203125 0.6447916666666667 0.0125 0.022916666666666665
1 0.9671875 0.6208333333333333 0.0140625 0.014583333333333334
1 0.95546875 0.36875 0.0359375 0.041666666666666664
1 0.95703125 0.46145833333333336 0.0265625 0.03333333333333333
1 0.778125 0.30833333333333335 0.0203125 0.0375
1 0.85703125 0.3104166666666667 0.028125 0.01875
1 0.834375 0.13541666666666666 0.03125 0.041666666666666664
1 0.81640625 0.16458333333333333 0.0171875 0.027083333333333334
1 0.9765625 0.029166666666666667 0.03125 0.025
1 0.6703125 0.004166666666666667 0.0140625 0.008333333333333333
1 0.54375 0.04895833333333333 0.021875 0.016666666666666666
1 0.00859375 0.24166666666666667 0.0171875 0.01875
1 0.06796875 0.403125 0.0375 0.035416666666666666
1 0.02890625 0.6270833333333333 0.0140625 0.025
1 0.103125 0.9625 0.021875 0.014583333333333334
1 0.2609375 0.31666666666666665 0.0140625 0.027083333333333334
1 0.14140625 0.678125 0.01875 0.016666666666666666
0 0.48203125 0.15416666666666667 0.2421875 0.24583333333333332
0 0.49453125 0.41875 0.2046875 0.2375
1 0.209375 0.3645833333333333 0.0109375 0.014583333333333334
0 0.41328125 0.7125 0.0734375 0.21875
0 0.3828125 0.9729166666666667 0.18125 0.05416666666666667
1 0.71796875 0.5729166666666666 0.015625 0.014583333333333334
1 0.61484375 0.28958333333333336 0.0203125 0.022916666666666665
1 0.82265625 0.05625 0.0140625 0.016666666666666666
1 0.29609375 0.7447916666666666 0.021875 0.022916666666666665
1 0.2734375 0.78125 0.0171875 0.025
1 0.31796875 0.6895833333333333 0.0234375 0.027083333333333334
1 0.203125 0.9625 0.053125 0.075
1 0.25390625 0.9864583333333333 0.0296875 0.027083333333333334
1 0.16640625 0.98125 0.015625 0.029166666666666667
1 0.153125 0.9177083333333333 0.0265625 0.03333333333333333
1 0.1546875 0.9458333333333333 0.015625 0.022916666666666665
1 0.11640625 0.5375 0.015625 0.022916666666666665
1 0.04140625 0.5395833333333333 0.0171875 0.016666666666666666
1 0.14453125 0.4354166666666667 0.0203125 0.025
1 0.15859375 0.46875 0.0421875 0.052083333333333336
1 0.21328125 0.5052083333333334 0.01875 0.022916666666666665
1 0.025 0.928125 0.05 0.06458333333333334
1 0.22734375 0.5322916666666667 0.01875 0.04375
1 0.01953125 0.7729166666666667 0.0390625 0.041666666666666664
1 0.121875 0.9333333333333333 0.015625 0.022916666666666665
1 0.04375 0.7333333333333333 0.021875 0.025
1 0.0765625 0.7333333333333333 0.01875 0.03125
1 0.09296875 0.7677083333333333 0.009375 0.01875
1 0.46953125 0.23020833333333332 0.0265625 0.03333333333333333
1 0.35390625 0.25416666666666665 0.0421875 0.052083333333333336
1 0.37890625 0.2791666666666667 0.0296875 0.0375
1 0.253125 0.27708333333333335 0.0328125 0.04583333333333333
1 0.325 0.20625 0.04375 0.06666666666666667
1 0.30703125 0.32708333333333334 0.025 0.025
1 0.2890625 0.36041666666666666 0.021875 0.020833333333333332
1 0.19375 0.2552083333333333 0.0203125 0.01875
1 0.334375 0.453125 0.0546875 0.09166666666666666
1 0.3859375 0.41354166666666664 0.034375 0.041666666666666664
1 0.4328125 0.38125 0.0421875 0.04583333333333333
1 0.2671875 0.3885416666666667 0.028125 0.0375
1 0.36484375 0.5520833333333334 0.0328125 0.03958333333333333
1 0.3953125 0.5072916666666667 0.0234375 0.022916666666666665
1 0.48515625 0.5416666666666666 0.053125 0.08125
1 0.54609375 0.5895833333333333 0.015625 0.020833333333333332
1 0.60703125 0.6114583333333333 0.0359375 0.03125
1 0.59140625 0.6885416666666667 0.0296875 0.05416666666666667
1 0.64375 0.590625 0.0359375 0.05416666666666667
1 0.65703125 0.5427083333333333 0.015625 0.022916666666666665
1 0.278125 0.18125 0.01875 0.029166666666666667
1 0.25078125 0.5479166666666667 0.025 0.020833333333333332
1 0.57421875 0.5114583333333333 0.0328125 0.06666666666666667
1 0.6 0.4822916666666667 0.021875 0.020833333333333332
1 0.625 0.48854166666666665 0.0234375 0.035416666666666666
1 0.5 0.42083333333333334 0.046875 0.06666666666666667
1 0.55703125 0.371875 0.0171875 0.03333333333333333
1 0.60078125 0.38958333333333334 0.0203125 0.03125
1 0.53046875 0.325 0.0125 0.020833333333333332
1 0.56796875 0.29270833333333335 0.078125 0.06041666666666667
1 0.43515625 0.2791666666666667 0.0453125 0.06458333333333334
1 0.56875 0.828125 0.025 0.029166666666666667
1 0.60546875 0.8520833333333333 0.021875 0.04375
1 0.67734375 0.8260416666666667 0.025 0.03958333333333333
1 0.51640625 0.9645833333333333 0.046875 0.06666666666666667
1 0.58125 0.975 0.0453125 0.05
1 0.4375 0.9302083333333333 0.0265625 0.035416666666666666
1 0.45546875 0.875 0.034375 0.03958333333333333
1 0.3640625 0.8760416666666667 0.034375 0.04375
1 0.3765625 0.7177083333333333 0.0234375 0.027083333333333334
1 0.359375 0.7385416666666667 0.0171875 0.035416666666666666
1 0.38203125 0.7552083333333334 0.0171875 0.022916666666666665
1 0.265625 0.7020833333333333 0.021875 0.03333333333333333
1 0.29375 0.7125 0.0265625 0.0375