1 0.64765625 0.5222222222222223 0.015625 0.0375
1 0.67734375 0.6888888888888889 0.06328125 0.15
1 0.652734375 0.8263888888888888 0.0265625 0.07083333333333333
0 0.725390625 0.9583333333333334 0.14375 0.08333333333333333
0 0.65703125 0.7819444444444444 0.23203125 0.4222222222222222
0 0.64921875 0.5284722222222222 0.26171875 0.28888888888888886
0 0.683984375 0.4527777777777778 0.0921875 0.32916666666666666
0 0.6703125 0.16666666666666666 0.1171875 0.32916666666666666
0 0.164453125 0.9166666666666666 0.075 0.16666666666666666
0 0.105078125 0.5645833333333333 0.20234375 0.37083333333333335
0 0.103515625 0.3388888888888889 0.20703125 0.3611111111111111
0 0.151171875 0.1597222222222222 0.07890625 0.3194444444444444
1 0.938671875 0.23402777777777778 0.01640625 0.025
1 0.29453125 0.8743055555555556 0.01484375 0.022222222222222223
1 0.228125 0.8798611111111111 0.01953125 0.02361111111111111
1 0.205078125 0.9173611111111111 0.01640625 0.043055555555555555
1 0.223046875 0.9069444444444444 0.01796875 0.022222222222222223
1 0.200390625 0.7729166666666667 0.01875 0.0375
1 0.25078125 0.7173611111111111 0.02890625 0.04583333333333333
1 0.237109375 0.65 0.02109375 0.043055555555555555
1 0.1921875 0.6875 0.0546875 0.04583333333333333
1 0.2703125 0.6319444444444444 0.0203125 0.029166666666666667
1 0.29140625 0.6194444444444445 0.01953125 0.029166666666666667
1 0.1375 0.5361111111111111 0.01796875 0.034722222222222224
1 0.0375 0.19652777777777777 0.0234375 0.05277777777777778
1 0.11953125 0.21875 0.0203125 0.044444444444444446
1 0.25 0.1951388888888889 0.0515625 0.07222222222222222
1 0.247265625 0.08680555555555555 0.0265625 0.044444444444444446
1 0.56953125 0.043055555555555555 0.02421875 0.04027777777777778
1 0.546875 0.11527777777777778 0.02265625 0.044444444444444446
1 0.58046875 0.10902777777777778 0.0296875 0.05416666666666667
1 0.6 0.18194444444444444 0.0296875 0.05138888888888889
1 0.734375 0.07013888888888889 0.015625 0.041666666666666664
1 0.741796875 0.20208333333333334 0.025 0.04722222222222222
1 0.821875 0.07291666666666667 0.02109375 0.03611111111111111
1 0.82265625 0.11388888888888889 0.0140625 0.03611111111111111
1 0.8109375 0.24791666666666667 0.0203125 0.03888888888888889
1 0.9375 0.15486111111111112 0.03046875 0.04583333333333333
1 0.9828125 0.18888888888888888 0.0171875 0.03611111111111111
1 0.98984375 0.12291666666666666 0.0203125 0.03333333333333333
1 0.9515625 0.03125 0.0203125 0.030555555555555555
1 0.9296875 0.47291666666666665 0.03515625 0.058333333333333334
1 0.994921875 0.5347222222222222 0.01015625 0.03611111111111111
1 0.9109375 0.625 0.02265625 0.03888888888888889
1 0.8484375 0.6256944444444444 0.02578125 0.04722222222222222
1 0.93125 0.7083333333333334 0.01484375 0.027777777777777776
1 0.9359375 0.7506944444444444 0.03046875 0.04583333333333333
1 0.9546875 0.7256944444444444 0.0171875 0.029166666666666667
1 0.8375 0.775 0.046875 0.07222222222222222
1 0.9609375 0.9840277777777777 0.03359375 0.03194444444444444
1 0.791015625 0.9583333333333334 0.0390625 0.07777777777777778
1 0.84609375 0.44513888888888886 0.02265625 0.05277777777777778
1 0.81328125 0.43472222222222223 0.015625 0.04583333333333333
1 0.6984375 0.41597222222222224 0.0203125 0.03611111111111111
1 0.708203125 0.38125 0.0203125 0.03194444444444444
1 0.633203125 0.44513888888888886 0.03203125 0.04861111111111111
1 0.564453125 0.48055555555555557 0.021875 0.03611111111111111
1 0.672265625 0.50625 0.0265625 0.06805555555555555