1 0.31953125 0.784375 0.0296875 0.035416666666666666
0 0.5140625 0.253125 0.0640625 0.17083333333333334
1 0.6375 0.7395833333333334 0.0234375 0.03125
1 0.640625 0.69375 0.0296875 0.03333333333333333
1 0.753125 0.7489583333333333 0.028125 0.035416666666666666
1 0.359375 0.3885416666666667 0.0234375 0.027083333333333334
1 0.671875 0.85625 0.0203125 0.027083333333333334
1 0.60859375 0.28958333333333336 0.0234375 0.027083333333333334
1 0.36875 0.475 0.015625 0.01875
1 0.36015625 0.9229166666666667 0.0140625 0.022916666666666665
1 0.02265625 0.41770833333333335 0.03125 0.027083333333333334
1 0.496875 0.7854166666666667 0.021875 0.027083333333333334
1 0.72109375 0.7 0.0265625 0.03333333333333333
1 0.3578125 0.015625 0.0359375 0.027083333333333334
0 0.4765625 0.9614583333333333 0.0671875 0.07708333333333334
0 0.4625 0.7322916666666667 0.1515625 0.28541666666666665
0 0.53359375 0.48020833333333335 0.1890625 0.19583333333333333