1 0.608984375 0.9645833333333333 0.01953125 0.07083333333333333
1 0.280078125 0.8395833333333333 0.0234375 0.03194444444444444
1 0.217578125 0.5090277777777777 0.028125 0.034722222222222224
1 0.183984375 0.45069444444444445 0.01875 0.03611111111111111
1 0.128515625 0.4979166666666667 0.01796875 0.027777777777777776
1 0.3359375 0.375 0.0125 0.020833333333333332
1 0.273046875 0.011111111111111112 0.01640625 0.022222222222222223
1 0.272265625 0.9680555555555556 0.015625 0.02638888888888889
1 0.167578125 0.9722222222222222 0.0140625 0.027777777777777776
1 0.049609375 0.13958333333333334 0.0125 0.03333333333333333
1 0.45546875 0.005555555555555556 0.00625 0.011111111111111112
1 0.513671875 0.3138888888888889 0.0171875 0.034722222222222224
1 0.621484375 0.6923611111111111 0.0140625 0.034722222222222224
1 0.712109375 0.6444444444444445 0.01953125 0.04027777777777778
1 0.4515625 0.8465277777777778 0.02421875 0.02361111111111111
1 0.419921875 0.7541666666666667 0.01328125 0.02361111111111111
1 0.436328125 0.6208333333333333 0.01015625 0.022222222222222223
1 0.348828125 0.4736111111111111 0.015625 0.027777777777777776
1 0.83203125 0.2916666666666667 0.009375 0.018055555555555554
1 0.86328125 0.30694444444444446 0.0109375 0.019444444444444445
1 0.878125 0.03680555555555556 0.01328125 0.025
1 0.9265625 0.00625 0.01328125 0.0125
1 0.99765625 0.4909722222222222 0.0046875 0.0125
1 0.99375 0.60625 0.0125 0.030555555555555555
1 0.89140625 0.8569444444444444 0.0234375 0.027777777777777776
1 0.800390625 0.94375 0.01484375 0.025
1 0.517578125 0.9305555555555556 0.01015625 0.027777777777777776
1 0.652734375 0.5020833333333333 0.02421875 0.03194444444444444
1 0.5828125 0.5173611111111112 0.02578125 0.02638888888888889
1 0.66875 0.3680555555555556 0.0203125 0.034722222222222224
1 0.652734375 0.3388888888888889 0.0078125 0.0125
1 0.7984375 0.32222222222222224 0.0109375 0.020833333333333332
1 0.862109375 0.47430555555555554 0.01953125 0.02361111111111111
1 0.7359375 0.18541666666666667 0.02109375 0.03611111111111111
1 0.751953125 0.6569444444444444 0.0125 0.0125
0 0.103515625 0.44305555555555554 0.20703125 0.30416666666666664
0 0.723046875 0.07222222222222222 0.23125 0.14444444444444443
0 0.541015625 0.0625 0.08046875 0.125
1 0.09765625 0.6243055555555556 0.04296875 0.10555555555555556
1 0.971875 0.7048611111111112 0.05390625 0.1486111111111111
1 0.652734375 0.6826388888888889 0.02734375 0.06666666666666667
0 0.103125 0.14791666666666667 0.16171875 0.29583333333333334
1 0.678515625 0.48333333333333334 0.02890625 0.06527777777777778
1 0.6 0.01597222222222222 0.04140625 0.03194444444444444
0 0.68828125 0.9402777777777778 0.1421875 0.11944444444444445
1 0.1796875 0.21041666666666667 0.0421875 0.13055555555555556
1 0.230078125 0.28541666666666665 0.053125 0.07916666666666666
1 0.90859375 0.79375 0.02109375 0.030555555555555555
1 0.442578125 0.27291666666666664 0.03046875 0.05
1 0.723046875 0.7451388888888889 0.0359375 0.06944444444444445
1 0.6921875 0.2826388888888889 0.021875 0.03194444444444444
1 0.9515625 0.5277777777777778 0.028125 0.05694444444444444
1 0.21796875 0.8854166666666666 0.05234375 0.09305555555555556
1 0.562890625 0.6527777777777778 0.021875 0.07222222222222222
1 0.90390625 0.61875 0.01875 0.05277777777777778
1 0.57890625 0.70625 0.01875 0.030555555555555555
0 0.087890625 0.4 0.1421875 0.23194444444444445
1 0.245703125 0.4625 0.0171875 0.030555555555555555
1 0.57109375 0.1986111111111111 0.021875 0.059722222222222225
1 0.202734375 0.5631944444444444 0.01640625 0.03333333333333333
1 0.75390625 0.27361111111111114 0.01796875 0.03333333333333333
1 0.4046875 0.23819444444444443 0.0234375 0.044444444444444446
1 0.398046875 0.9048611111111111 0.01875 0.03194444444444444
1 0.366015625 0.575 0.021875 0.03611111111111111
1 0.45234375 0.9243055555555556 0.0203125 0.044444444444444446
1 0.946484375 0.9229166666666667 0.0796875 0.08472222222222223
1 0.598828125 0.8423611111111111 0.0265625 0.06805555555555555
1 0.20625 0.09722222222222222 0.0453125 0.12777777777777777
1 0.9875 0.14166666666666666 0.025 0.059722222222222225
1 0.544921875 0.47291666666666665 0.01875 0.03611111111111111
1 0.882421875 0.6972222222222222 0.03125 0.04583333333333333
0 0.67265625 0.5284722222222222 0.2046875 0.23333333333333334
1 0.339453125 0.3263888888888889 0.01953125 0.03333333333333333
1 0.69921875 0.8451388888888889 0.04140625 0.058333333333333334
1 0.70390625 0.35347222222222224 0.025 0.030555555555555555
1 0.721484375 0.2743055555555556 0.03359375 0.09166666666666666
1 0.58046875 0.7645833333333333 0.03671875 0.06805555555555555
1 0.130859375 0.90625 0.028125 0.07916666666666666
0 0.643359375 0.7458333333333333 0.13984375 0.5083333333333333
1 0.251953125 0.8270833333333333 0.01328125 0.03888888888888889
1 0.85625 0.1076388888888889 0.03203125 0.06388888888888888
1 0.436328125 0.8145833333333333 0.02421875 0.034722222222222224
1 0.068359375 0.9763888888888889 0.0421875 0.04722222222222222
1 0.53984375 0.5694444444444444 0.01328125 0.04027777777777778
1 0.15703125 0.5722222222222222 0.02109375 0.03888888888888889
1 0.945703125 0.35 0.01484375 0.02638888888888889
1 0.581640625 0.30486111111111114 0.02578125 0.06805555555555555
1 0.825390625 0.11458333333333333 0.02734375 0.06388888888888888
1 0.96015625 0.44930555555555557 0.0140625 0.02361111111111111
0 0.151953125 0.9284722222222223 0.06484375 0.14305555555555555
1 0.21796875 0.8201388888888889 0.03515625 0.059722222222222225
1 0.926953125 0.6354166666666666 0.01953125 0.0375
1 0.069921875 0.37777777777777777 0.0265625 0.06388888888888888
1 0.462109375 0.5819444444444445 0.0296875 0.07083333333333333
1 0.91328125 0.07013888888888889 0.0234375 0.043055555555555555
0 0.648828125 0.26180555555555557 0.26953125 0.5236111111111111
1 0.41640625 0.15069444444444444 0.01328125 0.022222222222222223
1 0.08828125 0.7833333333333333 0.021875 0.05138888888888889
1 0.763671875 0.21736111111111112 0.0171875 0.025
1 0.191796875 0.5090277777777777 0.01640625 0.03194444444444444
1 0.88984375 0.48333333333333334 0.03046875 0.05416666666666667
1 0.19375 0.02638888888888889 0.0265625 0.03888888888888889
1 0.15 0.2590277777777778 0.025 0.04583333333333333
1 0.796484375 0.2534722222222222 0.0171875 0.025
1 0.851953125 0.041666666666666664 0.02421875 0.043055555555555555
1 0.950390625 0.06111111111111111 0.03359375 0.05694444444444444
1 0.572265625 0.9784722222222222 0.02421875 0.0375
1 0.983203125 0.40694444444444444 0.03359375 0.07222222222222222
1 0.526953125 0.14166666666666666 0.02109375 0.029166666666666667
1 0.402734375 0.37569444444444444 0.015625 0.041666666666666664
1 0.673828125 0.13472222222222222 0.0234375 0.04583333333333333
1 0.206640625 0.4166666666666667 0.01640625 0.04722222222222222
1 0.189453125 0.4166666666666667 0.01484375 0.034722222222222224
1 0.170703125 0.4111111111111111 0.01796875 0.0375
1 0.296875 0.29444444444444445 0.009375 0.027777777777777776
1 0.1546875 0.8319444444444445 0.0234375 0.05555555555555555
1 0.161328125 0.32013888888888886 0.01796875 0.034722222222222224
1 0.9640625 0.1701388888888889 0.015625 0.030555555555555555
1 0.5734375 0.07152777777777777 0.01640625 0.03611111111111111
1 0.95625 0.6048611111111111 0.0234375 0.04722222222222222
1 0.975 0.8326388888888889 0.03671875 0.02638888888888889
1 0.161328125 0.7194444444444444 0.01640625 0.030555555555555555
1 0.99140625 0.8833333333333333 0.0171875 0.03888888888888889
1 0.6234375 0.9430555555555555 0.028125 0.059722222222222225
1 0.870703125 0.18333333333333332 0.03046875 0.08333333333333333
1 0.53671875 0.9534722222222223 0.01875 0.03194444444444444
0 0.13125 0.7298611111111111 0.18125 0.30277777777777776
1 0.830078125 0.9083333333333333 0.0171875 0.030555555555555555
1 0.74375 0.41388888888888886 0.01875 0.03611111111111111
1 0.937890625 0.41875 0.021875 0.020833333333333332
1 0.775390625 0.10277777777777777 0.01640625 0.041666666666666664
1 0.3734375 0.8986111111111111 0.01484375 0.030555555555555555
1 0.326171875 0.41805555555555557 0.01328125 0.027777777777777776
1 0.64296875 0.875 0.015625 0.027777777777777776
1 0.52890625 0.8833333333333333 0.0109375 0.020833333333333332