0 0.694140625 0.6041666666666666 0.2359375 0.40555555555555556
1 0.3140625 0.2548611111111111 0.03046875 0.06527777777777778
1 0.234765625 0.07569444444444444 0.05703125 0.1375
1 0.12578125 0.06111111111111111 0.03515625 0.03611111111111111
1 0.028515625 0.13194444444444445 0.03125 0.04583333333333333
1 0.146484375 0.5951388888888889 0.0296875 0.058333333333333334
1 0.22421875 0.6513888888888889 0.0203125 0.034722222222222224
1 0.27890625 0.6395833333333333 0.02890625 0.034722222222222224
1 0.283984375 0.5479166666666667 0.0265625 0.05138888888888889
1 0.9328125 0.6347222222222222 0.025 0.0375
1 0.840625 0.61875 0.04453125 0.07777777777777778
1 0.88046875 0.6854166666666667 0.01953125 0.05694444444444444
1 0.965625 0.44513888888888886 0.0609375 0.12638888888888888
1 0.9890625 0.09861111111111111 0.021875 0.06388888888888888
1 0.848828125 0.08402777777777778 0.02578125 0.07222222222222222
1 0.84453125 0.22430555555555556 0.06953125 0.16666666666666666
1 0.767578125 0.4909722222222222 0.06328125 0.08888888888888889
1 0.883984375 0.42291666666666666 0.03125 0.07083333333333333
1 0.79453125 0.8604166666666667 0.01875 0.03194444444444444
1 0.825 0.9631944444444445 0.02734375 0.03888888888888889
1 0.944921875 0.9881944444444445 0.04609375 0.02361111111111111
1 0.9640625 0.8055555555555556 0.0390625 0.0875
1 0.628515625 0.09722222222222222 0.0296875 0.041666666666666664
1 0.601953125 0.9715277777777778 0.04296875 0.04722222222222222
1 0.616015625 0.9423611111111111 0.021875 0.05277777777777778
1 0.65390625 0.9743055555555555 0.02109375 0.05138888888888889
1 0.50546875 0.5256944444444445 0.02578125 0.05
1 0.24765625 0.2881944444444444 0.03203125 0.05277777777777778
1 0.1734375 0.6555555555555556 0.0515625 0.08611111111111111
1 0.196484375 0.8451388888888889 0.04375 0.06388888888888888
1 0.267578125 0.7909722222222222 0.05703125 0.09861111111111111
1 0.236328125 0.7263888888888889 0.03984375 0.06527777777777778
0 0.158203125 0.38055555555555554 0.13984375 0.4013888888888889
0 0.156640625 0.7493055555555556 0.11484375 0.24583333333333332
0 0.156640625 0.9069444444444444 0.09375 0.18055555555555555
0 0.690625 0.2881944444444444 0.21875 0.35833333333333334
1 0.065625 0.79375 0.03359375 0.05694444444444444
1 0.984375 0.5881944444444445 0.02890625 0.08055555555555556
1 0.890625 0.05138888888888889 0.04296875 0.10277777777777777