1 0.53984375 0.13541666666666666 0.0234375 0.027083333333333334
1 0.01796875 0.675 0.015625 0.01875
1 0.415625 0.13229166666666667 0.025 0.022916666666666665
1 0.5 0.3260416666666667 0.0140625 0.020833333333333332
1 0.6671875 0.8375 0.0203125 0.041666666666666664
1 0.3796875 0.9239583333333333 0.0109375 0.020833333333333332
1 0.16953125 0.49375 0.0359375 0.04375
1 0.23359375 0.21770833333333334 0.0234375 0.03958333333333333
1 0.42109375 0.24895833333333334 0.0203125 0.022916666666666665
1 0.72265625 0.15625 0.0265625 0.025
1 0.578125 0.49166666666666664 0.0140625 0.01875
1 0.80859375 0.30625 0.015625 0.01875
1 0.475 0.4197916666666667 0.0171875 0.03125
1 0.53125 0.2677083333333333 0.0203125 0.03333333333333333
1 0.43515625 0.284375 0.0265625 0.035416666666666666
0 0.68203125 0.5385416666666667 0.234375 0.07291666666666667
0 0.7296875 0.03229166666666667 0.0890625 0.06458333333333334
0 0.68828125 0.7875 0.2171875 0.125
1 0.8859375 0.25 0.0265625 0.029166666666666667
1 0.77109375 0.3385416666666667 0.0171875 0.027083333333333334
1 0.46328125 0.9145833333333333 0.015625 0.020833333333333332
1 0.9546875 0.5583333333333333 0.0171875 0.022916666666666665
1 0.39375 0.09166666666666666 0.015625 0.01875
1 0.28203125 0.440625 0.01875 0.027083333333333334
1 0.3375 0.7604166666666666 0.0203125 0.03125
1 0.5515625 0.8583333333333333 0.0375 0.041666666666666664
1 0.5609375 0.4354166666666667 0.021875 0.025
1 0.35390625 0.31354166666666666 0.0125 0.020833333333333332
1 0.76015625 0.446875 0.0203125 0.022916666666666665
1 0.61484375 0.2791666666666667 0.025 0.022916666666666665
1 0.88125 0.1125 0.028125 0.03125
1 0.29921875 0.37083333333333335 0.0328125 0.05625
1 0.596875 0.3958333333333333 0.0234375 0.01875
1 0.77421875 0.903125 0.03125 0.025
1 0.56640625 0.98125 0.015625 0.0375
1 0.46015625 0.840625 0.0203125 0.020833333333333332
1 0.39609375 0.5135416666666667 0.015625 0.01875
1 0.41015625 0.41770833333333335 0.025 0.01875
1 0.03671875 0.5916666666666667 0.0125 0.020833333333333332
1 0.0125 0.036458333333333336 0.025 0.04791666666666667
1 0.47578125 0.6739583333333333 0.03125 0.020833333333333332
1 0.825 0.3375 0.01875 0.025
1 0.44765625 0.14791666666666667 0.01875 0.025
1 0.3609375 0.15729166666666666 0.0203125 0.025
1 0.48203125 0.9458333333333333 0.021875 0.022916666666666665
1 0.825 0.9885416666666667 0.0234375 0.022916666666666665
1 0.5625 0.7447916666666666 0.03125 0.03125
1 0.39921875 0.023958333333333335 0.021875 0.020833333333333332
0 0.66875 0.9416666666666667 0.046875 0.11666666666666667
0 0.72265625 0.18645833333333334 0.278125 0.20416666666666666