1 0.02265625 0.22395833333333334 0.0203125 0.016666666666666666
1 0.32265625 0.08645833333333333 0.0171875 0.025
0 0.48125 0.14791666666666667 0.1921875 0.29375
0 0.4625 0.25104166666666666 0.365625 0.3458333333333333
0 0.41328125 0.5375 0.271875 0.6291666666666667
0 0.36875 0.7322916666666667 0.1734375 0.5354166666666667
0 0.60546875 0.9583333333333334 0.4234375 0.08333333333333333
1 0.71171875 0.109375 0.03125 0.035416666666666666
1 0.6 0.215625 0.034375 0.029166666666666667
1 0.34296875 0.21875 0.0328125 0.04583333333333333
1 0.315625 0.23229166666666667 0.01875 0.020833333333333332
1 0.1375 0.17395833333333333 0.021875 0.027083333333333334
1 0.18515625 0.48333333333333334 0.059375 0.08541666666666667
1 0.225 0.4864583333333333 0.028125 0.05
1 0.1453125 0.5541666666666667 0.03125 0.035416666666666666
1 0.09921875 0.59375 0.0375 0.05625
1 0.0609375 0.44583333333333336 0.021875 0.020833333333333332
1 0.96171875 0.07604166666666666 0.0203125 0.022916666666666665
1 0.8171875 0.08125 0.0203125 0.041666666666666664
1 0.83046875 0.23958333333333334 0.0515625 0.05625
1 0.73359375 0.35625 0.0265625 0.025
1 0.63125 0.37083333333333335 0.0421875 0.04791666666666667
1 0.59453125 0.40729166666666666 0.0265625 0.03125
1 0.64609375 0.265625 0.021875 0.03333333333333333
1 0.8 0.5270833333333333 0.028125 0.03125
1 0.9921875 0.46979166666666666 0.015625 0.041666666666666664
1 0.98125 0.2125 0.025 0.025
1 0.84140625 0.4427083333333333 0.025 0.041666666666666664
1 0.68828125 0.6864583333333333 0.0203125 0.035416666666666666
1 0.6234375 0.6645833333333333 0.05 0.075
1 0.66640625 0.7302083333333333 0.021875 0.029166666666666667
1 0.57109375 0.6927083333333334 0.040625 0.052083333333333336
1 0.4625 0.671875 0.0203125 0.020833333333333332
1 0.53515625 0.7541666666666667 0.028125 0.03333333333333333
1 0.63046875 0.828125 0.028125 0.0375
1 0.55078125 0.8291666666666667 0.0453125 0.06458333333333334
1 0.61953125 0.8833333333333333 0.0203125 0.029166666666666667
1 0.78125 0.7708333333333334 0.0234375 0.035416666666666666
1 0.70859375 0.8229166666666666 0.015625 0.020833333333333332
1 0.56171875 0.8739583333333333 0.021875 0.025
1 0.81875 0.8958333333333334 0.0140625 0.01875
1 0.96875 0.690625 0.0546875 0.06666666666666667
1 0.70546875 0.7166666666666667 0.0328125 0.07708333333333334
1 0.92265625 0.68125 0.0203125 0.025
1 0.71015625 0.3333333333333333 0.01875 0.0375
1 0.6953125 0.5322916666666667 0.021875 0.016666666666666666
1 0.946875 0.20416666666666666 0.021875 0.022916666666666665
1 0.7984375 0.3 0.034375 0.03333333333333333
1 0.7984375 0.3416666666666667 0.0265625 0.04583333333333333
1 0.2921875 0.28541666666666665 0.025 0.04791666666666667