1 0.66875 0.2152777777777778 0.0140625 0.025
1 0.22421875 0.1736111111111111 0.034375 0.12777777777777777
1 0.19765625 0.07222222222222222 0.025 0.03611111111111111
1 0.223828125 0.006944444444444444 0.01328125 0.013888888888888888
1 0.292578125 0.034027777777777775 0.01640625 0.02638888888888889
1 0.15546875 0.06041666666666667 0.021875 0.03333333333333333
1 0.10078125 0.13958333333333334 0.0390625 0.07222222222222222
1 0.12734375 0.22916666666666666 0.01640625 0.05555555555555555
1 0.155859375 0.22847222222222222 0.015625 0.02361111111111111
1 0.150390625 0.20208333333333334 0.01328125 0.016666666666666666
1 0.098046875 0.2965277777777778 0.01640625 0.03194444444444444
1 0.096484375 0.2569444444444444 0.00546875 0.015277777777777777
1 0.058984375 0.3729166666666667 0.025 0.05694444444444444
1 0.08671875 0.4166666666666667 0.01015625 0.016666666666666666
1 0.255078125 0.40694444444444444 0.01875 0.034722222222222224
1 0.271484375 0.46944444444444444 0.0453125 0.08055555555555556
1 0.237109375 0.48333333333333334 0.02109375 0.044444444444444446
1 0.196875 0.5354166666666667 0.0234375 0.0375
1 0.235546875 0.5944444444444444 0.03515625 0.05416666666666667
1 0.16640625 0.5777777777777777 0.021875 0.04722222222222222
1 0.251953125 0.6548611111111111 0.03046875 0.04722222222222222
1 0.326953125 0.6131944444444445 0.00703125 0.018055555555555554
1 0.291015625 0.7138888888888889 0.0296875 0.05416666666666667
1 0.26796875 0.7875 0.01484375 0.029166666666666667
1 0.2390625 0.8076388888888889 0.01953125 0.0375
1 0.210546875 0.8277777777777777 0.01953125 0.0375
1 0.205078125 0.6958333333333333 0.01796875 0.034722222222222224
1 0.15625 0.8520833333333333 0.01640625 0.03333333333333333
1 0.128515625 0.8090277777777778 0.0109375 0.034722222222222224
1 0.167578125 0.8847222222222222 0.0109375 0.016666666666666666
1 0.171875 0.9159722222222222 0.02265625 0.03333333333333333
1 0.198828125 0.98125 0.02109375 0.0375
1 0.230859375 0.9645833333333333 0.0125 0.025
1 0.254296875 0.8673611111111111 0.02421875 0.05138888888888889
1 0.2359375 0.8916666666666667 0.0125 0.022222222222222223
1 0.284375 0.9833333333333333 0.0234375 0.03333333333333333
1 0.3203125 0.8979166666666667 0.01328125 0.02638888888888889
1 0.502734375 0.8548611111111111 0.01484375 0.07083333333333333
1 0.63828125 0.9229166666666667 0.01484375 0.02361111111111111
1 0.70625 0.9944444444444445 0.015625 0.011111111111111112
1 0.75859375 0.9395833333333333 0.00859375 0.029166666666666667
1 0.797265625 0.9326388888888889 0.0671875 0.09444444444444444
1 0.82421875 0.98125 0.02421875 0.0375
1 0.740234375 0.86875 0.01953125 0.043055555555555555
1 0.707421875 0.8791666666666667 0.021875 0.05694444444444444
1 0.67421875 0.8861111111111111 0.01015625 0.02361111111111111
1 0.676953125 0.7826388888888889 0.02578125 0.03888888888888889
1 0.654296875 0.8069444444444445 0.02890625 0.06111111111111111
1 0.7359375 0.8034722222222223 0.01875 0.041666666666666664
1 0.705078125 0.70625 0.040625 0.06388888888888888
1 0.729296875 0.6611111111111111 0.0234375 0.044444444444444446
1 0.60546875 0.6409722222222223 0.0578125 0.14583333333333334
1 0.66953125 0.5180555555555556 0.0265625 0.05555555555555555
1 0.644140625 0.5020833333333333 0.01640625 0.03611111111111111
1 0.603125 0.48541666666666666 0.0078125 0.013888888888888888
1 0.60859375 0.425 0.03359375 0.058333333333333334
1 0.580078125 0.4125 0.02578125 0.05
1 0.658984375 0.41041666666666665 0.01953125 0.02361111111111111
1 0.68984375 0.4444444444444444 0.0296875 0.05138888888888889
1 0.734765625 0.5416666666666666 0.03125 0.058333333333333334
1 0.76640625 0.5347222222222222 0.02890625 0.04583333333333333
1 0.796484375 0.5270833333333333 0.01171875 0.034722222222222224
1 0.815625 0.5763888888888888 0.02578125 0.05
1 0.86640625 0.5958333333333333 0.01796875 0.027777777777777776
1 0.872265625 0.5583333333333333 0.0171875 0.027777777777777776
1 0.90390625 0.5354166666666667 0.02109375 0.03333333333333333
1 0.94375 0.5722222222222222 0.02890625 0.044444444444444446
1 0.98671875 0.4909722222222222 0.0265625 0.04722222222222222
1 0.9125 0.47638888888888886 0.01640625 0.02638888888888889
1 0.9296875 0.42430555555555555 0.01328125 0.02361111111111111
1 0.88828125 0.43194444444444446 0.015625 0.02361111111111111
1 0.844140625 0.41805555555555557 0.03203125 0.06527777777777778
1 0.879296875 0.3958333333333333 0.01640625 0.03333333333333333
1 0.747265625 0.3326388888888889 0.03203125 0.07777777777777778
1 0.7890625 0.34097222222222223 0.0109375 0.020833333333333332
1 0.80234375 0.41180555555555554 0.03125 0.07222222222222222
1 0.713671875 0.3798611111111111 0.0140625 0.02361111111111111
1 0.71796875 0.35138888888888886 0.00859375 0.0125
1 0.66796875 0.29375 0.028125 0.08888888888888889
1 0.693359375 0.32708333333333334 0.0234375 0.0625
1 0.71640625 0.27569444444444446 0.021875 0.05694444444444444
1 0.73515625 0.25 0.0234375 0.043055555555555555
1 0.7328125 0.21319444444444444 0.01171875 0.020833333333333332
1 0.748828125 0.16458333333333333 0.0390625 0.07222222222222222
1 0.762890625 0.23055555555555557 0.02265625 0.08888888888888889
1 0.694140625 0.1701388888888889 0.03046875 0.06111111111111111
1 0.712109375 0.13819444444444445 0.01875 0.03888888888888889
1 0.720703125 0.04375 0.02421875 0.05138888888888889
1 0.723828125 0.10277777777777777 0.028125 0.059722222222222225
1 0.675390625 0.02013888888888889 0.01875 0.04027777777777778
1 0.800390625 0.06180555555555556 0.01953125 0.041666666666666664
1 0.7828125 0.14444444444444443 0.0328125 0.05277777777777778
1 0.820703125 0.1423611111111111 0.02734375 0.059722222222222225
1 0.883984375 0.1763888888888889 0.01015625 0.020833333333333332
1 0.8578125 0.05694444444444444 0.01953125 0.06388888888888888
1 0.971484375 0.027777777777777776 0.02421875 0.05555555555555555
1 0.97578125 0.08055555555555556 0.02265625 0.0375
1 0.977734375 0.2152777777777778 0.04453125 0.11388888888888889
1 0.98125 0.31319444444444444 0.0375 0.06111111111111111
1 0.965625 0.36319444444444443 0.025 0.03888888888888889
1 0.90859375 0.275 0.01796875 0.03333333333333333
1 0.96328125 0.4861111111111111 0.0125 0.022222222222222223
1 0.9875 0.7743055555555556 0.025 0.04583333333333333
1 0.98359375 0.8916666666666667 0.0328125 0.05
1 0.952734375 0.9069444444444444 0.00859375 0.013888888888888888
1 0.83046875 0.8111111111111111 0.0296875 0.075
1 0.85546875 0.84375 0.0265625 0.043055555555555555
1 0.9 0.8041666666666667 0.04921875 0.13194444444444445
1 0.800390625 0.8243055555555555 0.01171875 0.016666666666666666
1 0.41015625 0.3597222222222222 0.02109375 0.05555555555555555
1 0.4828125 0.45069444444444445 0.01015625 0.018055555555555554
1 0.46015625 0.6201388888888889 0.00859375 0.016666666666666666
1 0.628515625 0.13402777777777777 0.01953125 0.05138888888888889
1 0.649609375 0.17777777777777778 0.01484375 0.02638888888888889
1 0.659765625 0.1284722222222222 0.0109375 0.02638888888888889
1 0.586328125 0.11736111111111111 0.021875 0.04027777777777778
1 0.455859375 0.013888888888888888 0.01328125 0.015277777777777777
1 0.24140625 0.3451388888888889 0.015625 0.019444444444444445
1 0.25625 0.3590277777777778 0.01328125 0.020833333333333332
1 0.1515625 0.4111111111111111 0.01484375 0.02638888888888889
1 0.18359375 0.44375 0.00703125 0.013888888888888888
1 0.190625 0.4263888888888889 0.00859375 0.013888888888888888
1 0.138671875 0.5340277777777778 0.0140625 0.0375
1 0.1375 0.5756944444444444 0.01953125 0.029166666666666667
1 0.10390625 0.95 0.0171875 0.03333333333333333
1 0.261328125 0.7493055555555556 0.01484375 0.019444444444444445
0 0.100390625 0.15833333333333333 0.20078125 0.31666666666666665
0 0.158203125 0.35694444444444445 0.23203125 0.22777777777777777
0 0.157421875 0.6743055555555556 0.10390625 0.3875
0 0.16171875 0.7993055555555556 0.109375 0.2638888888888889
0 0.66796875 0.8868055555555555 0.075 0.2263888888888889
0 0.7453125 0.5111111111111111 0.25546875 0.2791666666666667
0 0.735546875 0.3458333333333333 0.23671875 0.4166666666666667
1 0.830859375 0.3236111111111111 0.00859375 0.015277777777777777
0 0.686328125 0.16319444444444445 0.0828125 0.3263888888888889