1 0.78671875 0.5458333333333333 0.0375 0.04791666666666667
0 0.49140625 0.6260416666666667 0.11875 0.3729166666666667
0 0.61015625 0.534375 0.3671875 0.3854166666666667
0 0.67265625 0.20625 0.6546875 0.3020833333333333
0 0.60078125 0.8583333333333333 0.24375 0.2833333333333333
1 0.1921875 0.9125 0.0140625 0.020833333333333332
1 0.15703125 0.9708333333333333 0.0203125 0.035416666666666666
1 0.0359375 0.41770833333333335 0.025 0.027083333333333334
1 0.05546875 0.3885416666666667 0.015625 0.014583333333333334
1 0.2015625 0.49583333333333335 0.01875 0.01875
1 0.1671875 0.659375 0.0375 0.0375
1 0.47265625 0.596875 0.0171875 0.01875
1 0.475 0.715625 0.021875 0.0375
1 0.43671875 0.715625 0.0171875 0.027083333333333334
1 0.38359375 0.7895833333333333 0.0359375 0.035416666666666666
1 0.80546875 0.7895833333333333 0.0171875 0.04375
1 0.76171875 0.728125 0.028125 0.03125
1 0.66953125 0.8572916666666667 0.028125 0.025
1 0.6421875 0.790625 0.0140625 0.020833333333333332
1 0.8359375 0.546875 0.0265625 0.05
1 0.975 0.46770833333333334 0.0359375 0.03958333333333333
1 0.9390625 0.11041666666666666 0.0140625 0.0125
1 0.59609375 0.040625 0.0171875 0.016666666666666666
1 0.546875 0.019791666666666666 0.0171875 0.027083333333333334
1 0.665625 0.09895833333333333 0.090625 0.11458333333333333
1 0.66484375 0.321875 0.0296875 0.035416666666666666
1 0.5328125 0.3645833333333333 0.0359375 0.03125
1 0.3703125 0.29270833333333335 0.034375 0.0375
1 0.43359375 0.20625 0.0234375 0.016666666666666666
1 0.46171875 0.14375 0.03125 0.07083333333333333
1 0.23046875 0.134375 0.015625 0.020833333333333332
1 0.23828125 0.009375 0.01875 0.01875
1 0.37890625 0.020833333333333332 0.0375 0.041666666666666664