1 0.21328125 0.371875 0.0203125 0.027083333333333334
1 0.18828125 0.390625 0.0234375 0.03958333333333333
1 0.32734375 0.31354166666666666 0.0359375 0.04375
1 0.31640625 0.278125 0.01875 0.020833333333333332
1 0.5109375 0.33645833333333336 0.025 0.025
1 0.484375 0.32708333333333334 0.021875 0.027083333333333334
1 0.5109375 0.3854166666666667 0.0359375 0.03958333333333333
1 0.47265625 0.45 0.0296875 0.04375
1 0.45 0.4625 0.0359375 0.04583333333333333
1 0.51640625 0.49583333333333335 0.025 0.03958333333333333
1 0.509375 0.5375 0.021875 0.025
1 0.3515625 0.5552083333333333 0.0296875 0.03333333333333333
1 0.3203125 0.5916666666666667 0.021875 0.022916666666666665
1 0.63125 0.41875 0.015625 0.016666666666666666
1 0.7953125 0.496875 0.0171875 0.027083333333333334
1 0.49140625 0.06354166666666666 0.0390625 0.025
1 0.51171875 0.09479166666666666 0.028125 0.029166666666666667
1 0.6703125 0.04583333333333333 0.0375 0.05625
1 0.7859375 0.10833333333333334 0.025 0.03958333333333333
1 0.753125 0.11875 0.0109375 0.03333333333333333
1 0.76953125 0.12291666666666666 0.0140625 0.03333333333333333
1 0.8125 0.159375 0.0109375 0.010416666666666666
1 0.70625 0.06666666666666667 0.028125 0.05
1 0.71328125 0.007291666666666667 0.0203125 0.014583333333333334
1 0.709375 0.036458333333333336 0.0125 0.014583333333333334
1 0.82890625 0.005208333333333333 0.0140625 0.010416666666666666
1 0.88515625 0.00625 0.0203125 0.0125
1 0.34609375 0.13229166666666667 0.04375 0.041666666666666664
1 0.3046875 0.16354166666666667 0.0359375 0.029166666666666667
1 0.3125 0.12708333333333333 0.015625 0.022916666666666665
1 0.29453125 0.140625 0.0125 0.0125
1 0.3078125 0.08333333333333333 0.015625 0.025
1 0.259375 0.13333333333333333 0.0140625 0.016666666666666666
1 0.20859375 0.04583333333333333 0.015625 0.020833333333333332
1 0.28125 0.08645833333333333 0.0171875 0.029166666666666667
1 0.28984375 0.09895833333333333 0.0140625 0.020833333333333332
1 0.29296875 0.004166666666666667 0.021875 0.008333333333333333
1 0.23984375 0.48125 0.0171875 0.01875
1 0.21171875 0.47708333333333336 0.0171875 0.0125
1 0.00859375 0.15208333333333332 0.0171875 0.029166666666666667
1 0.48125 0.8020833333333334 0.0296875 0.029166666666666667
1 0.46640625 0.78125 0.0296875 0.04791666666666667
1 0.65546875 0.6458333333333334 0.01875 0.035416666666666666
1 0.6390625 0.66875 0.0265625 0.04583333333333333
0 0.63828125 0.125 0.1171875 0.25
0 0.6671875 0.20104166666666667 0.3578125 0.38333333333333336
0 0.70859375 0.6104166666666667 0.36875 0.29583333333333334
0 0.63828125 0.83125 0.3109375 0.3375
0 0.55546875 0.9427083333333334 0.08125 0.11458333333333333
1 0.0265625 0.990625 0.028125 0.01875
1 0.67265625 0.24895833333333334 0.0109375 0.016666666666666666
1 0.8953125 0.2791666666666667 0.0109375 0.0125
1 0.9921875 0.2760416666666667 0.015625 0.027083333333333334
1 0.94375 0.6114583333333333 0.0203125 0.022916666666666665
1 0.81796875 0.7458333333333333 0.0171875 0.020833333333333332
1 0.8109375 0.96875 0.0125 0.027083333333333334
1 0.8078125 0.9927083333333333 0.0234375 0.014583333333333334
1 0.8265625 0.9802083333333333 0.01875 0.022916666666666665
1 0.96328125 0.93125 0.0734375 0.07708333333333334
1 0.978125 0.8822916666666667 0.0203125 0.014583333333333334
1 0.95078125 0.734375 0.015625 0.022916666666666665
1 0.79453125 0.9697916666666667 0.021875 0.035416666666666666
1 0.78984375 0.846875 0.015625 0.01875
1 0.70390625 0.890625 0.025 0.03958333333333333
1 0.93671875 0.5510416666666667 0.0140625 0.025
1 0.96328125 0.5791666666666667 0.015625 0.010416666666666666
1 0.98828125 0.5510416666666667 0.0203125 0.041666666666666664
1 0.97578125 0.578125 0.009375 0.016666666666666666
1 0.89921875 0.396875 0.021875 0.025
1 0.8640625 0.384375 0.0359375 0.05416666666666667
1 0.90546875 0.4479166666666667 0.01875 0.025
1 0.9296875 0.45729166666666665 0.0234375 0.04583333333333333
1 0.946875 0.4114583333333333 0.025 0.029166666666666667
1 0.9546875 0.384375 0.0234375 0.05
1 0.915625 0.31354166666666666 0.0171875 0.01875
1 0.9390625 0.2677083333333333 0.01875 0.022916666666666665