0 0.4640625 0.07083333333333333 0.2390625 0.125
0 0.44296875 0.42604166666666665 0.3140625 0.12083333333333333
0 0.42421875 0.9052083333333333 0.203125 0.18958333333333333
1 0.09453125 0.79375 0.0296875 0.022916666666666665
1 0.05625 0.05 0.0203125 0.01875
1 0.3375 0.8010416666666667 0.0265625 0.027083333333333334
1 0.2421875 0.5864583333333333 0.0296875 0.03333333333333333
1 0.49453125 0.3385416666666667 0.0390625 0.04375
1 0.6625 0.484375 0.0359375 0.041666666666666664
1 0.74453125 0.9802083333333333 0.040625 0.03958333333333333
1 0.2609375 0.15729166666666666 0.0125 0.022916666666666665
0 0.45 0.6052083333333333 0.2546875 0.10208333333333333
1 0.2984375 0.5458333333333333 0.021875 0.027083333333333334
1 0.7578125 0.73125 0.0234375 0.04375
1 0.66171875 0.009375 0.0328125 0.01875
1 0.61171875 0.475 0.021875 0.03125
1 0.5625 0.46770833333333334 0.0234375 0.03958333333333333
1 0.6875 0.29270833333333335 0.021875 0.014583333333333334
1 0.9640625 0.43125 0.0265625 0.020833333333333332
1 0.73515625 0.23645833333333333 0.015625 0.03125
1 0.12265625 0.21458333333333332 0.0328125 0.035416666666666666
1 0.46875 0.07708333333333334 0.0203125 0.0375