1 0.78828125 0.8135416666666667 0.021875 0.025
0 0.4671875 0.9822916666666667 0.0625 0.035416666666666666
0 0.490625 0.7572916666666667 0.1109375 0.3020833333333333
0 0.48046875 0.490625 0.1109375 0.36041666666666666
0 0.49296875 0.16770833333333332 0.1640625 0.33541666666666664
1 0.3296875 0.45729166666666665 0.059375 0.08333333333333333
1 0.3859375 0.440625 0.0265625 0.035416666666666666
1 0.31953125 0.5416666666666666 0.015625 0.020833333333333332
1 0.21171875 0.61875 0.028125 0.035416666666666666
1 0.03515625 0.690625 0.01875 0.022916666666666665
1 0.03828125 0.721875 0.025 0.029166666666666667
1 0.18671875 0.7895833333333333 0.0265625 0.022916666666666665
1 0.11484375 0.8447916666666667 0.021875 0.029166666666666667
1 0.2390625 0.8479166666666667 0.0390625 0.04583333333333333
1 0.34765625 0.8979166666666667 0.0421875 0.0625
1 0.525 0.95 0.0296875 0.0375
1 0.62578125 0.8645833333333334 0.028125 0.04375
1 0.5234375 0.73125 0.0109375 0.0125
1 0.5625 0.7572916666666667 0.0578125 0.08958333333333333
1 0.59765625 0.7322916666666667 0.03125 0.04791666666666667
1 0.690625 0.8822916666666667 0.0203125 0.020833333333333332
1 0.72890625 0.8739583333333333 0.009375 0.016666666666666666
1 0.71328125 0.7114583333333333 0.025 0.05
1 0.76171875 0.665625 0.0265625 0.03333333333333333
1 0.78984375 0.7145833333333333 0.021875 0.03333333333333333
1 0.85546875 0.7270833333333333 0.0375 0.03333333333333333
1 0.8953125 0.7052083333333333 0.025 0.058333333333333334
1 0.92265625 0.75 0.034375 0.035416666666666666
1 0.9875 0.784375 0.025 0.0625
1 0.96171875 0.9125 0.0390625 0.07916666666666666
1 0.7875 0.5541666666666667 0.0421875 0.03333333333333333
1 0.59765625 0.55 0.028125 0.035416666666666666
1 0.6484375 0.48125 0.01875 0.027083333333333334
1 0.5734375 0.36875 0.0359375 0.041666666666666664
1 0.759375 0.23645833333333333 0.028125 0.06666666666666667
1 0.61796875 0.0875 0.0625 0.07083333333333333
1 0.65625 0.016666666666666666 0.01875 0.03333333333333333
1 0.68359375 0.06770833333333333 0.0359375 0.03125
1 0.5015625 0.07916666666666666 0.0515625 0.04791666666666667
1 0.5453125 0.075 0.015625 0.01875
1 0.4640625 0.11041666666666666 0.0171875 0.027083333333333334
1 0.3625 0.020833333333333332 0.028125 0.029166666666666667
1 0.26328125 0.07604166666666666 0.028125 0.04375
1 0.24140625 0.11770833333333333 0.0203125 0.03333333333333333
1 0.2734375 0.153125 0.021875 0.029166666666666667
1 0.26171875 0.35833333333333334 0.028125 0.03333333333333333
1 0.2140625 0.42083333333333334 0.03125 0.06041666666666667
1 0.30625 0.2833333333333333 0.015625 0.022916666666666665
1 0.0265625 0.43645833333333334 0.03125 0.04583333333333333
1 0.0140625 0.3302083333333333 0.028125 0.029166666666666667
1 0.03828125 0.051041666666666666 0.025 0.029166666666666667
1 0.096875 0.09166666666666666 0.0359375 0.052083333333333336
1 0.43046875 0.14166666666666666 0.0140625 0.01875
1 0.41328125 0.23020833333333332 0.025 0.025
1 0.04140625 0.2625 0.0171875 0.025
1 0.19375 0.7395833333333334 0.015625 0.014583333333333334
1 0.35625 0.32708333333333334 0.0171875 0.01875
1 0.10703125 0.18958333333333333 0.015625 0.016666666666666666
1 0.325 0.0875 0.053125 0.03333333333333333
1 0.0796875 0.425 0.0140625 0.01875
1 0.0546875 0.384375 0.0296875 0.03333333333333333
1 0.09609375 0.815625 0.0109375 0.022916666666666665
1 0.0546875 0.8072916666666666 0.015625 0.020833333333333332
1 0.0359375 0.6385416666666667 0.025 0.025
1 0.03125 0.009375 0.0125 0.01875
1 0.0453125 0.11354166666666667 0.028125 0.029166666666666667
1 0.0140625 0.14375 0.025 0.025
1 0.0140625 0.5541666666666667 0.025 0.027083333333333334
1 0.92109375 0.4239583333333333 0.0375 0.020833333333333332
1 0.85625 0.35208333333333336 0.01875 0.027083333333333334
1 0.8765625 0.3385416666666667 0.0234375 0.03125
1 0.9921875 0.296875 0.015625 0.014583333333333334
1 0.81640625 0.19166666666666668 0.01875 0.020833333333333332
1 0.84140625 0.06666666666666667 0.0171875 0.029166666666666667
1 0.61015625 0.034375 0.01875 0.0125
1 0.9359375 0.05 0.015625 0.0375
1 0.50546875 0.634375 0.0171875 0.029166666666666667
1 0.940625 0.6864583333333333 0.015625 0.020833333333333332
1 0.48046875 0.14791666666666667 0.0125 0.035416666666666666
1 0.0421875 0.6 0.0203125 0.027083333333333334