1 0.25234375 0.005208333333333333 0.0109375 0.010416666666666666
1 0.44921875 0.5729166666666666 0.009375 0.0125
1 0.45234375 0.5927083333333333 0.0109375 0.014583333333333334
1 0.55234375 0.6520833333333333 0.0125 0.016666666666666666
1 0.5703125 0.6708333333333333 0.021875 0.022916666666666665
1 0.55 0.6864583333333333 0.0125 0.01875
1 0.53671875 0.7010416666666667 0.0171875 0.016666666666666666
1 0.3453125 0.6885416666666667 0.0171875 0.035416666666666666
1 0.35703125 0.7395833333333334 0.0078125 0.008333333333333333
0 0.559375 0.10520833333333333 0.225 0.20833333333333334
0 0.62578125 0.4375 0.1171875 0.17708333333333334
0 0.55390625 0.6395833333333333 0.296875 0.16458333333333333
0 0.70546875 0.9083333333333333 0.3609375 0.18333333333333332
1 0.02421875 0.3645833333333333 0.009375 0.014583333333333334
1 0.203125 0.017708333333333333 0.0171875 0.020833333333333332
1 0.24375 0.17604166666666668 0.0375 0.04375
1 0.30859375 0.04583333333333333 0.0203125 0.022916666666666665
1 0.3203125 0.06770833333333333 0.0265625 0.035416666666666666
1 0.275 0.030208333333333334 0.0265625 0.029166666666666667
1 0.290625 0.010416666666666666 0.0390625 0.01875
1 0.3296875 0.005208333333333333 0.0078125 0.00625
1 0.23203125 0.34375 0.021875 0.0375
1 0.23359375 0.371875 0.015625 0.016666666666666666
1 0.19140625 0.3958333333333333 0.03125 0.025
1 0.45078125 0.3072916666666667 0.03125 0.0375
1 0.5296875 0.28229166666666666 0.0203125 0.016666666666666666
1 0.4578125 0.37083333333333335 0.0359375 0.035416666666666666
1 0.46953125 0.38958333333333334 0.009375 0.010416666666666666
1 0.35078125 0.44583333333333336 0.0140625 0.022916666666666665
1 0.41015625 0.41875 0.0359375 0.04583333333333333
1 0.39296875 0.44583333333333336 0.0359375 0.05
1 0.42421875 0.46458333333333335 0.0328125 0.03333333333333333
1 0.42421875 0.20104166666666667 0.040625 0.0375
1 0.4234375 0.16354166666666667 0.0234375 0.035416666666666666
1 0.44296875 0.15625 0.01875 0.03958333333333333
1 0.475 0.10104166666666667 0.090625 0.08958333333333333
1 0.4734375 0.16875 0.0421875 0.052083333333333336
1 0.4734375 0.03229166666666667 0.034375 0.05
1 0.50078125 0.03125 0.0125 0.022916666666666665
1 0.5140625 0.020833333333333332 0.021875 0.025
1 0.55 0.052083333333333336 0.090625 0.09791666666666667
1 0.6265625 0.022916666666666665 0.0265625 0.035416666666666666
1 0.62734375 0.058333333333333334 0.0171875 0.025
1 0.6203125 0.1 0.0109375 0.016666666666666666
1 0.63671875 0.15625 0.021875 0.03125
1 0.7546875 0.042708333333333334 0.0125 0.01875
1 0.7125 0.028125 0.009375 0.008333333333333333
1 0.7578125 0.09270833333333334 0.0125 0.016666666666666666
1 0.76953125 0.109375 0.015625 0.020833333333333332
1 0.67578125 0.1375 0.0234375 0.05
1 0.69765625 0.18333333333333332 0.103125 0.1
1 0.8125 0.10104166666666667 0.009375 0.020833333333333332
1 0.8359375 0.03333333333333333 0.01875 0.025
1 0.846875 0.06041666666666667 0.0203125 0.025
1 0.8390625 0.09375 0.015625 0.01875
1 0.7953125 0.253125 0.025 0.03333333333333333
1 0.72578125 0.28125 0.040625 0.041666666666666664
1 0.75703125 0.2677083333333333 0.01875 0.04583333333333333
1 0.7734375 0.26875 0.01875 0.01875
1 0.7671875 0.32395833333333335 0.046875 0.06666666666666667
1 0.64609375 0.353125 0.0359375 0.022916666666666665
1 0.684375 0.41458333333333336 0.028125 0.03333333333333333
1 0.84609375 0.2635416666666667 0.03125 0.041666666666666664
1 0.85625 0.284375 0.0453125 0.041666666666666664
1 0.896875 0.3104166666666667 0.028125 0.020833333333333332
1 0.87109375 0.225 0.025 0.027083333333333334
1 0.92265625 0.20625 0.0140625 0.014583333333333334
1 0.94140625 0.26458333333333334 0.015625 0.01875
1 0.90625 0.06875 0.0203125 0.022916666666666665
1 0.86796875 0.008333333333333333 0.021875 0.016666666666666666
1 0.9375 0.010416666666666666 0.0125 0.020833333333333332
1 0.95078125 0.028125 0.015625 0.014583333333333334
1 0.90546875 0.03229166666666667 0.0234375 0.041666666666666664
1 0.94296875 0.14479166666666668 0.0140625 0.025
1 0.95703125 0.13958333333333334 0.0171875 0.022916666666666665
1 0.99375 0.23541666666666666 0.0125 0.01875
1 0.9671875 0.3541666666666667 0.01875 0.027083333333333334
1 0.9109375 0.38645833333333335 0.05625 0.04791666666666667
1 0.9328125 0.465625 0.021875 0.029166666666666667
1 0.86484375 0.4166666666666667 0.021875 0.016666666666666666
1 0.88671875 0.428125 0.0328125 0.029166666666666667
1 0.84609375 0.5041666666666667 0.03125 0.035416666666666666
1 0.7875 0.45625 0.0359375 0.04791666666666667
1 0.77734375 0.40520833333333334 0.0125 0.016666666666666666
1 0.76328125 0.428125 0.0171875 0.0125
1 0.80703125 0.5395833333333333 0.0390625 0.03958333333333333
1 0.80234375 0.48541666666666666 0.0125 0.022916666666666665
1 0.71328125 0.5375 0.03125 0.035416666666666666
1 0.65 0.5302083333333333 0.0265625 0.0375
1 0.6671875 0.559375 0.0375 0.03125
1 0.67890625 0.5177083333333333 0.0484375 0.04583333333333333
1 0.696875 0.5583333333333333 0.0125 0.022916666666666665
1 0.6125 0.60625 0.0296875 0.03333333333333333
1 0.565625 0.4739583333333333 0.040625 0.025
1 0.8984375 0.5677083333333334 0.0328125 0.04375
1 0.92421875 0.5541666666666667 0.025 0.03333333333333333
1 0.91171875 0.5979166666666667 0.0359375 0.041666666666666664
1 0.953125 0.5895833333333333 0.0109375 0.0125
1 0.96484375 0.5822916666666667 0.0125 0.022916666666666665
1 0.94765625 0.6427083333333333 0.0203125 0.025
1 0.92265625 0.64375 0.01875 0.016666666666666666
1 0.90625 0.659375 0.015625 0.016666666666666666
1 0.9203125 0.696875 0.0296875 0.05
1 0.94921875 0.6760416666666667 0.025 0.03958333333333333
1 0.99140625 0.690625 0.0171875 0.020833333333333332
1 0.9921875 0.4864583333333333 0.015625 0.035416666666666666
1 0.97265625 0.50625 0.01875 0.022916666666666665
1 0.96328125 0.5364583333333334 0.0234375 0.03125
1 0.97890625 0.5552083333333333 0.01875 0.04791666666666667
1 0.59765625 0.7822916666666667 0.028125 0.03125
1 0.51328125 0.8291666666666667 0.0171875 0.022916666666666665
1 0.49921875 0.8458333333333333 0.0125 0.01875
1 0.5109375 0.846875 0.0078125 0.014583333333333334
1 0.53359375 0.790625 0.03125 0.04791666666666667
1 0.5625 0.784375 0.0265625 0.05625
1 0.48125 0.9604166666666667 0.03125 0.03125
1 0.50234375 0.9885416666666667 0.028125 0.022916666666666665
1 0.4578125 0.984375 0.046875 0.03125
1 0.31796875 0.85625 0.0359375 0.05
1 0.1671875 0.903125 0.028125 0.025
1 0.19609375 0.8135416666666667 0.015625 0.025
1 0.2125 0.9 0.0109375 0.01875
1 0.2 0.921875 0.01875 0.022916666666666665
1 0.225 0.9302083333333333 0.028125 0.041666666666666664
1 0.40625 0.9072916666666667 0.0890625 0.10833333333333334
1 0.36875 0.99375 0.0109375 0.010416666666666666
1 0.1125 0.80625 0.009375 0.01875
1 0.1203125 0.7927083333333333 0.0109375 0.0125
1 0.13515625 0.8104166666666667 0.0234375 0.0375
1 0.06875 0.7416666666666667 0.0203125 0.01875
1 0.07421875 0.7125 0.0171875 0.027083333333333334
1 0.04765625 0.725 0.01875 0.01875
1 0.16640625 0.675 0.0234375 0.035416666666666666
1 0.2171875 0.6645833333333333 0.0171875 0.022916666666666665
1 0.225 0.6270833333333333 0.01875 0.025
1 0.2265625 0.7 0.025 0.020833333333333332
1 0.1953125 0.7135416666666666 0.021875 0.03333333333333333
1 0.21015625 0.7364583333333333 0.0171875 0.03125
1 0.2046875 0.525 0.009375 0.025
1 0.19453125 0.553125 0.0265625 0.025
1 0.1890625 0.53125 0.009375 0.0125
1 0.29140625 0.509375 0.0125 0.014583333333333334
1 0.30234375 0.521875 0.0125 0.01875
1 0.28515625 0.525 0.0109375 0.0125
1 0.33359375 0.49270833333333336 0.01875 0.03125
1 0.046875 0.6510416666666666 0.0234375 0.016666666666666666
1 0.08125 0.753125 0.015625 0.016666666666666666
1 0.2078125 0.8260416666666667 0.0125 0.016666666666666666
1 0.20234375 0.94375 0.015625 0.01875
1 0.4078125 0.784375 0.03125 0.0375
1 0.890625 0.8604166666666667 0.0359375 0.04583333333333333
1 0.8515625 0.8520833333333333 0.0140625 0.020833333333333332
1 0.940625 0.7947916666666667 0.0171875 0.01875
1 0.984375 0.896875 0.03125 0.025
1 0.95078125 0.9135416666666667 0.0234375 0.0375
1 0.96171875 0.9322916666666666 0.0125 0.0125
1 0.80390625 0.9052083333333333 0.0359375 0.05
1 0.9203125 0.9697916666666667 0.01875 0.016666666666666666
1 0.9234375 0.9895833333333334 0.0125 0.020833333333333332
1 0.9390625 0.99375 0.0125 0.0125
1 0.98671875 0.5864583333333333 0.0140625 0.022916666666666665
1 0.99453125 0.596875 0.0109375 0.03333333333333333
1 0.98984375 0.515625 0.01875 0.025
1 0.63828125 0.8 0.034375 0.035416666666666666
1 0.678125 0.815625 0.03125 0.03125
1 0.68125 0.8458333333333333 0.028125 0.029166666666666667
1 0.725 0.8583333333333333 0.0125 0.0125
1 0.7328125 0.878125 0.01875 0.014583333333333334
1 0.7546875 0.8854166666666666 0.0171875 0.035416666666666666
1 0.7484375 0.9135416666666667 0.015625 0.014583333333333334
1 0.746875 0.85 0.0140625 0.01875
1 0.82265625 0.721875 0.1046875 0.14583333333333334
1 0.8875 0.7135416666666666 0.021875 0.0375
1 0.73984375 0.6416666666666667 0.03125 0.04375
1 0.7203125 0.41354166666666664 0.0109375 0.020833333333333332
1 0.759375 0.4083333333333333 0.0140625 0.014583333333333334
1 0.57734375 0.278125 0.0265625 0.04375
1 0.5859375 0.25 0.0203125 0.035416666666666666
1 0.59609375 0.28958333333333336 0.009375 0.014583333333333334
1 0.48046875 0.3385416666666667 0.01875 0.027083333333333334
1 0.50859375 0.3375 0.0265625 0.029166666666666667
1 0.49296875 0.3625 0.01875 0.027083333333333334
1 0.534375 0.39166666666666666 0.0265625 0.035416666666666666
1 0.5546875 0.36770833333333336 0.021875 0.03125