1 0.17578125 0.22708333333333333 0.01875 0.03888888888888889
1 0.94453125 0.2791666666666667 0.01953125 0.05
1 0.879296875 0.2326388888888889 0.0109375 0.02361111111111111
1 0.905078125 0.1736111111111111 0.0171875 0.022222222222222223
1 0.820703125 0.016666666666666666 0.046875 0.03194444444444444
1 0.884375 0.04236111111111111 0.015625 0.02638888888888889
1 0.98984375 0.05694444444444444 0.0203125 0.030555555555555555
1 0.98046875 0.029861111111111113 0.0203125 0.03333333333333333
0 0.994140625 0.7243055555555555 0.01171875 0.05416666666666667
1 0.8484375 0.9583333333333334 0.0171875 0.03194444444444444
1 0.41875 0.8298611111111112 0.01484375 0.02361111111111111
1 0.437890625 0.7229166666666667 0.0140625 0.027777777777777776
1 0.551171875 0.9381944444444444 0.015625 0.04722222222222222
1 0.53828125 0.8194444444444444 0.01796875 0.025
1 0.6453125 0.5277777777777778 0.01484375 0.034722222222222224
1 0.619140625 0.58125 0.0265625 0.03194444444444444
1 0.687109375 0.8493055555555555 0.01015625 0.022222222222222223
1 0.66796875 0.7479166666666667 0.00859375 0.027777777777777776
1 0.758203125 0.6694444444444444 0.053125 0.07777777777777778
1 0.807421875 0.6180555555555556 0.03203125 0.08055555555555556
1 0.83359375 0.7076388888888889 0.03828125 0.0763888888888889
0 0.055859375 0.01875 0.0421875 0.0375
0 0.10390625 0.9743055555555555 0.05078125 0.05138888888888889
0 0.09140625 0.6333333333333333 0.0265625 0.1
0 0.072265625 0.3875 0.03984375 0.08194444444444444
0 0.593359375 0.12986111111111112 0.19296875 0.25972222222222224
0 0.60703125 0.3902777777777778 0.18203125 0.4
0 0.54609375 0.6409722222222223 0.1203125 0.37222222222222223
1 0.620703125 0.22777777777777777 0.0109375 0.0125
1 0.7265625 0.1375 0.0109375 0.016666666666666666
1 0.4453125 0.06597222222222222 0.021875 0.044444444444444446
1 0.68984375 0.18888888888888888 0.0171875 0.041666666666666664
1 0.17578125 0.19027777777777777 0.0265625 0.0375
1 0.168359375 0.29444444444444445 0.01328125 0.016666666666666666
1 0.047265625 0.4041666666666667 0.0078125 0.009722222222222222
1 0.123828125 0.3527777777777778 0.0109375 0.02361111111111111
1 0.110546875 0.2361111111111111 0.01171875 0.034722222222222224
1 0.00546875 0.3854166666666667 0.0109375 0.025
1 0.0265625 0.35208333333333336 0.01796875 0.025
1 0.10546875 0.5006944444444444 0.0203125 0.04027777777777778
1 0.1484375 0.5722222222222222 0.02421875 0.04583333333333333
1 0.058984375 0.83125 0.01328125 0.022222222222222223
1 0.091796875 0.9659722222222222 0.02109375 0.03194444444444444
1 0.141796875 0.9722222222222222 0.04140625 0.044444444444444446
1 0.45234375 0.9618055555555556 0.0109375 0.029166666666666667
1 0.42109375 0.6868055555555556 0.0125 0.027777777777777776
1 0.5328125 0.43472222222222223 0.02109375 0.03611111111111111
1 0.07734375 0.11388888888888889 0.01484375 0.030555555555555555
1 0.07421875 0.16111111111111112 0.015625 0.018055555555555554
1 0.144921875 0.09513888888888888 0.0078125 0.013888888888888888
1 0.439453125 0.3263888888888889 0.00859375 0.015277777777777777