1 0.76484375 0.014583333333333334 0.0359375 0.029166666666666667
0 0.61875 0.6131944444444445 0.09609375 0.5138888888888888
1 0.808203125 0.016666666666666666 0.021875 0.03333333333333333
1 0.903125 0.8381944444444445 0.0234375 0.03611111111111111
0 0.612109375 0.14027777777777778 0.12109375 0.28055555555555556
1 0.834765625 0.8875 0.015625 0.030555555555555555
0 0.083203125 0.45416666666666666 0.16640625 0.3
1 0.721875 0.2902777777777778 0.01171875 0.02638888888888889
1 0.5703125 0.8243055555555555 0.01171875 0.029166666666666667
1 0.01328125 0.4388888888888889 0.02421875 0.03888888888888889
0 0.125390625 0.9520833333333333 0.0609375 0.09583333333333334
0 0.666796875 0.9777777777777777 0.13359375 0.041666666666666664
1 0.96171875 0.9881944444444445 0.01875 0.019444444444444445
1 0.2125 0.5673611111111111 0.01640625 0.03333333333333333
1 0.709375 0.9805555555555555 0.01953125 0.03611111111111111
1 0.80078125 0.6097222222222223 0.01484375 0.027777777777777776
1 0.28984375 0.6659722222222222 0.01640625 0.03611111111111111
1 0.705078125 0.044444444444444446 0.015625 0.03888888888888889
1 0.8546875 0.14444444444444443 0.01875 0.03333333333333333
1 0.928515625 0.0125 0.02265625 0.025
1 0.940234375 0.32222222222222224 0.01796875 0.029166666666666667
1 0.593359375 0.7125 0.02109375 0.04861111111111111
1 0.77421875 0.14027777777777778 0.01484375 0.03194444444444444
1 0.836328125 0.23194444444444445 0.0203125 0.034722222222222224
1 0.638671875 0.7375 0.0140625 0.020833333333333332
1 0.8078125 0.56875 0.02109375 0.0375
1 0.9859375 0.5097222222222222 0.01953125 0.034722222222222224
1 0.45703125 0.7833333333333333 0.0171875 0.043055555555555555
1 0.187890625 0.5222222222222223 0.0328125 0.06388888888888888
1 0.988671875 0.33611111111111114 0.015625 0.0375
0 0.6546875 0.3576388888888889 0.24609375 0.18055555555555555
0 0.084375 0.8236111111111111 0.165625 0.3388888888888889
1 0.92578125 0.9381944444444444 0.02578125 0.030555555555555555
0 0.098828125 0.12638888888888888 0.19765625 0.2
1 0.95625 0.5215277777777778 0.03515625 0.07777777777777778
1 0.23125 0.9645833333333333 0.04453125 0.06111111111111111
1 0.562890625 0.2 0.03671875 0.08333333333333333
1 0.273046875 0.6763888888888889 0.0234375 0.043055555555555555
0 0.072265625 0.4861111111111111 0.13828125 0.40694444444444444
1 0.984375 0.8541666666666666 0.0203125 0.043055555555555555
1 0.979296875 0.9229166666666667 0.0375 0.05694444444444444
1 0.806640625 0.20277777777777778 0.0296875 0.06944444444444445
1 0.5421875 0.5694444444444444 0.01953125 0.03888888888888889
1 0.170703125 0.5993055555555555 0.0265625 0.05
1 0.900390625 0.26875 0.0375 0.07361111111111111
0 0.649609375 0.8125 0.22734375 0.15555555555555556
1 0.959375 0.8451388888888889 0.02890625 0.06111111111111111
1 0.94921875 0.7840277777777778 0.025 0.043055555555555555
1 0.584765625 0.9534722222222223 0.01875 0.04027777777777778
1 0.676953125 0.49930555555555556 0.04296875 0.06388888888888888
1 0.141796875 0.1284722222222222 0.0234375 0.03611111111111111
1 0.6546875 0.1 0.03046875 0.07083333333333333
1 0.421875 0.13125 0.02265625 0.04027777777777778
1 0.953515625 0.7416666666666667 0.01796875 0.03194444444444444
1 0.853515625 0.73125 0.028125 0.04722222222222222
1 0.22890625 0.8923611111111112 0.02265625 0.03194444444444444
1 0.79140625 0.38055555555555554 0.03125 0.059722222222222225