0 0.680859375 0.41944444444444445 0.25703125 0.24305555555555555
0 0.625390625 0.6020833333333333 0.1703125 0.4375
0 0.613671875 0.8409722222222222 0.1375 0.31805555555555554
0 0.60703125 0.9395833333333333 0.06171875 0.12083333333333333
0 0.128515625 0.93125 0.03203125 0.1375
0 0.101953125 0.7638888888888888 0.20390625 0.23055555555555557
0 0.062890625 0.27569444444444446 0.12578125 0.2791666666666667
0 0.062109375 0.10694444444444444 0.12421875 0.18611111111111112
1 0.51796875 0.9444444444444444 0.009375 0.025
1 0.1046875 0.40347222222222223 0.0234375 0.03888888888888889
1 0.571875 0.26180555555555557 0.0171875 0.03194444444444444
1 0.520703125 0.27847222222222223 0.021875 0.027777777777777776
1 0.080859375 0.9805555555555555 0.025 0.03888888888888889
1 0.150390625 0.9659722222222222 0.01796875 0.025
1 0.167578125 0.8791666666666667 0.01484375 0.020833333333333332
1 0.136328125 0.8513888888888889 0.0109375 0.015277777777777777
1 0.064453125 0.8736111111111111 0.025 0.03194444444444444
1 0.11328125 0.8673611111111111 0.02734375 0.04722222222222222
1 0.08359375 0.8159722222222222 0.009375 0.015277777777777777
1 0.090234375 0.7027777777777777 0.0078125 0.011111111111111112
1 0.053515625 0.6930555555555555 0.03828125 0.05555555555555555
1 0.06796875 0.5638888888888889 0.0359375 0.05694444444444444
1 0.312890625 0.7326388888888888 0.04609375 0.06944444444444445
1 0.571484375 0.6805555555555556 0.01953125 0.03888888888888889
1 0.538671875 0.6951388888888889 0.01875 0.03611111111111111
1 0.458984375 0.8118055555555556 0.01640625 0.02361111111111111
1 0.4796875 0.7548611111111111 0.02734375 0.05
1 0.45 0.7201388888888889 0.01484375 0.02361111111111111
1 0.43125 0.7 0.01328125 0.027777777777777776
1 0.48046875 0.6284722222222222 0.021875 0.043055555555555555
1 0.401171875 0.5701388888888889 0.0234375 0.03333333333333333
1 0.30703125 0.39375 0.02421875 0.03333333333333333
1 0.448828125 0.25625 0.03203125 0.05277777777777778
1 0.476171875 0.19930555555555557 0.021875 0.027777777777777776
1 0.446484375 0.2013888888888889 0.04453125 0.07777777777777778
1 0.59375 0.03958333333333333 0.0125 0.034722222222222224
1 0.55859375 0.15138888888888888 0.021875 0.04027777777777778
1 0.522265625 0.11041666666666666 0.0109375 0.02361111111111111
1 0.503515625 0.13958333333333334 0.025 0.043055555555555555
1 0.476171875 0.15694444444444444 0.0234375 0.04027777777777778
1 0.44921875 0.10277777777777777 0.0390625 0.04861111111111111
1 0.4671875 0.00625 0.015625 0.0125
1 0.46796875 0.0375 0.0140625 0.030555555555555555
1 0.420703125 0.058333333333333334 0.0171875 0.03194444444444444
1 0.29296875 0.2763888888888889 0.0109375 0.02361111111111111
0 0.61875 0.2513888888888889 0.18359375 0.4583333333333333
1 0.223828125 0.2847222222222222 0.015625 0.03611111111111111
1 0.22265625 0.35555555555555557 0.03203125 0.04722222222222222
1 0.19765625 0.3763888888888889 0.02265625 0.04861111111111111
1 0.216796875 0.425 0.02421875 0.059722222222222225
1 0.221484375 0.5118055555555555 0.03359375 0.0875
1 0.226171875 0.6104166666666667 0.0109375 0.02361111111111111
1 0.1625 0.6381944444444444 0.02578125 0.03888888888888889
1 0.1484375 0.6888888888888889 0.021875 0.04722222222222222
1 0.173828125 0.7708333333333334 0.0140625 0.0375
1 0.206640625 0.7590277777777777 0.05234375 0.08194444444444444
1 0.183984375 0.8444444444444444 0.03203125 0.05138888888888889
1 0.2375 0.9361111111111111 0.02734375 0.022222222222222223
1 0.2375 0.8854166666666666 0.02890625 0.06388888888888888
1 0.353125 0.9520833333333333 0.01640625 0.025
1 0.37265625 0.99375 0.0234375 0.0125
1 0.3890625 0.9729166666666667 0.02109375 0.043055555555555555
1 0.434375 0.9659722222222222 0.0234375 0.03194444444444444
1 0.413671875 0.9541666666666667 0.01640625 0.03194444444444444
1 0.446875 0.9 0.0546875 0.1125
1 0.4125 0.88125 0.0171875 0.0375
1 0.6265625 0.94375 0.0203125 0.043055555555555555
1 0.6015625 0.9472222222222222 0.015625 0.034722222222222224
1 0.778515625 0.9944444444444445 0.0078125 0.011111111111111112
1 0.917578125 0.8354166666666667 0.0109375 0.019444444444444445
1 0.27578125 0.2881944444444444 0.0203125 0.05
1 0.977734375 0.7256944444444444 0.02734375 0.05138888888888889
1 0.78515625 0.6805555555555556 0.01484375 0.025
1 0.833203125 0.7243055555555555 0.0109375 0.022222222222222223
1 0.7640625 0.7486111111111111 0.015625 0.03194444444444444
1 0.760546875 0.7965277777777777 0.021875 0.03611111111111111
1 0.8484375 0.8409722222222222 0.0234375 0.06111111111111111
1 0.75703125 0.9909722222222223 0.025 0.018055555555555554
1 0.733203125 0.9048611111111111 0.02734375 0.041666666666666664
1 0.715625 0.8416666666666667 0.0234375 0.04583333333333333
1 0.66171875 0.80625 0.02890625 0.05416666666666667
1 0.641015625 0.6965277777777777 0.0796875 0.075
1 0.887890625 0.2826388888888889 0.021875 0.03194444444444444
1 0.972265625 0.1638888888888889 0.01796875 0.04027777777777778
1 0.883984375 0.08472222222222223 0.01953125 0.03194444444444444
1 0.862109375 0.12986111111111112 0.01953125 0.041666666666666664
1 0.796484375 0.08472222222222223 0.015625 0.0375
1 0.74140625 0.025694444444444443 0.02109375 0.043055555555555555
1 0.9421875 0.7180555555555556 0.01015625 0.016666666666666666
1 0.702734375 0.18611111111111112 0.0078125 0.013888888888888888
1 0.818359375 0.25 0.021875 0.03333333333333333
1 0.7828125 0.27847222222222223 0.028125 0.041666666666666664
1 0.7296875 0.23472222222222222 0.01171875 0.020833333333333332
1 0.715234375 0.29305555555555557 0.01328125 0.03333333333333333
1 0.6875 0.27361111111111114 0.02578125 0.04027777777777778
1 0.64609375 0.26458333333333334 0.03125 0.08888888888888889
1 0.641015625 0.39375 0.009375 0.0125
1 0.66171875 0.41180555555555554 0.028125 0.043055555555555555
1 0.77578125 0.5569444444444445 0.02421875 0.030555555555555555
1 0.737109375 0.5256944444444445 0.0234375 0.09305555555555556
1 0.66171875 0.5736111111111111 0.02890625 0.05694444444444444
1 0.63984375 0.5069444444444444 0.0203125 0.030555555555555555
1 0.499609375 0.3541666666666667 0.015625 0.02638888888888889
1 0.56328125 0.39305555555555555 0.03046875 0.08194444444444444
1 0.7109375 0.10347222222222222 0.0296875 0.059722222222222225
1 0.57421875 0.5243055555555556 0.03671875 0.0625
1 0.5203125 0.4534722222222222 0.03125 0.08611111111111111
1 0.46484375 0.5618055555555556 0.0203125 0.03194444444444444
1 0.497265625 0.5284722222222222 0.02578125 0.041666666666666664
1 0.42734375 0.4618055555555556 0.02109375 0.043055555555555555
1 0.44375 0.43125 0.0125 0.027777777777777776
1 0.4140625 0.3277777777777778 0.0234375 0.08194444444444444
1 0.56015625 0.4756944444444444 0.01015625 0.02361111111111111
1 0.3390625 0.30625 0.02578125 0.05138888888888889
1 0.358203125 0.23958333333333334 0.02734375 0.05694444444444444
1 0.207421875 0.05763888888888889 0.02734375 0.05138888888888889
1 0.3671875 0.33819444444444446 0.01640625 0.03333333333333333
1 0.134765625 0.23194444444444445 0.03046875 0.027777777777777776
1 0.037890625 0.13472222222222222 0.028125 0.05
1 0.1671875 0.19305555555555556 0.05 0.12361111111111112
1 0.946875 0.9576388888888889 0.01015625 0.019444444444444445
0 0.684375 0.044444444444444446 0.04765625 0.08888888888888889