1 0.278125 0.328125 0.015625 0.03333333333333333
1 0.33828125 0.478125 0.0515625 0.06875
1 0.1359375 0.5114583333333333 0.0234375 0.029166666666666667
1 0.44296875 0.04583333333333333 0.109375 0.09166666666666666
1 0.775 0.041666666666666664 0.0796875 0.08333333333333333
1 0.84375 0.04583333333333333 0.015625 0.027083333333333334
1 0.97578125 0.05 0.0484375 0.1
1 0.88359375 0.325 0.0203125 0.027083333333333334
1 0.81796875 0.2760416666666667 0.0328125 0.041666666666666664
1 0.7875 0.26979166666666665 0.0203125 0.029166666666666667
1 0.9609375 0.35625 0.01875 0.029166666666666667
1 0.97734375 0.4197916666666667 0.0203125 0.03125
1 0.90625 0.29583333333333334 0.0125 0.020833333333333332
1 0.834375 0.4583333333333333 0.0359375 0.041666666666666664
1 0.7640625 0.38958333333333334 0.0359375 0.06041666666666667
1 0.68984375 0.35833333333333334 0.05625 0.05
1 0.703125 0.41041666666666665 0.04375 0.05416666666666667
1 0.58984375 0.38958333333333334 0.0359375 0.058333333333333334
1 0.5578125 0.42916666666666664 0.015625 0.016666666666666666
1 0.56484375 0.5166666666666667 0.0328125 0.041666666666666664
1 0.50625 0.515625 0.025 0.025
1 0.45859375 0.5020833333333333 0.034375 0.035416666666666666
1 0.4625 0.5770833333333333 0.025 0.029166666666666667
1 0.571875 0.6510416666666666 0.03125 0.029166666666666667
1 0.4859375 0.6479166666666667 0.03125 0.04375
1 0.44765625 0.68125 0.05 0.04791666666666667
1 0.49140625 0.7395833333333334 0.0328125 0.04375
1 0.4609375 0.7927083333333333 0.0515625 0.08958333333333333
1 0.3921875 0.8354166666666667 0.025 0.025
1 0.30078125 0.8489583333333334 0.075 0.09791666666666667
1 0.72265625 0.9166666666666666 0.0421875 0.05625
1 0.6890625 0.8510416666666667 0.0203125 0.058333333333333334
1 0.75859375 0.8270833333333333 0.08125 0.10416666666666667
1 0.7296875 0.7489583333333333 0.04375 0.075
1 0.8765625 0.859375 0.0171875 0.03125
1 0.85234375 0.8739583333333333 0.015625 0.014583333333333334
1 0.7890625 0.7333333333333333 0.0890625 0.14791666666666667
1 0.853125 0.7791666666666667 0.0203125 0.025
1 0.7234375 0.6114583333333333 0.0375 0.058333333333333334
1 0.9609375 0.9666666666666667 0.078125 0.06666666666666667
1 0.984375 0.5229166666666667 0.0234375 0.04375
1 0.9890625 0.621875 0.01875 0.029166666666666667
1 0.93359375 0.6322916666666667 0.0390625 0.03333333333333333
1 0.95390625 0.47291666666666665 0.0125 0.0125
1 0.88203125 0.5510416666666667 0.0109375 0.020833333333333332
1 0.90546875 0.46770833333333334 0.021875 0.016666666666666666
1 0.9953125 0.37083333333333335 0.009375 0.0125
1 0.590625 0.7177083333333333 0.0171875 0.016666666666666666
1 0.615625 0.55625 0.025 0.020833333333333332
1 0.109375 0.31145833333333334 0.025 0.03333333333333333
1 0.0796875 0.19166666666666668 0.021875 0.027083333333333334
1 0.6 0.10833333333333334 0.0265625 0.041666666666666664
1 0.021875 0.5625 0.015625 0.020833333333333332
1 0.2875 0.4666666666666667 0.0296875 0.022916666666666665
1 0.3 0.7354166666666667 0.0140625 0.016666666666666666
1 0.43125 0.9895833333333334 0.0140625 0.01875
1 0.44375 0.9666666666666667 0.0078125 0.014583333333333334
1 0.578125 0.007291666666666667 0.0109375 0.014583333333333334
1 0.57734375 0.13333333333333333 0.0359375 0.06041666666666667
1 0.54453125 0.13645833333333332 0.028125 0.05625
1 0.49765625 0.1375 0.0453125 0.0625
1 0.33671875 0.15729166666666666 0.04375 0.05416666666666667
0 0.4796875 0.934375 0.228125 0.13125
0 0.5640625 0.7572916666666667 0.303125 0.4791666666666667
0 0.52890625 0.48020833333333335 0.3671875 0.2125
0 0.7328125 0.18125 0.36875 0.35833333333333334
0 0.54921875 0.06458333333333334 0.103125 0.125
1 0.415625 0.25 0.028125 0.029166666666666667
1 0.44296875 0.30833333333333335 0.034375 0.03958333333333333
1 0.44453125 0.37604166666666666 0.0359375 0.04375
1 0.4046875 0.40625 0.0234375 0.027083333333333334