1 0.303125 0.34479166666666666 0.0296875 0.052083333333333336
1 0.159375 0.2604166666666667 0.01875 0.01875
1 0.3453125 0.12708333333333333 0.021875 0.029166666666666667
1 0.9640625 0.07708333333333334 0.0546875 0.04583333333333333
1 0.86171875 0.058333333333333334 0.0234375 0.04583333333333333
1 0.8609375 0.884375 0.0203125 0.025
1 0.8328125 0.615625 0.0578125 0.05
1 0.6140625 0.5989583333333334 0.0203125 0.029166666666666667
1 0.52265625 0.421875 0.03125 0.041666666666666664
1 0.6125 0.3927083333333333 0.028125 0.04791666666666667
1 0.55703125 0.25833333333333336 0.05 0.07916666666666666
0 0.459375 0.8791666666666667 0.1546875 0.24166666666666667
0 0.471875 0.7947916666666667 0.1890625 0.41041666666666665
0 0.41328125 0.378125 0.43125 0.3875
0 0.54296875 0.15520833333333334 0.4359375 0.28541666666666665
1 0.6640625 0.7760416666666666 0.0234375 0.041666666666666664
1 0.5796875 0.203125 0.0203125 0.03125
1 0.65859375 0.25104166666666666 0.025 0.058333333333333334
1 0.75625 0.8604166666666667 0.0234375 0.029166666666666667
1 0.8390625 0.071875 0.0234375 0.04375
1 0.78671875 0.34375 0.028125 0.035416666666666666
1 0.74765625 0.55 0.0125 0.020833333333333332
1 0.8703125 0.44166666666666665 0.021875 0.03125
1 0.83671875 0.28125 0.04375 0.052083333333333336
1 0.959375 0.23854166666666668 0.0375 0.04791666666666667
1 0.615625 0.7552083333333334 0.0328125 0.04375
1 0.59140625 0.9739583333333334 0.0453125 0.052083333333333336
1 0.52890625 0.9125 0.028125 0.04375
1 0.56015625 0.8541666666666666 0.0421875 0.08333333333333333
1 0.03671875 0.6614583333333334 0.0203125 0.025
1 0.11640625 0.8729166666666667 0.0328125 0.05
1 0.16796875 0.9927083333333333 0.015625 0.014583333333333334