1 0.87421875 0.6583333333333333 0.0109375 0.016666666666666666
1 0.88515625 0.65 0.00859375 0.0125
1 0.92890625 0.6305555555555555 0.00703125 0.015277777777777777
1 0.88125 0.4979166666666667 0.01484375 0.018055555555555554
1 0.92734375 0.45069444444444445 0.01328125 0.015277777777777777
1 0.9328125 0.4076388888888889 0.01328125 0.022222222222222223
1 0.96015625 0.36875 0.01171875 0.029166666666666667
1 0.99453125 0.47291666666666665 0.0109375 0.027777777777777776
1 0.4015625 0.03125 0.009375 0.020833333333333332
1 0.468359375 0.08263888888888889 0.00859375 0.013888888888888888
1 0.881640625 0.07361111111111111 0.00859375 0.0125
1 0.8859375 0.09861111111111111 0.0140625 0.02361111111111111
1 0.711328125 0.03194444444444444 0.00625 0.011111111111111112
1 0.8921875 0.3236111111111111 0.00859375 0.0125
1 0.93984375 0.5833333333333334 0.0078125 0.016666666666666666
1 0.7171875 0.7194444444444444 0.00546875 0.009722222222222222
1 0.622265625 0.7881944444444444 0.009375 0.016666666666666666
1 0.589453125 0.1076388888888889 0.00625 0.019444444444444445
1 0.038671875 0.4722222222222222 0.009375 0.016666666666666666
1 0.07890625 0.5645833333333333 0.00859375 0.020833333333333332
1 0.034765625 0.68125 0.01796875 0.034722222222222224
0 0.6203125 0.6409722222222223 0.0515625 0.14027777777777778
0 0.618359375 0.8597222222222223 0.1828125 0.28055555555555556
0 0.120703125 0.9256944444444445 0.125 0.1486111111111111
0 0.125 0.7326388888888888 0.25 0.1625
0 0.1375 0.5326388888888889 0.25703125 0.16111111111111112
1 0.23984375 0.7368055555555556 0.01015625 0.027777777777777776
1 0.223828125 0.68125 0.01953125 0.02638888888888889
1 0.21796875 0.6479166666666667 0.009375 0.022222222222222223
1 0.1515625 0.6743055555555556 0.0078125 0.018055555555555554
1 0.06953125 0.7208333333333333 0.01640625 0.027777777777777776
1 0.138671875 0.9784722222222222 0.0109375 0.019444444444444445
1 0.21640625 0.94375 0.0234375 0.041666666666666664
1 0.28359375 0.9034722222222222 0.01640625 0.03194444444444444
1 0.24375 0.95625 0.009375 0.022222222222222223
0 0.09765625 0.0625 0.0921875 0.125
1 0.3234375 0.8284722222222223 0.025 0.03333333333333333
1 0.3265625 0.8611111111111112 0.01640625 0.030555555555555555
1 0.413671875 0.7513888888888889 0.02578125 0.04027777777777778
1 0.42265625 0.825 0.0296875 0.04722222222222222
1 0.030078125 0.04375 0.06015625 0.0875
1 0.079296875 0.007638888888888889 0.0265625 0.015277777777777777
1 0.0109375 0.11041666666666666 0.01875 0.0375
1 0.060546875 0.14444444444444443 0.0140625 0.02638888888888889
1 0.084375 0.11180555555555556 0.0140625 0.02638888888888889
1 0.015234375 0.18888888888888888 0.03046875 0.08888888888888889
1 0.03828125 0.19791666666666666 0.01875 0.04027777777777778
1 0.686328125 0.9201388888888888 0.01171875 0.041666666666666664
1 0.040625 0.15138888888888888 0.0140625 0.022222222222222223
1 0.08359375 0.17916666666666667 0.0109375 0.020833333333333332
1 0.492578125 0.8034722222222223 0.04296875 0.058333333333333334
1 0.469140625 0.8305555555555556 0.02265625 0.03611111111111111
1 0.09375 0.20902777777777778 0.0171875 0.03333333333333333
1 0.124609375 0.1638888888888889 0.01640625 0.022222222222222223
1 0.146875 0.12430555555555556 0.028125 0.04861111111111111
1 0.058203125 0.27361111111111114 0.04453125 0.10138888888888889
1 0.028125 0.36180555555555555 0.0171875 0.03333333333333333
1 0.05234375 0.35208333333333336 0.0265625 0.05277777777777778
1 0.03046875 0.41875 0.0265625 0.04722222222222222
1 0.103125 0.4125 0.0203125 0.03194444444444444
1 0.11875 0.3111111111111111 0.03046875 0.043055555555555555
1 0.13203125 0.3527777777777778 0.015625 0.022222222222222223
1 0.187109375 0.4131944444444444 0.02109375 0.04027777777777778
1 0.17265625 0.4638888888888889 0.03671875 0.04722222222222222
1 0.1984375 0.45902777777777776 0.01328125 0.020833333333333332
1 0.248046875 0.5201388888888889 0.02578125 0.04722222222222222
1 0.1484375 0.6493055555555556 0.01171875 0.027777777777777776
1 0.16875 0.6388888888888888 0.02578125 0.05555555555555555
1 0.103125 0.6569444444444444 0.0171875 0.022222222222222223
1 0.1078125 0.68125 0.01640625 0.020833333333333332
1 0.123828125 0.6597222222222222 0.01796875 0.041666666666666664
1 0.091796875 0.7145833333333333 0.015625 0.02638888888888889
1 0.105859375 0.7979166666666667 0.015625 0.022222222222222223
1 0.1203125 0.7895833333333333 0.0125 0.02361111111111111
1 0.053125 0.8152777777777778 0.025 0.04722222222222222
1 0.117578125 0.8826388888888889 0.0125 0.02638888888888889
1 0.165625 0.9798611111111111 0.025 0.04027777777777778
1 0.19921875 0.9854166666666667 0.0265625 0.029166666666666667
1 0.19921875 0.8055555555555556 0.02890625 0.07222222222222222
1 0.23515625 0.7798611111111111 0.028125 0.0625
1 0.233203125 0.8305555555555556 0.015625 0.03194444444444444
1 0.22109375 0.7215277777777778 0.009375 0.018055555555555554
1 0.233203125 0.7145833333333333 0.0046875 0.008333333333333333
0 0.62890625 0.22083333333333333 0.134375 0.2902777777777778
1 0.52578125 0.7652777777777777 0.02890625 0.0763888888888889
1 0.47734375 0.7472222222222222 0.0203125 0.03611111111111111
1 0.183203125 0.9381944444444444 0.01796875 0.03333333333333333
1 0.237890625 0.1486111111111111 0.009375 0.025
1 0.23671875 0.18125 0.01015625 0.018055555555555554
1 0.128125 0.2777777777777778 0.0140625 0.015277777777777777
1 0.315234375 0.575 0.01953125 0.04583333333333333
1 0.32265625 0.7958333333333333 0.01015625 0.016666666666666666
1 0.395703125 0.9819444444444444 0.0203125 0.03611111111111111
1 0.4265625 0.9340277777777778 0.01796875 0.027777777777777776
1 0.43046875 0.8986111111111111 0.01015625 0.020833333333333332
1 0.460546875 0.8916666666666667 0.01484375 0.03333333333333333
1 0.49765625 0.9243055555555556 0.03359375 0.044444444444444446
1 0.519921875 0.9604166666666667 0.01796875 0.03194444444444444
1 0.558203125 0.9326388888888889 0.0203125 0.044444444444444446
1 0.575390625 0.9319444444444445 0.01640625 0.034722222222222224
1 0.5921875 0.9006944444444445 0.015625 0.020833333333333332
1 0.55703125 0.85625 0.046875 0.09444444444444444
1 0.5859375 0.8423611111111111 0.0109375 0.022222222222222223
1 0.5828125 0.7784722222222222 0.0109375 0.027777777777777776
1 0.594921875 0.7909722222222222 0.0140625 0.02638888888888889
1 0.5609375 0.7291666666666666 0.040625 0.05277777777777778
1 0.599609375 0.6930555555555555 0.02734375 0.059722222222222225
1 0.6140625 0.7166666666666667 0.01875 0.02361111111111111
1 0.625390625 0.7506944444444444 0.03125 0.05138888888888889
1 0.593359375 0.7326388888888888 0.01484375 0.019444444444444445
1 0.537890625 0.6666666666666666 0.015625 0.030555555555555555
1 0.4578125 0.5979166666666667 0.03515625 0.08055555555555556
1 0.46171875 0.6506944444444445 0.01484375 0.0375
1 0.453515625 0.6868055555555556 0.02265625 0.0375
1 0.43359375 0.6381944444444444 0.0171875 0.020833333333333332
1 0.49140625 0.6152777777777778 0.03203125 0.059722222222222225
1 0.519921875 0.5993055555555555 0.0234375 0.05
1 0.5484375 0.5631944444444444 0.01796875 0.03194444444444444
1 0.469921875 0.4965277777777778 0.015625 0.06111111111111111
1 0.48046875 0.5125 0.01484375 0.03611111111111111
1 0.51171875 0.46597222222222223 0.028125 0.04722222222222222
1 0.530078125 0.43472222222222223 0.04140625 0.05416666666666667
1 0.526953125 0.5034722222222222 0.01953125 0.044444444444444446
1 0.4140625 0.5229166666666667 0.01484375 0.016666666666666666
1 0.42890625 0.43819444444444444 0.0171875 0.03194444444444444
1 0.45546875 0.4479166666666667 0.009375 0.015277777777777777
1 0.4875 0.41041666666666665 0.01484375 0.030555555555555555
1 0.487109375 0.35208333333333336 0.02578125 0.03333333333333333
1 0.509375 0.35833333333333334 0.0234375 0.0375
1 0.509375 0.39444444444444443 0.01953125 0.03333333333333333
1 0.546875 0.35138888888888886 0.0328125 0.04861111111111111
1 0.489453125 0.3840277777777778 0.0078125 0.015277777777777777
1 0.443359375 0.3875 0.01640625 0.015277777777777777
1 0.405859375 0.33125 0.034375 0.05555555555555555
1 0.40546875 0.3951388888888889 0.009375 0.016666666666666666
1 0.415234375 0.3013888888888889 0.0140625 0.022222222222222223
1 0.405078125 0.26180555555555557 0.02109375 0.03888888888888889
1 0.454296875 0.2777777777777778 0.03984375 0.06111111111111111
1 0.459375 0.325 0.0265625 0.03611111111111111
1 0.369140625 0.22916666666666666 0.0125 0.016666666666666666
1 0.39765625 0.22569444444444445 0.01171875 0.019444444444444445
1 0.41015625 0.18055555555555555 0.009375 0.022222222222222223
1 0.454296875 0.2361111111111111 0.015625 0.03333333333333333
1 0.448828125 0.18958333333333333 0.01328125 0.025
1 0.4796875 0.1840277777777778 0.0109375 0.034722222222222224
1 0.491796875 0.2048611111111111 0.01171875 0.022222222222222223
1 0.496484375 0.15833333333333333 0.01796875 0.03611111111111111
1 0.527734375 0.13541666666666666 0.01328125 0.018055555555555554
1 0.54296875 0.15416666666666667 0.01875 0.02361111111111111
1 0.54375 0.20416666666666666 0.015625 0.03888888888888889
1 0.559765625 0.18958333333333333 0.01015625 0.018055555555555554
1 0.5765625 0.15902777777777777 0.01484375 0.019444444444444445
1 0.576171875 0.18472222222222223 0.01796875 0.02638888888888889
1 0.512109375 0.23680555555555555 0.02265625 0.043055555555555555
1 0.51953125 0.2916666666666667 0.021875 0.03888888888888889
1 0.541796875 0.2743055555555556 0.01328125 0.027777777777777776
1 0.5671875 0.2826388888888889 0.0203125 0.04027777777777778
1 0.593359375 0.32569444444444445 0.03203125 0.06388888888888888
1 0.591796875 0.40069444444444446 0.01953125 0.0375
1 0.574609375 0.46805555555555556 0.021875 0.03611111111111111
1 0.6046875 0.4513888888888889 0.015625 0.025
1 0.619921875 0.4708333333333333 0.01953125 0.0375
1 0.616796875 0.5013888888888889 0.01015625 0.02361111111111111
1 0.619140625 0.5333333333333333 0.0171875 0.02638888888888889
1 0.575 0.5041666666666667 0.01171875 0.018055555555555554
1 0.655859375 0.6819444444444445 0.01640625 0.034722222222222224
1 0.641796875 0.7020833333333333 0.0140625 0.030555555555555555
1 0.682421875 0.5972222222222222 0.03046875 0.09166666666666666
1 0.688671875 0.50625 0.03203125 0.06527777777777778
1 0.624609375 0.4097222222222222 0.0125 0.027777777777777776
1 0.634765625 0.43333333333333335 0.01328125 0.025
1 0.67734375 0.39375 0.02734375 0.03194444444444444
1 0.636328125 0.22777777777777777 0.0125 0.03194444444444444
1 0.657421875 0.2590277777777778 0.0234375 0.05
1 0.624609375 0.12638888888888888 0.02109375 0.05
1 0.620703125 0.16527777777777777 0.02109375 0.058333333333333334
1 0.672265625 0.1951388888888889 0.0203125 0.05138888888888889
1 0.709765625 0.13194444444444445 0.01875 0.025
1 0.73359375 0.25069444444444444 0.02265625 0.03611111111111111
1 0.745703125 0.22083333333333333 0.0296875 0.05
1 0.753125 0.2673611111111111 0.0171875 0.041666666666666664
1 0.726953125 0.3111111111111111 0.0203125 0.041666666666666664
1 0.808984375 0.24375 0.01796875 0.034722222222222224
1 0.767578125 0.16944444444444445 0.0265625 0.041666666666666664
1 0.816015625 0.1638888888888889 0.02734375 0.04583333333333333
1 0.865234375 0.02638888888888889 0.034375 0.05277777777777778
1 0.68515625 0.010416666666666666 0.01953125 0.020833333333333332
1 0.633203125 0.013888888888888888 0.028125 0.027777777777777776
1 0.748046875 0.013194444444444444 0.01796875 0.02638888888888889
1 0.5171875 0.09236111111111112 0.0109375 0.03333333333333333
1 0.512890625 0.009027777777777777 0.021875 0.018055555555555554
1 0.873046875 0.40902777777777777 0.0328125 0.05138888888888889
1 0.845703125 0.40555555555555556 0.0140625 0.02638888888888889
1 0.73671875 0.43819444444444444 0.015625 0.027777777777777776
1 0.759375 0.5055555555555555 0.0140625 0.02361111111111111
1 0.77421875 0.5444444444444444 0.01640625 0.05277777777777778
1 0.822265625 0.6298611111111111 0.025 0.04583333333333333
1 0.843359375 0.6270833333333333 0.01328125 0.019444444444444445
1 0.819921875 0.6958333333333333 0.0328125 0.06666666666666667
1 0.788671875 0.7506944444444444 0.02109375 0.03333333333333333
1 0.807421875 0.7493055555555556 0.01640625 0.025
1 0.8046875 0.8465277777777778 0.0328125 0.0875
1 0.822265625 0.79375 0.01171875 0.027777777777777776
1 0.675390625 0.8173611111111111 0.0265625 0.05138888888888889
1 0.65546875 0.8951388888888889 0.015625 0.029166666666666667
1 0.688671875 0.9645833333333333 0.01484375 0.029166666666666667
1 0.716796875 0.96875 0.0203125 0.03888888888888889
1 0.7125 0.9930555555555556 0.0078125 0.013888888888888888
1 0.755859375 0.95 0.021875 0.04861111111111111
1 0.768359375 0.9902777777777778 0.0109375 0.019444444444444445
1 0.773828125 0.9194444444444444 0.0125 0.02638888888888889
1 0.76015625 0.8173611111111111 0.009375 0.016666666666666666
1 0.826953125 0.9215277777777777 0.009375 0.0125
1 0.81484375 0.9444444444444444 0.009375 0.019444444444444445
1 0.8328125 0.9618055555555556 0.00703125 0.016666666666666666
1 0.790625 0.9979166666666667 0.00625 0.004166666666666667
1 0.7296875 0.8875 0.0078125 0.018055555555555554
1 0.848828125 0.8631944444444445 0.0171875 0.03333333333333333
1 0.871875 0.83125 0.021875 0.04027777777777778
1 0.89453125 0.9361111111111111 0.01484375 0.027777777777777776
1 0.925 0.8076388888888889 0.0203125 0.030555555555555555
1 0.942578125 0.8 0.01484375 0.03333333333333333
1 0.9125 0.7715277777777778 0.01796875 0.030555555555555555
1 0.92890625 0.8347222222222223 0.01875 0.02638888888888889