0 0.674609375 0.8770833333333333 0.109375 0.1763888888888889
1 0.69609375 0.85625 0.0171875 0.02638888888888889
0 0.68125 0.6444444444444445 0.14609375 0.15
1 0.55546875 0.1840277777777778 0.01015625 0.015277777777777777
1 0.70234375 0.009027777777777777 0.01484375 0.018055555555555554
1 0.788671875 0.4909722222222222 0.021875 0.03194444444444444
1 0.63984375 0.00625 0.00625 0.0125
1 0.14453125 0.53125 0.03125 0.059722222222222225
0 0.6796875 0.24166666666666667 0.103125 0.48333333333333334
1 0.089453125 0.6833333333333333 0.0203125 0.025
1 0.201171875 0.6631944444444444 0.034375 0.058333333333333334
1 0.2421875 0.8951388888888889 0.0359375 0.08472222222222223
1 0.168359375 0.9826388888888888 0.0140625 0.018055555555555554
1 0.43046875 0.9840277777777777 0.01171875 0.03194444444444444
1 0.4625 0.9909722222222223 0.025 0.018055555555555554
1 0.451953125 0.9277777777777778 0.02109375 0.0375
1 0.44296875 0.8888888888888888 0.015625 0.019444444444444445
1 0.469140625 0.8576388888888888 0.015625 0.020833333333333332
1 0.475390625 0.8034722222222223 0.0140625 0.02638888888888889
1 0.49375 0.8027777777777778 0.01484375 0.016666666666666666
1 0.516015625 0.7493055555555556 0.0203125 0.0375
1 0.611328125 0.8506944444444444 0.01171875 0.03194444444444444
1 0.7203125 0.8659722222222223 0.0234375 0.041666666666666664
1 0.719921875 0.9625 0.0171875 0.030555555555555555
1 0.75234375 0.9951388888888889 0.0078125 0.009722222222222222
1 0.811328125 0.9506944444444444 0.03125 0.059722222222222225
1 0.78828125 0.88125 0.0265625 0.04861111111111111
1 0.805078125 0.8527777777777777 0.0140625 0.02361111111111111
1 0.75546875 0.64375 0.015625 0.034722222222222224
1 0.8359375 0.7055555555555556 0.009375 0.018055555555555554
1 0.890234375 0.6527777777777778 0.0296875 0.05138888888888889
1 0.905859375 0.5854166666666667 0.021875 0.05138888888888889
1 0.851171875 0.5222222222222223 0.01171875 0.019444444444444445
0 0.63125 0.35833333333333334 0.08515625 0.3111111111111111
1 0.871484375 0.3951388888888889 0.009375 0.011111111111111112
1 0.82890625 0.8993055555555556 0.01015625 0.018055555555555554
1 0.80546875 0.9944444444444445 0.01484375 0.011111111111111112
1 0.96640625 0.9305555555555556 0.01875 0.04583333333333333
1 0.91015625 0.94375 0.00703125 0.013888888888888888
1 0.8 0.7555555555555555 0.0125 0.025
1 0.99296875 0.23333333333333334 0.0140625 0.0375
1 0.9859375 0.20208333333333334 0.01640625 0.04027777777777778
1 0.89296875 0.018055555555555554 0.02734375 0.03611111111111111
1 0.926953125 0.08611111111111111 0.015625 0.034722222222222224
1 0.864453125 0.11944444444444445 0.01171875 0.022222222222222223
1 0.6609375 0.006944444444444444 0.00859375 0.013888888888888888
1 0.67265625 0.4354166666666667 0.015625 0.034722222222222224
1 0.630859375 0.45 0.0140625 0.016666666666666666
1 0.62109375 0.46319444444444446 0.009375 0.011111111111111112
1 0.6953125 0.5270833333333333 0.00859375 0.016666666666666666
1 0.678515625 0.5375 0.009375 0.016666666666666666
1 0.663671875 0.4847222222222222 0.015625 0.030555555555555555
1 0.10390625 0.45 0.028125 0.02638888888888889
1 0.588671875 0.4284722222222222 0.00859375 0.030555555555555555
1 0.075390625 0.22916666666666666 0.0140625 0.015277777777777777
1 0.157421875 0.021527777777777778 0.021875 0.03611111111111111
1 0.18046875 0.26666666666666666 0.0140625 0.027777777777777776
1 0.197265625 0.09444444444444444 0.02265625 0.0375
1 0.456640625 0.21180555555555555 0.03046875 0.04722222222222222
1 0.43515625 0.15902777777777777 0.0265625 0.034722222222222224
1 0.547265625 0.04513888888888889 0.01953125 0.0375
1 0.659375 0.10694444444444444 0.015625 0.029166666666666667
1 0.833203125 0.2298611111111111 0.03125 0.03888888888888889
1 0.870703125 0.25555555555555554 0.009375 0.018055555555555554
1 0.784375 0.2965277777777778 0.0203125 0.03888888888888889
1 0.760546875 0.33194444444444443 0.01640625 0.04583333333333333
1 0.73515625 0.2611111111111111 0.01328125 0.02638888888888889
1 0.590625 0.2388888888888889 0.01953125 0.02361111111111111
1 0.641796875 0.23402777777777778 0.02421875 0.041666666666666664
1 0.59921875 0.35208333333333336 0.05 0.1
1 0.603515625 0.4409722222222222 0.0125 0.02361111111111111
1 0.623046875 0.41875 0.01640625 0.025
1 0.561328125 0.4013888888888889 0.0125 0.019444444444444445
1 0.498828125 0.6048611111111111 0.015625 0.030555555555555555
1 0.480859375 0.5180555555555556 0.01328125 0.019444444444444445
1 0.479296875 0.4798611111111111 0.01171875 0.020833333333333332
1 0.496875 0.41041666666666665 0.02109375 0.041666666666666664
1 0.464453125 0.34930555555555554 0.021875 0.03611111111111111
0 0.078125 0.30416666666666664 0.15625 0.1875
0 0.117578125 0.5229166666666667 0.23515625 0.25277777777777777
0 0.125 0.8166666666666667 0.1796875 0.36666666666666664
1 0.747265625 0.47152777777777777 0.009375 0.013888888888888888
0 0.1484375 0.8993055555555556 0.115625 0.2013888888888889
1 0.14140625 0.6541666666666667 0.0140625 0.020833333333333332
0 0.644921875 0.9784722222222222 0.0375 0.044444444444444446