1 0.3453125 0.7388888888888889 0.01484375 0.0375
1 0.073046875 0.40902777777777777 0.02421875 0.03888888888888889
1 0.77890625 0.46875 0.01953125 0.034722222222222224
1 0.6671875 0.64375 0.02890625 0.06388888888888888
1 0.728125 0.7972222222222223 0.0421875 0.06666666666666667
1 0.558984375 0.13680555555555557 0.01484375 0.041666666666666664
1 0.789453125 0.9847222222222223 0.01640625 0.025
1 0.21328125 0.36180555555555555 0.01875 0.03194444444444444
1 0.225 0.125 0.03203125 0.05
1 0.09609375 0.85 0.02109375 0.02361111111111111
0 0.62734375 0.9229166666666667 0.1828125 0.1527777777777778
1 0.787890625 0.28125 0.02421875 0.04583333333333333
1 0.224609375 0.5638888888888889 0.0171875 0.029166666666666667
1 0.049609375 0.7770833333333333 0.0140625 0.029166666666666667
1 0.218359375 0.16944444444444445 0.0125 0.034722222222222224
0 0.65546875 0.1076388888888889 0.175 0.21388888888888888
1 0.63671875 0.6277777777777778 0.0109375 0.03333333333333333
1 0.862109375 0.9513888888888888 0.01640625 0.02361111111111111
1 0.06328125 0.14444444444444443 0.01484375 0.027777777777777776
1 0.269140625 0.5875 0.01328125 0.027777777777777776
1 0.48828125 0.14375 0.0109375 0.025
1 0.125 0.15416666666666667 0.01328125 0.02638888888888889
1 0.354296875 0.13472222222222222 0.01171875 0.016666666666666666
0 0.141015625 0.018055555555555554 0.08359375 0.03611111111111111
1 0.24453125 0.5486111111111112 0.009375 0.015277777777777777
1 0.07109375 0.8902777777777777 0.015625 0.019444444444444445
1 0.56640625 0.6368055555555555 0.009375 0.018055555555555554
1 0.9625 0.4979166666666667 0.01328125 0.019444444444444445
1 0.20703125 0.9923611111111111 0.00859375 0.011111111111111112
1 0.283984375 0.6409722222222223 0.01640625 0.019444444444444445
1 0.818359375 0.9006944444444445 0.0125 0.019444444444444445
1 0.4234375 0.6583333333333333 0.01015625 0.018055555555555554
1 0.816796875 0.7604166666666666 0.01015625 0.018055555555555554
1 0.7953125 0.7430555555555556 0.0109375 0.016666666666666666
1 0.99296875 0.5131944444444444 0.00859375 0.03194444444444444
1 0.54921875 0.45555555555555555 0.01328125 0.019444444444444445
0 0.714453125 0.5270833333333333 0.19765625 0.6333333333333333
1 0.435546875 0.25555555555555554 0.01328125 0.03333333333333333
1 0.865234375 0.2013888888888889 0.0125 0.027777777777777776
1 0.3390625 0.6604166666666667 0.01171875 0.016666666666666666
1 0.03125 0.8597222222222223 0.01640625 0.025
1 0.030078125 0.03888888888888889 0.0109375 0.029166666666666667
1 0.901953125 0.2777777777777778 0.01640625 0.027777777777777776
1 0.698828125 0.28055555555555556 0.0140625 0.02361111111111111
1 0.67734375 0.7083333333333334 0.0171875 0.03194444444444444
1 0.5890625 0.9868055555555556 0.015625 0.025
1 0.63984375 0.4111111111111111 0.01796875 0.03333333333333333
1 0.147265625 0.09930555555555555 0.01796875 0.029166666666666667
1 0.141796875 0.39652777777777776 0.01328125 0.019444444444444445
1 0.976953125 0.034722222222222224 0.01796875 0.029166666666666667
1 0.037109375 0.8027777777777778 0.021875 0.034722222222222224
1 0.615625 0.2875 0.01796875 0.029166666666666667
1 0.98828125 0.9069444444444444 0.015625 0.030555555555555555
1 0.93125 0.8291666666666667 0.0203125 0.03611111111111111
1 0.9234375 0.034722222222222224 0.01875 0.0375
1 0.374609375 0.2798611111111111 0.02421875 0.04583333333333333
1 0.22890625 0.6111111111111112 0.04609375 0.05416666666666667
1 0.98984375 0.4 0.01796875 0.044444444444444446
1 0.98359375 0.14930555555555555 0.02265625 0.06527777777777778
1 0.800390625 0.33819444444444446 0.01953125 0.03194444444444444
1 0.638671875 0.19027777777777777 0.03984375 0.044444444444444446
1 0.677734375 0.1951388888888889 0.0375 0.05138888888888889
1 0.228125 0.2708333333333333 0.0390625 0.08194444444444444
1 0.19765625 0.89375 0.0171875 0.029166666666666667
1 0.89609375 0.5173611111111112 0.0234375 0.03333333333333333
1 0.708984375 0.13680555555555557 0.0265625 0.05277777777777778
1 0.753125 0.44027777777777777 0.0234375 0.03888888888888889
1 0.834375 0.9715277777777778 0.01875 0.034722222222222224
1 0.573828125 0.2611111111111111 0.04296875 0.0625
1 0.87265625 0.3423611111111111 0.034375 0.06666666666666667
1 0.76484375 0.7729166666666667 0.01875 0.034722222222222224
1 0.853515625 0.7229166666666667 0.05078125 0.07777777777777778
0 0.10390625 0.23958333333333334 0.2078125 0.2111111111111111
1 0.713671875 0.9222222222222223 0.05625 0.14444444444444443
0 0.102734375 0.7861111111111111 0.18203125 0.42777777777777776
1 0.851953125 0.8965277777777778 0.03359375 0.09861111111111111
1 0.034375 0.35 0.01796875 0.025
1 0.845703125 0.49375 0.0203125 0.027777777777777776
1 0.807421875 0.5354166666666667 0.0390625 0.07222222222222222
1 0.596875 0.4888888888888889 0.0296875 0.06527777777777778
1 0.158203125 0.5722222222222222 0.01875 0.034722222222222224
1 0.13515625 0.5805555555555556 0.02109375 0.06666666666666667
1 0.640625 0.7479166666666667 0.0171875 0.03333333333333333
0 0.65703125 0.7430555555555556 0.20859375 0.31527777777777777
1 0.6078125 0.40208333333333335 0.0203125 0.05
1 0.795703125 0.9284722222222223 0.01953125 0.03194444444444444
1 0.858203125 0.12638888888888888 0.0171875 0.025
0 0.124609375 0.5006944444444444 0.134375 0.3611111111111111
1 0.2578125 0.20208333333333334 0.03046875 0.04861111111111111
1 0.822265625 0.20277777777777778 0.01953125 0.03194444444444444
1 0.98515625 0.7270833333333333 0.0234375 0.043055555555555555
0 0.105859375 0.9055555555555556 0.190625 0.1875
1 0.2265625 0.9361111111111111 0.02109375 0.04027777777777778
1 0.665234375 0.06666666666666667 0.02578125 0.05416666666666667
1 0.7078125 0.60625 0.015625 0.03333333333333333
1 0.661328125 0.7916666666666666 0.02734375 0.05694444444444444