1 0.887109375 0.0875 0.0265625 0.05416666666666667
1 0.974609375 0.1625 0.03125 0.06666666666666667
1 0.994921875 0.09583333333333334 0.009375 0.04027777777777778
1 0.93515625 0.44027777777777777 0.025 0.04722222222222222
1 0.90546875 0.6097222222222223 0.03359375 0.06111111111111111
1 0.935546875 0.6791666666666667 0.0234375 0.03611111111111111
1 0.972265625 0.6819444444444445 0.0375 0.06527777777777778
1 0.7375 0.6916666666666667 0.04921875 0.09166666666666666
1 0.70859375 0.6645833333333333 0.021875 0.03611111111111111
1 0.684765625 0.6798611111111111 0.025 0.0375
1 0.62734375 0.9347222222222222 0.0234375 0.03611111111111111
1 0.708203125 0.9076388888888889 0.0265625 0.041666666666666664
1 0.97109375 0.8770833333333333 0.021875 0.041666666666666664
0 0.71171875 0.9256944444444445 0.20078125 0.14722222222222223
0 0.678515625 0.8013888888888889 0.15546875 0.08333333333333333
0 0.6671875 0.5659722222222222 0.1890625 0.49722222222222223
0 0.690234375 0.3388888888888889 0.10625 0.5972222222222222
0 0.668359375 0.0798611111111111 0.078125 0.1527777777777778
0 0.166796875 0.9368055555555556 0.1921875 0.125
0 0.151953125 0.8020833333333334 0.128125 0.2972222222222222
0 0.120703125 0.6215277777777778 0.2375 0.43333333333333335
0 0.1546875 0.30486111111111114 0.19609375 0.17777777777777778
0 0.169921875 0.16666666666666666 0.15703125 0.32916666666666666
1 0.217578125 0.2423611111111111 0.04296875 0.08888888888888889
1 0.261328125 0.30972222222222223 0.03046875 0.0875
1 0.30234375 0.425 0.021875 0.03611111111111111
1 0.2703125 0.5104166666666666 0.04765625 0.05277777777777778
1 0.269921875 0.4486111111111111 0.0296875 0.06388888888888888
1 0.239453125 0.42083333333333334 0.03046875 0.05277777777777778
1 0.14453125 0.42291666666666666 0.0203125 0.05416666666666667
1 0.16953125 0.4375 0.02734375 0.03194444444444444
1 0.195703125 0.46805555555555556 0.0234375 0.0375
1 0.210546875 0.5326388888888889 0.01796875 0.04722222222222222
1 0.087890625 0.6548611111111111 0.02265625 0.030555555555555555
1 0.20390625 0.6381944444444444 0.025 0.05555555555555555
1 0.18828125 0.6847222222222222 0.02265625 0.05555555555555555
1 0.162109375 0.6631944444444444 0.0203125 0.06111111111111111
1 0.13125 0.675 0.03046875 0.04722222222222222
1 0.28359375 0.7159722222222222 0.09140625 0.13055555555555556
1 0.481640625 0.6006944444444444 0.0203125 0.05277777777777778
1 0.509765625 0.9493055555555555 0.0265625 0.044444444444444446
1 0.26171875 0.9798611111111111 0.02578125 0.04027777777777778
1 0.273828125 0.8444444444444444 0.0375 0.08194444444444444
1 0.616796875 0.47291666666666665 0.0296875 0.05416666666666667
1 0.5890625 0.56875 0.0296875 0.06111111111111111
1 0.794921875 0.34652777777777777 0.0328125 0.06388888888888888
1 0.2546875 0.23402777777777778 0.03515625 0.07916666666666666
1 0.11171875 0.22430555555555556 0.03984375 0.06111111111111111
1 0.240234375 0.15555555555555556 0.0234375 0.04583333333333333
1 0.17265625 0.09930555555555555 0.03359375 0.05277777777777778
1 0.201171875 0.08958333333333333 0.0203125 0.04583333333333333
1 0.220703125 0.07430555555555556 0.02578125 0.06944444444444445
1 0.23828125 0.03194444444444444 0.0296875 0.058333333333333334
1 0.280078125 0.09513888888888888 0.0515625 0.08055555555555556
1 0.741796875 0.9104166666666667 0.01953125 0.022222222222222223
1 0.797265625 0.9111111111111111 0.01328125 0.027777777777777776
1 0.9875 0.9638888888888889 0.0234375 0.05694444444444444
1 0.94296875 0.22152777777777777 0.02109375 0.027777777777777776
1 0.833203125 0.24305555555555555 0.02421875 0.02638888888888889
1 0.977734375 0.46597222222222223 0.02109375 0.030555555555555555
1 0.28203125 0.16805555555555557 0.0203125 0.04027777777777778
1 0.3203125 0.1986111111111111 0.04375 0.10972222222222222
1 0.87421875 0.024305555555555556 0.03046875 0.04722222222222222
1 0.358203125 0.26458333333333334 0.0390625 0.23333333333333334
1 0.39765625 0.20833333333333334 0.0265625 0.08055555555555556
1 0.502734375 0.5479166666666667 0.0203125 0.03333333333333333