1 0.165625 0.5138888888888888 0.01875 0.034722222222222224
1 0.1453125 0.5347222222222222 0.015625 0.030555555555555555
1 0.13125 0.6576388888888889 0.03671875 0.059722222222222225
1 0.06953125 0.6944444444444444 0.02890625 0.034722222222222224
1 0.184375 0.7694444444444445 0.025 0.0625
1 0.21171875 0.7868055555555555 0.0140625 0.025
1 0.242578125 0.7777777777777778 0.02109375 0.03888888888888889
1 0.400390625 0.6215277777777778 0.0140625 0.0375
1 0.422265625 0.74375 0.0359375 0.06666666666666667
1 0.48984375 0.5743055555555555 0.02109375 0.04027777777777778
1 0.559765625 0.49375 0.0140625 0.03611111111111111
1 0.559375 0.5597222222222222 0.0078125 0.018055555555555554
1 0.607421875 0.46458333333333335 0.01953125 0.044444444444444446
1 0.615625 0.4048611111111111 0.028125 0.04722222222222222
1 0.633984375 0.2986111111111111 0.0109375 0.025
1 0.657421875 0.3701388888888889 0.02578125 0.0375
1 0.713671875 0.24305555555555555 0.040625 0.1111111111111111
1 0.631640625 0.06597222222222222 0.02890625 0.05
1 0.471875 0.1625 0.03125 0.07916666666666666
1 0.50390625 0.125 0.02578125 0.03611111111111111
1 0.4390625 0.2111111111111111 0.0171875 0.029166666666666667
1 0.077734375 0.08611111111111111 0.01640625 0.022222222222222223
0 0.725390625 0.18472222222222223 0.15859375 0.23194444444444445
0 0.73359375 0.34375 0.21875 0.47638888888888886
0 0.733203125 0.5875 0.20703125 0.24861111111111112
0 0.76015625 0.8729166666666667 0.21875 0.25416666666666665
0 0.68828125 0.9631944444444445 0.07109375 0.07361111111111111
1 0.9234375 0.9298611111111111 0.00625 0.013888888888888888
0 0.084375 0.22361111111111112 0.16875 0.2152777777777778
1 0.371875 0.5166666666666667 0.0078125 0.018055555555555554
1 0.303515625 0.44375 0.01796875 0.025
1 0.380078125 0.2763888888888889 0.0125 0.022222222222222223
1 0.455859375 0.34375 0.015625 0.02638888888888889
1 0.4 0.26180555555555557 0.021875 0.04027777777777778
1 0.025390625 0.1076388888888889 0.0125 0.020833333333333332
1 0.0203125 0.38263888888888886 0.01796875 0.044444444444444446
1 0.133984375 0.9 0.00859375 0.019444444444444445
1 0.19453125 0.9506944444444444 0.015625 0.03611111111111111
1 0.459375 0.9694444444444444 0.04453125 0.06111111111111111
1 0.503125 0.9944444444444445 0.009375 0.011111111111111112
1 0.455859375 0.9243055555555556 0.01484375 0.029166666666666667
1 0.64921875 0.8055555555555556 0.0265625 0.05277777777777778
1 0.624609375 0.7798611111111111 0.01484375 0.022222222222222223
1 0.444140625 0.052083333333333336 0.0125 0.020833333333333332
1 0.822265625 0.8444444444444444 0.01875 0.04027777777777778
1 0.89296875 0.7256944444444444 0.01328125 0.027777777777777776
1 0.16796875 0.3138888888888889 0.028125 0.05555555555555555
1 0.19609375 0.33819444444444446 0.0328125 0.0875
1 0.146875 0.4534722222222222 0.03125 0.06527777777777778