1 0.687109375 0.49930555555555556 0.0140625 0.029166666666666667
1 0.66328125 0.5034722222222222 0.02421875 0.03194444444444444
1 0.56796875 0.5222222222222223 0.01796875 0.03194444444444444
1 0.61328125 0.3590277777777778 0.01484375 0.025
1 0.637890625 0.4305555555555556 0.025 0.03611111111111111
1 0.68125 0.39791666666666664 0.01640625 0.03194444444444444
1 0.768359375 0.36875 0.0140625 0.022222222222222223
1 0.7984375 0.3680555555555556 0.03046875 0.05138888888888889
1 0.912890625 0.4131944444444444 0.021875 0.034722222222222224
1 0.9296875 0.3625 0.028125 0.044444444444444446
1 0.95078125 0.3173611111111111 0.02109375 0.034722222222222224
1 0.956640625 0.24305555555555555 0.01640625 0.02361111111111111
1 0.923046875 0.22152777777777777 0.02890625 0.05
1 0.84765625 0.18888888888888888 0.0171875 0.03194444444444444
1 0.772265625 0.17916666666666667 0.01796875 0.02638888888888889
1 0.77734375 0.23402777777777778 0.01640625 0.04722222222222222
1 0.705859375 0.18611111111111112 0.01796875 0.041666666666666664
1 0.718359375 0.3215277777777778 0.01640625 0.02638888888888889
1 0.676953125 0.18958333333333333 0.01171875 0.019444444444444445
0 0.096875 0.19791666666666666 0.19296875 0.3819444444444444
0 0.07890625 0.4965277777777778 0.1578125 0.2833333333333333
1 0.544140625 0.35138888888888886 0.01953125 0.03888888888888889
1 0.5359375 0.31666666666666665 0.0140625 0.016666666666666666
1 0.493359375 0.15416666666666667 0.01484375 0.02638888888888889
1 0.54921875 0.28402777777777777 0.0140625 0.03333333333333333
1 0.576171875 0.2847222222222222 0.015625 0.05694444444444444
1 0.5890625 0.21875 0.01875 0.04027777777777778
1 0.58984375 0.13541666666666666 0.0234375 0.03888888888888889
1 0.689453125 0.08819444444444445 0.01171875 0.03333333333333333
1 0.710546875 0.09097222222222222 0.021875 0.034722222222222224
1 0.704296875 0.004166666666666667 0.0109375 0.005555555555555556
1 0.7671875 0.007638888888888889 0.01640625 0.015277777777777777
1 0.99140625 0.05555555555555555 0.01171875 0.015277777777777777
1 0.98046875 0.019444444444444445 0.03203125 0.03888888888888889
1 0.878125 0.09027777777777778 0.0171875 0.029166666666666667
1 0.68515625 0.16666666666666666 0.00703125 0.015277777777777777
1 0.659765625 0.2465277777777778 0.00625 0.0125
1 0.992578125 0.55 0.01484375 0.03333333333333333
1 0.662890625 0.8611111111111112 0.00703125 0.018055555555555554
1 0.686328125 0.8381944444444445 0.00859375 0.020833333333333332
1 0.455078125 0.17152777777777778 0.00859375 0.022222222222222223
1 0.616015625 0.40625 0.00703125 0.015277777777777777
1 0.534765625 0.45416666666666666 0.0125 0.02361111111111111
1 0.604296875 0.2951388888888889 0.0421875 0.058333333333333334
1 0.627734375 0.22083333333333333 0.01328125 0.03333333333333333
1 0.981640625 0.14166666666666666 0.03671875 0.059722222222222225
1 0.90625 0.052083333333333336 0.028125 0.05277777777777778
0 0.674609375 0.8263888888888888 0.3515625 0.2263888888888889
0 0.694921875 0.8333333333333334 0.1265625 0.3333333333333333
0 0.1453125 0.8756944444444444 0.14765625 0.24861111111111112
0 0.64375 0.5986111111111111 0.1984375 0.5222222222222223
0 0.694921875 0.24375 0.1375 0.4875
0 0.67421875 0.08194444444444444 0.21484375 0.1638888888888889
1 0.038671875 0.09166666666666666 0.02421875 0.044444444444444446
1 0.0546875 0.10902777777777778 0.0078125 0.02638888888888889
1 0.033984375 0.022222222222222223 0.015625 0.03194444444444444
1 0.094921875 0.006944444444444444 0.01875 0.013888888888888888
1 0.176171875 0.050694444444444445 0.028125 0.07361111111111111
1 0.8765625 0.043055555555555555 0.021875 0.029166666666666667
1 0.1953125 0.07152777777777777 0.0078125 0.027777777777777776
1 0.216015625 0.04097222222222222 0.03046875 0.041666666666666664
1 0.190625 0.011111111111111112 0.015625 0.022222222222222223
1 0.246875 0.09097222222222222 0.01328125 0.03888888888888889
1 0.25625 0.13541666666666666 0.03671875 0.05
1 0.22265625 0.15625 0.02734375 0.05416666666666667
1 0.22421875 0.2125 0.01953125 0.04861111111111111
1 0.2046875 0.22777777777777777 0.01953125 0.0375
1 0.194921875 0.2520833333333333 0.01171875 0.03194444444444444
1 0.158203125 0.33541666666666664 0.0140625 0.03611111111111111
1 0.27890625 0.4861111111111111 0.01328125 0.018055555555555554
1 0.287109375 0.5458333333333333 0.02890625 0.05555555555555555
1 0.25703125 0.5520833333333334 0.01796875 0.034722222222222224
1 0.208984375 0.5756944444444444 0.01015625 0.016666666666666666
1 0.16640625 0.5 0.01953125 0.041666666666666664
1 0.05546875 0.6277777777777778 0.02109375 0.05416666666666667
1 0.140234375 0.7125 0.01171875 0.025
1 0.2296875 0.6631944444444444 0.01953125 0.06527777777777778
1 0.140234375 0.7694444444444445 0.0140625 0.02638888888888889
1 0.2390625 0.8548611111111111 0.01015625 0.02638888888888889
1 0.328125 0.8631944444444445 0.015625 0.025
1 0.247265625 0.9423611111111111 0.01953125 0.041666666666666664
1 0.075390625 0.9048611111111111 0.01015625 0.025
1 0.6140625 0.8847222222222222 0.0328125 0.07777777777777778
1 0.798828125 0.8986111111111111 0.01484375 0.034722222222222224
1 0.743359375 0.7763888888888889 0.015625 0.03888888888888889
1 0.65546875 0.6638888888888889 0.02265625 0.041666666666666664
1 0.611328125 0.6729166666666667 0.06875 0.10416666666666667
1 0.584375 0.7347222222222223 0.00859375 0.0375
1 0.5984375 0.7527777777777778 0.00546875 0.011111111111111112
1 0.496875 0.6819444444444445 0.01328125 0.02638888888888889
1 0.492578125 0.8138888888888889 0.01015625 0.02361111111111111
1 0.93203125 0.8458333333333333 0.0125 0.018055555555555554
1 0.9390625 0.78125 0.03984375 0.05694444444444444
1 0.930078125 0.7354166666666667 0.0125 0.029166666666666667
1 0.878125 0.7569444444444444 0.0234375 0.03333333333333333
1 0.79609375 0.6736111111111112 0.04140625 0.08611111111111111
1 0.88203125 0.6673611111111111 0.02265625 0.06666666666666667
1 0.75546875 0.4638888888888889 0.0328125 0.08888888888888889