1 0.98671875 0.053125 0.015625 0.01875
1 0.86015625 0.16354166666666667 0.0265625 0.025
1 0.8875 0.14895833333333333 0.0125 0.016666666666666666
1 0.81875 0.08958333333333333 0.015625 0.022916666666666665
1 0.7265625 0.0875 0.0171875 0.020833333333333332
1 0.7296875 0.11770833333333333 0.01875 0.029166666666666667
1 0.76796875 0.13333333333333333 0.0125 0.016666666666666666
1 0.7203125 0.18020833333333333 0.021875 0.03125
1 0.9328125 0.21041666666666667 0.015625 0.020833333333333332
1 0.91484375 0.321875 0.028125 0.03125
1 0.9234375 0.2916666666666667 0.0125 0.014583333333333334
1 0.953125 0.29375 0.03125 0.03125
1 0.98359375 0.309375 0.0328125 0.05416666666666667
1 0.9421875 0.321875 0.015625 0.01875
1 0.96796875 0.446875 0.0640625 0.10625
1 0.96875 0.521875 0.025 0.04375
1 0.9078125 0.4625 0.0171875 0.029166666666666667
1 0.9765625 0.6072916666666667 0.046875 0.03333333333333333
1 0.98515625 0.6739583333333333 0.0296875 0.06458333333333334
1 0.8734375 0.5541666666666667 0.0359375 0.035416666666666666
1 0.94296875 0.7229166666666667 0.03125 0.025
1 0.89921875 0.71875 0.0421875 0.0625
1 0.8421875 0.7604166666666666 0.0265625 0.0375
1 0.97265625 0.8145833333333333 0.0234375 0.022916666666666665
1 0.8421875 0.8177083333333334 0.0171875 0.016666666666666666
1 0.84140625 0.859375 0.0109375 0.022916666666666665
1 0.86484375 0.9520833333333333 0.025 0.027083333333333334
1 0.74296875 0.96875 0.03125 0.03333333333333333
1 0.715625 0.9739583333333334 0.0125 0.020833333333333332
1 0.65625 0.9604166666666667 0.021875 0.027083333333333334
1 0.68203125 0.9364583333333333 0.059375 0.04583333333333333
1 0.6671875 0.8875 0.025 0.029166666666666667
1 0.73671875 0.83125 0.0140625 0.027083333333333334
1 0.53046875 0.84375 0.0234375 0.027083333333333334
1 0.8625 0.3302083333333333 0.03125 0.0375
1 0.4859375 0.15 0.0390625 0.052083333333333336
1 0.34453125 0.23229166666666667 0.0671875 0.06041666666666667
1 0.3296875 0.3104166666666667 0.05 0.05625
1 0.19921875 0.31979166666666664 0.0109375 0.01875
1 0.19921875 0.35625 0.0140625 0.01875
1 0.13828125 0.3385416666666667 0.0203125 0.03958333333333333
1 0.115625 0.3729166666666667 0.0328125 0.03125
1 0.11015625 0.4395833333333333 0.025 0.04375
1 0.23359375 0.5125 0.01875 0.03125
1 0.00625 0.5229166666666667 0.0125 0.029166666666666667
1 0.103125 0.5583333333333333 0.034375 0.07083333333333333
1 0.13203125 0.5697916666666667 0.0125 0.03333333333333333
1 0.0484375 0.8447916666666667 0.0234375 0.029166666666666667
1 0.25546875 0.27708333333333335 0.0125 0.016666666666666666
1 0.5296875 0.4739583333333333 0.0234375 0.041666666666666664
1 0.65234375 0.4875 0.015625 0.020833333333333332
1 0.5703125 0.790625 0.046875 0.05625
1 0.625 0.8322916666666667 0.05 0.075
1 0.68125 0.753125 0.021875 0.035416666666666666
1 0.57578125 0.7322916666666667 0.0203125 0.035416666666666666
1 0.55078125 0.678125 0.0265625 0.03333333333333333
1 0.615625 0.7041666666666667 0.021875 0.020833333333333332
1 0.63046875 0.7427083333333333 0.0328125 0.04791666666666667
1 0.58828125 0.65625 0.00625 0.008333333333333333
1 0.64296875 0.6875 0.0734375 0.08541666666666667
1 0.4421875 0.734375 0.0234375 0.027083333333333334
1 0.43515625 0.790625 0.059375 0.05625
1 0.3625 0.7447916666666666 0.0484375 0.07291666666666667
1 0.2875 0.8333333333333334 0.0609375 0.04791666666666667
1 0.27421875 0.8895833333333333 0.0609375 0.04583333333333333
1 0.3421875 0.9395833333333333 0.0796875 0.10625
1 0.20703125 0.9927083333333333 0.01875 0.014583333333333334
1 0.16328125 0.5666666666666667 0.040625 0.0375
1 0.28125 0.6364583333333333 0.0296875 0.05416666666666667
1 0.42109375 0.6104166666666667 0.0328125 0.03333333333333333
1 0.38671875 0.6197916666666666 0.01875 0.020833333333333332
1 0.46640625 0.6020833333333333 0.04375 0.041666666666666664
1 0.46640625 0.6416666666666667 0.01875 0.029166666666666667
1 0.43515625 0.5052083333333334 0.0625 0.09375
1 0.4875 0.44479166666666664 0.0625 0.06458333333333334
1 0.6296875 0.4666666666666667 0.021875 0.022916666666666665
1 0.6875 0.3770833333333333 0.0390625 0.05
1 0.71015625 0.43645833333333334 0.0453125 0.06458333333333334
1 0.7453125 0.3458333333333333 0.034375 0.05416666666666667
1 0.66015625 0.25729166666666664 0.01875 0.03958333333333333
1 0.6984375 0.2791666666666667 0.015625 0.014583333333333334
1 0.5515625 0.31354166666666666 0.0453125 0.05416666666666667
1 0.503125 0.340625 0.01875 0.022916666666666665
1 0.80625 0.29791666666666666 0.0328125 0.052083333333333336
1 0.82265625 0.340625 0.01875 0.020833333333333332
0 0.46953125 0.08645833333333333 0.134375 0.17083333333333334
0 0.41640625 0.36041666666666666 0.4234375 0.56875
0 0.4203125 0.5333333333333333 0.4734375 0.14583333333333334
0 0.46171875 0.80625 0.51875 0.3854166666666667
1 0.2015625 0.20625 0.0265625 0.0375
1 0.1734375 0.24895833333333334 0.0296875 0.03958333333333333
1 0.2375 0.18541666666666667 0.025 0.041666666666666664
1 0.22890625 0.13020833333333334 0.0421875 0.04375
1 0.28046875 0.10833333333333334 0.05625 0.07916666666666666
1 0.29921875 0.005208333333333333 0.0171875 0.010416666666666666
1 0.34609375 0.06041666666666667 0.0734375 0.12083333333333333
1 0.41328125 0.06041666666666667 0.05625 0.06041666666666667
1 0.74140625 0.029166666666666667 0.1515625 0.058333333333333334
1 0.93515625 0.014583333333333334 0.0265625 0.029166666666666667
1 0.959375 0.00625 0.0125 0.0125
1 0.8859375 0.065625 0.04375 0.07291666666666667
1 0.915625 0.10833333333333334 0.021875 0.027083333333333334
1 0.96875 0.1375 0.021875 0.029166666666666667