0 0.4875 0.5416666666666666 0.3046875 0.36041666666666666
0 0.53125 0.07604166666666666 0.4890625 0.15208333333333332
0 0.475 0.3625 0.371875 0.32708333333333334
0 0.45234375 0.9520833333333333 0.115625 0.09583333333333334
1 0.81015625 0.7989583333333333 0.0125 0.025
1 0.99453125 0.675 0.0109375 0.022916666666666665
1 0.7109375 0.5666666666666667 0.046875 0.04791666666666667
1 0.84296875 0.6020833333333333 0.015625 0.020833333333333332
1 0.85546875 0.46875 0.04375 0.035416666666666666
1 0.73671875 0.428125 0.028125 0.0375
1 0.165625 0.5875 0.021875 0.03125
1 0.00859375 0.25833333333333336 0.0171875 0.035416666666666666
1 0.53125 0.225 0.03125 0.0375
1 0.578125 0.005208333333333333 0.025 0.010416666666666666
1 0.65390625 0.115625 0.053125 0.07916666666666666
1 0.78359375 0.225 0.0328125 0.04583333333333333
1 0.79453125 0.278125 0.025 0.027083333333333334
1 0.840625 0.23229166666666667 0.03125 0.029166666666666667
1 0.88203125 0.25104166666666666 0.04375 0.04583333333333333
1 0.83046875 0.13958333333333334 0.0203125 0.01875
1 0.56484375 0.7875 0.0375 0.05625
1 0.59765625 0.7739583333333333 0.034375 0.058333333333333334
1 0.865625 0.8614583333333333 0.021875 0.014583333333333334
1 0.23359375 0.7479166666666667 0.0171875 0.025
1 0.346875 0.5916666666666667 0.1109375 0.09791666666666667
1 0.2875 0.6104166666666667 0.0140625 0.020833333333333332
1 0.3515625 0.5145833333333333 0.0484375 0.052083333333333336
1 0.4421875 0.48541666666666666 0.028125 0.0375
1 0.4453125 0.8041666666666667 0.028125 0.03958333333333333
1 0.56796875 0.9270833333333334 0.0453125 0.07083333333333333
1 0.6859375 0.915625 0.0515625 0.05
1 0.67421875 0.9625 0.021875 0.022916666666666665
1 0.915625 0.9875 0.0515625 0.025
1 0.1671875 0.7614583333333333 0.03125 0.03125
1 0.84921875 0.9760416666666667 0.021875 0.027083333333333334
1 0.1453125 0.8583333333333333 0.040625 0.0625
0 0.46015625 0.7645833333333333 0.2234375 0.4708333333333333