1 0.085546875 0.4666666666666667 0.01953125 0.02361111111111111
1 0.031640625 0.5194444444444445 0.01484375 0.020833333333333332
1 0.178125 0.6104166666666667 0.01796875 0.02638888888888889
1 0.167578125 0.5298611111111111 0.021875 0.02638888888888889
1 0.13203125 0.7798611111111111 0.0109375 0.04027777777777778
1 0.283984375 0.9833333333333333 0.01015625 0.019444444444444445
1 0.25234375 0.8583333333333333 0.01015625 0.016666666666666666
1 0.2421875 0.8888888888888888 0.01328125 0.025
1 0.19140625 0.9 0.034375 0.06805555555555555
1 0.237890625 0.8166666666666667 0.0265625 0.03888888888888889
1 0.21640625 0.7506944444444444 0.0296875 0.10138888888888889
1 0.869140625 0.9791666666666666 0.02578125 0.041666666666666664
1 0.850390625 0.9958333333333333 0.00703125 0.008333333333333333
1 0.922265625 0.9284722222222223 0.00859375 0.016666666666666666
1 0.883203125 0.5451388888888888 0.0140625 0.022222222222222223
1 0.91171875 0.5527777777777778 0.02109375 0.043055555555555555
1 0.844921875 0.6868055555555556 0.0140625 0.02361111111111111
1 0.843359375 0.7513888888888889 0.01484375 0.025
1 0.225 0.38680555555555557 0.01328125 0.025
1 0.587109375 0.9930555555555556 0.0109375 0.013888888888888888
1 0.002734375 0.10555555555555556 0.00546875 0.03194444444444444
1 0.10703125 0.08819444444444445 0.0453125 0.09166666666666666
1 0.94375 0.09166666666666666 0.01484375 0.022222222222222223
1 0.93046875 0.004166666666666667 0.0125 0.008333333333333333
1 0.12421875 0.22916666666666666 0.01015625 0.027777777777777776
1 0.3125 0.9451388888888889 0.0109375 0.027777777777777776
1 0.29140625 0.8118055555555556 0.01953125 0.04027777777777778
1 0.786328125 0.9006944444444445 0.009375 0.018055555555555554
1 0.1546875 0.06597222222222222 0.0203125 0.029166666666666667
0 0.733203125 0.08680555555555555 0.05078125 0.1736111111111111
0 0.65625 0.20069444444444445 0.15 0.28055555555555556
0 0.69296875 0.63125 0.290625 0.2861111111111111
0 0.6578125 0.6944444444444444 0.1703125 0.35833333333333334
0 0.696484375 0.9319444444444445 0.2046875 0.1361111111111111
0 0.090625 0.7208333333333333 0.18125 0.2763888888888889
0 0.07734375 0.6152777777777778 0.1546875 0.45
1 0.42421875 0.74375 0.01640625 0.025
1 0.41328125 0.8097222222222222 0.02265625 0.027777777777777776
1 0.553515625 0.9680555555555556 0.0203125 0.04583333333333333
1 0.506640625 0.90625 0.05703125 0.1375
1 0.4796875 0.8361111111111111 0.01171875 0.027777777777777776
1 0.500390625 0.8041666666666667 0.02421875 0.030555555555555555
1 0.466796875 0.725 0.02109375 0.05138888888888889
0 0.0875 0.30069444444444443 0.175 0.1486111111111111
1 0.76640625 0.7472222222222222 0.009375 0.019444444444444445
1 0.255859375 0.9965277777777778 0.01015625 0.006944444444444444
1 0.449609375 0.7097222222222223 0.015625 0.04722222222222222
1 0.523828125 0.7236111111111111 0.01640625 0.025
1 0.60859375 0.75625 0.04609375 0.1
1 0.526953125 0.5381944444444444 0.00859375 0.013888888888888888
1 0.537890625 0.5965277777777778 0.03984375 0.04583333333333333
1 0.084375 0.6423611111111112 0.01875 0.022222222222222223
1 0.5890625 0.5069444444444444 0.03125 0.05416666666666667
1 0.616796875 0.32569444444444445 0.021875 0.05138888888888889
1 0.590625 0.35 0.0359375 0.08055555555555556
1 0.58671875 0.4152777777777778 0.01328125 0.019444444444444445
1 0.537109375 0.3388888888888889 0.04453125 0.07777777777777778
1 0.4671875 0.24305555555555555 0.0296875 0.06666666666666667
1 0.28984375 0.32569444444444445 0.02734375 0.025
1 0.3578125 0.28680555555555554 0.0421875 0.09444444444444444
1 0.71640625 0.8465277777777778 0.01640625 0.034722222222222224
1 0.689453125 0.7715277777777778 0.00546875 0.013888888888888888
1 0.791015625 0.5902777777777778 0.0140625 0.03194444444444444
1 0.716015625 0.5201388888888889 0.01953125 0.02361111111111111
1 0.714453125 0.48680555555555555 0.01953125 0.02361111111111111
1 0.732421875 0.4583333333333333 0.0140625 0.019444444444444445
1 0.725 0.3625 0.0171875 0.03194444444444444
1 0.721484375 0.3138888888888889 0.00859375 0.013888888888888888
1 0.783203125 0.29375 0.0171875 0.043055555555555555
1 0.915625 0.3458333333333333 0.028125 0.05277777777777778
1 0.932421875 0.24027777777777778 0.025 0.04583333333333333
1 0.857421875 0.16111111111111112 0.021875 0.034722222222222224
1 0.79296875 0.07777777777777778 0.009375 0.022222222222222223
1 0.755078125 0.05763888888888889 0.0078125 0.034722222222222224
0 0.145703125 0.05277777777777778 0.1671875 0.10555555555555556
1 0.738671875 0.07291666666666667 0.01875 0.034722222222222224
1 0.616015625 0.06875 0.02734375 0.05
1 0.58828125 0.022916666666666665 0.0203125 0.04583333333333333
1 0.4328125 0.19166666666666668 0.015625 0.02361111111111111
1 0.599609375 0.1951388888888889 0.0140625 0.03611111111111111
1 0.509375 0.125 0.03828125 0.08333333333333333
1 0.484375 0.05486111111111111 0.01953125 0.041666666666666664
1 0.46328125 0.11041666666666666 0.02109375 0.04722222222222222
1 0.33984375 0.04652777777777778 0.01953125 0.04027777777777778
1 0.406640625 0.06805555555555555 0.0140625 0.020833333333333332
1 0.2828125 0.07777777777777778 0.0140625 0.02361111111111111
1 0.46875 0.4888888888888889 0.0109375 0.034722222222222224
1 0.309765625 0.6020833333333333 0.015625 0.02638888888888889
1 0.755859375 0.9263888888888889 0.0140625 0.030555555555555555
1 0.708984375 0.8895833333333333 0.01640625 0.027777777777777776
1 0.2359375 0.23402777777777778 0.01328125 0.027777777777777776
1 0.193359375 0.3138888888888889 0.025 0.03888888888888889
1 0.066015625 0.3527777777777778 0.0234375 0.03888888888888889
1 0.14453125 0.45625 0.015625 0.030555555555555555