0 0.821875 0.8052083333333333 0.35625 0.38958333333333334
1 0.4703125 0.93125 0.0875 0.06666666666666667
1 0.54296875 0.9416666666666667 0.05 0.07916666666666666
1 0.42421875 0.9885416666666667 0.0359375 0.022916666666666665
1 0.42890625 0.8875 0.021875 0.022916666666666665
1 0.44765625 0.865625 0.015625 0.03125
1 0.48359375 0.8645833333333334 0.0515625 0.08333333333333333
1 0.39140625 0.7729166666666667 0.0265625 0.0625
1 0.44140625 0.7625 0.034375 0.04583333333333333
1 0.5296875 0.7989583333333333 0.053125 0.05
1 0.6296875 0.8729166666666667 0.0390625 0.05416666666666667
1 0.628125 0.7854166666666667 0.0921875 0.12916666666666668
1 0.69453125 0.765625 0.0421875 0.05
1 0.72890625 0.9239583333333333 0.0671875 0.07291666666666667
1 0.77734375 0.8854166666666666 0.0390625 0.058333333333333334
1 0.7875 0.990625 0.040625 0.01875
1 0.69921875 0.7197916666666667 0.05 0.06666666666666667
1 0.78046875 0.70625 0.096875 0.07291666666666667
1 0.80859375 0.6614583333333334 0.021875 0.022916666666666665
1 0.86875 0.5583333333333333 0.084375 0.12083333333333333
1 0.928125 0.5458333333333333 0.034375 0.03958333333333333
1 0.796875 0.55 0.028125 0.03125
1 0.8234375 0.48333333333333334 0.0734375 0.04583333333333333
1 0.6109375 0.478125 0.0546875 0.08125
1 0.653125 0.503125 0.03125 0.035416666666666666
1 0.7 0.4322916666666667 0.0234375 0.027083333333333334
1 0.67265625 0.37604166666666666 0.053125 0.05416666666666667
1 0.67109375 0.3072916666666667 0.05625 0.07708333333333334
1 0.59140625 0.25 0.1 0.12083333333333333
1 0.53046875 0.271875 0.03125 0.03958333333333333
1 0.5296875 0.16979166666666667 0.046875 0.052083333333333336
1 0.63125 0.18958333333333333 0.028125 0.03125
1 0.71875 0.171875 0.01875 0.029166666666666667
1 0.715625 0.203125 0.028125 0.027083333333333334
1 0.72578125 0.23333333333333334 0.040625 0.025
1 0.775 0.23333333333333334 0.0453125 0.06666666666666667
1 0.8578125 0.26145833333333335 0.040625 0.09583333333333334
1 0.9828125 0.309375 0.034375 0.05
1 0.93671875 0.14270833333333333 0.1015625 0.07083333333333333
1 0.7125 0.1 0.0203125 0.025
1 0.55078125 0.041666666666666664 0.0375 0.06041666666666667
1 0.51875 0.035416666666666666 0.0109375 0.014583333333333334
1 0.5125 0.09791666666666667 0.03125 0.035416666666666666
1 0.403125 0.075 0.0109375 0.014583333333333334
1 0.2453125 0.03333333333333333 0.0359375 0.04375
1 0.16875 0.025 0.0140625 0.035416666666666666
1 0.0828125 0.041666666666666664 0.021875 0.025
1 0.003125 0.134375 0.00625 0.04791666666666667
1 0.12578125 0.21041666666666667 0.034375 0.05
1 0.09921875 0.25104166666666666 0.0375 0.052083333333333336
1 0.09375 0.3145833333333333 0.0484375 0.04583333333333333
1 0.1375 0.4083333333333333 0.0265625 0.0375
1 0.03203125 0.43125 0.0390625 0.022916666666666665
1 0.103125 0.5760416666666667 0.0203125 0.03125
1 0.14375 0.5916666666666667 0.0265625 0.04791666666666667
1 0.01953125 0.7041666666666667 0.0390625 0.05625
1 0.07109375 0.6885416666666667 0.0140625 0.014583333333333334
1 0.03984375 0.9708333333333333 0.04375 0.058333333333333334
1 0.20390625 0.9833333333333333 0.03125 0.03333333333333333
1 0.2859375 0.8614583333333333 0.0203125 0.029166666666666667
1 0.284375 0.7875 0.01875 0.016666666666666666
1 0.5671875 0.7145833333333333 0.0546875 0.0625
1 0.58515625 0.6489583333333333 0.021875 0.022916666666666665
1 0.60078125 0.575 0.021875 0.029166666666666667
1 0.525 0.5760416666666667 0.028125 0.027083333333333334
1 0.4203125 0.5927083333333333 0.0375 0.058333333333333334
1 0.35 0.55 0.01875 0.025
1 0.403125 0.43333333333333335 0.06875 0.08333333333333333
1 0.4015625 0.5041666666666667 0.0203125 0.01875
1 0.24375 0.5822916666666667 0.0234375 0.03333333333333333
1 0.26484375 0.5583333333333333 0.0109375 0.014583333333333334
1 0.37890625 0.37083333333333335 0.01875 0.029166666666666667
1 0.47109375 0.334375 0.0375 0.07291666666666667
1 0.2703125 0.5239583333333333 0.009375 0.0125
1 0.95 0.71875 0.01875 0.022916666666666665
1 0.959375 0.646875 0.0203125 0.027083333333333334
1 0.23515625 0.4552083333333333 0.009375 0.010416666666666666
1 0.08828125 0.9927083333333333 0.0140625 0.014583333333333334
0 0.803125 0.0875 0.39375 0.13333333333333333
0 0.7953125 0.3177083333333333 0.409375 0.23958333333333334
0 0.83046875 0.9572916666666667 0.2640625 0.08541666666666667
1 0.7296875 0.615625 0.009375 0.010416666666666666
1 0.66015625 0.1125 0.0140625 0.027083333333333334
1 0.67578125 0.5614583333333333 0.1015625 0.075