1 0.94453125 0.4625 0.0078125 0.014583333333333334
1 0.878125 0.678125 0.015625 0.01875
1 0.8046875 0.4947916666666667 0.08125 0.08333333333333333
1 0.88515625 0.421875 0.0203125 0.025
1 0.72109375 0.46979166666666666 0.0375 0.05
1 0.72421875 0.5208333333333334 0.028125 0.03125
1 0.70859375 0.578125 0.01875 0.03333333333333333
1 0.57578125 0.45 0.040625 0.08333333333333333
1 0.6171875 0.48333333333333334 0.0484375 0.04791666666666667
1 0.52109375 0.50625 0.0296875 0.0375
1 0.54609375 0.5177083333333333 0.01875 0.025
1 0.5625 0.6135416666666667 0.0125 0.020833333333333332
1 0.609375 0.6802083333333333 0.0359375 0.0625
1 0.6296875 0.575 0.0453125 0.08125
1 0.64609375 0.775 0.0453125 0.04791666666666667
1 0.50546875 0.7291666666666666 0.040625 0.04583333333333333
1 0.46171875 0.6958333333333333 0.028125 0.03958333333333333
1 0.56953125 0.784375 0.0234375 0.03958333333333333
1 0.49453125 0.8020833333333334 0.0421875 0.05625
1 0.46171875 0.8114583333333333 0.0234375 0.05625
1 0.56640625 0.8552083333333333 0.028125 0.029166666666666667
1 0.53203125 0.8791666666666667 0.0171875 0.025
1 0.58203125 0.9739583333333334 0.0140625 0.01875
1 0.76796875 0.5489583333333333 0.0125 0.016666666666666666
1 0.809375 0.39375 0.015625 0.014583333333333334
1 0.1796875 0.10208333333333333 0.0171875 0.022916666666666665
1 0.10234375 0.19166666666666668 0.015625 0.0125
1 0.08671875 0.26666666666666666 0.0390625 0.05416666666666667
1 0.26171875 0.29791666666666666 0.01875 0.01875
1 0.0796875 0.32083333333333336 0.0328125 0.04375
1 0.0125 0.221875 0.025 0.05
1 0.01171875 0.08020833333333334 0.0234375 0.025
1 0.23359375 0.41770833333333335 0.0453125 0.05625
1 0.34765625 0.496875 0.0109375 0.03125
1 0.2015625 0.5375 0.09375 0.08333333333333333
1 0.1265625 0.6489583333333333 0.0640625 0.11875
1 0.25234375 0.709375 0.021875 0.03333333333333333
1 0.33203125 0.7947916666666667 0.0453125 0.04791666666666667
1 0.38671875 0.8010416666666667 0.015625 0.025
1 0.32734375 0.8770833333333333 0.0421875 0.052083333333333336
1 0.246875 0.8697916666666666 0.0203125 0.03333333333333333
1 0.2421875 0.9072916666666667 0.021875 0.027083333333333334
1 0.0671875 0.9479166666666666 0.040625 0.06875
1 0.16484375 0.9395833333333333 0.09375 0.12083333333333333
1 0.96953125 0.6833333333333333 0.0171875 0.022916666666666665
1 0.95234375 0.50625 0.0234375 0.035416666666666666
1 0.91484375 0.6020833333333333 0.0234375 0.029166666666666667
1 0.9375 0.6572916666666667 0.0203125 0.027083333333333334
1 0.89375 0.63125 0.03125 0.0375
1 0.9578125 0.7864583333333334 0.03125 0.029166666666666667
1 0.97265625 0.8510416666666667 0.0453125 0.04583333333333333
1 0.96875 0.90625 0.0203125 0.027083333333333334
1 0.94296875 0.9739583333333334 0.0140625 0.03958333333333333
1 0.8453125 0.7645833333333333 0.0234375 0.029166666666666667
1 0.909375 0.76875 0.03125 0.025
1 0.92578125 0.828125 0.040625 0.0625
1 0.96953125 0.37083333333333335 0.0140625 0.029166666666666667
1 0.8265625 0.815625 0.009375 0.014583333333333334
1 0.7484375 0.8385416666666666 0.0140625 0.025
1 0.66640625 0.9177083333333333 0.009375 0.014583333333333334
1 0.73125 0.7541666666666667 0.01875 0.025
1 0.13515625 0.859375 0.0296875 0.025
1 0.3890625 0.9479166666666666 0.0140625 0.022916666666666665
1 0.421875 0.9916666666666667 0.025 0.016666666666666666
1 0.22578125 0.9833333333333333 0.034375 0.03333333333333333
0 0.5546875 0.33958333333333335 0.4078125 0.2875
0 0.44765625 0.628125 0.4609375 0.26875
0 0.409375 0.8822916666666667 0.2765625 0.23333333333333334
1 0.0140625 0.010416666666666666 0.028125 0.01875
1 0.18203125 0.00625 0.0171875 0.0125
1 0.20703125 0.011458333333333333 0.015625 0.022916666666666665
1 0.25078125 0.05416666666666667 0.103125 0.10833333333333334
1 0.32578125 0.0875 0.0515625 0.1
1 0.28671875 0.15 0.0390625 0.03958333333333333
1 0.24609375 0.153125 0.0375 0.029166666666666667
1 0.24765625 0.17916666666666667 0.025 0.027083333333333334
1 0.403125 0.13229166666666667 0.084375 0.15833333333333333
1 0.34921875 0.23333333333333334 0.0640625 0.09583333333333334
1 0.48671875 0.23125 0.0171875 0.016666666666666666
1 0.51328125 0.24375 0.034375 0.04375
1 0.53828125 0.203125 0.03125 0.041666666666666664
1 0.5421875 0.14583333333333334 0.0328125 0.0375
1 0.61328125 0.16875 0.0484375 0.07083333333333333
1 0.61171875 0.22083333333333333 0.01875 0.014583333333333334
1 0.54609375 0.23645833333333333 0.0296875 0.0125
1 0.675 0.15416666666666667 0.0265625 0.052083333333333336
1 0.55703125 0.06145833333333333 0.0984375 0.12083333333333333
1 0.709375 0.007291666666666667 0.021875 0.0125
1 0.62109375 0.315625 0.053125 0.058333333333333334
1 0.6796875 0.2947916666666667 0.0265625 0.05625
1 0.9625 0.015625 0.0234375 0.03125
1 0.946875 0.08541666666666667 0.0515625 0.05
1 0.9515625 0.30520833333333336 0.0234375 0.029166666666666667
1 0.96015625 0.33645833333333336 0.01875 0.025