1 0.7078125 0.4708333333333333 0.0671875 0.05
1 0.76328125 0.425 0.01875 0.025
1 0.72265625 0.3489583333333333 0.0296875 0.03333333333333333
1 0.74609375 0.321875 0.03125 0.035416666666666666
1 0.6765625 0.3177083333333333 0.0171875 0.03333333333333333
1 0.3125 0.628125 0.025 0.022916666666666665
1 0.296875 0.5645833333333333 0.0265625 0.035416666666666666
1 0.29921875 0.715625 0.0296875 0.035416666666666666
1 0.33671875 0.784375 0.028125 0.0375
1 0.38671875 0.8072916666666666 0.0359375 0.041666666666666664
1 0.34296875 0.8354166666666667 0.0140625 0.03333333333333333
1 0.384375 0.86875 0.0265625 0.035416666666666666
1 0.29453125 0.915625 0.0140625 0.01875
1 0.32109375 0.8802083333333334 0.0140625 0.03333333333333333
1 0.39140625 0.9291666666666667 0.0203125 0.022916666666666665
1 0.45703125 0.984375 0.01875 0.03125
1 0.37578125 0.7395833333333334 0.0265625 0.027083333333333334
1 0.36796875 0.6697916666666667 0.0171875 0.029166666666666667
1 0.08671875 0.375 0.0265625 0.020833333333333332
1 0.32734375 0.4479166666666667 0.0296875 0.041666666666666664
1 0.30859375 0.36041666666666666 0.0203125 0.022916666666666665
1 0.28125 0.4010416666666667 0.0171875 0.025
1 0.25625 0.25104166666666666 0.0109375 0.01875
1 0.2796875 0.27291666666666664 0.0140625 0.01875
1 0.3046875 0.2875 0.0265625 0.04375
1 0.3640625 0.328125 0.0171875 0.027083333333333334
1 0.38125 0.340625 0.01875 0.020833333333333332
1 0.26015625 0.17291666666666666 0.0203125 0.01875
1 0.2921875 0.16979166666666667 0.0203125 0.03333333333333333
1 0.38828125 0.13645833333333332 0.0265625 0.03958333333333333
1 0.4421875 0.15833333333333333 0.0203125 0.027083333333333334
1 0.5734375 0.06041666666666667 0.028125 0.027083333333333334
1 0.65859375 0.14791666666666667 0.0171875 0.022916666666666665
1 0.68671875 0.025 0.025 0.022916666666666665
1 0.790625 0.20729166666666668 0.03125 0.05
1 0.92890625 0.20416666666666666 0.0140625 0.022916666666666665
1 0.978125 0.9354166666666667 0.021875 0.027083333333333334
1 0.6640625 0.6916666666666667 0.0140625 0.020833333333333332
1 0.55 0.9604166666666667 0.015625 0.016666666666666666
0 0.45859375 0.06041666666666667 0.078125 0.12083333333333333
0 0.534375 0.209375 0.259375 0.10833333333333334
0 0.528125 0.5458333333333333 0.1859375 0.22291666666666668
0 0.5765625 0.9541666666666667 0.1953125 0.09166666666666666
1 0.696875 0.90625 0.059375 0.0875
1 0.76171875 0.91875 0.0203125 0.035416666666666666
1 0.7125 0.79375 0.065625 0.08125
1 0.56953125 0.8145833333333333 0.025 0.0375
1 0.6125 0.7739583333333333 0.0296875 0.052083333333333336
1 0.49375 0.778125 0.046875 0.08958333333333333
1 0.53046875 0.7208333333333333 0.0421875 0.0375
1 0.40859375 0.6510416666666666 0.0265625 0.03958333333333333
1 0.58671875 0.6302083333333334 0.0296875 0.052083333333333336
1 0.52109375 0.6510416666666666 0.0125 0.022916666666666665
1 0.51484375 0.6760416666666667 0.015625 0.016666666666666666
1 0.47421875 0.640625 0.015625 0.014583333333333334
1 0.5703125 0.6864583333333333 0.0171875 0.025
1 0.63828125 0.734375 0.0265625 0.03333333333333333
1 0.82109375 0.9145833333333333 0.0125 0.022916666666666665
1 0.9171875 0.8708333333333333 0.0171875 0.016666666666666666
1 0.79453125 0.70625 0.0125 0.01875
1 0.8484375 0.6020833333333333 0.0296875 0.04791666666666667
1 0.94765625 0.6520833333333333 0.05 0.035416666666666666
1 0.834375 0.5229166666666667 0.021875 0.04583333333333333