1 0.02109375 0.2708333333333333 0.0421875 0.08541666666666667
1 0.1859375 0.3697916666666667 0.0234375 0.07708333333333334
1 0.15625 0.30833333333333335 0.0375 0.19375
1 0.28203125 0.18333333333333332 0.015625 0.035416666666666666
1 0.3125 0.2604166666666667 0.0421875 0.11666666666666667
1 0.45546875 0.196875 0.0203125 0.025
1 0.4921875 0.25104166666666666 0.0203125 0.03333333333333333
1 0.92109375 0.37395833333333334 0.021875 0.022916666666666665
1 0.7453125 0.5270833333333333 0.0125 0.016666666666666666
1 0.8390625 0.41458333333333336 0.01875 0.0375
1 0.603125 0.4708333333333333 0.0140625 0.010416666666666666
1 0.67890625 0.6072916666666667 0.0296875 0.020833333333333332
1 0.36875 0.540625 0.0578125 0.020833333333333332
1 0.46328125 0.553125 0.034375 0.0875
1 0.634375 0.6135416666666667 0.025 0.04583333333333333
1 0.79140625 0.6458333333333334 0.0140625 0.022916666666666665
1 0.85 0.615625 0.053125 0.0375
1 0.9234375 0.84375 0.021875 0.03125
1 0.48984375 0.35625 0.0359375 0.04375
1 0.77578125 0.40729166666666666 0.0234375 0.025
1 0.91171875 0.990625 0.0203125 0.01875
1 0.70546875 0.728125 0.0234375 0.035416666666666666
1 0.63203125 0.71875 0.04375 0.029166666666666667
1 0.515625 0.728125 0.0234375 0.035416666666666666
1 0.740625 0.840625 0.053125 0.05416666666666667
1 0.440625 0.8208333333333333 0.0328125 0.03125
1 0.49140625 0.9364583333333333 0.0390625 0.020833333333333332
1 0.6296875 0.9885416666666667 0.0265625 0.022916666666666665
1 0.540625 0.871875 0.03125 0.08541666666666667
1 0.64765625 0.9041666666666667 0.021875 0.03958333333333333
1 0.6 0.228125 0.01875 0.014583333333333334
1 0.63984375 0.18229166666666666 0.0265625 0.03125
1 0.68359375 0.2864583333333333 0.0328125 0.03333333333333333
1 0.63671875 0.2708333333333333 0.0296875 0.027083333333333334
1 0.89375 0.43854166666666666 0.0375 0.0625
1 0.3859375 0.21770833333333334 0.0234375 0.016666666666666666
1 0.28359375 0.41458333333333336 0.059375 0.1
1 0.23515625 0.484375 0.025 0.035416666666666666
1 0.2609375 0.6385416666666667 0.05 0.06041666666666667
1 0.2875 0.5760416666666667 0.028125 0.025
1 0.2796875 0.8 0.0421875 0.04791666666666667
1 0.30703125 0.8739583333333333 0.0671875 0.05
1 0.25 0.9177083333333333 0.0265625 0.0375
1 0.290625 0.978125 0.021875 0.03333333333333333
1 0.34921875 0.94375 0.05 0.03333333333333333
1 0.0125 0.8989583333333333 0.025 0.075
1 0.0046875 0.771875 0.009375 0.029166666666666667
1 0.40625 0.71875 0.015625 0.03125
1 0.33203125 0.640625 0.01875 0.027083333333333334
0 0.56640625 0.8375 0.2234375 0.225
0 0.5546875 0.44895833333333335 0.1109375 0.29583333333333334
0 0.56171875 0.25625 0.1375 0.3645833333333333
0 0.5046875 0.9822916666666667 0.0671875 0.035416666666666666
0 0.54453125 0.051041666666666666 0.06875 0.10208333333333333
1 0.7015625 0.0125 0.05 0.025
1 0.80703125 0.05625 0.0234375 0.03125
1 0.80390625 0.13541666666666666 0.0125 0.014583333333333334
1 0.66015625 0.48854166666666665 0.028125 0.027083333333333334
1 0.71171875 0.37604166666666666 0.0265625 0.029166666666666667
1 0.72421875 0.6510416666666666 0.0296875 0.0375
1 0.78984375 0.4666666666666667 0.0328125 0.01875
1 0.81953125 0.3104166666666667 0.04375 0.07916666666666666
1 0.83828125 0.03333333333333333 0.021875 0.03958333333333333
1 0.753125 0.47291666666666665 0.025 0.05416666666666667
1 0.78203125 0.10416666666666667 0.03125 0.04375
1 0.4890625 0.15 0.05 0.06458333333333334
1 0.42421875 0.059375 0.05 0.05416666666666667
1 0.3 0.01875 0.053125 0.0375
1 0.1609375 0.011458333333333333 0.028125 0.022916666666666665
1 0.1234375 0.008333333333333333 0.0296875 0.016666666666666666
1 0.0515625 0.05625 0.015625 0.01875
1 0.04765625 0.011458333333333333 0.0328125 0.022916666666666665
1 0.01328125 0.07395833333333333 0.0265625 0.06666666666666667