1 0.78125 0.05625 0.0421875 0.041666666666666664
0 0.715625 0.9572916666666667 0.146875 0.08541666666666667
1 0.82421875 0.051041666666666666 0.0359375 0.041666666666666664
1 0.790625 0.014583333333333334 0.0453125 0.029166666666666667
1 0.9765625 0.09583333333333334 0.0375 0.05
0 0.82890625 0.25 0.3421875 0.5
0 0.70390625 0.4197916666666667 0.203125 0.32083333333333336
1 0.184375 0.053125 0.0109375 0.025
1 0.1015625 0.3375 0.053125 0.05416666666666667
1 0.0125 0.396875 0.025 0.03333333333333333
1 0.7515625 0.10833333333333334 0.0140625 0.016666666666666666
0 0.70078125 0.665625 0.359375 0.22291666666666668
1 0.58125 0.74375 0.021875 0.03125
1 0.43125 0.11770833333333333 0.0390625 0.06666666666666667
1 0.50625 0.13645833333333332 0.0359375 0.04375
1 0.98671875 0.24166666666666667 0.0265625 0.03958333333333333
1 0.8265625 0.290625 0.03125 0.04791666666666667
1 0.83828125 0.36666666666666664 0.046875 0.09166666666666666
1 0.94296875 0.50625 0.1140625 0.3125
1 0.79375 0.48125 0.0953125 0.11041666666666666
1 0.5015625 0.5104166666666666 0.0421875 0.058333333333333334
1 0.60703125 0.5229166666666667 0.0359375 0.04375
1 0.721875 0.5645833333333333 0.0328125 0.041666666666666664
1 0.7484375 0.6229166666666667 0.0328125 0.04375
1 0.57109375 0.6885416666666667 0.025 0.01875
1 0.55546875 0.6270833333333333 0.040625 0.0375
1 0.64921875 0.6510416666666666 0.0359375 0.04375
1 0.6109375 0.6760416666666667 0.0421875 0.04375
1 0.64453125 0.759375 0.04375 0.08958333333333333
1 0.99453125 0.8416666666666667 0.0109375 0.027083333333333334
1 0.86484375 0.9729166666666667 0.0734375 0.05416666666666667
1 0.721875 0.8729166666666667 0.025 0.041666666666666664
1 0.67890625 0.8604166666666667 0.0359375 0.06458333333333334
1 0.49765625 0.9291666666666667 0.021875 0.03333333333333333
1 0.26484375 0.8510416666666667 0.015625 0.020833333333333332
1 0.221875 0.75 0.0453125 0.03333333333333333
1 0.00703125 0.8510416666666667 0.0140625 0.0625
1 0.06171875 0.7041666666666667 0.075 0.0875
1 0.2484375 0.6 0.0515625 0.05
1 0.25859375 0.4354166666666667 0.0765625 0.08541666666666667
1 0.33671875 0.4479166666666667 0.0421875 0.0625
1 0.38515625 0.42604166666666665 0.028125 0.041666666666666664
1 0.465625 0.365625 0.0375 0.035416666666666666
1 0.6359375 0.35625 0.0515625 0.05
1 0.5234375 0.27708333333333335 0.0421875 0.03958333333333333
1 0.365625 0.21354166666666666 0.034375 0.041666666666666664
1 0.59765625 0.05520833333333333 0.0421875 0.05
1 0.52578125 0.030208333333333334 0.0390625 0.04791666666666667
1 0.4375 0.007291666666666667 0.0234375 0.014583333333333334
1 0.25 0.03958333333333333 0.0671875 0.07916666666666666
1 0.36328125 0.08333333333333333 0.03125 0.04583333333333333