1 0.92734375 0.8694444444444445 0.0078125 0.019444444444444445
1 0.969140625 0.9756944444444444 0.0375 0.04861111111111111
1 0.92734375 0.9895833333333334 0.01328125 0.020833333333333332
1 0.9046875 0.9222222222222223 0.0125 0.019444444444444445
1 0.86484375 0.9951388888888889 0.00703125 0.009722222222222222
1 0.824609375 0.9666666666666667 0.02578125 0.04027777777777778
1 0.796484375 0.9826388888888888 0.02734375 0.034722222222222224
1 0.755859375 0.9354166666666667 0.01484375 0.043055555555555555
1 0.529296875 0.8277777777777777 0.01171875 0.015277777777777777
1 0.602734375 0.9208333333333333 0.01171875 0.025
1 0.616015625 0.9625 0.0125 0.03333333333333333
1 0.194140625 0.9569444444444445 0.02265625 0.0375
1 0.175 0.9763888888888889 0.03046875 0.04722222222222222
1 0.14375 0.9902777777777778 0.015625 0.019444444444444445
1 0.13671875 0.9131944444444444 0.0265625 0.03611111111111111
1 0.2234375 0.925 0.025 0.05277777777777778
1 0.249609375 0.9923611111111111 0.01640625 0.015277777777777777
1 0.262890625 0.8055555555555556 0.02734375 0.08611111111111111
1 0.176171875 0.8243055555555555 0.02578125 0.044444444444444446
1 0.194140625 0.7534722222222222 0.0140625 0.02638888888888889
1 0.201953125 0.5881944444444445 0.01484375 0.025
1 0.206640625 0.5402777777777777 0.07421875 0.1
1 0.243359375 0.4798611111111111 0.01328125 0.027777777777777776
1 0.268359375 0.5895833333333333 0.0390625 0.030555555555555555
1 0.319140625 0.6076388888888888 0.01328125 0.018055555555555554
1 0.70078125 0.5923611111111111 0.01171875 0.019444444444444445
1 0.1828125 0.2513888888888889 0.0265625 0.06527777777777778
1 0.758984375 0.5069444444444444 0.01796875 0.03611111111111111
1 0.506640625 0.24791666666666667 0.0125 0.03888888888888889
1 0.6578125 0.03263888888888889 0.0109375 0.025
1 0.650390625 0.07152777777777777 0.01640625 0.0375
1 0.62890625 0.050694444444444445 0.015625 0.03333333333333333
1 0.563671875 0.05 0.01328125 0.019444444444444445
1 0.306640625 0.05555555555555555 0.0140625 0.025
1 0.26953125 0.027777777777777776 0.04921875 0.05555555555555555
1 0.23359375 0.0375 0.03046875 0.058333333333333334
1 0.209375 0.052083333333333336 0.01171875 0.022222222222222223
1 0.168359375 0.027083333333333334 0.0125 0.03888888888888889
1 0.099609375 0.24930555555555556 0.009375 0.025
1 0.74765625 0.18125 0.0234375 0.03194444444444444
1 0.15 0.17222222222222222 0.01640625 0.022222222222222223
1 0.777734375 0.24444444444444444 0.02109375 0.04722222222222222
1 0.746484375 0.29583333333333334 0.01328125 0.027777777777777776
1 0.80390625 0.4125 0.02109375 0.03333333333333333
1 0.76015625 0.3784722222222222 0.01875 0.04583333333333333
1 0.948828125 0.41180555555555554 0.01640625 0.027777777777777776
1 0.912890625 0.5111111111111111 0.02109375 0.043055555555555555
1 0.898828125 0.4395833333333333 0.01953125 0.043055555555555555
1 0.871875 0.40069444444444446 0.0171875 0.029166666666666667
1 0.88828125 0.29930555555555555 0.025 0.044444444444444446
1 0.9453125 0.29305555555555557 0.009375 0.0125
1 0.99296875 0.34652777777777777 0.0140625 0.03611111111111111
1 0.98203125 0.3076388888888889 0.0140625 0.020833333333333332
1 0.96640625 0.2013888888888889 0.03203125 0.08611111111111111
1 0.954296875 0.09791666666666667 0.01640625 0.025
1 0.951953125 0.041666666666666664 0.01640625 0.025
1 0.90390625 0.025694444444444443 0.04609375 0.05138888888888889
1 0.84921875 0.027777777777777776 0.0140625 0.015277777777777777
1 0.814453125 0.04375 0.015625 0.027777777777777776
1 0.787109375 0.10694444444444444 0.04140625 0.075
1 0.74296875 0.041666666666666664 0.01328125 0.022222222222222223
1 0.7734375 0.03958333333333333 0.046875 0.07916666666666666
1 0.67890625 0.38333333333333336 0.0078125 0.013888888888888888
1 0.590234375 0.3784722222222222 0.0203125 0.03194444444444444
1 0.682421875 0.29444444444444445 0.0203125 0.043055555555555555
1 0.665625 0.2388888888888889 0.01875 0.03888888888888889
1 0.600390625 0.22916666666666666 0.0109375 0.016666666666666666
1 0.617578125 0.2965277777777778 0.01015625 0.02638888888888889
1 0.6484375 0.3486111111111111 0.0109375 0.029166666666666667
1 0.207421875 0.22569444444444445 0.01015625 0.016666666666666666
1 0.853515625 0.31805555555555554 0.0078125 0.018055555555555554
0 0.1015625 0.16111111111111112 0.18828125 0.32222222222222224
0 0.12109375 0.33125 0.11640625 0.5097222222222222
0 0.08671875 0.5638888888888889 0.1671875 0.5222222222222223
0 0.709375 0.8534722222222222 0.159375 0.29305555555555557
0 0.60859375 0.9194444444444444 0.11640625 0.16111111111111112
0 0.684375 0.6881944444444444 0.2078125 0.33611111111111114
0 0.728515625 0.3423611111111111 0.21875 0.375
0 0.64921875 0.1986111111111111 0.17265625 0.20833333333333334
1 0.312109375 0.2777777777777778 0.0125 0.02361111111111111
1 0.419140625 0.5451388888888888 0.0140625 0.02361111111111111
1 0.4765625 0.4673611111111111 0.0171875 0.03194444444444444
1 0.356640625 0.4875 0.01328125 0.016666666666666666
1 0.2 0.36944444444444446 0.03984375 0.07361111111111111
1 0.23203125 0.3486111111111111 0.01484375 0.0375
1 0.237890625 0.4409722222222222 0.01328125 0.016666666666666666
1 0.601171875 0.4173611111111111 0.0296875 0.043055555555555555
1 0.540234375 0.4895833333333333 0.0203125 0.05138888888888889
1 0.596875 0.6048611111111111 0.0078125 0.013888888888888888
1 0.58828125 0.6506944444444445 0.01171875 0.016666666666666666
1 0.55234375 0.6166666666666667 0.00859375 0.015277777777777777
1 0.548046875 0.7055555555555556 0.0359375 0.041666666666666664
1 0.60390625 0.74375 0.03203125 0.06944444444444445
1 0.6765625 0.6951388888888889 0.03125 0.08333333333333333
1 0.694140625 0.7465277777777778 0.0109375 0.018055555555555554
1 0.70390625 0.6923611111111111 0.0125 0.018055555555555554
1 0.803515625 0.7284722222222222 0.02109375 0.03888888888888889
1 0.84375 0.7548611111111111 0.0140625 0.02638888888888889
1 0.87109375 0.7666666666666667 0.01796875 0.025
1 0.89453125 0.7465277777777778 0.01484375 0.030555555555555555
1 0.868359375 0.6902777777777778 0.02578125 0.05
1 0.91875 0.6902777777777778 0.01171875 0.03194444444444444
1 0.923046875 0.8131944444444444 0.015625 0.027777777777777776