1 0.8296875 0.640625 0.009375 0.01875
1 0.87109375 0.3125 0.0125 0.025
1 0.92421875 0.31875 0.0203125 0.0375
1 0.83515625 0.07604166666666666 0.01875 0.022916666666666665
0 0.4328125 0.13229166666666667 0.2828125 0.12291666666666666
0 0.43125 0.6802083333333333 0.2828125 0.2520833333333333
0 0.4265625 0.9072916666666667 0.2515625 0.18541666666666667
1 0.68984375 0.040625 0.0203125 0.01875
1 0.66328125 0.09166666666666666 0.0234375 0.022916666666666665
1 0.625 0.13333333333333333 0.01875 0.035416666666666666
1 0.8109375 0.21979166666666666 0.015625 0.03333333333333333
1 0.73828125 0.25833333333333336 0.025 0.022916666666666665
1 0.6625 0.26145833333333335 0.025 0.016666666666666666
1 0.6875 0.34479166666666666 0.028125 0.05
1 0.6078125 0.428125 0.0390625 0.05625
1 0.6625 0.41041666666666665 0.0296875 0.05
1 0.76875 0.39375 0.015625 0.016666666666666666
1 0.8 0.43645833333333334 0.03125 0.05625
1 0.71875 0.46041666666666664 0.0390625 0.03333333333333333
1 0.7859375 0.5708333333333333 0.0265625 0.03958333333333333
1 0.7296875 0.6635416666666667 0.0140625 0.022916666666666665
1 0.9859375 0.6083333333333333 0.028125 0.05416666666666667
1 0.83515625 0.9427083333333334 0.01875 0.03125
1 0.71640625 0.975 0.0328125 0.05
1 0.65859375 0.9770833333333333 0.0265625 0.04375
1 0.58828125 0.7885416666666667 0.0296875 0.03333333333333333
1 0.5375 0.834375 0.0328125 0.041666666666666664
1 0.5875 0.8291666666666667 0.0203125 0.03125
1 0.6375 0.878125 0.078125 0.06458333333333334
1 0.30546875 0.19791666666666666 0.03125 0.03958333333333333
1 0.19921875 0.23958333333333334 0.0515625 0.08333333333333333
1 0.121875 0.25104166666666666 0.0234375 0.03958333333333333
1 0.13984375 0.31666666666666665 0.0265625 0.020833333333333332
1 0.79140625 0.7927083333333333 0.015625 0.016666666666666666
1 0.84140625 0.7239583333333334 0.0171875 0.025
1 0.4453125 0.30625 0.0078125 0.020833333333333332
1 0.5078125 0.2791666666666667 0.0203125 0.0375
1 0.21796875 0.34791666666666665 0.015625 0.035416666666666666
1 0.70546875 0.25 0.025 0.03125
1 0.99296875 0.0375 0.0140625 0.025
1 0.3734375 0.21041666666666667 0.021875 0.022916666666666665
1 0.37890625 0.07916666666666666 0.0234375 0.027083333333333334
0 0.440625 0.35625 0.225 0.23958333333333334
1 0.3328125 0.07708333333333334 0.021875 0.027083333333333334
1 0.41875 0.04791666666666667 0.0140625 0.03333333333333333
1 0.51328125 0.21458333333333332 0.0265625 0.022916666666666665
1 0.29921875 0.7916666666666666 0.0203125 0.01875
1 0.1296875 0.041666666666666664 0.015625 0.01875
1 0.12109375 0.078125 0.0171875 0.025
1 0.03984375 0.07291666666666667 0.028125 0.03958333333333333
1 0.06328125 0.25104166666666666 0.0171875 0.035416666666666666
1 0.234375 0.16875 0.0640625 0.13333333333333333
1 0.17421875 0.3572916666666667 0.0296875 0.05
1 0.1453125 0.384375 0.0171875 0.035416666666666666
1 0.08359375 0.334375 0.0375 0.07291666666666667
1 0.075 0.4239583333333333 0.0265625 0.03333333333333333
1 0.04609375 0.4010416666666667 0.053125 0.03125
1 0.19140625 0.9645833333333333 0.059375 0.07083333333333333
1 0.13671875 0.9010416666666666 0.0296875 0.035416666666666666
1 0.00859375 0.9 0.0171875 0.07083333333333333
1 0.0390625 0.8552083333333333 0.0265625 0.025
1 0.078125 0.70625 0.015625 0.01875
1 0.11953125 0.6927083333333334 0.0171875 0.022916666666666665
1 0.05078125 0.740625 0.025 0.022916666666666665
1 0.09453125 0.6625 0.0390625 0.06458333333333334
1 0.01015625 0.6614583333333334 0.0203125 0.027083333333333334
1 0.0484375 0.6541666666666667 0.0578125 0.0625
1 0.009375 0.6989583333333333 0.01875 0.027083333333333334
1 0.0140625 0.7354166666666667 0.028125 0.0375
1 0.1328125 0.7666666666666667 0.0375 0.03958333333333333
1 0.20078125 0.7229166666666667 0.0203125 0.022916666666666665
1 0.265625 0.6895833333333333 0.021875 0.025
1 0.2859375 0.6458333333333334 0.025 0.03333333333333333
1 0.25625 0.625 0.0203125 0.020833333333333332
1 0.1875 0.6239583333333333 0.0265625 0.022916666666666665
1 0.3203125 0.5375 0.0140625 0.0125
1 0.228125 0.540625 0.0640625 0.07083333333333333
1 0.39609375 0.5333333333333333 0.0234375 0.0375
1 0.49453125 0.4979166666666667 0.0171875 0.03125
1 0.5625 0.596875 0.0234375 0.03333333333333333
1 0.359375 0.6739583333333333 0.0359375 0.041666666666666664
1 0.41171875 0.6625 0.025 0.03125
1 0.45703125 0.6729166666666667 0.0125 0.014583333333333334
1 0.51328125 0.7083333333333334 0.021875 0.05