1 0.183203125 0.5763888888888888 0.01640625 0.029166666666666667
1 0.037109375 0.6763888888888889 0.0171875 0.04861111111111111
1 0.128515625 0.6548611111111111 0.0125 0.022222222222222223
1 0.1453125 0.6770833333333334 0.00703125 0.019444444444444445
1 0.20234375 0.6263888888888889 0.01328125 0.029166666666666667
1 0.194921875 0.675 0.01328125 0.029166666666666667
1 0.204296875 0.7395833333333334 0.0390625 0.05277777777777778
1 0.184765625 0.7909722222222222 0.0171875 0.0375
1 0.1171875 0.8326388888888889 0.0125 0.02361111111111111
1 0.089453125 0.7527777777777778 0.0109375 0.022222222222222223
1 0.130078125 0.8840277777777777 0.01640625 0.02361111111111111
1 0.119140625 0.9840277777777777 0.01484375 0.029166666666666667
1 0.2421875 0.7756944444444445 0.025 0.04583333333333333
1 0.566796875 0.4423611111111111 0.0125 0.02361111111111111
1 0.508984375 0.33055555555555555 0.02109375 0.04722222222222222
1 0.537109375 0.27361111111111114 0.01796875 0.030555555555555555
1 0.50703125 0.18194444444444444 0.01328125 0.034722222222222224
1 0.523828125 0.18263888888888888 0.01328125 0.025
1 0.5359375 0.18055555555555555 0.00859375 0.019444444444444445
1 0.5484375 0.16041666666666668 0.01875 0.022222222222222223
1 0.96640625 0.027777777777777776 0.01015625 0.011111111111111112
1 0.9390625 0.125 0.00859375 0.015277777777777777
1 0.76640625 0.5826388888888889 0.00625 0.008333333333333333
1 0.07578125 0.46319444444444446 0.00859375 0.0125
1 0.30234375 0.2743055555555556 0.009375 0.009722222222222222
1 0.246875 0.9243055555555556 0.01328125 0.018055555555555554
1 0.45625 0.9909722222222223 0.009375 0.018055555555555554
1 0.291796875 0.9493055555555555 0.01640625 0.020833333333333332
1 0.3515625 0.9868055555555556 0.01640625 0.02638888888888889
1 0.319140625 0.5375 0.01015625 0.016666666666666666
1 0.569140625 0.15347222222222223 0.0234375 0.058333333333333334
1 0.605078125 0.20625 0.0265625 0.06666666666666667
1 0.5796875 0.3173611111111111 0.01328125 0.034722222222222224
1 0.2359375 0.6972222222222222 0.0375 0.04861111111111111
1 0.276953125 0.8395833333333333 0.04375 0.05277777777777778
1 0.305859375 0.9027777777777778 0.0359375 0.06666666666666667
1 0.340234375 0.9173611111111111 0.0328125 0.07361111111111111
1 0.274609375 0.9506944444444444 0.0125 0.020833333333333332
1 0.353125 0.8097222222222222 0.01484375 0.02361111111111111
1 0.2390625 0.5541666666666667 0.03046875 0.058333333333333334
1 0.266015625 0.5576388888888889 0.025 0.04027777777777778
1 0.264453125 0.5006944444444444 0.01171875 0.03611111111111111
1 0.116796875 0.2673611111111111 0.01484375 0.016666666666666666
1 0.13125 0.28888888888888886 0.01015625 0.015277777777777777
1 0.144140625 0.30972222222222223 0.01171875 0.022222222222222223
1 0.443359375 0.6888888888888889 0.03984375 0.06805555555555555
1 0.43203125 0.6229166666666667 0.02265625 0.043055555555555555
1 0.475 0.7541666666666667 0.0203125 0.03611111111111111
1 0.466796875 0.80625 0.01796875 0.0375
1 0.295703125 0.9805555555555555 0.01171875 0.03888888888888889
1 0.5109375 0.9513888888888888 0.00859375 0.015277777777777777
1 0.549609375 0.9861111111111112 0.01640625 0.027777777777777776
1 0.601953125 0.99375 0.0109375 0.0125
1 0.6359375 0.8958333333333334 0.0359375 0.08472222222222223
1 0.61328125 0.9145833333333333 0.01171875 0.03333333333333333
1 0.67734375 0.9541666666666667 0.0125 0.029166666666666667
1 0.693359375 0.9708333333333333 0.015625 0.05416666666666667
1 0.675390625 0.9909722222222223 0.0140625 0.018055555555555554
1 0.616015625 0.7694444444444445 0.04765625 0.1
1 0.538671875 0.7041666666666667 0.01015625 0.013888888888888888
1 0.596875 0.6868055555555556 0.01640625 0.034722222222222224
1 0.68046875 0.6395833333333333 0.0640625 0.12777777777777777
1 0.6140625 0.38680555555555557 0.0234375 0.04027777777777778
1 0.72578125 0.6972222222222222 0.0265625 0.04722222222222222
1 0.7453125 0.6548611111111111 0.01640625 0.027777777777777776
1 0.76640625 0.7145833333333333 0.01171875 0.027777777777777776
1 0.74765625 0.7680555555555556 0.01328125 0.022222222222222223
1 0.895703125 0.9041666666666667 0.01953125 0.06111111111111111
1 0.922265625 0.9256944444444445 0.034375 0.059722222222222225
1 0.91640625 0.9694444444444444 0.0171875 0.029166666666666667
1 0.902734375 0.9868055555555556 0.01875 0.02638888888888889
1 0.962109375 0.8673611111111111 0.00859375 0.02361111111111111
1 0.987890625 0.9152777777777777 0.02421875 0.043055555555555555
1 0.818359375 0.7319444444444444 0.0265625 0.034722222222222224
1 0.809375 0.7895833333333333 0.0109375 0.020833333333333332
1 0.803515625 0.5638888888888889 0.01796875 0.041666666666666664
1 0.823046875 0.5506944444444445 0.0171875 0.030555555555555555
1 0.83828125 0.5958333333333333 0.015625 0.019444444444444445
1 0.834765625 0.6541666666666667 0.021875 0.05
1 0.865625 0.70625 0.0296875 0.05416666666666667
1 0.86953125 0.7743055555555556 0.0140625 0.027777777777777776
1 0.86171875 0.8034722222222223 0.015625 0.029166666666666667
1 0.939453125 0.7555555555555555 0.01953125 0.03888888888888889
1 0.696484375 0.28541666666666665 0.034375 0.06666666666666667
1 0.690234375 0.34652777777777777 0.021875 0.041666666666666664
1 0.7203125 0.35625 0.015625 0.03194444444444444
1 0.738671875 0.40902777777777777 0.04140625 0.09027777777777778
1 0.70390625 0.3993055555555556 0.00859375 0.0125
1 0.741796875 0.5534722222222223 0.01875 0.030555555555555555
1 0.75625 0.4826388888888889 0.0171875 0.029166666666666667
1 0.822265625 0.3645833333333333 0.0171875 0.030555555555555555
1 0.815625 0.41875 0.0296875 0.07083333333333333
1 0.881640625 0.44166666666666665 0.04765625 0.10277777777777777
1 0.912109375 0.4076388888888889 0.028125 0.05694444444444444
1 0.926953125 0.34930555555555554 0.01484375 0.02361111111111111
1 0.8078125 0.2881944444444444 0.03203125 0.025
1 0.84140625 0.2361111111111111 0.01875 0.044444444444444446
1 0.878515625 0.2423611111111111 0.01171875 0.019444444444444445
1 0.8984375 0.11458333333333333 0.01796875 0.030555555555555555
1 0.94765625 0.19444444444444445 0.01953125 0.04027777777777778
1 0.70625 0.07847222222222222 0.0421875 0.06388888888888888
1 0.687890625 0.14305555555555555 0.06015625 0.08472222222222223
1 0.7421875 0.14375 0.02578125 0.03333333333333333
1 0.79609375 0.008333333333333333 0.02421875 0.016666666666666666
1 0.894140625 0.010416666666666666 0.0171875 0.020833333333333332
1 0.94921875 0.03680555555555556 0.01171875 0.02361111111111111
1 0.92265625 0.011111111111111112 0.0109375 0.022222222222222223
1 0.9796875 0.003472222222222222 0.0140625 0.006944444444444444
1 0.95859375 0.11319444444444444 0.015625 0.019444444444444445
1 0.9015625 0.6611111111111111 0.0078125 0.015277777777777777
1 0.94140625 0.4576388888888889 0.009375 0.015277777777777777
1 0.99609375 0.41805555555555557 0.0078125 0.030555555555555555
1 0.58515625 0.4395833333333333 0.0078125 0.011111111111111112
1 0.35546875 0.14027777777777778 0.00859375 0.022222222222222223
1 0.051953125 0.25416666666666665 0.00625 0.013888888888888888
0 0.713671875 0.7701388888888889 0.215625 0.27361111111111114
0 0.71484375 0.8666666666666667 0.15234375 0.26666666666666666
0 0.106640625 0.8284722222222223 0.14765625 0.34305555555555556
0 0.148046875 0.6013888888888889 0.0765625 0.40694444444444444
0 0.150390625 0.2826388888888889 0.1546875 0.3347222222222222
0 0.101953125 0.2951388888888889 0.2 0.41805555555555557
0 0.128515625 0.04513888888888889 0.06953125 0.09027777777777778
0 0.577734375 0.08958333333333333 0.19609375 0.17916666666666667
1 0.696875 0.5430555555555555 0.0234375 0.04583333333333333
1 0.587109375 0.5104166666666666 0.02265625 0.05277777777777778
1 0.6109375 0.5381944444444444 0.0140625 0.025
1 0.503125 0.5465277777777777 0.01015625 0.018055555555555554
1 0.45625 0.45416666666666666 0.00859375 0.020833333333333332
1 0.026953125 0.05694444444444444 0.009375 0.041666666666666664
1 0.045703125 0.12569444444444444 0.01484375 0.020833333333333332
1 0.089453125 0.11805555555555555 0.015625 0.041666666666666664
1 0.10390625 0.21180555555555555 0.03125 0.06111111111111111
1 0.183984375 0.17430555555555555 0.01796875 0.020833333333333332
1 0.188671875 0.19583333333333333 0.01015625 0.025
1 0.24375 0.13194444444444445 0.0296875 0.06527777777777778
1 0.26875 0.12708333333333333 0.0234375 0.04861111111111111
1 0.116015625 0.03263888888888889 0.01484375 0.043055555555555555
1 0.09296875 0.025 0.00859375 0.016666666666666666
1 0.1359375 0.0625 0.0078125 0.0125
1 0.1859375 0.08680555555555555 0.02265625 0.0625
1 0.213671875 0.013888888888888888 0.01953125 0.027777777777777776
1 0.26640625 0.2125 0.0296875 0.058333333333333334
1 0.10234375 0.3861111111111111 0.01953125 0.0375
1 0.112890625 0.42430555555555555 0.03125 0.0375
1 0.192578125 0.39375 0.0265625 0.05694444444444444
1 0.135546875 0.4895833333333333 0.02890625 0.05277777777777778
1 0.1296875 0.5701388888888889 0.0078125 0.015277777777777777
1 0.126953125 0.5888888888888889 0.009375 0.018055555555555554
1 0.17734375 0.5555555555555556 0.01171875 0.020833333333333332