0 0.123828125 0.07777777777777778 0.03203125 0.15555555555555556
0 0.164453125 0.041666666666666664 0.0359375 0.08333333333333333
0 0.123828125 0.16666666666666666 0.171875 0.3333333333333333
0 0.134765625 0.33125 0.21484375 0.19027777777777777
0 0.138671875 0.6777777777777778 0.17578125 0.5055555555555555
0 0.169140625 0.7902777777777777 0.07109375 0.31527777777777777
0 0.183984375 0.9555555555555556 0.0484375 0.08888888888888889
0 0.640625 0.9604166666666667 0.13515625 0.07916666666666666
0 0.69609375 0.825 0.1765625 0.3111111111111111
0 0.634375 0.2902777777777778 0.20234375 0.21666666666666667
0 0.64453125 0.08125 0.22265625 0.1625
0 0.644140625 0.6458333333333334 0.0359375 0.14305555555555555
1 0.483984375 0.5555555555555556 0.01953125 0.022222222222222223
1 0.48359375 0.4652777777777778 0.01015625 0.018055555555555554
1 0.5640625 0.3423611111111111 0.05078125 0.07222222222222222
1 0.42421875 0.48680555555555555 0.01015625 0.025
1 0.555859375 0.6020833333333333 0.04296875 0.05138888888888889
1 0.684375 0.25833333333333336 0.021875 0.0625
1 0.65625 0.30625 0.03359375 0.07222222222222222
1 0.755078125 0.31875 0.02109375 0.05138888888888889
1 0.7984375 0.30694444444444446 0.015625 0.030555555555555555
1 0.840625 0.31666666666666665 0.046875 0.05416666666666667
1 0.830078125 0.37430555555555556 0.03828125 0.06111111111111111
1 0.710546875 0.4576388888888889 0.0234375 0.04722222222222222
1 0.677734375 0.48125 0.0265625 0.0375
1 0.81875 0.5694444444444444 0.0515625 0.09305555555555556
1 0.81875 0.4375 0.015625 0.034722222222222224
1 0.8546875 0.9368055555555556 0.0234375 0.043055555555555555
1 0.728515625 0.8993055555555556 0.02578125 0.05138888888888889
1 0.51015625 0.7527777777777778 0.02578125 0.05277777777777778
1 0.476171875 0.9763888888888889 0.01640625 0.018055555555555554
1 0.366015625 0.6368055555555555 0.01953125 0.043055555555555555
1 0.27734375 0.9888888888888889 0.0125 0.022222222222222223
1 0.193359375 0.6555555555555556 0.0234375 0.04722222222222222
1 0.12578125 0.5506944444444445 0.02578125 0.03333333333333333
1 0.109375 0.4909722222222222 0.01015625 0.02638888888888889
1 0.22265625 0.46805555555555556 0.01015625 0.019444444444444445
1 0.316796875 0.5180555555555556 0.01171875 0.020833333333333332
1 0.276953125 0.5708333333333333 0.0109375 0.022222222222222223
1 0.419921875 0.6076388888888888 0.01015625 0.019444444444444445
1 0.222265625 0.8361111111111111 0.009375 0.018055555555555554
1 0.0703125 0.45694444444444443 0.0109375 0.020833333333333332
1 0.084375 0.2534722222222222 0.025 0.03194444444444444
1 0.325 0.2048611111111111 0.034375 0.06388888888888888
1 0.166796875 0.11875 0.02109375 0.04583333333333333
1 0.144921875 0.09444444444444444 0.01953125 0.027777777777777776
1 0.488671875 0.1736111111111111 0.0109375 0.05
1 0.4671875 0.19930555555555557 0.01875 0.0375
1 0.437890625 0.10625 0.015625 0.041666666666666664
1 0.426171875 0.05416666666666667 0.0109375 0.019444444444444445
1 0.527734375 0.05416666666666667 0.03515625 0.05277777777777778
1 0.521875 0.24027777777777778 0.021875 0.059722222222222225
1 0.617578125 0.06805555555555555 0.015625 0.041666666666666664
1 0.933203125 0.5527777777777778 0.0125 0.020833333333333332
1 0.88828125 0.17708333333333334 0.01796875 0.029166666666666667
1 0.852734375 0.2076388888888889 0.015625 0.043055555555555555
1 0.912109375 0.08125 0.0171875 0.0375
1 0.967578125 0.009027777777777777 0.01875 0.018055555555555554
1 0.69375 0.16458333333333333 0.0265625 0.034722222222222224
1 0.807421875 0.22916666666666666 0.015625 0.018055555555555554
1 0.94765625 0.07222222222222222 0.00703125 0.0125
1 0.42265625 0.51875 0.0109375 0.019444444444444445
1 0.465625 0.33819444444444446 0.0109375 0.015277777777777777
1 0.473828125 0.9493055555555555 0.0234375 0.02638888888888889