1 0.62578125 0.3927083333333333 0.03125 0.04375
1 0.3953125 0.434375 0.0109375 0.014583333333333334
1 0.478125 0.425 0.0140625 0.01875
1 0.3625 0.4625 0.0140625 0.020833333333333332
1 0.0671875 0.3020833333333333 0.034375 0.035416666666666666
1 0.01171875 0.609375 0.0234375 0.05416666666666667
1 0.01640625 0.9833333333333333 0.0328125 0.03333333333333333
1 0.25703125 0.915625 0.0125 0.014583333333333334
1 0.2953125 0.8854166666666666 0.0296875 0.029166666666666667
1 0.3625 0.903125 0.0515625 0.09166666666666666
1 0.321875 0.9010416666666666 0.0125 0.014583333333333334
1 0.46015625 0.7739583333333333 0.025 0.01875
1 0.575 0.7572916666666667 0.021875 0.027083333333333334
1 0.57265625 0.8583333333333333 0.0296875 0.029166666666666667
1 0.60390625 0.8708333333333333 0.0453125 0.041666666666666664
1 0.63125 0.9208333333333333 0.0109375 0.022916666666666665
1 0.65 0.9364583333333333 0.0125 0.01875
1 0.67890625 0.9364583333333333 0.04375 0.04583333333333333
1 0.69921875 0.959375 0.015625 0.016666666666666666
1 0.80078125 0.99375 0.0234375 0.0125
1 0.8390625 0.9604166666666667 0.03125 0.029166666666666667
1 0.6671875 0.8447916666666667 0.040625 0.04791666666666667
1 0.609375 0.8333333333333334 0.021875 0.025
1 0.64765625 0.7979166666666667 0.0375 0.0375
1 0.6578125 0.746875 0.028125 0.03333333333333333
1 0.62109375 0.740625 0.015625 0.025
1 0.76015625 0.66875 0.046875 0.058333333333333334
1 0.81640625 0.7229166666666667 0.01875 0.03125
1 0.915625 0.890625 0.03125 0.05
1 0.928125 0.5916666666666667 0.0359375 0.05
1 0.04765625 0.065625 0.0640625 0.06875
1 0.01171875 0.171875 0.0234375 0.022916666666666665
1 0.03046875 0.325 0.025 0.041666666666666664
1 0.96640625 0.6083333333333333 0.0390625 0.058333333333333334
1 0.7984375 0.5208333333333334 0.0578125 0.06458333333333334
1 0.5359375 0.4125 0.046875 0.04791666666666667
1 0.90078125 0.41041666666666665 0.0359375 0.052083333333333336
1 0.9203125 0.42916666666666664 0.0265625 0.035416666666666666
1 0.9 0.465625 0.0515625 0.0375
1 0.65 0.3229166666666667 0.0546875 0.0625
1 0.4765625 0.3145833333333333 0.0140625 0.025
1 0.33828125 0.5302083333333333 0.021875 0.022916666666666665
1 0.3953125 0.5552083333333333 0.0140625 0.016666666666666666
1 0.13828125 0.06354166666666666 0.0296875 0.08958333333333333
1 0.18203125 0.015625 0.03125 0.03125
1 0.19375 0.053125 0.0265625 0.0375
1 0.2171875 0.16458333333333333 0.0375 0.058333333333333334
1 0.28984375 0.08854166666666667 0.021875 0.03333333333333333
1 0.35859375 0.016666666666666666 0.0296875 0.03333333333333333
1 0.3328125 0.14791666666666667 0.0203125 0.025
1 0.42578125 0.075 0.0203125 0.022916666666666665
1 0.42109375 0.13854166666666667 0.03125 0.05
1 0.3875 0.0020833333333333333 0.00625 0.004166666666666667
1 0.5125 0.03958333333333333 0.0578125 0.06458333333333334
1 0.59375 0.23229166666666667 0.0265625 0.020833333333333332
1 0.6 0.19895833333333332 0.021875 0.025
1 0.62890625 0.196875 0.03125 0.035416666666666666
1 0.6609375 0.17395833333333333 0.05 0.08333333333333333
1 0.71484375 0.11458333333333333 0.05 0.05625
1 0.665625 0.00625 0.01875 0.0125
1 0.70234375 0.16145833333333334 0.01875 0.04791666666666667
1 0.6765625 0.2375 0.0234375 0.03333333333333333
1 0.7109375 0.2791666666666667 0.0203125 0.025
1 0.74921875 0.159375 0.025 0.027083333333333334
1 0.7671875 0.18229166666666666 0.01875 0.03125
1 0.81953125 0.17291666666666666 0.01875 0.01875
1 0.78359375 0.23020833333333332 0.0296875 0.0375
1 0.9203125 0.24375 0.0515625 0.07916666666666666
1 0.86953125 0.14270833333333333 0.0375 0.04583333333333333
1 0.99140625 0.04479166666666667 0.0171875 0.029166666666666667
1 0.990625 0.29791666666666666 0.01875 0.035416666666666666
0 0.74140625 0.19583333333333333 0.1140625 0.16041666666666668
0 0.75859375 0.13229166666666667 0.278125 0.26458333333333334
0 0.76484375 0.5958333333333333 0.4203125 0.2875
0 0.78125 0.7635416666666667 0.4125 0.225
0 0.6703125 0.9479166666666666 0.1390625 0.10416666666666667