1 0.026171875 0.6180555555555556 0.028125 0.05555555555555555
1 0.26015625 0.7423611111111111 0.0296875 0.06944444444444445
1 0.341015625 0.9236111111111112 0.0109375 0.011111111111111112
1 0.626171875 0.20972222222222223 0.0171875 0.03888888888888889
1 0.23828125 0.51875 0.05 0.08194444444444444
1 0.176171875 0.5958333333333333 0.0234375 0.015277777777777777
1 0.17421875 0.8479166666666667 0.01171875 0.020833333333333332
1 0.144140625 0.4625 0.040625 0.07222222222222222
1 0.138671875 0.35625 0.028125 0.05
1 0.104296875 0.23194444444444445 0.0265625 0.0375
1 0.433984375 0.4847222222222222 0.01953125 0.041666666666666664
1 0.71875 0.004861111111111111 0.01015625 0.009722222222222222
1 0.109375 0.13819444444444445 0.01640625 0.029166666666666667
1 0.304296875 0.19722222222222222 0.028125 0.08472222222222223
1 0.173828125 0.017361111111111112 0.03984375 0.03194444444444444
1 0.098046875 0.0625 0.05390625 0.07777777777777778
1 0.057421875 0.7694444444444445 0.01953125 0.03333333333333333
1 0.16640625 0.34375 0.02421875 0.0375
1 0.280859375 0.6048611111111111 0.02890625 0.05277777777777778
1 0.231640625 0.575 0.0328125 0.05277777777777778
1 0.008984375 0.31875 0.01796875 0.029166666666666667
1 0.13984375 0.5736111111111111 0.0171875 0.03333333333333333
1 0.104296875 0.4548611111111111 0.021875 0.05694444444444444
1 0.0375 0.9722222222222222 0.0203125 0.05
1 0.176171875 0.54375 0.0296875 0.043055555555555555
1 0.285546875 0.7826388888888889 0.01953125 0.025
1 0.0234375 0.8888888888888888 0.046875 0.10833333333333334
1 0.109375 0.8298611111111112 0.0234375 0.044444444444444446
1 0.178515625 0.17847222222222223 0.03046875 0.07222222222222222
1 0.26328125 0.8069444444444445 0.01953125 0.08055555555555556
1 0.123046875 0.25833333333333336 0.04296875 0.04027777777777778
1 0.213671875 0.8006944444444445 0.06328125 0.1388888888888889
1 0.32265625 0.9451388888888889 0.015625 0.0375
1 0.169921875 0.11944444444444445 0.02265625 0.030555555555555555
1 0.4125 0.7652777777777777 0.01171875 0.019444444444444445
1 0.395703125 0.8798611111111111 0.0109375 0.027777777777777776
1 0.36953125 0.7576388888888889 0.01640625 0.04861111111111111
1 0.412109375 0.7083333333333334 0.009375 0.027777777777777776
1 0.445703125 0.41388888888888886 0.0203125 0.0375
1 0.504296875 0.42916666666666664 0.0171875 0.03194444444444444
1 0.530078125 0.44305555555555554 0.015625 0.027777777777777776
1 0.46015625 0.3388888888888889 0.02578125 0.04583333333333333
1 0.455859375 0.058333333333333334 0.01640625 0.022222222222222223
1 0.415625 0.20833333333333334 0.0125 0.022222222222222223
1 0.519921875 0.20208333333333334 0.01484375 0.022222222222222223
1 0.543359375 0.16041666666666668 0.0203125 0.03333333333333333
1 0.520703125 0.15555555555555556 0.02109375 0.043055555555555555
1 0.488671875 0.2847222222222222 0.0484375 0.11805555555555555
1 0.544921875 0.3645833333333333 0.02109375 0.03611111111111111
1 0.644921875 0.11388888888888889 0.0140625 0.03333333333333333
1 0.58515625 0.7611111111111111 0.0140625 0.025
1 0.627734375 0.9680555555555556 0.0125 0.025
1 0.616796875 0.9909722222222223 0.0125 0.018055555555555554
1 0.5359375 0.009027777777777777 0.0203125 0.018055555555555554
1 0.640625 0.015277777777777777 0.0125 0.030555555555555555
1 0.5734375 0.06666666666666667 0.0359375 0.13055555555555556
1 0.666015625 0.6430555555555556 0.01640625 0.029166666666666667
1 0.60859375 0.7180555555555556 0.0140625 0.03194444444444444
1 0.60234375 0.0125 0.025 0.025
1 0.602734375 0.6777777777777778 0.01796875 0.030555555555555555
1 0.595703125 0.18541666666666667 0.046875 0.08194444444444444
1 0.601171875 0.32013888888888886 0.059375 0.07916666666666666
1 0.59921875 0.3763888888888889 0.01640625 0.041666666666666664
1 0.593359375 0.25763888888888886 0.02109375 0.05
1 0.590625 0.9173611111111111 0.01640625 0.030555555555555555
1 0.58515625 0.9708333333333333 0.01953125 0.041666666666666664
1 0.5671875 0.8541666666666666 0.02109375 0.025
1 0.58828125 0.8736111111111111 0.01640625 0.02361111111111111
1 0.551953125 0.9638888888888889 0.028125 0.06805555555555555
1 0.82734375 0.9625 0.04609375 0.075
1 0.7328125 0.6944444444444444 0.021875 0.013888888888888888
1 0.53203125 0.22430555555555556 0.0125 0.02638888888888889
1 0.466796875 0.43125 0.01640625 0.041666666666666664
1 0.9765625 0.5423611111111111 0.009375 0.02638888888888889
1 0.921484375 0.6777777777777778 0.04765625 0.0875
1 0.86171875 0.7347222222222223 0.01796875 0.029166666666666667
1 0.953515625 0.35 0.02109375 0.03888888888888889
1 0.864453125 0.7972222222222223 0.02578125 0.06666666666666667
1 0.883203125 0.9631944444444445 0.06171875 0.07361111111111111
1 0.98671875 0.9826388888888888 0.0265625 0.034722222222222224
1 0.701953125 0.1 0.03125 0.07222222222222222
1 0.83984375 0.22708333333333333 0.034375 0.04861111111111111
1 0.955078125 0.4215277777777778 0.0125 0.022222222222222223
1 0.60078125 0.05763888888888889 0.0203125 0.041666666666666664
1 0.604296875 0.47430555555555554 0.02734375 0.04027777777777778
1 0.776171875 0.8493055555555555 0.02890625 0.034722222222222224
0 0.646484375 0.9451388888888889 0.0703125 0.10972222222222222
1 0.8984375 0.020833333333333332 0.0390625 0.041666666666666664
1 0.7828125 0.8152777777777778 0.01328125 0.022222222222222223
1 0.81484375 0.8118055555555556 0.01484375 0.02361111111111111
1 0.836328125 0.8625 0.03671875 0.05555555555555555
1 0.735546875 0.10972222222222222 0.0140625 0.0375
1 0.925 0.99375 0.021875 0.0125
1 0.91640625 0.2951388888888889 0.01875 0.04027777777777778
1 0.729296875 0.17083333333333334 0.02578125 0.059722222222222225
1 0.773828125 0.006944444444444444 0.01015625 0.013888888888888888
1 0.99375 0.24583333333333332 0.0125 0.07222222222222222
1 0.7 0.49027777777777776 0.08203125 0.12361111111111112
1 0.841015625 0.5347222222222222 0.02890625 0.034722222222222224
1 0.8796875 0.81875 0.01015625 0.03194444444444444
1 0.817578125 0.1638888888888889 0.0265625 0.07916666666666666
1 0.903515625 0.8354166666666667 0.01328125 0.029166666666666667
1 0.894140625 0.31180555555555556 0.0140625 0.02361111111111111
1 0.93828125 0.30069444444444443 0.021875 0.027777777777777776
1 0.862109375 0.6541666666666667 0.01015625 0.025
1 0.966015625 0.30625 0.0140625 0.03194444444444444
1 0.835546875 0.006944444444444444 0.01640625 0.013888888888888888
1 0.864453125 0.044444444444444446 0.015625 0.025
1 0.991796875 0.15 0.01640625 0.04861111111111111
1 0.91328125 0.05416666666666667 0.01796875 0.02638888888888889
1 0.490234375 0.01597222222222222 0.03203125 0.03194444444444444
0 0.662890625 0.8423611111111111 0.18359375 0.2902777777777778
0 0.621875 0.10347222222222222 0.14921875 0.20694444444444443
0 0.65703125 0.20416666666666666 0.115625 0.4027777777777778
0 0.103125 0.6090277777777777 0.2015625 0.5388888888888889
0 0.13046875 0.13819444444444445 0.20625 0.2763888888888889
1 0.873046875 0.2833333333333333 0.01171875 0.027777777777777776
1 0.685546875 0.6048611111111111 0.02265625 0.03611111111111111
1 0.262890625 0.12152777777777778 0.0359375 0.06805555555555555
1 0.929296875 0.3680555555555556 0.0421875 0.08194444444444444
1 0.851171875 0.4076388888888889 0.02265625 0.041666666666666664
1 0.92265625 0.43680555555555556 0.0359375 0.05277777777777778
1 0.912109375 0.5090277777777777 0.02109375 0.06388888888888888
1 0.91875 0.18958333333333333 0.02578125 0.043055555555555555
1 0.861328125 0.3854166666666667 0.01328125 0.018055555555555554
1 0.826953125 0.3104166666666667 0.0125 0.018055555555555554
1 0.7546875 0.2326388888888889 0.0078125 0.0125
1 0.994140625 0.6048611111111111 0.01171875 0.06666666666666667
1 0.789453125 0.2701388888888889 0.01171875 0.029166666666666667
1 0.701171875 0.3416666666666667 0.025 0.05
1 0.727734375 0.38958333333333334 0.02265625 0.03611111111111111
1 0.742578125 0.4388888888888889 0.01640625 0.025
1 0.798828125 0.3888888888888889 0.021875 0.029166666666666667
1 0.808984375 0.02847222222222222 0.03125 0.05694444444444444
1 0.81875 0.09305555555555556 0.021875 0.03611111111111111
1 0.61015625 0.5784722222222223 0.02109375 0.04583333333333333
0 0.15078125 0.9291666666666667 0.22578125 0.14166666666666666
1 0.88515625 0.4618055555555556 0.021875 0.08055555555555556
1 0.7953125 0.43194444444444446 0.02265625 0.05138888888888889
1 0.6734375 0.2826388888888889 0.0265625 0.04722222222222222
1 0.81328125 0.3388888888888889 0.01796875 0.029166666666666667
1 0.88125 0.40555555555555556 0.021875 0.029166666666666667