1 0.28515625 0.278125 0.0203125 0.022916666666666665
0 0.55625 0.12604166666666666 0.25 0.15208333333333332
0 0.53828125 0.3385416666666667 0.1109375 0.15625
0 0.47109375 0.7229166666666667 0.35 0.18333333333333332
0 0.515625 0.8979166666666667 0.0796875 0.2
1 0.34296875 0.2916666666666667 0.015625 0.025
1 0.90625 0.31875 0.0171875 0.03125
1 0.69375 0.471875 0.01875 0.01875
1 0.3359375 0.7541666666666667 0.01875 0.03125
1 0.4390625 0.81875 0.021875 0.027083333333333334
1 0.53125 0.4479166666666667 0.0140625 0.022916666666666665
1 0.353125 0.35104166666666664 0.0203125 0.025
1 0.08984375 0.5916666666666667 0.021875 0.027083333333333334
1 0.0234375 0.628125 0.0203125 0.029166666666666667
1 0.5828125 0.31145833333333334 0.0203125 0.025
1 0.58984375 0.6552083333333333 0.0203125 0.027083333333333334
1 0.615625 0.8885416666666667 0.0234375 0.03333333333333333
1 0.46328125 0.3958333333333333 0.0234375 0.035416666666666666
1 0.6296875 0.00625 0.0203125 0.0125
1 0.86875 0.04895833333333333 0.0203125 0.027083333333333334
1 0.74453125 0.03854166666666667 0.0453125 0.03333333333333333
1 0.29765625 0.21041666666666667 0.021875 0.027083333333333334
1 0.2609375 0.11875 0.0328125 0.025
1 0.43203125 0.284375 0.0203125 0.027083333333333334
1 0.76171875 0.15104166666666666 0.0359375 0.0375
1 0.7015625 0.215625 0.0296875 0.04375
1 0.69765625 0.415625 0.025 0.03333333333333333
1 0.75546875 0.42291666666666666 0.0265625 0.025
1 0.81796875 0.38645833333333335 0.03125 0.041666666666666664
1 0.4453125 0.6479166666666667 0.028125 0.041666666666666664
1 0.60234375 0.5489583333333333 0.0453125 0.041666666666666664
1 0.72265625 0.8489583333333334 0.0359375 0.035416666666666666
1 0.784375 0.8052083333333333 0.034375 0.041666666666666664
1 0.58359375 0.9104166666666667 0.025 0.03958333333333333
1 0.33828125 0.7010416666666667 0.03125 0.029166666666666667
1 0.40625 0.746875 0.0234375 0.03333333333333333
1 0.2984375 0.6208333333333333 0.0296875 0.03958333333333333
1 0.02734375 0.46458333333333335 0.0390625 0.07291666666666667
1 0.73671875 0.45208333333333334 0.025 0.022916666666666665
1 0.6515625 0.8072916666666666 0.015625 0.020833333333333332