1 0.9734375 0.6361111111111111 0.01171875 0.022222222222222223
1 0.968359375 0.015277777777777777 0.01640625 0.030555555555555555
1 0.7234375 0.42430555555555555 0.02578125 0.0625
1 0.616015625 0.6506944444444445 0.02421875 0.03611111111111111
1 0.858203125 0.7590277777777777 0.01875 0.03333333333333333
1 0.911328125 0.7354166666666667 0.04296875 0.07361111111111111
1 0.98984375 0.9770833333333333 0.015625 0.022222222222222223
1 0.86640625 0.9548611111111112 0.01328125 0.022222222222222223
1 0.982421875 0.12083333333333333 0.01796875 0.030555555555555555
1 0.61015625 0.2326388888888889 0.0109375 0.022222222222222223
1 0.584765625 0.21180555555555555 0.015625 0.027777777777777776
1 0.72265625 0.9694444444444444 0.02109375 0.030555555555555555
1 0.642578125 0.5555555555555556 0.01484375 0.02361111111111111
1 0.625 0.4701388888888889 0.025 0.05694444444444444
1 0.58984375 0.43333333333333335 0.02578125 0.044444444444444446
1 0.275390625 0.4305555555555556 0.0109375 0.013888888888888888
1 0.242578125 0.4444444444444444 0.021875 0.04027777777777778
0 0.68125 0.12291666666666666 0.0765625 0.24583333333333332
0 0.71953125 0.5034722222222222 0.1421875 0.5722222222222222
0 0.684765625 0.21597222222222223 0.26171875 0.43194444444444446
0 0.723046875 0.6722222222222223 0.2203125 0.5208333333333334
0 0.687890625 0.9388888888888889 0.0734375 0.12222222222222222
0 0.178515625 0.7395833333333334 0.17265625 0.38472222222222224
0 0.13671875 0.5201388888888889 0.1953125 0.3347222222222222
0 0.183984375 0.3020833333333333 0.175 0.11805555555555555
0 0.1234375 0.15694444444444444 0.1703125 0.3138888888888889
1 0.218359375 0.011111111111111112 0.028125 0.022222222222222223
1 0.182421875 0.06180555555555556 0.01015625 0.02638888888888889
1 0.262109375 0.16041666666666668 0.01328125 0.02638888888888889
1 0.228515625 0.2465277777777778 0.02265625 0.03611111111111111
1 0.129296875 0.4305555555555556 0.00625 0.013888888888888888
1 0.176953125 0.35625 0.02734375 0.05277777777777778
1 0.26640625 0.5416666666666666 0.0171875 0.030555555555555555
1 0.18828125 0.4395833333333333 0.02265625 0.0625
1 0.665234375 0.9958333333333333 0.00859375 0.008333333333333333
1 0.669921875 0.9770833333333333 0.01796875 0.022222222222222223
1 0.690625 0.86875 0.0171875 0.0375
1 0.647265625 0.875 0.0109375 0.022222222222222223
1 0.62421875 0.875 0.0375 0.10555555555555556
1 0.21015625 0.9493055555555555 0.0234375 0.029166666666666667
1 0.28359375 0.8430555555555556 0.01328125 0.022222222222222223
1 0.25 0.7868055555555555 0.0125 0.02361111111111111
1 0.219921875 0.7909722222222222 0.034375 0.04583333333333333
1 0.175 0.7479166666666667 0.03125 0.041666666666666664
1 0.69296875 0.4048611111111111 0.0078125 0.025