0 0.102734375 0.6631944444444444 0.20546875 0.12777777777777777
1 0.92890625 0.17916666666666667 0.0328125 0.0375
1 0.187890625 0.034027777777777775 0.01640625 0.043055555555555555
1 0.20625 0.0125 0.0234375 0.025
1 0.883203125 0.9215277777777777 0.01484375 0.030555555555555555
1 0.853125 0.8840277777777777 0.0125 0.02361111111111111
1 0.73203125 0.37222222222222223 0.02265625 0.02361111111111111
1 0.946484375 0.17777777777777778 0.02265625 0.03888888888888889
0 0.643359375 0.16458333333333333 0.2375 0.32916666666666666
1 0.984375 0.36180555555555555 0.0265625 0.07083333333333333
0 0.71171875 0.36944444444444446 0.2171875 0.5222222222222223
1 0.7203125 0.7180555555555556 0.02890625 0.06944444444444445
1 0.165234375 0.5506944444444445 0.0359375 0.05416666666666667
1 0.765625 0.1701388888888889 0.01640625 0.03888888888888889
1 0.565625 0.3020833333333333 0.04765625 0.05416666666666667
1 0.934765625 0.8027777777777778 0.03828125 0.06527777777777778
1 0.914453125 0.23125 0.03515625 0.075
1 0.57734375 0.13472222222222222 0.03515625 0.059722222222222225
1 0.16640625 0.13125 0.0296875 0.05138888888888889
0 0.626171875 0.044444444444444446 0.0609375 0.08611111111111111
1 0.76015625 0.8909722222222223 0.03359375 0.05416666666666667
1 0.8328125 0.61875 0.0171875 0.03611111111111111
0 0.109765625 0.26944444444444443 0.21953125 0.3597222222222222
0 0.619921875 0.6361111111111111 0.27421875 0.09444444444444444
1 0.990234375 0.9208333333333333 0.01796875 0.05138888888888889
0 0.094140625 0.19236111111111112 0.1875 0.33055555555555555
1 0.989453125 0.1125 0.015625 0.05416666666666667
1 0.73203125 0.6263888888888889 0.02265625 0.03333333333333333
1 0.84296875 0.9305555555555556 0.02734375 0.04861111111111111
1 0.13203125 0.48541666666666666 0.021875 0.04027777777777778
0 0.112109375 0.8298611111111112 0.19140625 0.3236111111111111
1 0.175 0.7194444444444444 0.025 0.058333333333333334
1 0.91328125 0.3486111111111111 0.02265625 0.03333333333333333
1 0.11015625 0.9111111111111111 0.02265625 0.044444444444444446
1 0.1328125 0.55 0.02578125 0.034722222222222224
0 0.635546875 0.8722222222222222 0.18671875 0.19305555555555556
1 0.849609375 0.7423611111111111 0.02578125 0.044444444444444446
1 0.709375 0.13333333333333333 0.02109375 0.041666666666666664
0 0.751953125 0.9076388888888889 0.07890625 0.17777777777777778
1 0.95 0.9763888888888889 0.0296875 0.041666666666666664
0 0.146484375 0.04861111111111111 0.09609375 0.09583333333333334
1 0.987109375 0.6756944444444445 0.0234375 0.044444444444444446
1 0.243359375 0.6583333333333333 0.02109375 0.043055555555555555