1 0.57734375 0.6888888888888889 0.0296875 0.043055555555555555
1 0.686328125 0.8270833333333333 0.01484375 0.030555555555555555
1 0.721875 0.39652777777777776 0.01171875 0.030555555555555555
1 0.40234375 0.5708333333333333 0.01171875 0.027777777777777776
1 0.685546875 0.27847222222222223 0.02109375 0.03611111111111111
1 0.93828125 0.6166666666666667 0.01875 0.03611111111111111
1 0.959765625 0.6395833333333333 0.01328125 0.02361111111111111
1 0.08046875 0.6298611111111111 0.02109375 0.034722222222222224
0 0.6671875 0.7826388888888889 0.1421875 0.43472222222222223
1 0.98984375 0.8979166666666667 0.01328125 0.03611111111111111
1 0.960546875 0.013888888888888888 0.015625 0.02638888888888889
1 0.030078125 0.24722222222222223 0.01953125 0.03333333333333333
1 0.9859375 0.7298611111111111 0.028125 0.08055555555555556
1 0.68828125 0.7548611111111111 0.0265625 0.04722222222222222
1 0.571484375 0.9423611111111111 0.02421875 0.03888888888888889
1 0.2734375 0.9875 0.021875 0.025
1 0.045703125 0.06944444444444445 0.01484375 0.06111111111111111
1 0.361328125 0.3215277777777778 0.01796875 0.05694444444444444
1 0.618359375 0.5958333333333333 0.0171875 0.03611111111111111
1 0.637890625 0.049305555555555554 0.05625 0.09861111111111111
1 0.821875 0.7013888888888888 0.01796875 0.034722222222222224
1 0.83046875 0.8208333333333333 0.0203125 0.03888888888888889
1 0.1328125 0.53125 0.015625 0.02638888888888889
1 0.46015625 0.7944444444444444 0.01171875 0.019444444444444445
1 0.990625 0.6284722222222222 0.0125 0.027777777777777776
1 0.2234375 0.9861111111111112 0.01484375 0.027777777777777776
1 0.672265625 0.7458333333333333 0.0234375 0.05
1 0.428515625 0.9930555555555556 0.0171875 0.0125
1 0.956640625 0.9013888888888889 0.02734375 0.03333333333333333
1 0.509765625 0.13125 0.021875 0.034722222222222224
1 0.532421875 0.15625 0.028125 0.029166666666666667
1 0.60234375 0.3798611111111111 0.0140625 0.02361111111111111
1 0.704296875 0.16805555555555557 0.015625 0.029166666666666667
1 0.91796875 0.04861111111111111 0.015625 0.019444444444444445
1 0.878125 0.5875 0.01484375 0.025
1 0.823828125 0.05694444444444444 0.0171875 0.02638888888888889
1 0.190625 0.010416666666666666 0.0390625 0.020833333333333332
1 0.350390625 0.10138888888888889 0.0171875 0.034722222222222224
1 0.362890625 0.009722222222222222 0.01875 0.019444444444444445
1 0.305859375 0.2375 0.0203125 0.03611111111111111
1 0.217578125 0.27152777777777776 0.01328125 0.02638888888888889
1 0.238671875 0.30694444444444446 0.01796875 0.02361111111111111
1 0.128125 0.20625 0.02578125 0.05
1 0.9640625 0.5597222222222222 0.02109375 0.03333333333333333
1 0.991796875 0.5131944444444444 0.01640625 0.020833333333333332
1 0.626171875 0.7090277777777778 0.01484375 0.03194444444444444
1 0.274609375 0.8777777777777778 0.015625 0.027777777777777776
1 0.054296875 0.30694444444444446 0.0265625 0.030555555555555555
1 0.1671875 0.51875 0.01875 0.029166666666666667
1 0.1375 0.36319444444444443 0.01171875 0.02638888888888889
1 0.38203125 0.9826388888888888 0.0265625 0.034722222222222224
1 0.24375 0.7020833333333333 0.0125 0.025
1 0.448828125 0.4166666666666667 0.01640625 0.02361111111111111
1 0.481640625 0.6340277777777777 0.0140625 0.022222222222222223
1 0.411328125 0.7152777777777778 0.0140625 0.027777777777777776
1 0.44921875 0.7208333333333333 0.01796875 0.03333333333333333
1 0.543359375 0.6916666666666667 0.02109375 0.043055555555555555
1 0.5640625 0.8381944444444445 0.0171875 0.03194444444444444
1 0.59375 0.24166666666666667 0.01484375 0.03194444444444444
1 0.680859375 0.10277777777777777 0.01796875 0.04583333333333333
1 0.725 0.12708333333333333 0.015625 0.020833333333333332
1 0.673046875 0.17152777777777778 0.01328125 0.027777777777777776
1 0.78203125 0.1527777777777778 0.02734375 0.044444444444444446
1 0.92265625 0.2722222222222222 0.0203125 0.025
1 0.80390625 0.3951388888888889 0.0421875 0.03611111111111111
1 0.07578125 0.5173611111111112 0.05703125 0.08055555555555556
1 0.946484375 0.32430555555555557 0.0375 0.06111111111111111
1 0.864453125 0.7215277777777778 0.06953125 0.10833333333333334
1 0.140625 0.5715277777777777 0.02265625 0.034722222222222224
1 0.15234375 0.27847222222222223 0.03671875 0.08333333333333333
1 0.185546875 0.6034722222222222 0.028125 0.06111111111111111
1 0.812890625 0.5 0.02109375 0.03888888888888889
1 0.801171875 0.6263888888888889 0.01640625 0.029166666666666667
1 0.821875 0.6354166666666666 0.01875 0.030555555555555555
1 0.76875 0.6951388888888889 0.01875 0.03194444444444444
1 0.754296875 0.8131944444444444 0.02109375 0.03333333333333333
1 0.79375 0.9395833333333333 0.01171875 0.027777777777777776
1 0.848828125 0.9722222222222222 0.02578125 0.034722222222222224
1 0.92734375 0.9673611111111111 0.01875 0.05694444444444444
1 0.62265625 0.8673611111111111 0.009375 0.034722222222222224
1 0.184375 0.7854166666666667 0.03515625 0.05694444444444444
1 0.885546875 0.9375 0.0296875 0.034722222222222224
0 0.667578125 0.625 0.2453125 0.2847222222222222
1 0.168359375 0.42777777777777776 0.03671875 0.07222222222222222
1 0.096484375 0.7263888888888889 0.0234375 0.05
1 0.08046875 0.3611111111111111 0.04375 0.06527777777777778
1 0.953515625 0.8041666666666667 0.01796875 0.04027777777777778
0 0.108984375 0.8888888888888888 0.2 0.2222222222222222
1 0.115625 0.6923611111111111 0.02265625 0.04861111111111111
1 0.871484375 0.2013888888888889 0.034375 0.08472222222222223
1 0.911328125 0.18125 0.02578125 0.07222222222222222
1 0.194921875 0.14930555555555555 0.02734375 0.04722222222222222
1 0.033203125 0.41458333333333336 0.01953125 0.044444444444444446
1 0.923828125 0.11805555555555555 0.021875 0.027777777777777776
1 0.9875 0.2743055555555556 0.025 0.08888888888888889
1 0.92734375 0.7576388888888889 0.02578125 0.044444444444444446
1 0.571484375 0.0875 0.0171875 0.05416666666666667
1 0.613671875 0.02013888888888889 0.0421875 0.04027777777777778
1 0.653515625 0.5631944444444444 0.03984375 0.075
1 0.652734375 0.7958333333333333 0.015625 0.027777777777777776
1 0.896484375 0.2708333333333333 0.01875 0.027777777777777776
1 0.530859375 0.2513888888888889 0.034375 0.05277777777777778
0 0.568359375 0.91875 0.13046875 0.1625
1 0.7171875 0.9743055555555555 0.028125 0.04861111111111111
1 0.708984375 0.052083333333333336 0.0375 0.10416666666666667
1 0.83515625 0.375 0.0203125 0.041666666666666664
1 0.04453125 0.4625 0.02734375 0.04583333333333333
1 0.1875 0.9465277777777777 0.034375 0.10694444444444444
1 0.71171875 0.5597222222222222 0.025 0.044444444444444446
1 0.834375 0.90625 0.07734375 0.1125
1 0.606640625 0.13402777777777777 0.0375 0.07083333333333333
0 0.145703125 0.9555555555555556 0.03125 0.08888888888888889
1 0.787109375 0.66875 0.03828125 0.03888888888888889
1 0.409765625 0.058333333333333334 0.01484375 0.02638888888888889
1 0.744921875 0.6347222222222222 0.0296875 0.06805555555555555
1 0.050390625 0.7201388888888889 0.021875 0.06805555555555555
0 0.094140625 0.06944444444444445 0.07265625 0.1388888888888889
1 0.5609375 0.019444444444444445 0.028125 0.03888888888888889
0 0.072265625 0.21180555555555555 0.14453125 0.3347222222222222
0 0.110546875 0.6611111111111111 0.1125 0.39305555555555555
1 0.162890625 0.6861111111111111 0.03203125 0.05277777777777778
1 0.67734375 0.4201388888888889 0.03359375 0.03888888888888889
1 0.143359375 0.09305555555555556 0.034375 0.05694444444444444
1 0.78125 0.3090277777777778 0.0296875 0.06805555555555555
1 0.724609375 0.2520833333333333 0.034375 0.05
0 0.625 0.24097222222222223 0.13515625 0.48194444444444445
1 0.845703125 0.5527777777777778 0.02578125 0.034722222222222224
1 0.081640625 0.12916666666666668 0.02265625 0.05
1 0.272265625 0.5520833333333334 0.0140625 0.025
1 0.753125 0.7486111111111111 0.0125 0.022222222222222223
1 0.913671875 0.8173611111111111 0.01953125 0.041666666666666664
1 0.875390625 0.12638888888888888 0.0234375 0.04583333333333333
1 0.2484375 0.6027777777777777 0.0203125 0.0375
1 0.716796875 0.20208333333333334 0.021875 0.03611111111111111
1 0.7859375 0.4979166666666667 0.0171875 0.03611111111111111
1 0.7671875 0.23125 0.02578125 0.034722222222222224
1 0.617578125 0.21388888888888888 0.021875 0.03888888888888889
1 0.050390625 0.8013888888888889 0.034375 0.05555555555555555