0 0.41328125 0.7802083333333333 0.0921875 0.4375
1 0.08203125 0.011458333333333333 0.03125 0.022916666666666665
1 0.18359375 0.036458333333333336 0.0765625 0.05416666666666667
1 0.2796875 0.05 0.034375 0.0875
1 0.37890625 0.03958333333333333 0.0484375 0.052083333333333336
1 0.475 0.025 0.0265625 0.035416666666666666
1 0.08046875 0.12395833333333334 0.071875 0.09166666666666666
1 0.1640625 0.18020833333333333 0.034375 0.052083333333333336
1 0.0203125 0.19375 0.0140625 0.03125
1 0.2 0.2520833333333333 0.0109375 0.025
1 0.23046875 0.2916666666666667 0.0640625 0.07916666666666666
1 0.13515625 0.2989583333333333 0.0484375 0.06458333333333334
1 0.165625 0.4 0.075 0.08958333333333333
1 0.31015625 0.18958333333333333 0.034375 0.03333333333333333
1 0.453125 0.24166666666666667 0.046875 0.05
1 0.53046875 0.08854166666666667 0.084375 0.15208333333333332
1 0.55625 0.007291666666666667 0.03125 0.014583333333333334
1 0.5828125 0.11458333333333333 0.01875 0.022916666666666665
1 0.63671875 0.14895833333333333 0.0234375 0.035416666666666666
1 0.6546875 0.17604166666666668 0.0109375 0.027083333333333334
1 0.596875 0.24166666666666667 0.03125 0.04375
1 0.64453125 0.31666666666666665 0.0890625 0.10208333333333333
1 0.540625 0.3375 0.034375 0.075
1 0.3765625 0.334375 0.0265625 0.029166666666666667
1 0.4375 0.3458333333333333 0.0171875 0.029166666666666667
1 0.33203125 0.4666666666666667 0.034375 0.03958333333333333
1 0.36328125 0.46979166666666666 0.028125 0.03958333333333333
1 0.3171875 0.5145833333333333 0.025 0.03333333333333333
1 0.28828125 0.5625 0.021875 0.03125
1 0.18828125 0.6072916666666667 0.0328125 0.04583333333333333
1 0.05078125 0.596875 0.0359375 0.035416666666666666
1 0.10078125 0.43125 0.01875 0.016666666666666666
1 0.12734375 0.47708333333333336 0.0140625 0.010416666666666666
1 0.015625 0.5666666666666667 0.0109375 0.016666666666666666
1 0.20625 0.6739583333333333 0.0484375 0.058333333333333334
1 0.1171875 0.6979166666666666 0.0171875 0.022916666666666665
1 0.096875 0.759375 0.0921875 0.09375
1 0.096875 0.8875 0.1265625 0.1625
1 0.29765625 0.7302083333333333 0.034375 0.058333333333333334
1 0.3390625 0.7333333333333333 0.053125 0.0625
1 0.37578125 0.628125 0.034375 0.0625
1 0.44375 0.5916666666666667 0.0578125 0.06875
1 0.52109375 0.48541666666666666 0.0515625 0.08958333333333333
1 0.59453125 0.6291666666666667 0.075 0.10833333333333334
1 0.65078125 0.6697916666666667 0.0359375 0.04583333333333333
1 0.48359375 0.70625 0.0265625 0.03958333333333333
1 0.5 0.7760416666666666 0.0765625 0.075
1 0.6125 0.78125 0.04375 0.0375
1 0.2640625 0.7958333333333333 0.0421875 0.08333333333333333
1 0.25625 0.8739583333333333 0.0390625 0.0625
1 0.3546875 0.91875 0.01875 0.03125
1 0.3875 0.9114583333333334 0.046875 0.07083333333333333
1 0.3390625 0.9822916666666667 0.040625 0.035416666666666666
1 0.31328125 0.9364583333333333 0.015625 0.027083333333333334
1 0.46171875 0.8447916666666667 0.021875 0.022916666666666665
1 0.53203125 0.8677083333333333 0.0328125 0.035416666666666666
1 0.58046875 0.9 0.0421875 0.06041666666666667
1 0.53046875 0.9739583333333334 0.065625 0.052083333333333336
1 0.75234375 0.9833333333333333 0.0203125 0.03333333333333333
1 0.77734375 0.4635416666666667 0.0390625 0.08333333333333333
1 0.88125 0.065625 0.0609375 0.052083333333333336
1 0.91171875 0.011458333333333333 0.0265625 0.022916666666666665
1 0.9859375 0.04791666666666667 0.028125 0.03333333333333333
1 0.88515625 0.209375 0.0296875 0.029166666666666667
1 0.8875 0.12604166666666666 0.0296875 0.04583333333333333
1 0.99453125 0.15104166666666666 0.0109375 0.022916666666666665
1 0.97890625 0.17708333333333334 0.0203125 0.025
1 0.9890625 0.27291666666666664 0.021875 0.035416666666666666
1 0.98046875 0.38229166666666664 0.0375 0.09375
1 0.92421875 0.30416666666666664 0.028125 0.0375
1 0.88046875 0.3958333333333333 0.0265625 0.07083333333333333
1 0.8578125 0.3489583333333333 0.0140625 0.01875
1 0.82265625 0.3697916666666667 0.021875 0.03958333333333333
1 0.79609375 0.40729166666666666 0.0171875 0.027083333333333334
1 0.859375 0.9604166666666667 0.021875 0.03958333333333333
1 0.91640625 0.928125 0.0609375 0.05
1 0.98671875 0.9354166666666667 0.0265625 0.05
1 0.88984375 0.8260416666666667 0.046875 0.14375
1 0.94375 0.8072916666666666 0.0359375 0.04375
1 0.98515625 0.703125 0.0296875 0.03958333333333333
1 0.97734375 0.753125 0.0453125 0.041666666666666664
1 0.9828125 0.8010416666666667 0.034375 0.07291666666666667
1 0.9875 0.8625 0.025 0.03125
1 0.98515625 0.6260416666666667 0.0296875 0.06458333333333334
1 0.90859375 0.6 0.0203125 0.04791666666666667
1 0.9078125 0.6447916666666667 0.0234375 0.025
1 0.940625 0.5177083333333333 0.0515625 0.058333333333333334
1 0.9046875 0.4979166666666667 0.0171875 0.01875
1 0.86484375 0.515625 0.015625 0.027083333333333334
1 0.76328125 0.6364583333333333 0.015625 0.0375
1 0.828125 0.6895833333333333 0.0203125 0.016666666666666666
1 0.778125 0.7260416666666667 0.0140625 0.025
0 0.36953125 0.028125 0.1703125 0.05625
0 0.35078125 0.3125 0.3703125 0.32916666666666666
0 0.38203125 0.56875 0.3125 0.29791666666666666
0 0.46015625 0.9125 0.296875 0.175