1 0.64296875 0.175 0.0203125 0.01875
1 0.53203125 0.6145833333333334 0.0765625 0.04791666666666667
0 0.67109375 0.08645833333333333 0.0453125 0.16875
0 0.646875 0.32083333333333336 0.0390625 0.2520833333333333
0 0.6953125 0.51875 0.1640625 0.16875
0 0.625 0.9635416666666666 0.0390625 0.07291666666666667
0 0.646875 0.8 0.2359375 0.08958333333333333
1 0.78828125 0.005208333333333333 0.01875 0.010416666666666666
1 0.8703125 0.016666666666666666 0.015625 0.022916666666666665
1 0.7390625 0.20625 0.021875 0.022916666666666665
1 0.73203125 0.16145833333333334 0.0203125 0.03125
1 0.79609375 0.18958333333333333 0.0453125 0.027083333333333334
1 0.80859375 0.10729166666666666 0.046875 0.04375
1 0.84453125 0.9739583333333334 0.0390625 0.052083333333333336
1 0.60078125 0.8322916666666667 0.028125 0.03333333333333333
1 0.56640625 0.9 0.053125 0.06041666666666667
1 0.28203125 0.8052083333333333 0.0203125 0.022916666666666665
1 0.3328125 0.909375 0.0171875 0.01875
1 0.3328125 0.265625 0.015625 0.020833333333333332
1 0.30625 0.5729166666666666 0.015625 0.01875
1 0.0140625 0.484375 0.028125 0.020833333333333332
1 0.0109375 0.8760416666666667 0.021875 0.01875
1 0.00625 0.7583333333333333 0.0125 0.025
1 0.0109375 0.8239583333333333 0.0171875 0.022916666666666665
1 0.01796875 0.95625 0.028125 0.052083333333333336
1 0.09296875 0.8895833333333333 0.05 0.04583333333333333
1 0.17578125 0.915625 0.04375 0.052083333333333336
1 0.50859375 0.565625 0.021875 0.016666666666666666
1 0.55 0.509375 0.0203125 0.022916666666666665
1 0.36328125 0.56875 0.0234375 0.03333333333333333
1 0.52890625 0.40729166666666666 0.0125 0.01875
1 0.50390625 0.459375 0.0140625 0.016666666666666666
1 0.47421875 0.27395833333333336 0.0140625 0.020833333333333332
1 0.428125 0.11041666666666666 0.0140625 0.016666666666666666
1 0.46484375 0.00625 0.025 0.0125
1 0.52734375 0.026041666666666668 0.0640625 0.052083333333333336
1 0.6234375 0.11354166666666667 0.025 0.027083333333333334
1 0.5625 0.13020833333333334 0.0234375 0.03125
1 0.36953125 0.19791666666666666 0.0671875 0.075
1 0.56328125 0.32708333333333334 0.028125 0.020833333333333332
1 0.5296875 0.25416666666666665 0.034375 0.035416666666666666
1 0.55546875 0.40729166666666666 0.025 0.041666666666666664
1 0.74921875 0.33229166666666665 0.034375 0.0375
1 0.81875 0.340625 0.075 0.07083333333333333
1 0.8515625 0.3854166666666667 0.0203125 0.03125
1 0.78515625 0.5385416666666667 0.05 0.07916666666666666
1 0.91640625 0.5677083333333334 0.0171875 0.029166666666666667
1 0.896875 0.6770833333333334 0.0140625 0.022916666666666665
1 0.9875 0.7770833333333333 0.0234375 0.03125
1 0.8828125 0.7302083333333333 0.0296875 0.03958333333333333
1 0.82890625 0.7614583333333333 0.04375 0.08541666666666667
1 0.7875 0.6447916666666667 0.0265625 0.025
1 0.69921875 0.640625 0.0265625 0.025
1 0.39765625 0.8177083333333334 0.0859375 0.07916666666666666
1 0.66015625 0.6666666666666666 0.025 0.03958333333333333
1 0.63671875 0.6125 0.025 0.03125
1 0.6125 0.6520833333333333 0.028125 0.035416666666666666
1 0.5828125 0.36041666666666666 0.01875 0.01875
1 0.6109375 0.7385416666666667 0.0234375 0.027083333333333334
1 0.45859375 0.7645833333333333 0.0328125 0.025
1 0.4875 0.878125 0.01875 0.025
1 0.35625 0.3072916666666667 0.025 0.022916666666666665
1 0.33125 0.8364583333333333 0.0203125 0.027083333333333334
1 0.04375 0.20729166666666668 0.0140625 0.020833333333333332
1 0.30625 0.3489583333333333 0.01875 0.03958333333333333
1 0.18515625 0.575 0.0265625 0.016666666666666666
1 0.465625 0.10625 0.01875 0.022916666666666665
1 0.31796875 0.12083333333333333 0.01875 0.03333333333333333