1 0.66328125 0.23819444444444443 0.0171875 0.04027777777777778
1 0.592578125 0.2125 0.015625 0.027777777777777776
1 0.65625 0.17291666666666666 0.03984375 0.14444444444444443
1 0.6046875 0.17847222222222223 0.02265625 0.0375
1 0.565234375 0.19027777777777777 0.028125 0.0625
1 0.5296875 0.16180555555555556 0.0328125 0.05416666666666667
1 0.81484375 0.3590277777777778 0.0234375 0.04027777777777778
1 0.858984375 0.41388888888888886 0.04375 0.05277777777777778
1 0.88359375 0.3590277777777778 0.04765625 0.05277777777777778
0 0.65234375 0.6409722222222223 0.18515625 0.1625
1 0.72421875 0.18680555555555556 0.03828125 0.09027777777777778
1 0.730859375 0.3375 0.0484375 0.09166666666666666
1 0.910546875 0.29375 0.04140625 0.08472222222222223
1 0.6859375 0.18333333333333332 0.01484375 0.03888888888888889
1 0.683203125 0.23194444444444445 0.0125 0.034722222222222224
1 0.508984375 0.7034722222222223 0.025 0.04583333333333333
1 0.698828125 0.7916666666666666 0.02890625 0.04583333333333333
1 0.19921875 0.3451388888888889 0.040625 0.06527777777777778
1 0.14140625 0.20625 0.015625 0.034722222222222224
1 0.127734375 0.2638888888888889 0.0296875 0.0875
1 0.162109375 0.03333333333333333 0.01171875 0.02361111111111111
1 0.334375 0.3090277777777778 0.0203125 0.04583333333333333
1 0.030859375 0.011805555555555555 0.0171875 0.02361111111111111
1 0.1375 0.37569444444444444 0.01484375 0.04027777777777778
1 0.09921875 0.4736111111111111 0.0265625 0.034722222222222224
1 0.08046875 0.5097222222222222 0.03671875 0.05555555555555555
1 0.248828125 0.43680555555555556 0.025 0.0375
1 0.277734375 0.41388888888888886 0.03203125 0.059722222222222225
1 0.2390625 0.35138888888888886 0.01328125 0.020833333333333332
1 0.1609375 0.325 0.021875 0.041666666666666664
1 0.080078125 0.14444444444444443 0.00859375 0.022222222222222223
1 0.08515625 0.18263888888888888 0.01015625 0.015277777777777777
1 0.096484375 0.05555555555555555 0.0421875 0.05277777777777778
1 0.2046875 0.16458333333333333 0.0140625 0.02638888888888889
1 0.03203125 0.27708333333333335 0.040625 0.09166666666666666
1 0.1890625 0.43472222222222223 0.015625 0.02638888888888889
1 0.18828125 0.11319444444444444 0.046875 0.09861111111111111
1 0.14296875 0.08263888888888889 0.0265625 0.041666666666666664
1 0.049609375 0.04861111111111111 0.01171875 0.019444444444444445
0 0.683984375 0.4652777777777778 0.20078125 0.2611111111111111
1 0.44453125 0.02013888888888889 0.02578125 0.04027777777777778
1 0.171484375 0.21875 0.009375 0.025
0 0.08046875 0.7277777777777777 0.1609375 0.5444444444444444
1 0.265234375 0.35694444444444445 0.00703125 0.011111111111111112
1 0.987890625 0.06111111111111111 0.02421875 0.08333333333333333
1 0.9140625 0.11458333333333333 0.0296875 0.0375
1 0.921875 0.04236111111111111 0.03125 0.059722222222222225
1 0.971875 0.2548611111111111 0.00625 0.02638888888888889
1 0.60234375 0.7180555555555556 0.01484375 0.030555555555555555
0 0.6703125 0.044444444444444446 0.2375 0.08888888888888889
0 0.651953125 0.8701388888888889 0.10546875 0.25972222222222224
1 0.284375 0.19166666666666668 0.0421875 0.10277777777777777
0 0.071484375 0.9506944444444444 0.14296875 0.09861111111111111
1 0.962890625 0.15069444444444444 0.01875 0.03888888888888889
0 0.0796875 0.8354166666666667 0.1140625 0.1361111111111111
1 0.876953125 0.8027777777777778 0.02578125 0.04583333333333333
1 0.8859375 0.6770833333333334 0.0265625 0.05277777777777778
1 0.98984375 0.7125 0.0203125 0.029166666666666667
1 0.9609375 0.8409722222222222 0.0109375 0.020833333333333332
1 0.56171875 0.2763888888888889 0.00859375 0.018055555555555554
1 0.49375 0.48333333333333334 0.0140625 0.016666666666666666
1 0.992578125 0.8972222222222223 0.01484375 0.029166666666666667
1 0.3203125 0.1840277777777778 0.028125 0.05138888888888889
1 0.81484375 0.09861111111111111 0.025 0.044444444444444446
1 0.72890625 0.030555555555555555 0.0109375 0.020833333333333332
1 0.678125 0.7083333333333334 0.03984375 0.06111111111111111
1 0.840234375 0.1701388888888889 0.01953125 0.043055555555555555
1 0.934375 0.24513888888888888 0.01484375 0.019444444444444445
1 0.685546875 0.3138888888888889 0.03828125 0.04583333333333333
1 0.6015625 0.3055555555555556 0.01953125 0.05
1 0.4390625 0.18333333333333332 0.08359375 0.2263888888888889
0 0.63046875 0.16944444444444445 0.03828125 0.2569444444444444
1 0.64140625 0.3645833333333333 0.04375 0.06388888888888888
1 0.4203125 0.5673611111111111 0.021875 0.034722222222222224
0 0.096875 0.3138888888888889 0.14765625 0.4111111111111111
0 0.0796875 0.05555555555555555 0.0859375 0.1111111111111111
1 0.988671875 0.2125 0.0203125 0.029166666666666667
1 0.462109375 0.29375 0.0140625 0.034722222222222224
1 0.50859375 0.35138888888888886 0.0296875 0.058333333333333334
1 0.796875 0.6479166666666667 0.015625 0.025
1 0.459375 0.5701388888888889 0.01875 0.03194444444444444
1 0.43671875 0.4125 0.0453125 0.06388888888888888
1 0.38828125 0.4284722222222222 0.02578125 0.05694444444444444
1 0.881640625 0.7229166666666667 0.02890625 0.05416666666666667
1 0.655859375 0.4263888888888889 0.0171875 0.018055555555555554
1 0.656640625 0.5347222222222222 0.02734375 0.07083333333333333
1 0.61640625 0.44305555555555554 0.02890625 0.022222222222222223
1 0.59140625 0.43194444444444446 0.01953125 0.04583333333333333
1 0.8640625 0.6618055555555555 0.0171875 0.03888888888888889
1 0.536328125 0.4284722222222222 0.01328125 0.0375
1 0.37109375 0.48194444444444445 0.01953125 0.02361111111111111
1 0.828125 0.5666666666666667 0.028125 0.041666666666666664
1 0.88671875 0.5555555555555556 0.03671875 0.058333333333333334
1 0.34609375 0.20069444444444445 0.028125 0.030555555555555555
1 0.3171875 0.6895833333333333 0.0140625 0.025
1 0.04296875 0.7173611111111111 0.01875 0.030555555555555555
1 0.993359375 0.44166666666666665 0.01328125 0.022222222222222223
1 0.93203125 0.5069444444444444 0.01640625 0.03333333333333333
1 0.389453125 0.9659722222222222 0.0140625 0.025
1 0.264453125 0.5055555555555555 0.01796875 0.0375
1 0.4203125 0.02847222222222222 0.02109375 0.03194444444444444
1 0.185546875 0.6354166666666666 0.06328125 0.1597222222222222
1 0.2484375 0.9763888888888889 0.0296875 0.04722222222222222
1 0.159765625 0.9125 0.05078125 0.0875
1 0.869140625 0.29791666666666666 0.01484375 0.02638888888888889
1 0.921875 0.6118055555555556 0.0421875 0.11388888888888889
1 0.74375 0.5506944444444445 0.015625 0.03611111111111111
1 0.386328125 0.15138888888888888 0.015625 0.016666666666666666
1 0.820703125 0.6875 0.02421875 0.059722222222222225
1 0.8671875 0.2125 0.0265625 0.041666666666666664
1 0.851171875 0.7298611111111111 0.0171875 0.025
1 0.6234375 0.7166666666666667 0.0140625 0.02638888888888889
1 0.22109375 0.525 0.02421875 0.058333333333333334
1 0.9328125 0.8034722222222223 0.01640625 0.027777777777777776
1 0.512109375 0.10902777777777778 0.0265625 0.08055555555555556
1 0.861328125 0.8854166666666666 0.03125 0.03194444444444444
1 0.700390625 0.9006944444444445 0.0171875 0.03194444444444444
1 0.82109375 0.9097222222222222 0.01796875 0.04722222222222222
1 0.84609375 0.9763888888888889 0.0109375 0.016666666666666666
1 0.772265625 0.8770833333333333 0.0203125 0.041666666666666664
1 0.46796875 0.9819444444444444 0.03984375 0.03611111111111111
1 0.387109375 0.08125 0.0203125 0.03194444444444444
1 0.481640625 0.3236111111111111 0.015625 0.027777777777777776
1 0.058203125 0.6104166666666667 0.03359375 0.0375
1 0.712109375 0.9340277777777778 0.0109375 0.02361111111111111
1 0.386328125 0.12013888888888889 0.01953125 0.029166666666666667
1 0.31640625 0.9895833333333334 0.01171875 0.020833333333333332
1 0.283203125 0.9944444444444445 0.01171875 0.011111111111111112
1 0.5046875 0.9006944444444445 0.02890625 0.07222222222222222
1 0.392578125 0.20902777777777778 0.01640625 0.025
1 0.377734375 0.18958333333333333 0.0109375 0.020833333333333332
1 0.4921875 0.19375 0.01328125 0.034722222222222224
1 0.578125 0.8159722222222222 0.01875 0.03611111111111111
1 0.586328125 0.7861111111111111 0.015625 0.029166666666666667
1 0.508984375 0.23958333333333334 0.0171875 0.05416666666666667
1 0.742578125 0.8423611111111111 0.0375 0.06944444444444445
1 0.971484375 0.9770833333333333 0.0328125 0.04583333333333333
1 0.48671875 0.017361111111111112 0.02265625 0.034722222222222224
1 0.9125 0.7027777777777777 0.0296875 0.05416666666666667
1 0.94296875 0.20277777777777778 0.021875 0.03333333333333333
1 0.735546875 0.6618055555555555 0.025 0.05694444444444444
1 0.17109375 0.7673611111111112 0.06015625 0.07777777777777778
1 0.52421875 0.6673611111111111 0.01953125 0.03194444444444444
1 0.38984375 0.26666666666666666 0.015625 0.020833333333333332
1 0.809765625 0.50625 0.00859375 0.013888888888888888
1 0.909765625 0.43680555555555556 0.02265625 0.05
1 0.962890625 0.5604166666666667 0.0109375 0.02638888888888889
1 0.958203125 0.41944444444444445 0.021875 0.05277777777777778
1 0.305078125 0.47708333333333336 0.02734375 0.04861111111111111
1 0.97890625 0.35347222222222224 0.01171875 0.020833333333333332
1 0.763671875 0.42430555555555555 0.025 0.025
1 0.26328125 0.01875 0.02109375 0.0375
1 0.938671875 0.3625 0.04140625 0.041666666666666664
1 0.31015625 0.08888888888888889 0.01953125 0.03333333333333333
1 0.834765625 0.36875 0.01328125 0.04027777777777778
1 0.5484375 0.027777777777777776 0.01484375 0.034722222222222224
1 0.574609375 0.10208333333333333 0.025 0.06111111111111111
1 0.60546875 0.016666666666666666 0.01640625 0.03333333333333333
1 0.386328125 0.2388888888888889 0.02734375 0.02361111111111111
1 0.731640625 0.7381944444444445 0.04921875 0.09583333333333334
1 0.6296875 0.6166666666666667 0.02421875 0.04722222222222222
1 0.9953125 0.4888888888888889 0.009375 0.030555555555555555
1 0.351171875 0.24791666666666667 0.01796875 0.04027777777777778
1 0.62578125 0.7798611111111111 0.01484375 0.03194444444444444
1 0.93828125 0.9694444444444444 0.02734375 0.03611111111111111
1 0.554296875 0.5673611111111111 0.0671875 0.0875
1 0.719921875 0.8041666666666667 0.015625 0.030555555555555555
1 0.331640625 0.22777777777777777 0.0140625 0.03194444444444444
1 0.237109375 0.6111111111111112 0.0265625 0.05138888888888889
1 0.53359375 0.6236111111111111 0.03515625 0.06527777777777778
1 0.407421875 0.6555555555555556 0.0203125 0.03611111111111111
1 0.411328125 0.7618055555555555 0.0296875 0.04722222222222222
1 0.56953125 0.7618055555555555 0.01484375 0.034722222222222224
1 0.5765625 0.9902777777777778 0.021875 0.019444444444444445
1 0.551953125 0.9006944444444445 0.0625 0.09722222222222222
1 0.534765625 0.9951388888888889 0.021875 0.009722222222222222
1 0.50859375 0.9638888888888889 0.02890625 0.04583333333333333
1 0.42265625 0.9548611111111112 0.01484375 0.04861111111111111
1 0.459375 0.8979166666666667 0.0609375 0.13194444444444445
1 0.37890625 0.9152777777777777 0.01796875 0.029166666666666667
1 0.312109375 0.9277777777777778 0.01484375 0.03611111111111111
1 0.36171875 0.8361111111111111 0.04140625 0.06944444444444445
1 0.36796875 0.7763888888888889 0.0515625 0.06666666666666667
1 0.3328125 0.8104166666666667 0.0203125 0.019444444444444445
1 0.2234375 0.7465277777777778 0.02109375 0.04027777777777778
1 0.319140625 0.7534722222222222 0.0234375 0.043055555555555555
1 0.2375 0.7034722222222223 0.0265625 0.05416666666666667
1 0.050390625 0.8479166666666667 0.01875 0.027777777777777776
1 0.146484375 0.96875 0.01484375 0.0125
1 0.096875 0.9138888888888889 0.02421875 0.05694444444444444
1 0.276953125 0.875 0.02578125 0.034722222222222224
1 0.20703125 0.9527777777777777 0.03046875 0.06666666666666667
1 0.246875 0.8375 0.0328125 0.09861111111111111
1 0.141015625 0.8243055555555555 0.0171875 0.025
1 0.21171875 0.7763888888888889 0.01640625 0.034722222222222224
1 0.13046875 0.6861111111111111 0.01796875 0.03333333333333333
1 0.11484375 0.6625 0.009375 0.020833333333333332
1 0.065625 0.5777777777777777 0.025 0.03888888888888889
1 0.0921875 0.7347222222222223 0.01875 0.04861111111111111
1 0.083203125 0.6840277777777778 0.03125 0.05555555555555555
1 0.54296875 0.7993055555555556 0.015625 0.022222222222222223
1 0.505859375 0.7993055555555556 0.06015625 0.09305555555555556
1 0.53984375 0.7527777777777778 0.02578125 0.05
1 0.48125 0.68125 0.01328125 0.019444444444444445
1 0.500390625 0.7243055555555555 0.015625 0.044444444444444446
1 0.425390625 0.6395833333333333 0.0171875 0.034722222222222224
1 0.280078125 0.5951388888888889 0.0265625 0.03611111111111111
1 0.6140625 0.6506944444444445 0.021875 0.034722222222222224