1 0.070703125 0.11666666666666667 0.01953125 0.03194444444444444
1 0.725 0.29583333333333334 0.015625 0.020833333333333332
1 0.803125 0.15902777777777777 0.025 0.044444444444444446
1 0.790234375 0.12708333333333333 0.0109375 0.020833333333333332
1 0.72421875 0.004166666666666667 0.02109375 0.008333333333333333
1 0.708984375 0.029861111111111113 0.015625 0.02361111111111111
1 0.675 0.02361111111111111 0.02578125 0.04722222222222222
1 0.715625 0.17916666666666667 0.00859375 0.020833333333333332
1 0.6984375 0.20902777777777778 0.028125 0.07222222222222222
1 0.7453125 0.10972222222222222 0.03125 0.059722222222222225
1 0.714453125 0.0798611111111111 0.03203125 0.05
1 0.807421875 0.76875 0.01015625 0.0125
1 0.662890625 0.0763888888888889 0.0265625 0.058333333333333334
1 0.658203125 0.00625 0.00859375 0.0125
1 0.843359375 0.8194444444444444 0.01015625 0.016666666666666666
1 0.873046875 0.8222222222222222 0.01015625 0.02361111111111111
1 0.909375 0.7541666666666667 0.0203125 0.05555555555555555
1 0.960546875 0.7861111111111111 0.02109375 0.03888888888888889
1 0.9953125 0.8493055555555555 0.009375 0.034722222222222224
1 0.983984375 0.8715277777777778 0.02109375 0.030555555555555555
1 0.9515625 0.9 0.01484375 0.03194444444444444
1 0.916015625 0.96875 0.0171875 0.034722222222222224
1 0.948046875 0.9798611111111111 0.01328125 0.019444444444444445
1 0.915234375 0.9131944444444444 0.0109375 0.020833333333333332
1 0.859765625 0.9048611111111111 0.01328125 0.020833333333333332
1 0.722265625 0.9673611111111111 0.03203125 0.06527777777777778
1 0.655078125 0.9111111111111111 0.028125 0.06805555555555555
1 0.676171875 0.9652777777777778 0.034375 0.06805555555555555
1 0.599609375 0.9673611111111111 0.02890625 0.05694444444444444
1 0.571875 0.9208333333333333 0.03203125 0.03333333333333333
1 0.62734375 0.91875 0.01484375 0.025
1 0.62265625 0.8333333333333334 0.03515625 0.07222222222222222
1 0.630859375 0.7569444444444444 0.03359375 0.06388888888888888
1 0.5859375 0.7666666666666667 0.01953125 0.022222222222222223
1 0.55 0.6770833333333334 0.01484375 0.03611111111111111
1 0.601953125 0.6381944444444444 0.01171875 0.016666666666666666
1 0.620703125 0.5819444444444445 0.01796875 0.027777777777777776
1 0.683984375 0.5305555555555556 0.0265625 0.043055555555555555
1 0.696875 0.5145833333333333 0.01484375 0.030555555555555555
1 0.637109375 0.47847222222222224 0.0296875 0.03194444444444444
1 0.577734375 0.5173611111111112 0.01796875 0.03888888888888889
1 0.590234375 0.3486111111111111 0.02109375 0.041666666666666664
1 0.603515625 0.39375 0.021875 0.043055555555555555
1 0.60546875 0.42777777777777776 0.02578125 0.03333333333333333
1 0.6640625 0.2513888888888889 0.02578125 0.06388888888888888
1 0.684375 0.28055555555555556 0.02421875 0.05277777777777778
1 0.68359375 0.33611111111111114 0.02109375 0.05138888888888889
1 0.690625 0.3888888888888889 0.01875 0.03888888888888889
1 0.682421875 0.425 0.01953125 0.025
1 0.71484375 0.3770833333333333 0.02890625 0.07916666666666666
1 0.7328125 0.34375 0.015625 0.02638888888888889
1 0.74765625 0.41597222222222224 0.0265625 0.059722222222222225
1 0.616015625 0.2861111111111111 0.028125 0.044444444444444446
1 0.628515625 0.14375 0.0234375 0.06666666666666667
1 0.6015625 0.15763888888888888 0.00859375 0.022222222222222223
1 0.60546875 0.027083333333333334 0.01171875 0.03611111111111111
0 0.105078125 0.9458333333333333 0.1390625 0.10833333333333334
1 0.68515625 0.6784722222222223 0.01796875 0.041666666666666664
1 0.77578125 0.31180555555555556 0.0109375 0.009722222222222222
1 0.16171875 0.004861111111111111 0.00703125 0.009722222222222222
1 0.175 0.013194444444444444 0.01875 0.02638888888888889
1 0.165234375 0.09236111111111112 0.0171875 0.027777777777777776
1 0.198046875 0.07777777777777778 0.0140625 0.027777777777777776
1 0.878125 0.021527777777777778 0.03984375 0.043055555555555555
1 0.903125 0.011805555555555555 0.0203125 0.02361111111111111
1 0.03671875 0.3055555555555556 0.01484375 0.020833333333333332
1 0.064453125 0.3298611111111111 0.021875 0.034722222222222224
1 0.09609375 0.29791666666666666 0.0234375 0.04722222222222222
1 0.124609375 0.30486111111111114 0.015625 0.029166666666666667
1 0.15234375 0.27708333333333335 0.02578125 0.044444444444444446
1 0.1109375 0.2361111111111111 0.00859375 0.018055555555555554
1 0.14453125 0.13194444444444445 0.00859375 0.009722222222222222
1 0.18125 0.18472222222222223 0.0078125 0.016666666666666666
1 0.27890625 0.16111111111111112 0.028125 0.09305555555555556
1 0.249609375 0.22291666666666668 0.00703125 0.0125
1 0.23671875 0.26805555555555555 0.0109375 0.016666666666666666
1 0.243359375 0.11041666666666666 0.01171875 0.013888888888888888
1 0.348828125 0.10555555555555556 0.021875 0.044444444444444446
1 0.4046875 0.003472222222222222 0.015625 0.006944444444444444
1 0.396484375 0.18125 0.0078125 0.0125
1 0.42109375 0.3659722222222222 0.04296875 0.06527777777777778
1 0.400390625 0.42777777777777776 0.01640625 0.025
1 0.3234375 0.41597222222222224 0.01796875 0.03333333333333333
1 0.24921875 0.4270833333333333 0.0234375 0.05138888888888889
1 0.260546875 0.4791666666666667 0.03515625 0.06666666666666667
1 0.225 0.46944444444444444 0.0140625 0.03194444444444444
1 0.223828125 0.5104166666666666 0.02578125 0.05555555555555555
1 0.20390625 0.5805555555555556 0.0203125 0.043055555555555555
1 0.21875 0.5958333333333333 0.01484375 0.03194444444444444
1 0.18203125 0.6326388888888889 0.01796875 0.02361111111111111
1 0.21484375 0.6347222222222222 0.01796875 0.019444444444444445
1 0.165625 0.5451388888888888 0.0359375 0.075
1 0.063671875 0.5590277777777778 0.00703125 0.02361111111111111
1 0.80625 0.8076388888888889 0.0359375 0.059722222222222225
1 0.08125 0.5715277777777777 0.015625 0.030555555555555555
1 0.1171875 0.4618055555555556 0.0421875 0.058333333333333334
1 0.122265625 0.5006944444444444 0.0140625 0.016666666666666666
1 0.14453125 0.49583333333333335 0.0125 0.025
1 0.159765625 0.4361111111111111 0.0078125 0.02361111111111111
1 0.218359375 0.4 0.0203125 0.025
1 0.121484375 0.4048611111111111 0.0078125 0.013888888888888888
1 0.09140625 0.40694444444444444 0.01015625 0.011111111111111112
1 0.173828125 0.4708333333333333 0.0078125 0.020833333333333332
1 0.25859375 0.6395833333333333 0.0296875 0.03611111111111111
1 0.298046875 0.5770833333333333 0.01640625 0.03333333333333333
1 0.1921875 0.7173611111111111 0.02578125 0.059722222222222225
1 0.216796875 0.74375 0.03125 0.05138888888888889
1 0.13046875 0.6826388888888889 0.0109375 0.02638888888888889
1 0.06171875 0.7840277777777778 0.04296875 0.08055555555555556
1 0.11171875 0.8125 0.01953125 0.04027777777777778
1 0.165234375 0.8666666666666667 0.01171875 0.016666666666666666
1 0.126171875 0.9791666666666666 0.0125 0.022222222222222223
1 0.155078125 0.9625 0.0109375 0.025
1 0.2140625 0.8423611111111111 0.00703125 0.018055555555555554
1 0.26640625 0.8916666666666667 0.02109375 0.03194444444444444
1 0.25234375 0.9298611111111111 0.00703125 0.020833333333333332
1 0.246484375 0.9951388888888889 0.009375 0.009722222222222222
1 0.262890625 0.99375 0.01015625 0.0125
1 0.303515625 0.8826388888888889 0.03046875 0.06944444444444445
1 0.3390625 0.9520833333333333 0.00703125 0.016666666666666666
1 0.25078125 0.7368055555555556 0.00859375 0.016666666666666666
1 0.337890625 0.6909722222222222 0.01328125 0.034722222222222224
1 0.4546875 0.7659722222222223 0.01171875 0.016666666666666666
1 0.53984375 0.8423611111111111 0.00625 0.016666666666666666
1 0.44140625 0.28958333333333336 0.025 0.02638888888888889
1 0.4875 0.19236111111111112 0.0265625 0.019444444444444445
1 0.551171875 0.21944444444444444 0.009375 0.020833333333333332
1 0.4875 0.2791666666666667 0.01015625 0.022222222222222223
1 0.4609375 0.44930555555555557 0.01953125 0.03194444444444444
1 0.487109375 0.45694444444444443 0.0375 0.08472222222222223
1 0.4703125 0.4041666666666667 0.02890625 0.03611111111111111
1 0.52421875 0.3854166666666667 0.01953125 0.029166666666666667
1 0.765234375 0.5506944444444445 0.00859375 0.020833333333333332
1 0.93046875 0.17083333333333334 0.00546875 0.011111111111111112
1 0.344140625 0.5527777777777778 0.00703125 0.0125
1 0.60078125 0.8756944444444444 0.034375 0.058333333333333334
1 0.183203125 0.09513888888888888 0.00859375 0.016666666666666666
1 0.702734375 0.7479166666666667 0.02578125 0.04861111111111111
1 0.22109375 0.12569444444444444 0.0078125 0.018055555555555554
1 0.3796875 0.04722222222222222 0.0109375 0.020833333333333332
1 0.2546875 0.8236111111111111 0.0609375 0.12638888888888888
1 0.746484375 0.6680555555555555 0.0484375 0.08055555555555556
1 0.828125 0.6236111111111111 0.01484375 0.02638888888888889
1 0.809765625 0.5888888888888889 0.0140625 0.02361111111111111
1 0.853515625 0.5701388888888889 0.02578125 0.041666666666666664
1 0.9453125 0.5388888888888889 0.02265625 0.04722222222222222
1 0.912890625 0.5590277777777778 0.02890625 0.06111111111111111
1 0.938671875 0.4673611111111111 0.0515625 0.10972222222222222
1 0.8765625 0.2902777777777778 0.01484375 0.03194444444444444
1 0.8375 0.35138888888888886 0.03984375 0.11805555555555555
1 0.91640625 0.2125 0.01171875 0.030555555555555555
1 0.883984375 0.22291666666666668 0.02109375 0.06388888888888888
1 0.8234375 0.22847222222222222 0.05078125 0.09027777777777778
1 0.99609375 0.14722222222222223 0.0078125 0.04027777777777778
1 0.956640625 0.11805555555555555 0.02265625 0.041666666666666664
1 0.973828125 0.07222222222222222 0.03203125 0.03333333333333333
1 0.948828125 0.03819444444444445 0.01796875 0.025
1 0.8375 0.019444444444444445 0.01796875 0.029166666666666667
1 0.805078125 0.005555555555555556 0.01484375 0.011111111111111112
1 0.82890625 0.10069444444444445 0.025 0.03333333333333333
1 0.892578125 0.12152777777777778 0.009375 0.02638888888888889
1 0.80078125 0.7069444444444445 0.04296875 0.1111111111111111
1 0.72109375 0.6201388888888889 0.01328125 0.022222222222222223
1 0.70078125 0.6965277777777777 0.01171875 0.022222222222222223
0 0.094140625 0.027777777777777776 0.15546875 0.05555555555555555
0 0.1515625 0.3819444444444444 0.1578125 0.05555555555555555
0 0.1234375 0.6736111111111112 0.246875 0.18055555555555555
0 0.6828125 0.8006944444444445 0.08203125 0.21388888888888888
0 0.7078125 0.7340277777777777 0.18671875 0.5319444444444444
0 0.686328125 0.44166666666666665 0.10703125 0.19583333333333333
0 0.673828125 0.18819444444444444 0.27265625 0.2791666666666667
0 0.61875 0.10069444444444445 0.04609375 0.2013888888888889
1 0.8828125 0.08888888888888889 0.01875 0.041666666666666664
1 0.885546875 0.05486111111111111 0.00625 0.013888888888888888
1 0.949609375 0.6638888888888889 0.01328125 0.019444444444444445