1 0.99375 0.46597222222222223 0.0125 0.029166666666666667
1 0.8953125 0.5756944444444444 0.01328125 0.03194444444444444
1 0.878515625 0.5819444444444445 0.01171875 0.013888888888888888
1 0.98671875 0.6277777777777778 0.0265625 0.10416666666666667
1 0.50078125 0.7611111111111111 0.015625 0.030555555555555555
1 0.51875 0.7569444444444444 0.01015625 0.020833333333333332
1 0.495703125 0.8194444444444444 0.0125 0.018055555555555554
1 0.6125 0.7236111111111111 0.02578125 0.06805555555555555
1 0.629296875 0.7486111111111111 0.01015625 0.029166666666666667
1 0.4453125 0.6520833333333333 0.02421875 0.034722222222222224
1 0.3359375 0.7006944444444444 0.0125 0.025
0 0.68203125 0.09583333333333334 0.0859375 0.19166666666666668
0 0.6953125 0.22569444444444445 0.21796875 0.4513888888888889
1 0.765234375 0.275 0.009375 0.025
0 0.669140625 0.5465277777777777 0.08671875 0.16944444444444445
0 0.696875 0.95625 0.1046875 0.0875
0 0.673046875 0.7409722222222223 0.05546875 0.5180555555555556
0 0.209765625 0.9736111111111111 0.128125 0.05277777777777778
0 0.0953125 0.8333333333333334 0.18515625 0.3333333333333333
0 0.121875 0.6465277777777778 0.21875 0.18472222222222223
0 0.096484375 0.3972222222222222 0.19296875 0.3472222222222222
0 0.130859375 0.13472222222222222 0.17890625 0.14305555555555555
0 0.08984375 0.03125 0.02734375 0.0625
1 0.2328125 0.9340277777777778 0.02265625 0.044444444444444446
1 0.21171875 0.8659722222222223 0.0265625 0.04861111111111111
1 0.158203125 0.9111111111111111 0.0140625 0.02638888888888889
1 0.154296875 0.9680555555555556 0.009375 0.02361111111111111
1 0.297265625 0.9333333333333333 0.01171875 0.025
1 0.268359375 0.81875 0.02578125 0.04722222222222222
1 0.31015625 0.8347222222222223 0.028125 0.04583333333333333
1 0.34296875 0.8104166666666667 0.0140625 0.04583333333333333
1 0.298828125 0.7222222222222222 0.015625 0.029166666666666667
1 0.30390625 0.7763888888888889 0.0171875 0.020833333333333332
1 0.328125 0.7604166666666666 0.0109375 0.015277777777777777
1 0.186328125 0.7666666666666667 0.0140625 0.027777777777777776
1 0.205859375 0.7541666666666667 0.02734375 0.041666666666666664
1 0.260546875 0.69375 0.01015625 0.019444444444444445
1 0.24375 0.6256944444444444 0.01484375 0.02638888888888889
1 0.266796875 0.5944444444444444 0.0171875 0.03611111111111111
1 0.25 0.5375 0.02578125 0.04027777777777778
1 0.2015625 0.5118055555555555 0.02109375 0.04027777777777778
1 0.1765625 0.5090277777777777 0.01328125 0.018055555555555554
1 0.136328125 0.5263888888888889 0.046875 0.0763888888888889
1 0.07421875 0.4895833333333333 0.0109375 0.022222222222222223
1 0.075390625 0.5527777777777778 0.02578125 0.05
1 0.09453125 0.4986111111111111 0.0265625 0.05694444444444444
1 0.0265625 0.3861111111111111 0.03046875 0.05555555555555555
1 0.20546875 0.4354166666666667 0.03984375 0.06388888888888888
1 0.25859375 0.3375 0.02890625 0.05
1 0.2296875 0.29583333333333334 0.021875 0.03611111111111111
1 0.250390625 0.28125 0.0140625 0.027777777777777776
1 0.147265625 0.27708333333333335 0.0203125 0.029166666666666667
1 0.121484375 0.30833333333333335 0.03125 0.04583333333333333
1 0.145703125 0.20694444444444443 0.02109375 0.025
1 0.23046875 0.20277777777777778 0.03828125 0.10138888888888889
1 0.287890625 0.25833333333333336 0.0125 0.022222222222222223
1 0.341796875 0.09722222222222222 0.0125 0.022222222222222223
1 0.243359375 0.015277777777777777 0.025 0.030555555555555555
1 0.184375 0.05763888888888889 0.02265625 0.05138888888888889
1 0.169140625 0.1111111111111111 0.015625 0.022222222222222223
1 0.16796875 0.16041666666666668 0.015625 0.015277777777777777
1 0.144921875 0.011111111111111112 0.01640625 0.022222222222222223
1 0.0421875 0.08611111111111111 0.01640625 0.03333333333333333
1 0.055078125 0.11805555555555555 0.015625 0.020833333333333332
1 0.033203125 0.6604166666666667 0.01171875 0.034722222222222224
1 0.079296875 0.6152777777777778 0.01015625 0.011111111111111112
1 0.09609375 0.6458333333333334 0.009375 0.013888888888888888
1 0.058984375 0.8125 0.02109375 0.041666666666666664
1 0.404296875 0.9875 0.01796875 0.025
1 0.57109375 0.9631944444444445 0.01640625 0.043055555555555555
1 0.59453125 0.975 0.0125 0.029166666666666667
1 0.627734375 0.9180555555555555 0.015625 0.025
1 0.702734375 0.9902777777777778 0.01015625 0.019444444444444445
1 0.708984375 0.93125 0.0265625 0.027777777777777776
1 0.722265625 0.8618055555555556 0.02421875 0.058333333333333334
1 0.700390625 0.8659722222222223 0.0125 0.027777777777777776
1 0.7640625 0.9583333333333334 0.02265625 0.041666666666666664
1 0.814453125 0.9270833333333334 0.015625 0.03611111111111111
1 0.877734375 0.9402777777777778 0.02109375 0.03611111111111111
1 0.8859375 0.9756944444444444 0.01796875 0.027777777777777776
1 0.917578125 0.9923611111111111 0.015625 0.015277777777777777
1 0.980859375 0.8409722222222222 0.03828125 0.10694444444444444
1 0.89375 0.89375 0.01875 0.029166666666666667
1 0.897265625 0.8319444444444445 0.00859375 0.022222222222222223
1 0.907421875 0.7666666666666667 0.0234375 0.043055555555555555
1 0.973828125 0.7527777777777778 0.01875 0.04027777777777778
1 0.8828125 0.7791666666666667 0.01640625 0.027777777777777776
1 0.746484375 0.7354166666666667 0.02109375 0.03333333333333333
1 0.762109375 0.6993055555555555 0.02578125 0.05
1 0.748046875 0.58125 0.03046875 0.1
1 0.81796875 0.5923611111111111 0.05390625 0.09305555555555556
1 0.733203125 0.5027777777777778 0.01171875 0.019444444444444445
1 0.6875 0.5020833333333333 0.0140625 0.020833333333333332
1 0.659765625 0.4409722222222222 0.0265625 0.08194444444444444
1 0.576953125 0.5277777777777778 0.01640625 0.027777777777777776
1 0.544140625 0.46875 0.03125 0.044444444444444446
1 0.566796875 0.3680555555555556 0.03203125 0.07361111111111111
1 0.4796875 0.07777777777777778 0.0390625 0.07222222222222222
1 0.455078125 0.1076388888888889 0.0109375 0.022222222222222223
1 0.469140625 0.13819444444444445 0.015625 0.03333333333333333
1 0.501953125 0.1763888888888889 0.025 0.05
1 0.503125 0.11319444444444444 0.02109375 0.043055555555555555
1 0.546875 0.20069444444444445 0.0140625 0.022222222222222223
1 0.68984375 0.14097222222222222 0.025 0.0875
1 0.759765625 0.09861111111111111 0.01640625 0.02361111111111111
1 0.788671875 0.06180555555555556 0.01953125 0.041666666666666664
1 0.712890625 0.21875 0.01015625 0.020833333333333332
1 0.84296875 0.3854166666666667 0.0234375 0.03611111111111111
1 0.88984375 0.29305555555555557 0.01875 0.03611111111111111
1 0.90390625 0.22777777777777777 0.009375 0.018055555555555554
1 0.916796875 0.12361111111111112 0.015625 0.025
1 0.9078125 0.17083333333333334 0.03203125 0.04861111111111111
1 0.95234375 0.24722222222222223 0.03203125 0.06527777777777778
1 0.966796875 0.19930555555555557 0.01640625 0.034722222222222224
1 0.983203125 0.29097222222222224 0.021875 0.030555555555555555
1 0.964453125 0.3125 0.02578125 0.04861111111111111
1 0.99375 0.3854166666666667 0.0125 0.029166666666666667
1 0.96484375 0.4798611111111111 0.025 0.06805555555555555
1 0.888671875 0.5381944444444444 0.015625 0.027777777777777776