1 0.646875 0.7916666666666666 0.0171875 0.022916666666666665
1 0.3484375 0.7635416666666667 0.0203125 0.020833333333333332
1 0.2453125 0.55 0.021875 0.029166666666666667
1 0.1921875 0.3572916666666667 0.0421875 0.05416666666666667
1 0.56171875 0.40625 0.0203125 0.025
1 0.84921875 0.32083333333333336 0.040625 0.05
1 0.79453125 0.290625 0.034375 0.029166666666666667
1 0.5953125 0.34375 0.034375 0.04791666666666667
1 0.49609375 0.375 0.034375 0.05
1 0.76875 0.6833333333333333 0.01875 0.022916666666666665
1 0.68828125 0.65625 0.028125 0.025
1 0.72109375 0.6197916666666666 0.046875 0.03958333333333333
1 0.73046875 0.553125 0.0375 0.04583333333333333
1 0.0265625 0.3104166666666667 0.0328125 0.025
1 0.44921875 0.010416666666666666 0.025 0.020833333333333332
1 0.35859375 0.11666666666666667 0.025 0.035416666666666666
1 0.7203125 0.41354166666666664 0.0703125 0.05
1 0.41484375 0.5989583333333334 0.0296875 0.03958333333333333
0 0.5359375 0.06145833333333333 0.0828125 0.12291666666666666
0 0.5359375 0.5385416666666667 0.1796875 0.08125
0 0.521875 0.821875 0.0703125 0.1125
1 0.146875 0.7697916666666667 0.0171875 0.020833333333333332
1 0.05078125 0.4583333333333333 0.0234375 0.027083333333333334
1 0.53984375 0.24270833333333333 0.01875 0.027083333333333334
1 0.5265625 0.146875 0.025 0.0375
1 0.4140625 0.115625 0.025 0.0375
1 0.4390625 0.07604166666666666 0.0265625 0.027083333333333334
1 0.35234375 0.38333333333333336 0.0203125 0.029166666666666667
1 0.46796875 0.41770833333333335 0.0171875 0.03125
1 0.59765625 0.9208333333333333 0.0265625 0.027083333333333334
1 0.77578125 0.8145833333333333 0.0265625 0.035416666666666666
1 0.6421875 0.9416666666666667 0.03125 0.020833333333333332
1 0.2578125 0.975 0.021875 0.04791666666666667