1 0.8109375 0.010416666666666666 0.0265625 0.020833333333333332
1 0.04921875 0.6583333333333333 0.021875 0.027083333333333334
1 0.61875 0.55 0.0140625 0.016666666666666666
1 0.56875 0.65625 0.0171875 0.025
1 0.63828125 0.60625 0.0265625 0.022916666666666665
1 0.4546875 0.12395833333333334 0.0140625 0.022916666666666665
1 0.36875 0.08854166666666667 0.015625 0.027083333333333334
1 0.3078125 0.04583333333333333 0.0625 0.07291666666666667
1 0.065625 0.022916666666666665 0.03125 0.04583333333333333
1 0.075 0.14895833333333333 0.0265625 0.03958333333333333
1 0.13828125 0.115625 0.028125 0.029166666666666667
1 0.3421875 0.26145833333333335 0.034375 0.041666666666666664
1 0.3265625 0.184375 0.0296875 0.041666666666666664
1 0.25546875 0.21458333333333332 0.0171875 0.020833333333333332
1 0.21171875 0.35625 0.025 0.029166666666666667
1 0.25546875 0.3072916666666667 0.0453125 0.0875
1 0.3140625 0.315625 0.025 0.03333333333333333
1 0.93046875 0.2864583333333333 0.0140625 0.025
1 0.80234375 0.29270833333333335 0.0359375 0.05416666666666667
1 0.68125 0.240625 0.015625 0.020833333333333332
1 0.76953125 0.24583333333333332 0.0421875 0.04791666666666667
1 0.64453125 0.4479166666666667 0.028125 0.0375
1 0.58671875 0.4875 0.0265625 0.027083333333333334
1 0.51171875 0.475 0.028125 0.020833333333333332
1 0.6015625 0.3802083333333333 0.028125 0.0375
1 0.61328125 0.3229166666666667 0.03125 0.0375
1 0.8921875 0.56875 0.01875 0.022916666666666665
1 0.7859375 0.18020833333333333 0.0265625 0.029166666666666667
1 0.65 0.14583333333333334 0.0265625 0.05
1 0.5625 0.06458333333333334 0.028125 0.03958333333333333
1 0.66640625 0.03125 0.034375 0.04583333333333333
1 0.40625 0.38645833333333335 0.021875 0.03125
1 0.35234375 0.37395833333333334 0.028125 0.05416666666666667
1 0.47265625 0.6875 0.0203125 0.03125
1 0.51328125 0.6197916666666666 0.034375 0.06458333333333334
1 0.3375 0.5270833333333333 0.0265625 0.04583333333333333
1 0.30625 0.40208333333333335 0.0328125 0.04791666666666667
1 0.2796875 0.39166666666666666 0.0140625 0.01875
1 0.271875 0.43020833333333336 0.0203125 0.03958333333333333
1 0.05703125 0.49166666666666664 0.01875 0.01875
1 0.190625 0.484375 0.01875 0.0375
1 0.14296875 0.5145833333333333 0.015625 0.027083333333333334
1 0.25703125 0.6541666666666667 0.0171875 0.035416666666666666
1 0.3765625 0.790625 0.028125 0.035416666666666666
1 0.36171875 0.7135416666666666 0.0265625 0.0375
1 0.31796875 0.7458333333333333 0.015625 0.029166666666666667
1 0.303125 0.8239583333333333 0.0125 0.01875
1 0.25703125 0.85625 0.021875 0.029166666666666667
1 0.2875 0.8833333333333333 0.0234375 0.01875
1 0.38125 0.8916666666666667 0.01875 0.022916666666666665
1 0.4921875 0.7479166666666667 0.0390625 0.03958333333333333
1 0.63671875 0.7635416666666667 0.0265625 0.0375
1 0.66953125 0.8979166666666667 0.015625 0.03333333333333333
1 0.7546875 0.9802083333333333 0.034375 0.03958333333333333
1 0.11015625 0.7604166666666666 0.0171875 0.022916666666666665
1 0.40546875 0.49375 0.0140625 0.025
1 0.45546875 0.35833333333333334 0.0109375 0.020833333333333332
1 0.91640625 0.8770833333333333 0.021875 0.03958333333333333
1 0.934375 0.7979166666666667 0.025 0.0375
0 0.465625 0.45625 0.1484375 0.35
0 0.421875 0.6177083333333333 0.29375 0.21666666666666667
0 0.40625 0.928125 0.325 0.14375
0 0.5515625 0.11041666666666666 0.2171875 0.21666666666666667
1 0.8140625 0.6760416666666667 0.021875 0.03958333333333333
1 0.86171875 0.871875 0.0296875 0.027083333333333334
1 0.68203125 0.746875 0.0203125 0.035416666666666666
1 0.72890625 0.6375 0.0359375 0.03958333333333333
1 0.78125 0.03333333333333333 0.0203125 0.027083333333333334