1 0.147265625 0.06944444444444445 0.015625 0.027777777777777776
1 0.24609375 0.9875 0.02578125 0.022222222222222223
0 0.078125 0.14444444444444443 0.15625 0.28194444444444444
1 0.9328125 0.8125 0.03125 0.05277777777777778
1 0.4140625 0.9027777777777778 0.01328125 0.025
1 0.44921875 0.06458333333333334 0.02734375 0.0625
1 0.658203125 0.8083333333333333 0.0296875 0.05277777777777778
1 0.191015625 0.6833333333333333 0.01484375 0.034722222222222224
1 0.85390625 0.05416666666666667 0.0234375 0.034722222222222224
1 0.2125 0.25 0.02265625 0.05277777777777778
1 0.55 0.1125 0.0171875 0.041666666666666664
1 0.066796875 0.21805555555555556 0.0421875 0.058333333333333334
0 0.1109375 0.8770833333333333 0.221875 0.24166666666666667
1 0.56484375 0.044444444444444446 0.028125 0.0625
1 0.375390625 0.8104166666666667 0.01328125 0.030555555555555555
1 0.85078125 0.8347222222222223 0.01484375 0.027777777777777776
0 0.604296875 0.15 0.2125 0.3
1 0.18359375 0.23125 0.01328125 0.02638888888888889
1 0.63359375 0.7520833333333333 0.0234375 0.030555555555555555
1 0.9125 0.16875 0.01953125 0.04027777777777778
1 0.727734375 0.6923611111111111 0.0265625 0.08333333333333333
1 0.85078125 0.3402777777777778 0.01875 0.027777777777777776
1 0.87734375 0.3875 0.02109375 0.05416666666666667
1 0.209765625 0.8479166666666667 0.01171875 0.03333333333333333
0 0.069921875 0.6493055555555556 0.13984375 0.4111111111111111
1 0.88984375 0.027777777777777776 0.03359375 0.04722222222222222
1 0.39375 0.7930555555555555 0.02890625 0.041666666666666664
1 0.66171875 0.14722222222222223 0.03984375 0.058333333333333334
1 0.5765625 0.6645833333333333 0.0578125 0.14444444444444443
1 0.419921875 0.027083333333333334 0.0609375 0.05416666666666667
1 0.660546875 0.7048611111111112 0.03828125 0.043055555555555555
1 0.433203125 0.8104166666666667 0.034375 0.06527777777777778
1 0.927734375 0.007638888888888889 0.01640625 0.015277777777777777
1 0.91875 0.9902777777777778 0.01953125 0.015277777777777777
1 0.53671875 0.675 0.01328125 0.027777777777777776
1 0.966015625 0.05138888888888889 0.0515625 0.10277777777777777
1 0.098828125 0.3138888888888889 0.0203125 0.03611111111111111
0 0.67421875 0.8534722222222222 0.08203125 0.29305555555555557
1 0.821484375 0.6048611111111111 0.01796875 0.03611111111111111
0 0.098828125 0.3388888888888889 0.19765625 0.39166666666666666
1 0.547265625 0.7479166666666667 0.021875 0.05694444444444444
1 0.54609375 0.4 0.0265625 0.05694444444444444
1 0.655078125 0.019444444444444445 0.0171875 0.03611111111111111
1 0.615625 0.49444444444444446 0.02734375 0.08055555555555556
1 0.955078125 0.6861111111111111 0.01875 0.029166666666666667
1 0.940625 0.6236111111111111 0.0203125 0.043055555555555555
1 0.904296875 0.3701388888888889 0.021875 0.05694444444444444
1 0.081640625 0.4798611111111111 0.021875 0.034722222222222224
1 0.65859375 0.6576388888888889 0.025 0.03611111111111111
1 0.664453125 0.10277777777777777 0.03515625 0.04722222222222222
1 0.94375 0.3194444444444444 0.0203125 0.04027777777777778
1 0.5796875 0.85 0.03203125 0.04861111111111111
1 0.666015625 0.9208333333333333 0.01328125 0.029166666666666667
1 0.7578125 0.33194444444444443 0.03984375 0.10972222222222222
1 0.574609375 0.84375 0.0265625 0.043055555555555555
1 0.522265625 0.2881944444444444 0.01796875 0.02638888888888889
1 0.228515625 0.6090277777777777 0.0171875 0.027777777777777776
1 0.851171875 0.6381944444444444 0.028125 0.06527777777777778
1 0.520703125 0.5736111111111111 0.01796875 0.0375
1 0.223828125 0.05486111111111111 0.01640625 0.019444444444444445
1 0.212109375 0.7513888888888889 0.0203125 0.044444444444444446
0 0.578515625 0.2659722222222222 0.3234375 0.31527777777777777
1 0.90546875 0.46041666666666664 0.0265625 0.041666666666666664
1 0.794140625 0.22361111111111112 0.01953125 0.030555555555555555
1 0.9109375 0.09097222222222222 0.015625 0.027777777777777776
1 0.1015625 0.6881944444444444 0.02734375 0.04861111111111111
1 0.337109375 0.48333333333333334 0.0171875 0.03333333333333333
1 0.7609375 0.8104166666666667 0.0203125 0.03888888888888889
1 0.184375 0.07222222222222222 0.05234375 0.09444444444444444
1 0.444921875 0.7159722222222222 0.01640625 0.029166666666666667