1 0.835546875 0.26666666666666666 0.04609375 0.059722222222222225
1 0.889453125 0.030555555555555555 0.0296875 0.03888888888888889
0 0.10703125 0.12291666666666666 0.11484375 0.24583333333333332
0 0.151171875 0.15486111111111112 0.0859375 0.30972222222222223
0 0.176953125 0.26458333333333334 0.14921875 0.29444444444444445
0 0.161328125 0.3472222222222222 0.2078125 0.2652777777777778
0 0.119140625 0.85 0.12578125 0.3
0 0.65625 0.13333333333333333 0.32109375 0.25972222222222224
0 0.659765625 0.45416666666666666 0.23984375 0.2222222222222222
0 0.6578125 0.7354166666666667 0.24140625 0.16666666666666666
0 0.63046875 0.9138888888888889 0.11484375 0.17222222222222222
1 0.331640625 0.29097222222222224 0.01328125 0.03888888888888889
1 0.291015625 0.1625 0.021875 0.0625
1 0.230078125 0.07708333333333334 0.015625 0.04027777777777778
1 0.170703125 0.03888888888888889 0.02890625 0.075
1 0.22578125 0.23541666666666666 0.03515625 0.10833333333333334
1 0.277734375 0.4236111111111111 0.0171875 0.0375
1 0.3015625 0.41180555555555554 0.01875 0.020833333333333332
1 0.3484375 0.7006944444444444 0.01328125 0.030555555555555555
1 0.5859375 0.35694444444444445 0.03359375 0.059722222222222225
1 0.68125 0.3090277777777778 0.0390625 0.043055555555555555
1 0.70546875 0.24791666666666667 0.02265625 0.04861111111111111
1 0.87421875 0.40069444444444446 0.01875 0.030555555555555555
1 0.917578125 0.4166666666666667 0.0140625 0.05555555555555555
1 0.9859375 0.22916666666666666 0.028125 0.05694444444444444
1 0.95390625 0.3020833333333333 0.02890625 0.05277777777777778
1 0.978125 0.38125 0.040625 0.10138888888888889
1 0.951953125 0.47638888888888886 0.03125 0.06388888888888888
1 0.983203125 0.5659722222222222 0.03125 0.08333333333333333
1 0.990625 0.6645833333333333 0.01796875 0.05
1 0.98203125 0.7222222222222222 0.02734375 0.05138888888888889
1 0.962109375 0.7611111111111111 0.0171875 0.02638888888888889
1 0.933203125 0.7409722222222223 0.02265625 0.05
1 0.93515625 0.6409722222222223 0.01328125 0.027777777777777776
1 0.92109375 0.6041666666666666 0.01328125 0.020833333333333332
1 0.849609375 0.5243055555555556 0.02421875 0.03888888888888889
1 0.87734375 0.525 0.009375 0.02361111111111111
1 0.896484375 0.5097222222222222 0.028125 0.05694444444444444
1 0.9265625 0.03263888888888889 0.02421875 0.0375
1 0.86484375 0.17569444444444443 0.021875 0.03888888888888889
1 0.769921875 0.013194444444444444 0.02421875 0.02638888888888889
1 0.809765625 0.07569444444444444 0.015625 0.044444444444444446
1 0.790234375 0.059722222222222225 0.0171875 0.02638888888888889
1 0.601953125 0.06666666666666667 0.02421875 0.08055555555555556
1 0.5765625 0.5243055555555556 0.02890625 0.05
1 0.224609375 0.5625 0.06328125 0.0763888888888889
1 0.09375 0.49375 0.03515625 0.08888888888888889
1 0.18359375 0.49375 0.02265625 0.03611111111111111
1 0.23828125 0.4840277777777778 0.0203125 0.044444444444444446
1 0.27421875 0.20902777777777778 0.021875 0.030555555555555555
1 0.68046875 0.9715277777777778 0.01875 0.05277777777777778
1 0.711328125 0.9673611111111111 0.02890625 0.06527777777777778
1 0.75078125 0.9576388888888889 0.0515625 0.08472222222222223
1 0.806640625 0.9590277777777778 0.02421875 0.08194444444444444
1 0.8828125 0.9520833333333333 0.03203125 0.05
1 0.231640625 0.9256944444444445 0.0453125 0.13472222222222222
1 0.26171875 0.8048611111111111 0.03515625 0.043055555555555555
1 0.181640625 0.6777777777777778 0.01875 0.044444444444444446
1 0.121875 0.7194444444444444 0.01328125 0.03194444444444444
1 0.171875 0.9305555555555556 0.02890625 0.10694444444444444
1 0.278515625 0.7381944444444445 0.02109375 0.02638888888888889
1 0.048046875 0.015277777777777777 0.02265625 0.02361111111111111
1 0.188671875 0.3590277777777778 0.02109375 0.03194444444444444
1 0.213671875 0.3159722222222222 0.0109375 0.027777777777777776
1 0.69375 0.5944444444444444 0.01796875 0.02638888888888889
1 0.744140625 0.5854166666666667 0.02890625 0.04027777777777778
1 0.81640625 0.7027777777777777 0.02890625 0.04861111111111111
1 0.66171875 0.78125 0.0359375 0.07777777777777778
1 0.734765625 0.7409722222222223 0.0203125 0.027777777777777776
1 0.7078125 0.8020833333333334 0.028125 0.03333333333333333
1 0.604296875 0.4222222222222222 0.025 0.04027777777777778
1 0.64453125 0.37222222222222223 0.0171875 0.02361111111111111
1 0.518359375 0.3125 0.02734375 0.05
1 0.56640625 0.9201388888888888 0.01484375 0.025
1 0.61328125 0.9229166666666667 0.0171875 0.0375
1 0.48984375 0.46805555555555556 0.0140625 0.030555555555555555
1 0.991796875 0.02361111111111111 0.01640625 0.03333333333333333
1 0.876953125 0.12916666666666668 0.01875 0.019444444444444445