1 0.871875 0.9729166666666667 0.0109375 0.016666666666666666
1 0.89609375 0.9375 0.059375 0.058333333333333334
1 0.33046875 0.30833333333333335 0.084375 0.08125
1 0.9671875 0.85 0.0265625 0.025
1 0.0109375 0.4666666666666667 0.021875 0.04375
1 0.3765625 0.240625 0.03125 0.029166666666666667
1 0.18046875 0.40729166666666666 0.015625 0.035416666666666666
0 0.67890625 0.128125 0.303125 0.25625
0 0.6796875 0.5739583333333333 0.3828125 0.34791666666666665
0 0.590625 0.8739583333333333 0.065625 0.15416666666666667
1 0.82265625 0.284375 0.0390625 0.04375
1 0.78359375 0.6104166666666667 0.11875 0.08125
1 0.4328125 0.478125 0.0140625 0.027083333333333334
1 0.9125 0.103125 0.025 0.022916666666666665
1 0.12109375 0.32708333333333334 0.015625 0.01875
1 0.18359375 0.671875 0.0109375 0.016666666666666666
1 0.0484375 0.09270833333333334 0.0203125 0.041666666666666664
1 0.13046875 0.171875 0.03125 0.058333333333333334
1 0.075 0.19375 0.075 0.09791666666666667
1 0.021875 0.19166666666666668 0.01875 0.020833333333333332
1 0.31640625 0.1625 0.0453125 0.07916666666666666
1 0.30078125 0.026041666666666668 0.025 0.03333333333333333
1 0.3953125 0.005208333333333333 0.0203125 0.010416666666666666
1 0.484375 0.08645833333333333 0.021875 0.0125
1 0.51484375 0.07708333333333334 0.03125 0.052083333333333336
1 0.4859375 0.034375 0.075 0.06875
1 0.63671875 0.021875 0.0234375 0.03958333333333333
1 0.996875 0.08645833333333333 0.00625 0.0375
1 0.946875 0.034375 0.03125 0.03333333333333333
1 0.98125 0.17291666666666666 0.0375 0.07708333333333334
1 0.990625 0.5177083333333333 0.01875 0.03333333333333333
1 0.3328125 0.6864583333333333 0.00625 0.014583333333333334
1 0.3875 0.8020833333333334 0.0328125 0.041666666666666664
1 0.48828125 0.7489583333333333 0.021875 0.029166666666666667
1 0.49453125 0.6927083333333334 0.034375 0.035416666666666666
1 0.4953125 0.659375 0.0140625 0.020833333333333332
1 0.28046875 0.6177083333333333 0.0171875 0.03125
1 0.25078125 0.6208333333333333 0.0171875 0.025
1 0.37890625 0.603125 0.0828125 0.08541666666666667
1 0.01484375 0.8177083333333334 0.0296875 0.058333333333333334
1 0.03203125 0.9885416666666667 0.0265625 0.022916666666666665
1 0.1890625 0.8510416666666667 0.0203125 0.025
1 0.13359375 0.9489583333333333 0.0546875 0.0625
1 0.2734375 0.9020833333333333 0.0671875 0.11041666666666666
1 0.425 0.9333333333333333 0.025 0.04583333333333333
1 0.34140625 0.9864583333333333 0.0234375 0.027083333333333334
1 0.5359375 0.9802083333333333 0.05 0.03958333333333333
1 0.61484375 0.9708333333333333 0.046875 0.058333333333333334
1 0.71484375 0.9270833333333334 0.0140625 0.01875
1 0.71875 0.8416666666666667 0.1421875 0.11666666666666667
1 0.92421875 0.8520833333333333 0.04375 0.0625
1 0.87109375 0.8 0.0203125 0.022916666666666665
1 0.83125 0.7635416666666667 0.0109375 0.010416666666666666
1 0.6578125 0.76875 0.0390625 0.03333333333333333
1 0.75859375 0.7364583333333333 0.084375 0.0875
1 0.69375 0.725 0.0359375 0.04583333333333333
1 0.71796875 0.6645833333333333 0.0765625 0.07083333333333333
1 0.6484375 0.6166666666666667 0.0328125 0.027083333333333334
1 0.6375 0.58125 0.0265625 0.029166666666666667
1 0.58203125 0.51875 0.05625 0.05625
1 0.45390625 0.4083333333333333 0.0234375 0.035416666666666666
1 0.54296875 0.3145833333333333 0.0359375 0.03958333333333333
1 0.5015625 0.315625 0.0171875 0.027083333333333334
1 0.51015625 0.21979166666666666 0.028125 0.05
1 0.4765625 0.234375 0.0296875 0.03958333333333333
1 0.46484375 0.18333333333333332 0.046875 0.058333333333333334
1 0.4484375 0.25833333333333336 0.05 0.041666666666666664
1 0.41328125 0.246875 0.0140625 0.022916666666666665
1 0.39140625 0.5583333333333333 0.1484375 0.13958333333333334
1 0.03984375 0.5208333333333334 0.065625 0.04583333333333333
1 0.09140625 0.4739583333333333 0.0421875 0.1
1 0.16328125 0.4635416666666667 0.0234375 0.025
1 0.284375 0.44895833333333335 0.0484375 0.04791666666666667
1 0.98984375 0.4197916666666667 0.0203125 0.025
1 0.91796875 0.3489583333333333 0.025 0.035416666666666666
1 0.68828125 0.18229166666666666 0.028125 0.029166666666666667
1 0.7671875 0.184375 0.040625 0.07083333333333333
1 0.71640625 0.24583333333333332 0.0359375 0.05625
1 0.6609375 0.27708333333333335 0.028125 0.03333333333333333
1 0.63515625 0.2916666666666667 0.0234375 0.04375
1 0.62421875 0.38645833333333335 0.040625 0.052083333333333336
1 0.69765625 0.33229166666666665 0.084375 0.08333333333333333
1 0.728125 0.4083333333333333 0.034375 0.035416666666666666
1 0.7875 0.37916666666666665 0.059375 0.05625
1 0.97109375 0.603125 0.0578125 0.11458333333333333
1 0.88828125 0.70625 0.025 0.03125
1 0.35703125 0.390625 0.01875 0.0375
1 0.390625 0.4166666666666667 0.034375 0.029166666666666667
1 0.42421875 0.396875 0.01875 0.0375
1 0.48359375 0.50625 0.046875 0.04375
1 0.9 0.6416666666666667 0.028125 0.0375
1 0.86796875 0.5229166666666667 0.153125 0.14166666666666666
1 0.75703125 0.4979166666666667 0.0484375 0.04583333333333333
1 0.71171875 0.5375 0.05 0.03958333333333333
1 0.6890625 0.46770833333333334 0.05625 0.04791666666666667