1 0.85859375 0.11666666666666667 0.015625 0.030555555555555555
1 0.78984375 0.15347222222222223 0.01640625 0.03611111111111111
1 0.918359375 0.9576388888888889 0.04296875 0.08194444444444444
1 0.851171875 0.6277777777777778 0.021875 0.03194444444444444
1 0.95859375 0.059027777777777776 0.01796875 0.03333333333333333
1 0.2765625 0.30833333333333335 0.0234375 0.044444444444444446
0 0.7265625 0.9458333333333333 0.2328125 0.10833333333333334
1 0.669921875 0.8493055555555555 0.01796875 0.02638888888888889
0 0.693359375 0.09375 0.27890625 0.18055555555555555
1 0.0828125 0.6486111111111111 0.01484375 0.03888888888888889
1 0.62265625 0.8527777777777777 0.01875 0.0375
1 0.7265625 0.6243055555555556 0.0203125 0.05138888888888889
1 0.202734375 0.6826388888888889 0.0140625 0.027777777777777776
1 0.864453125 0.91875 0.0171875 0.03194444444444444
1 0.72265625 0.6840277777777778 0.0140625 0.03333333333333333
1 0.944921875 0.45 0.01875 0.030555555555555555
1 0.194140625 0.7152777777777778 0.0265625 0.030555555555555555
1 0.745703125 0.7194444444444444 0.01640625 0.03611111111111111
1 0.942578125 0.8902777777777777 0.03671875 0.05277777777777778
0 0.676953125 0.47638888888888886 0.14609375 0.4861111111111111
1 0.856640625 0.9611111111111111 0.0265625 0.044444444444444446
1 0.25 0.46875 0.0328125 0.059722222222222225
1 0.88203125 0.4534722222222222 0.03515625 0.1
1 0.208984375 0.5402777777777777 0.03359375 0.04861111111111111
1 0.88125 0.5680555555555555 0.0328125 0.05
1 0.928125 0.24722222222222223 0.01484375 0.03194444444444444
1 0.677734375 0.3888888888888889 0.0171875 0.04027777777777778
1 0.06015625 0.19652777777777777 0.01953125 0.025
1 0.01171875 0.47291666666666665 0.01875 0.027777777777777776
1 0.223046875 0.9159722222222222 0.0140625 0.02638888888888889
1 0.874609375 0.01597222222222222 0.02265625 0.030555555555555555
1 0.880078125 0.8527777777777777 0.0234375 0.058333333333333334
1 0.25234375 0.7861111111111111 0.015625 0.030555555555555555
1 0.178125 0.6118055555555556 0.03671875 0.05416666666666667
1 0.23671875 0.9604166666666667 0.0203125 0.06388888888888888
1 0.58515625 0.6909722222222222 0.01640625 0.03194444444444444
1 0.7671875 0.6604166666666667 0.015625 0.027777777777777776
1 0.183203125 0.8361111111111111 0.01484375 0.029166666666666667
1 0.855078125 0.8479166666666667 0.01953125 0.03194444444444444
1 0.8234375 0.8708333333333333 0.01484375 0.03194444444444444
1 0.2046875 0.05555555555555555 0.0234375 0.05
1 0.892578125 0.07569444444444444 0.025 0.041666666666666664
1 0.683984375 0.9138888888888889 0.01484375 0.029166666666666667
1 0.911328125 0.0375 0.01484375 0.029166666666666667
1 0.2296875 0.3458333333333333 0.02578125 0.058333333333333334
1 0.82421875 0.43194444444444446 0.02734375 0.04861111111111111
1 0.594921875 0.7444444444444445 0.021875 0.05694444444444444
1 0.90546875 0.8604166666666667 0.0234375 0.030555555555555555
1 0.925 0.6402777777777777 0.02109375 0.0375
1 0.659765625 0.5673611111111111 0.01875 0.03611111111111111
1 0.849609375 0.5840277777777778 0.0203125 0.044444444444444446
1 0.72890625 0.3104166666666667 0.01171875 0.03888888888888889
0 0.182421875 0.9548611111111112 0.1265625 0.08472222222222223
1 0.77421875 0.3145833333333333 0.01640625 0.03333333333333333
1 0.128125 0.36736111111111114 0.01484375 0.030555555555555555
1 0.58984375 0.5847222222222223 0.02265625 0.0375
1 0.751953125 0.8319444444444445 0.01484375 0.034722222222222224
1 0.581640625 0.19722222222222222 0.021875 0.04722222222222222
1 0.90078125 0.6409722222222223 0.01953125 0.034722222222222224
1 0.663671875 0.04861111111111111 0.0171875 0.027777777777777776
1 0.741796875 0.09444444444444444 0.015625 0.025
1 0.93671875 0.15208333333333332 0.01640625 0.034722222222222224
1 0.978515625 0.8395833333333333 0.0125 0.03194444444444444
1 0.49765625 0.5756944444444444 0.021875 0.041666666666666664
0 0.126953125 0.25 0.196875 0.45694444444444443
1 0.13125 0.7861111111111111 0.025 0.027777777777777776
1 0.533203125 0.65625 0.0171875 0.03333333333333333
1 0.5515625 0.5201388888888889 0.015625 0.029166666666666667
1 0.751953125 0.68125 0.01171875 0.02361111111111111
1 0.60859375 0.49444444444444446 0.0125 0.019444444444444445
1 0.047265625 0.4361111111111111 0.01796875 0.020833333333333332
1 0.6234375 0.15486111111111112 0.01640625 0.0375
1 0.244140625 0.016666666666666666 0.02421875 0.03333333333333333
1 0.20390625 0.17569444444444443 0.01953125 0.03888888888888889
1 0.166796875 0.09513888888888888 0.0109375 0.016666666666666666
1 0.08125 0.007638888888888889 0.021875 0.015277777777777777
1 0.014453125 0.19166666666666668 0.01171875 0.022222222222222223
1 0.06875 0.23472222222222222 0.01796875 0.027777777777777776
1 0.05078125 0.33541666666666664 0.015625 0.034722222222222224
1 0.09921875 0.32430555555555557 0.0125 0.029166666666666667
1 0.23046875 0.24027777777777778 0.0234375 0.03611111111111111
1 0.166796875 0.3388888888888889 0.0203125 0.0375
1 0.18203125 0.35833333333333334 0.01640625 0.02638888888888889
1 0.25546875 0.3736111111111111 0.01953125 0.05555555555555555
1 0.296484375 0.30486111111111114 0.01640625 0.029166666666666667
1 0.329296875 0.28958333333333336 0.01015625 0.03611111111111111
1 0.338671875 0.015277777777777777 0.015625 0.030555555555555555
1 0.005859375 0.4215277777777778 0.01171875 0.03333333333333333
1 0.078515625 0.44722222222222224 0.009375 0.020833333333333332
1 0.071875 0.46111111111111114 0.0109375 0.027777777777777776
1 0.151953125 0.5729166666666666 0.0171875 0.025
1 0.227734375 0.5506944444444445 0.015625 0.027777777777777776
1 0.245703125 0.5868055555555556 0.03828125 0.04027777777777778
1 0.29375 0.5673611111111111 0.0234375 0.030555555555555555
1 0.28984375 0.60625 0.009375 0.027777777777777776
1 0.21875 0.6826388888888889 0.0140625 0.030555555555555555
1 0.143359375 0.6444444444444445 0.0125 0.022222222222222223
1 0.15390625 0.6097222222222223 0.01171875 0.030555555555555555
1 0.08359375 0.7506944444444444 0.01484375 0.034722222222222224
1 0.165625 0.7138888888888889 0.01171875 0.022222222222222223
1 0.23125 0.7395833333333334 0.01875 0.03194444444444444
1 0.259375 0.6854166666666667 0.025 0.04861111111111111
1 0.20703125 0.8111111111111111 0.01796875 0.043055555555555555
1 0.169921875 0.7972222222222223 0.0125 0.02638888888888889
1 0.123046875 0.83125 0.015625 0.030555555555555555
1 0.2671875 0.8284722222222223 0.01328125 0.02361111111111111
1 0.38515625 0.7798611111111111 0.02265625 0.03611111111111111
1 0.423046875 0.7333333333333333 0.01328125 0.025
1 0.42734375 0.7756944444444445 0.01875 0.04861111111111111
1 0.409375 0.8993055555555556 0.01328125 0.03194444444444444
1 0.35859375 0.8604166666666667 0.01484375 0.027777777777777776
1 0.3578125 0.9048611111111111 0.0140625 0.02638888888888889
1 0.242578125 0.8833333333333333 0.0109375 0.02361111111111111
1 0.250390625 0.9201388888888888 0.0171875 0.04027777777777778
1 0.186328125 0.9125 0.015625 0.029166666666666667
1 0.178515625 0.9611111111111111 0.01640625 0.022222222222222223
1 0.376953125 0.2611111111111111 0.021875 0.05555555555555555
1 0.402734375 0.34652777777777777 0.0171875 0.03333333333333333
1 0.40859375 0.4395833333333333 0.021875 0.06944444444444445
1 0.544140625 0.4423611111111111 0.015625 0.02638888888888889
1 0.589453125 0.3951388888888889 0.0109375 0.019444444444444445
1 0.47421875 0.42430555555555555 0.01328125 0.05555555555555555
1 0.38671875 0.49027777777777776 0.01796875 0.030555555555555555
1 0.36640625 0.5340277777777778 0.02578125 0.03888888888888889
1 0.422265625 0.5243055555555556 0.01171875 0.020833333333333332
1 0.455078125 0.5375 0.0140625 0.03611111111111111
1 0.48359375 0.5833333333333334 0.01953125 0.044444444444444446
1 0.433984375 0.65 0.01640625 0.0375
1 0.38046875 0.6756944444444445 0.0109375 0.02638888888888889
1 0.46953125 0.6909722222222222 0.0140625 0.029166666666666667
1 0.417578125 0.6902777777777778 0.0078125 0.016666666666666666
1 0.5703125 0.8513888888888889 0.02578125 0.05277777777777778
1 0.5859375 0.9131944444444444 0.02265625 0.04861111111111111
1 0.61484375 0.9006944444444445 0.01796875 0.027777777777777776
1 0.642578125 0.7868055555555555 0.01875 0.0375
1 0.619140625 0.75625 0.015625 0.025
1 0.643359375 0.7430555555555556 0.01953125 0.04027777777777778
1 0.55859375 0.69375 0.01484375 0.02638888888888889
1 0.398828125 0.95625 0.01015625 0.025
1 0.664453125 0.9111111111111111 0.01796875 0.04583333333333333
1 0.7109375 0.9520833333333333 0.02265625 0.03611111111111111
1 0.734765625 0.7868055555555555 0.0171875 0.03888888888888889
1 0.68515625 0.73125 0.02578125 0.02638888888888889
1 0.810546875 0.7347222222222223 0.01953125 0.03888888888888889
1 0.818359375 0.8125 0.02734375 0.04583333333333333
1 0.796875 0.6277777777777778 0.0125 0.02638888888888889
1 0.87578125 0.6875 0.02421875 0.03888888888888889
1 0.86015625 0.7152777777777778 0.0125 0.027777777777777776
1 0.796484375 0.5222222222222223 0.015625 0.025
1 0.700390625 0.49166666666666664 0.02109375 0.029166666666666667
1 0.919921875 0.7791666666666667 0.05 0.08472222222222223
1 0.99375 0.8944444444444445 0.0125 0.043055555555555555
1 0.898828125 0.9034722222222222 0.0296875 0.07222222222222222
1 0.840234375 0.8756944444444444 0.01015625 0.018055555555555554
1 0.993359375 0.6319444444444444 0.01328125 0.09444444444444444
1 0.990234375 0.6958333333333333 0.01875 0.043055555555555555
1 0.97578125 0.6493055555555556 0.01796875 0.03888888888888889
1 0.931640625 0.5868055555555556 0.0125 0.022222222222222223
1 0.986328125 0.4895833333333333 0.02734375 0.030555555555555555
1 0.784765625 0.36180555555555555 0.0171875 0.029166666666666667
1 0.8171875 0.27708333333333335 0.0125 0.02638888888888889
1 0.8296875 0.30625 0.0125 0.025
1 0.825390625 0.3625 0.01484375 0.02638888888888889
1 0.844921875 0.35625 0.015625 0.013888888888888888
1 0.88671875 0.33541666666666664 0.02421875 0.043055555555555555
1 0.930859375 0.36875 0.0125 0.03194444444444444
1 0.903125 0.27291666666666664 0.0203125 0.027777777777777776
1 0.98359375 0.20069444444444445 0.0140625 0.02361111111111111
1 0.993359375 0.225 0.01328125 0.030555555555555555
1 0.990234375 0.2743055555555556 0.01953125 0.0375
1 0.844140625 0.1840277777777778 0.01875 0.04027777777777778
1 0.880078125 0.12638888888888888 0.01328125 0.04027777777777778
1 0.657421875 0.25277777777777777 0.0171875 0.044444444444444446
1 0.995703125 0.7513888888888889 0.00859375 0.02638888888888889
1 0.84453125 0.9888888888888889 0.021875 0.022222222222222223
1 0.5078125 0.06875 0.0125 0.018055555555555554
1 0.55234375 0.0875 0.00390625 0.030555555555555555
1 0.561328125 0.10625 0.01015625 0.022222222222222223
1 0.50546875 0.1798611111111111 0.0171875 0.027777777777777776
1 0.415234375 0.1284722222222222 0.0140625 0.022222222222222223
0 0.111328125 0.11180555555555556 0.21953125 0.21805555555555556
0 0.1078125 0.49930555555555556 0.2125 0.2902777777777778
1 0.8328125 0.052083333333333336 0.05078125 0.09583333333333334
1 0.853125 0.48333333333333334 0.02890625 0.041666666666666664
1 0.353515625 0.40555555555555556 0.01796875 0.058333333333333334
0 0.703125 0.7701388888888889 0.1390625 0.4597222222222222
0 0.13984375 0.8013888888888889 0.0875 0.3972222222222222
1 0.816015625 0.6055555555555555 0.0234375 0.05555555555555555
1 0.441015625 0.27361111111111114 0.01796875 0.03888888888888889
1 0.853125 0.8048611111111111 0.015625 0.029166666666666667
1 0.9765625 0.9625 0.0296875 0.06388888888888888
1 0.77265625 0.9527777777777777 0.02421875 0.03888888888888889
1 0.5609375 0.2923611111111111 0.021875 0.04583333333333333
1 0.89609375 0.15486111111111112 0.02734375 0.07916666666666666
0 0.658203125 0.25555555555555554 0.2421875 0.3638888888888889
1 0.689453125 0.6076388888888888 0.03125 0.059722222222222225
1 0.446484375 0.7854166666666667 0.01796875 0.06805555555555555
1 0.6796875 0.6819444444444445 0.0265625 0.04583333333333333
1 0.196484375 0.4736111111111111 0.01484375 0.030555555555555555
1 0.454296875 0.3590277777777778 0.03515625 0.03888888888888889
1 0.772265625 0.8034722222222223 0.01875 0.03194444444444444
1 0.741796875 0.45208333333333334 0.0234375 0.0375
1 0.966796875 0.7618055555555555 0.02109375 0.03194444444444444
1 0.858984375 0.4076388888888889 0.01640625 0.034722222222222224
1 0.6265625 0.5055555555555555 0.015625 0.03333333333333333
1 0.8953125 0.725 0.0265625 0.03888888888888889
1 0.904296875 0.5965277777777778 0.02109375 0.041666666666666664
1 0.9703125 0.5548611111111111 0.059375 0.06527777777777778
1 0.601953125 0.6375 0.01875 0.04583333333333333