1 0.48515625 0.13645833333333332 0.084375 0.10833333333333334
1 0.9734375 0.73125 0.021875 0.035416666666666666
1 0.99296875 0.5947916666666667 0.0140625 0.016666666666666666
1 0.98046875 0.434375 0.034375 0.06458333333333334
1 0.94609375 0.43333333333333335 0.0265625 0.05
0 0.546875 0.26666666666666666 0.4125 0.2604166666666667
0 0.63359375 0.5635416666666667 0.5515625 0.12708333333333333
0 0.51953125 0.7625 0.18125 0.2520833333333333
1 0.384375 0.5104166666666666 0.0796875 0.09583333333333334
1 0.446875 0.475 0.028125 0.029166666666666667
1 0.54375 0.4895833333333333 0.03125 0.04375
1 0.40078125 0.39791666666666664 0.0484375 0.05
1 0.2546875 0.36666666666666664 0.040625 0.06458333333333334
1 0.49140625 0.33958333333333335 0.028125 0.058333333333333334
1 0.528125 0.3333333333333333 0.0390625 0.052083333333333336
1 0.615625 0.3541666666666667 0.025 0.027083333333333334
1 0.31640625 0.721875 0.0375 0.03958333333333333
1 0.371875 0.7760416666666666 0.04375 0.075
1 0.3109375 0.8427083333333333 0.0390625 0.05
1 0.196875 0.8791666666666667 0.0453125 0.05416666666666667
1 0.23515625 0.89375 0.0265625 0.022916666666666665
1 0.134375 0.921875 0.0125 0.027083333333333334
1 0.025 0.8583333333333333 0.0296875 0.03333333333333333
1 0.15703125 0.9927083333333333 0.0375 0.014583333333333334
1 0.215625 0.9895833333333334 0.021875 0.020833333333333332
1 0.33125 0.9760416666666667 0.046875 0.04791666666666667
1 0.3671875 0.925 0.0734375 0.07916666666666666
1 0.4234375 0.9833333333333333 0.0234375 0.029166666666666667
1 0.48125 0.9885416666666667 0.015625 0.022916666666666665
1 0.509375 0.9927083333333333 0.0296875 0.014583333333333334
1 0.60703125 0.975 0.0515625 0.05
1 0.7453125 0.9791666666666666 0.040625 0.041666666666666664
1 0.7171875 0.8427083333333333 0.0296875 0.035416666666666666
1 0.55703125 0.640625 0.0546875 0.05625
1 0.609375 0.6739583333333333 0.075 0.06875
1 0.5890625 0.75 0.015625 0.020833333333333332
1 0.54140625 0.8583333333333333 0.0234375 0.03125
1 0.43359375 0.665625 0.0453125 0.052083333333333336
1 0.475 0.734375 0.04375 0.04375
1 0.50390625 0.7739583333333333 0.015625 0.020833333333333332
1 0.32109375 0.6270833333333333 0.01875 0.025
1 0.34921875 0.6541666666666667 0.04375 0.041666666666666664
1 0.27890625 0.58125 0.021875 0.022916666666666665
1 0.1265625 0.821875 0.021875 0.022916666666666665
1 0.021875 0.6197916666666666 0.01875 0.022916666666666665
1 0.11875 0.5614583333333333 0.0234375 0.027083333333333334
1 0.04765625 0.11979166666666667 0.0328125 0.041666666666666664
1 0.05859375 0.08125 0.0171875 0.025
1 0.08125 0.10520833333333333 0.0234375 0.03333333333333333
1 0.13828125 0.11770833333333333 0.034375 0.035416666666666666
1 0.33203125 0.015625 0.0515625 0.03125
1 0.3328125 0.04583333333333333 0.0203125 0.03125
1 0.49921875 0.052083333333333336 0.03125 0.03125
1 0.56484375 0.215625 0.0296875 0.05625
1 0.59296875 0.24583333333333332 0.0203125 0.020833333333333332
1 0.62578125 0.00625 0.0203125 0.0125
1 0.69609375 0.027083333333333334 0.0859375 0.05416666666666667
1 0.69140625 0.08229166666666667 0.0375 0.04375
1 0.74609375 0.10416666666666667 0.059375 0.0375
1 0.6625 0.13020833333333334 0.03125 0.035416666666666666
1 0.8671875 0.221875 0.1578125 0.26666666666666666
1 0.76015625 0.2708333333333333 0.0390625 0.052083333333333336
1 0.92734375 0.534375 0.071875 0.11666666666666667
1 0.81015625 0.5197916666666667 0.021875 0.029166666666666667
1 0.7046875 0.4979166666666667 0.025 0.016666666666666666
1 0.83828125 0.4083333333333333 0.0359375 0.035416666666666666
1 0.79296875 0.3875 0.03125 0.03125
1 0.7234375 0.4322916666666667 0.0375 0.04583333333333333
1 0.95625 0.771875 0.0359375 0.05416666666666667
1 0.925 0.7885416666666667 0.0140625 0.014583333333333334
1 0.921875 0.6697916666666667 0.0109375 0.016666666666666666
1 0.71875 0.6979166666666666 0.040625 0.035416666666666666
1 0.7390625 0.7760416666666666 0.0203125 0.020833333333333332
1 0.96328125 0.9479166666666666 0.021875 0.027083333333333334
1 0.8421875 0.015625 0.0296875 0.03125
1 0.97265625 0.19375 0.01875 0.022916666666666665
1 0.94765625 0.26979166666666665 0.053125 0.0625
1 0.9421875 0.153125 0.0203125 0.029166666666666667
1 0.91328125 0.396875 0.0203125 0.020833333333333332
0 0.4578125 0.027083333333333334 0.1875 0.05416666666666667
1 0.81796875 0.8666666666666667 0.1390625 0.21875