1 0.028125 0.9552083333333333 0.034375 0.05625
1 0.03515625 0.8364583333333333 0.0234375 0.029166666666666667
1 0.03515625 0.7333333333333333 0.01875 0.03958333333333333
1 0.0125 0.6552083333333333 0.025 0.020833333333333332
1 0.01875 0.1 0.0234375 0.020833333333333332
1 0.14140625 0.2677083333333333 0.025 0.029166666666666667
1 0.2015625 0.25104166666666666 0.0421875 0.0375
1 0.3609375 0.21145833333333333 0.01875 0.014583333333333334
1 0.3203125 0.5864583333333333 0.053125 0.06458333333333334
1 0.11484375 0.6552083333333333 0.0390625 0.03125
1 0.25703125 0.7760416666666666 0.0203125 0.052083333333333336
1 0.3 0.7791666666666667 0.0203125 0.020833333333333332
1 0.35 0.7572916666666667 0.028125 0.04375
1 0.44921875 0.7197916666666667 0.0328125 0.07708333333333334
1 0.51015625 0.7458333333333333 0.0328125 0.04375
1 0.74375 0.7864583333333334 0.0375 0.06875
1 0.59296875 0.659375 0.015625 0.027083333333333334
1 0.5859375 0.59375 0.0203125 0.022916666666666665
1 0.34609375 0.5177083333333333 0.021875 0.020833333333333332
1 0.09453125 0.209375 0.0171875 0.014583333333333334
0 0.5515625 0.9208333333333333 0.3390625 0.15833333333333333
0 0.746875 0.7072916666666667 0.2921875 0.28958333333333336
0 0.734375 0.3375 0.2625 0.4666666666666667
1 0.325 0.18541666666666667 0.0578125 0.04791666666666667
1 0.61484375 0.184375 0.028125 0.06458333333333334
1 0.5234375 0.10520833333333333 0.028125 0.0375
1 0.4203125 0.1 0.040625 0.025
1 0.41171875 0.021875 0.04375 0.04375
1 0.35625 0.035416666666666666 0.0453125 0.03958333333333333
1 0.3515625 0.008333333333333333 0.0203125 0.016666666666666666
1 0.2890625 0.540625 0.0265625 0.027083333333333334
1 0.31875 0.365625 0.0171875 0.025
1 0.41640625 0.396875 0.03125 0.035416666666666666
1 0.9640625 0.00625 0.021875 0.0125
1 0.98984375 0.09270833333333334 0.0203125 0.027083333333333334
1 0.8671875 0.10625 0.0171875 0.0125
1 0.828125 0.07604166666666666 0.0578125 0.06041666666666667
1 0.81484375 0.16145833333333334 0.0625 0.05
1 0.6109375 0.28125 0.0546875 0.08541666666666667
1 0.55546875 0.4114583333333333 0.0265625 0.035416666666666666
1 0.5359375 0.34479166666666666 0.053125 0.052083333333333336
1 0.5859375 0.490625 0.034375 0.06041666666666667
1 0.71171875 0.3854166666666667 0.015625 0.025
1 0.8359375 0.26979166666666665 0.021875 0.03958333333333333
1 0.796875 0.325 0.046875 0.05416666666666667
1 0.99453125 0.321875 0.0109375 0.04375
0 0.753125 0.090625 0.3109375 0.18125
1 0.31015625 0.0125 0.0296875 0.025
1 0.54921875 0.07708333333333334 0.0265625 0.03333333333333333
1 0.95859375 0.22708333333333333 0.0828125 0.11041666666666666
1 0.928125 0.4 0.021875 0.029166666666666667
1 0.86640625 0.42083333333333334 0.0546875 0.058333333333333334
1 0.809375 0.5083333333333333 0.0578125 0.075
1 0.8734375 0.5208333333333334 0.0375 0.05416666666666667
1 0.984375 0.6177083333333333 0.03125 0.07916666666666666
1 0.965625 0.7260416666666667 0.06875 0.11458333333333333
1 0.9921875 0.8302083333333333 0.015625 0.0375
1 0.9828125 0.871875 0.0234375 0.020833333333333332
1 0.85859375 0.840625 0.040625 0.06666666666666667
1 0.95390625 0.9125 0.0546875 0.05416666666666667
1 0.93671875 0.975 0.0640625 0.05
1 0.80078125 0.975 0.05 0.05
1 0.74140625 0.9375 0.059375 0.058333333333333334
1 0.490625 0.990625 0.015625 0.01875
1 0.45 0.90625 0.0203125 0.03125
1 0.3390625 0.9125 0.03125 0.03958333333333333
1 0.22265625 0.8895833333333333 0.021875 0.027083333333333334
1 0.1921875 0.815625 0.040625 0.07708333333333334