1 0.08203125 0.9895833333333334 0.021875 0.020833333333333332
1 0.11171875 0.11145833333333334 0.0234375 0.029166666666666667
1 0.0484375 0.10416666666666667 0.0171875 0.022916666666666665
1 0.0375 0.13645833333333332 0.01875 0.020833333333333332
1 0.50234375 0.090625 0.0265625 0.0375
1 0.3765625 0.08958333333333333 0.0265625 0.03125
1 0.5515625 0.375 0.028125 0.027083333333333334
1 0.428125 0.3854166666666667 0.021875 0.01875
1 0.1890625 0.3385416666666667 0.0421875 0.0375
1 0.08984375 0.2989583333333333 0.01875 0.01875
1 0.06796875 0.25 0.028125 0.041666666666666664
1 0.08984375 0.321875 0.034375 0.035416666666666666
0 0.5328125 0.10729166666666666 0.3640625 0.21458333333333332
0 0.496875 0.48333333333333334 0.240625 0.6375
0 0.41953125 0.6552083333333333 0.359375 0.55625
0 0.484375 0.815625 0.20625 0.36875
1 0.853125 0.19375 0.025 0.025
1 0.9046875 0.19791666666666666 0.03125 0.01875
1 0.934375 0.37916666666666665 0.015625 0.01875
1 0.9359375 0.403125 0.034375 0.035416666666666666
1 0.94375 0.035416666666666666 0.015625 0.016666666666666666
1 0.94765625 0.007291666666666667 0.0265625 0.014583333333333334
1 0.63515625 0.10520833333333333 0.03125 0.0375
1 0.5921875 0.27291666666666664 0.03125 0.035416666666666666
1 0.52109375 0.22083333333333333 0.0203125 0.01875
1 0.51015625 0.18854166666666666 0.0265625 0.022916666666666665
1 0.51328125 0.2552083333333333 0.0265625 0.029166666666666667
1 0.53828125 0.28541666666666665 0.040625 0.04583333333333333
1 0.39921875 0.328125 0.0171875 0.01875
1 0.390625 0.278125 0.0296875 0.035416666666666666
1 0.38359375 0.23645833333333333 0.0328125 0.035416666666666666
1 0.31484375 0.334375 0.01875 0.029166666666666667
1 0.28671875 0.32708333333333334 0.021875 0.04375
1 0.26171875 0.334375 0.01875 0.020833333333333332
1 0.23671875 0.2916666666666667 0.0171875 0.025
1 0.31796875 0.440625 0.04375 0.075
1 0.3796875 0.43854166666666666 0.05 0.058333333333333334
1 0.38203125 0.515625 0.021875 0.029166666666666667
1 0.29921875 0.5697916666666667 0.0203125 0.025
1 0.3265625 0.6083333333333333 0.053125 0.06875
1 0.68984375 0.53125 0.034375 0.041666666666666664
1 0.63984375 0.534375 0.0265625 0.05416666666666667
1 0.609375 0.5177083333333333 0.0234375 0.03125
1 0.6453125 0.6302083333333334 0.0296875 0.0375
1 0.93671875 0.325 0.05 0.03333333333333333
1 0.92265625 0.7697916666666667 0.0265625 0.022916666666666665
1 0.79375 0.7177083333333333 0.0265625 0.0375
1 0.7140625 0.5822916666666667 0.015625 0.025
1 0.94140625 0.8583333333333333 0.03125 0.03125
1 0.91640625 0.5447916666666667 0.0140625 0.01875
1 0.6203125 0.8645833333333334 0.0546875 0.04583333333333333
1 0.72421875 0.896875 0.0265625 0.022916666666666665
1 0.57421875 0.9177083333333333 0.03125 0.05
1 0.525 0.8708333333333333 0.0203125 0.029166666666666667
1 0.30703125 0.7208333333333333 0.0453125 0.0375
1 0.39453125 0.76875 0.01875 0.041666666666666664
1 0.3 0.9770833333333333 0.0234375 0.022916666666666665
1 0.27734375 0.940625 0.0359375 0.03125
1 0.2109375 0.6614583333333334 0.028125 0.01875
1 0.95 0.965625 0.021875 0.01875
1 0.04375 0.3572916666666667 0.0296875 0.029166666666666667
1 0.10625 0.49895833333333334 0.0234375 0.035416666666666666
1 0.09609375 0.5729166666666666 0.03125 0.03333333333333333
1 0.028125 0.5354166666666667 0.0234375 0.01875
1 0.08046875 0.45729166666666665 0.009375 0.029166666666666667
1 0.15390625 0.7614583333333333 0.021875 0.03125
1 0.18203125 0.80625 0.0265625 0.020833333333333332
1 0.1640625 0.7166666666666667 0.01875 0.020833333333333332
1 0.10078125 0.7479166666666667 0.0171875 0.0375
1 0.3765625 0.6427083333333333 0.0234375 0.027083333333333334