1 0.390625 0.6239583333333333 0.025 0.029166666666666667
1 0.45859375 0.9270833333333334 0.0421875 0.05625
1 0.49375 0.9958333333333333 0.0109375 0.008333333333333333
1 0.53984375 0.88125 0.034375 0.04583333333333333
1 0.603125 0.865625 0.0375 0.04791666666666667
1 0.65625 0.8666666666666667 0.0375 0.05625
1 0.6890625 0.7979166666666667 0.0296875 0.041666666666666664
1 0.54375 0.7864583333333334 0.0328125 0.041666666666666664
1 0.5015625 0.7416666666666667 0.015625 0.016666666666666666
1 0.59140625 0.8114583333333333 0.0265625 0.0375
1 0.603125 0.771875 0.0265625 0.022916666666666665
1 0.6609375 0.7270833333333333 0.0328125 0.04583333333333333
1 0.725 0.7614583333333333 0.021875 0.03958333333333333
1 0.75078125 0.7760416666666666 0.021875 0.03125
1 0.7546875 0.728125 0.0234375 0.029166666666666667
1 0.94609375 0.965625 0.0296875 0.03125
1 0.871875 0.821875 0.0171875 0.027083333333333334
1 0.92578125 0.815625 0.0171875 0.01875
1 0.99453125 0.7270833333333333 0.0109375 0.027083333333333334
1 0.79765625 0.640625 0.0390625 0.041666666666666664
1 0.584375 0.6072916666666667 0.0328125 0.0375
1 0.83984375 0.5979166666666667 0.0234375 0.01875
1 0.95 0.5875 0.025 0.03333333333333333
1 0.8296875 0.53125 0.021875 0.022916666666666665
1 0.878125 0.4 0.0171875 0.022916666666666665
1 0.46953125 0.35208333333333336 0.01875 0.035416666666666666
1 0.49921875 0.321875 0.0265625 0.022916666666666665
1 0.51015625 0.39791666666666664 0.0125 0.025
1 0.565625 0.36666666666666664 0.0296875 0.01875
1 0.5140625 0.25729166666666664 0.01875 0.029166666666666667
1 0.43046875 0.2833333333333333 0.0234375 0.03125
1 0.46875 0.2833333333333333 0.0140625 0.027083333333333334
1 0.28671875 0.14895833333333333 0.034375 0.03333333333333333
1 0.34453125 0.16354166666666667 0.046875 0.07083333333333333
1 0.37890625 0.21979166666666666 0.0375 0.0375
1 0.43671875 0.1875 0.0140625 0.01875
1 0.5421875 0.15520833333333334 0.021875 0.03125
1 0.621875 0.18854166666666666 0.05 0.06458333333333334
1 0.63671875 0.240625 0.01875 0.022916666666666665
1 0.7421875 0.15 0.021875 0.027083333333333334
1 0.628125 0.06354166666666666 0.0265625 0.058333333333333334
1 0.68671875 0.10416666666666667 0.0296875 0.027083333333333334
1 0.4890625 0.059375 0.059375 0.04791666666666667
1 0.496875 0.10729166666666666 0.0203125 0.03333333333333333
1 0.58125 0.08854166666666667 0.025 0.025
1 0.36328125 0.10416666666666667 0.025 0.029166666666666667
1 0.13671875 0.17604166666666668 0.0296875 0.022916666666666665
1 0.18046875 0.16354166666666667 0.0328125 0.03333333333333333
1 0.1453125 0.265625 0.034375 0.0375
1 0.13125 0.30625 0.0234375 0.03333333333333333
1 0.084375 0.19583333333333333 0.0375 0.05
1 0.015625 0.15520833333333334 0.03125 0.052083333333333336
1 0.078125 0.13958333333333334 0.01875 0.025
1 0.08125 0.03958333333333333 0.03125 0.027083333333333334
1 0.10859375 0.05520833333333333 0.028125 0.03333333333333333
1 0.1125 0.10208333333333333 0.0234375 0.01875
1 0.128125 0.03854166666666667 0.0140625 0.027083333333333334
1 0.15625 0.019791666666666666 0.0359375 0.035416666666666666
1 0.028125 0.009375 0.0328125 0.01875
1 0.01171875 0.3875 0.015625 0.01875
1 0.0265625 0.41770833333333335 0.0140625 0.020833333333333332
1 0.07578125 0.41041666666666665 0.01875 0.029166666666666667
1 0.0265625 0.640625 0.0125 0.01875
1 0.175 0.7885416666666667 0.0140625 0.01875
1 0.16796875 0.903125 0.0234375 0.022916666666666665
1 0.11875 0.9364583333333333 0.0203125 0.022916666666666665
1 0.71875 0.9947916666666666 0.009375 0.010416666666666666
1 0.7390625 0.878125 0.0125 0.025
1 0.73359375 0.29791666666666666 0.0171875 0.010416666666666666
1 0.71484375 0.178125 0.015625 0.016666666666666666
1 0.56171875 0.19583333333333333 0.0109375 0.014583333333333334
1 0.6640625 0.03229166666666667 0.025 0.03125
1 0.69140625 0.009375 0.0359375 0.01875
1 0.87890625 0.08958333333333333 0.0328125 0.029166666666666667
1 0.98515625 0.06145833333333333 0.0296875 0.09166666666666666
1 0.7890625 0.159375 0.0140625 0.025
1 0.24375 0.6416666666666667 0.034375 0.035416666666666666
1 0.2609375 0.5739583333333333 0.021875 0.025
1 0.28125 0.5489583333333333 0.015625 0.020833333333333332
1 0.1140625 0.7333333333333333 0.0140625 0.020833333333333332
1 0.1328125 0.796875 0.0125 0.022916666666666665
1 0.16640625 0.96875 0.0171875 0.01875
1 0.778125 0.478125 0.0140625 0.01875
1 0.89609375 0.9510416666666667 0.009375 0.029166666666666667
1 0.1078125 0.5375 0.015625 0.01875
1 0.07734375 0.26145833333333335 0.0140625 0.020833333333333332
1 0.82265625 0.7020833333333333 0.028125 0.027083333333333334
1 0.68828125 0.5333333333333333 0.03125 0.029166666666666667
1 0.71171875 0.5614583333333333 0.034375 0.05416666666666667
1 0.67421875 0.4791666666666667 0.0265625 0.022916666666666665
1 0.69921875 0.453125 0.01875 0.020833333333333332
1 0.55390625 0.4947916666666667 0.0296875 0.05416666666666667
1 0.5734375 0.45416666666666666 0.0109375 0.025
1 0.44765625 0.584375 0.0375 0.05416666666666667
1 0.4921875 0.553125 0.025 0.03958333333333333
1 0.503125 0.6145833333333334 0.01875 0.029166666666666667
1 0.4890625 0.6635416666666667 0.05 0.0375
1 0.37109375 0.5916666666666667 0.0296875 0.022916666666666665
1 0.33125 0.525 0.05 0.07083333333333333
1 0.27734375 0.49270833333333336 0.03125 0.03958333333333333
1 0.325 0.46145833333333336 0.0328125 0.035416666666666666
1 0.30546875 0.325 0.0828125 0.06458333333333334
1 0.38671875 0.271875 0.034375 0.041666666666666664
1 0.26484375 0.22604166666666667 0.0328125 0.05
1 0.25390625 0.26458333333333334 0.0296875 0.04583333333333333
1 0.1921875 0.346875 0.046875 0.06041666666666667
1 0.178125 0.40729166666666666 0.034375 0.05416666666666667
1 0.1453125 0.375 0.0328125 0.06666666666666667
1 0.0984375 0.4510416666666667 0.025 0.03333333333333333
1 0.15 0.5208333333333334 0.021875 0.041666666666666664
1 0.0109375 0.525 0.021875 0.0375
1 0.01484375 0.7208333333333333 0.028125 0.04583333333333333
1 0.05390625 0.8114583333333333 0.04375 0.041666666666666664
1 0.1796875 0.8572916666666667 0.0359375 0.03333333333333333
1 0.2078125 0.9895833333333334 0.0140625 0.020833333333333332
1 0.32265625 0.990625 0.0421875 0.01875
1 0.36328125 0.846875 0.034375 0.05
1 0.35390625 0.803125 0.0171875 0.0125
1 0.28515625 0.809375 0.025 0.01875
1 0.30390625 0.7458333333333333 0.0375 0.04583333333333333
1 0.40703125 0.7625 0.05625 0.05625
1 0.44296875 0.85625 0.034375 0.03125
0 0.4078125 0.384375 0.096875 0.3020833333333333