1 0.578125 0.7427083333333333 0.0234375 0.03125
1 0.00546875 0.37604166666666666 0.0109375 0.016666666666666666
1 0.21875 0.16041666666666668 0.0203125 0.020833333333333332
1 0.3625 0.071875 0.0234375 0.029166666666666667
1 0.71484375 0.08645833333333333 0.0546875 0.05625
1 0.71484375 0.13854166666666667 0.0296875 0.029166666666666667
1 0.4421875 0.7864583333333334 0.0265625 0.027083333333333334
1 0.17578125 0.9104166666666667 0.01875 0.022916666666666665
1 0.153125 0.8708333333333333 0.0171875 0.022916666666666665
1 0.35625 0.9708333333333333 0.028125 0.029166666666666667
1 0.59375 0.9854166666666667 0.01875 0.016666666666666666
1 0.73515625 0.7645833333333333 0.0234375 0.027083333333333334
1 0.521875 0.9885416666666667 0.0265625 0.022916666666666665
1 0.55703125 0.9822916666666667 0.0265625 0.035416666666666666
1 0.6125 0.17291666666666666 0.0140625 0.027083333333333334
1 0.65390625 0.09791666666666667 0.025 0.029166666666666667
1 0.909375 0.23541666666666666 0.025 0.014583333333333334
1 0.8390625 0.31666666666666665 0.0125 0.008333333333333333
1 0.99609375 0.4395833333333333 0.0078125 0.014583333333333334
1 0.8953125 0.08020833333333334 0.0109375 0.0125
1 0.76328125 0.051041666666666666 0.0109375 0.014583333333333334
0 0.56796875 0.8104166666666667 0.3046875 0.13958333333333334
0 0.58828125 0.5770833333333333 0.2859375 0.1125
0 0.5703125 0.3072916666666667 0.1421875 0.15
0 0.584375 0.08333333333333333 0.140625 0.16666666666666666
1 0.02421875 0.013541666666666667 0.0171875 0.014583333333333334
1 0.7078125 0.6802083333333333 0.021875 0.020833333333333332
1 0.77578125 0.55 0.025 0.03333333333333333
1 0.515625 0.4635416666666667 0.015625 0.020833333333333332
1 0.3765625 0.5625 0.034375 0.035416666666666666
1 0.38515625 0.5302083333333333 0.015625 0.022916666666666665
1 0.2640625 0.4322916666666667 0.0171875 0.027083333333333334
1 0.14921875 0.3729166666666667 0.0234375 0.027083333333333334
1 0.4671875 0.6927083333333334 0.021875 0.022916666666666665