1 0.871875 0.11145833333333334 0.0234375 0.03333333333333333
0 0.60703125 0.4010416666666667 0.1640625 0.17708333333333334
1 0.5375 0.34479166666666666 0.0453125 0.05625
1 0.96953125 0.8989583333333333 0.03125 0.05
1 0.53359375 0.7625 0.0671875 0.029166666666666667
1 0.7828125 0.8770833333333333 0.0296875 0.03333333333333333
1 0.86953125 0.8458333333333333 0.05 0.052083333333333336
1 0.8484375 0.7114583333333333 0.0609375 0.09166666666666666
1 0.675 0.15520833333333334 0.028125 0.0375
1 0.62890625 0.128125 0.0265625 0.04375
1 0.82734375 0.11145833333333334 0.034375 0.05
1 0.7671875 0.09895833333333333 0.03125 0.04583333333333333
1 0.81640625 0.20833333333333334 0.0265625 0.058333333333333334
1 0.275 0.8729166666666667 0.0421875 0.058333333333333334
1 0.3125 0.7989583333333333 0.0359375 0.03333333333333333
1 0.49296875 0.5895833333333333 0.046875 0.06458333333333334
1 0.6671875 0.9864583333333333 0.034375 0.027083333333333334
1 0.7328125 0.6375 0.0421875 0.04791666666666667
1 0.953125 0.6041666666666666 0.0296875 0.04375
1 0.859375 0.44583333333333336 0.028125 0.03958333333333333
1 0.49296875 0.36875 0.0234375 0.03333333333333333
1 0.3984375 0.615625 0.028125 0.04375
1 0.10703125 0.34791666666666665 0.0390625 0.0375
1 0.16640625 0.26666666666666666 0.0359375 0.03125
1 0.23984375 0.265625 0.03125 0.0375
1 0.45703125 0.25833333333333336 0.028125 0.0375
1 0.3859375 0.253125 0.0265625 0.03333333333333333
1 0.42578125 0.12395833333333334 0.028125 0.035416666666666666
1 0.3046875 0.18854166666666666 0.021875 0.035416666666666666
1 0.19921875 0.190625 0.025 0.020833333333333332
1 0.44765625 0.4875 0.0203125 0.022916666666666665
1 0.5296875 0.25833333333333336 0.0171875 0.03125
1 0.5671875 0.253125 0.0203125 0.0375
1 0.5 0.309375 0.0359375 0.04375
1 0.81953125 0.621875 0.0390625 0.03333333333333333
1 0.9125 0.275 0.034375 0.04583333333333333
1 0.8203125 0.16458333333333333 0.03125 0.035416666666666666
1 0.65234375 0.029166666666666667 0.028125 0.03333333333333333
1 0.7109375 0.015625 0.028125 0.03125
1 0.7515625 0.023958333333333335 0.0328125 0.04583333333333333
1 0.7859375 0.06979166666666667 0.0328125 0.05
1 0.89140625 0.5822916666666667 0.040625 0.0375
1 0.0171875 0.9229166666666667 0.034375 0.04375
1 0.01484375 0.8114583333333333 0.0296875 0.03958333333333333
1 0.3296875 0.8489583333333334 0.0171875 0.01875
1 0.8328125 0.9635416666666666 0.021875 0.027083333333333334
1 0.89296875 0.9291666666666667 0.021875 0.027083333333333334
1 0.1921875 0.29270833333333335 0.0203125 0.029166666666666667
1 0.06875 0.29270833333333335 0.0203125 0.027083333333333334
1 0.053125 0.61875 0.0234375 0.029166666666666667
1 0.68671875 0.275 0.0140625 0.01875
1 0.821875 0.3177083333333333 0.053125 0.06041666666666667
1 0.8609375 0.378125 0.0421875 0.05625
1 0.3640625 0.6385416666666667 0.040625 0.03958333333333333
1 0.57421875 0.8260416666666667 0.0296875 0.04375
1 0.596875 0.9291666666666667 0.0390625 0.06875
1 0.70234375 0.9760416666666667 0.040625 0.03125
0 0.5625 0.725 0.290625 0.15208333333333332
0 0.60078125 0.21770833333333334 0.1 0.19583333333333333