1 0.8171875 0.7951388888888888 0.01171875 0.030555555555555555
1 0.80703125 0.6805555555555556 0.01875 0.04027777777777778
1 0.765625 0.6222222222222222 0.0078125 0.0125
1 0.79765625 0.6409722222222223 0.01953125 0.03333333333333333
1 0.7453125 0.5694444444444444 0.03828125 0.08055555555555556
1 0.71171875 0.6944444444444444 0.028125 0.044444444444444446
1 0.683203125 0.6729166666666667 0.0234375 0.04583333333333333
1 0.051953125 0.009027777777777777 0.015625 0.018055555555555554
1 0.02109375 0.33958333333333335 0.02890625 0.05555555555555555
1 0.075 0.38263888888888886 0.0109375 0.020833333333333332
1 0.098046875 0.5125 0.01875 0.044444444444444446
1 0.219921875 0.4965277777777778 0.01953125 0.034722222222222224
1 0.283984375 0.44722222222222224 0.015625 0.020833333333333332
1 0.31328125 0.5006944444444444 0.0171875 0.03611111111111111
1 0.30546875 0.4125 0.01484375 0.03611111111111111
1 0.33125 0.3993055555555556 0.03828125 0.07083333333333333
1 0.348828125 0.33541666666666664 0.0265625 0.03611111111111111
1 0.394140625 0.42430555555555555 0.0125 0.03333333333333333
1 0.395703125 0.5284722222222222 0.01796875 0.02361111111111111
1 0.3734375 0.6006944444444444 0.01640625 0.03333333333333333
1 0.2375 0.7069444444444445 0.03046875 0.07916666666666666
1 0.201171875 0.775 0.05625 0.15138888888888888
1 0.171875 0.86875 0.0125 0.04027777777777778
1 0.14921875 0.9256944444444445 0.02109375 0.03194444444444444
1 0.13203125 0.9840277777777777 0.0296875 0.02638888888888889
1 0.096875 0.45555555555555555 0.015625 0.022222222222222223
1 0.223828125 0.2534722222222222 0.028125 0.05138888888888889
1 0.217578125 0.2923611111111111 0.01796875 0.027777777777777776
1 0.21015625 0.19930555555555557 0.028125 0.075
1 0.25234375 0.2375 0.02265625 0.041666666666666664
1 0.2484375 0.10416666666666667 0.028125 0.08472222222222223
1 0.279296875 0.14027777777777778 0.02265625 0.034722222222222224
1 0.204296875 0.06736111111111111 0.0296875 0.04583333333333333
1 0.4234375 0.10486111111111111 0.0109375 0.022222222222222223
1 0.43828125 0.027083333333333334 0.0140625 0.019444444444444445
1 0.501171875 0.009722222222222222 0.0140625 0.019444444444444445
1 0.5421875 0.07777777777777778 0.02109375 0.03888888888888889
1 0.537890625 0.18194444444444444 0.01875 0.0375
1 0.585546875 0.2152777777777778 0.03203125 0.06805555555555555
1 0.5109375 0.325 0.02578125 0.04722222222222222
1 0.4734375 0.37916666666666665 0.034375 0.05555555555555555
1 0.483984375 0.4583333333333333 0.01640625 0.029166666666666667
1 0.450390625 0.6159722222222223 0.01796875 0.041666666666666664
1 0.469140625 0.6263888888888889 0.01796875 0.0375
1 0.468359375 0.6743055555555556 0.009375 0.016666666666666666
1 0.40390625 0.7027777777777777 0.01171875 0.025
1 0.338671875 0.7256944444444444 0.0265625 0.041666666666666664
1 0.334765625 0.7652777777777777 0.0171875 0.0375
1 0.2828125 0.7125 0.01796875 0.02361111111111111
1 0.280859375 0.8256944444444444 0.02734375 0.05277777777777778
1 0.232421875 0.9638888888888889 0.015625 0.04027777777777778
1 0.606640625 0.5881944444444445 0.0125 0.022222222222222223
1 0.295703125 0.9694444444444444 0.03046875 0.06111111111111111
1 0.264453125 0.9319444444444445 0.0234375 0.0375
1 0.40234375 0.9659722222222222 0.06953125 0.06111111111111111
1 0.509375 0.9680555555555556 0.03671875 0.06388888888888888
1 0.487109375 0.9298611111111111 0.00859375 0.016666666666666666
1 0.521484375 0.9 0.0109375 0.025
1 0.498046875 0.8534722222222222 0.02109375 0.04583333333333333
1 0.498828125 0.8868055555555555 0.01015625 0.016666666666666666
1 0.447265625 0.7972222222222223 0.021875 0.04027777777777778
1 0.522265625 0.7777777777777778 0.03046875 0.05555555555555555
1 0.575 0.7826388888888889 0.0140625 0.027777777777777776
1 0.562109375 0.6576388888888889 0.01171875 0.016666666666666666
0 0.151953125 0.9861111111111112 0.0671875 0.027777777777777776
0 0.1296875 0.8097222222222222 0.153125 0.35
0 0.1234375 0.5673611111111111 0.246875 0.2763888888888889
0 0.09140625 0.30833333333333335 0.1828125 0.43472222222222223
0 0.132421875 0.08055555555555556 0.08828125 0.16111111111111112
1 0.194921875 0.9909722222222223 0.01953125 0.018055555555555554
1 0.783984375 0.11736111111111111 0.01640625 0.04722222222222222
1 0.8171875 0.8506944444444444 0.009375 0.008333333333333333
1 0.80546875 0.8680555555555556 0.0140625 0.018055555555555554
1 0.3171875 0.6451388888888889 0.00703125 0.016666666666666666
1 0.108984375 0.13055555555555556 0.009375 0.011111111111111112
1 0.283203125 0.06458333333333334 0.0125 0.025
1 0.7546875 0.2076388888888889 0.00703125 0.0125
1 0.987890625 0.005555555555555556 0.0140625 0.011111111111111112
1 0.95078125 0.024305555555555556 0.0171875 0.03333333333333333
1 0.98828125 0.09861111111111111 0.015625 0.029166666666666667
1 0.9703125 0.15902777777777777 0.0296875 0.05416666666666667
1 0.975 0.2763888888888889 0.0421875 0.06527777777777778
1 0.94765625 0.25 0.01328125 0.034722222222222224
1 0.801171875 0.19791666666666666 0.0078125 0.011111111111111112
1 0.7734375 0.20555555555555555 0.021875 0.03194444444444444
1 0.782421875 0.1625 0.01640625 0.029166666666666667
1 0.811328125 0.13333333333333333 0.021875 0.03333333333333333
1 0.821484375 0.04861111111111111 0.01640625 0.03194444444444444
1 0.773828125 0.030555555555555555 0.01484375 0.03611111111111111
1 0.69140625 0.020833333333333332 0.0171875 0.02638888888888889
1 0.664453125 0.11388888888888889 0.01796875 0.034722222222222224
1 0.710546875 0.12638888888888888 0.0296875 0.059722222222222225
1 0.70234375 0.21944444444444444 0.03671875 0.05694444444444444
1 0.64296875 0.35555555555555557 0.0140625 0.03333333333333333
1 0.5359375 0.37083333333333335 0.01640625 0.025
1 0.58828125 0.3548611111111111 0.01796875 0.03611111111111111
1 0.55546875 0.49583333333333335 0.015625 0.027777777777777776
1 0.63359375 0.425 0.02109375 0.04027777777777778
1 0.828125 0.3729166666666667 0.03359375 0.06111111111111111
1 0.97421875 0.40625 0.02421875 0.06388888888888888
1 0.973046875 0.4756944444444444 0.0203125 0.03194444444444444
1 0.934765625 0.5951388888888889 0.02109375 0.020833333333333332
1 0.928515625 0.6555555555555556 0.01328125 0.03611111111111111
1 0.883984375 0.7611111111111111 0.0171875 0.03333333333333333
1 0.51015625 0.21944444444444444 0.00703125 0.015277777777777777
0 0.6546875 0.11527777777777778 0.11328125 0.23055555555555557
0 0.674609375 0.27569444444444446 0.125 0.08333333333333333
0 0.712890625 0.37777777777777777 0.23125 0.29305555555555557
1 0.66015625 0.7972222222222223 0.015625 0.02638888888888889
0 0.65390625 0.7548611111111111 0.23125 0.1986111111111111
1 0.991015625 0.7951388888888888 0.0140625 0.022222222222222223
1 0.9921875 0.8715277777777778 0.01328125 0.030555555555555555
1 0.93984375 0.9069444444444444 0.0140625 0.020833333333333332
1 0.8625 0.9923611111111111 0.0125 0.015277777777777777
1 0.681640625 0.9944444444444445 0.0109375 0.011111111111111112
1 0.62890625 0.9826388888888888 0.01171875 0.022222222222222223
1 0.72265625 0.8583333333333333 0.0140625 0.034722222222222224
0 0.63359375 0.8784722222222222 0.05859375 0.24305555555555555
1 0.693359375 0.8472222222222222 0.01484375 0.030555555555555555
1 0.740234375 0.9256944444444445 0.0296875 0.07361111111111111
1 0.772265625 0.8868055555555555 0.01796875 0.03333333333333333
1 0.77578125 0.8534722222222222 0.0140625 0.03333333333333333
1 0.78828125 0.8118055555555556 0.02578125 0.043055555555555555