1 0.48046875 0.18055555555555555 0.0171875 0.04027777777777778
1 0.66796875 0.15694444444444444 0.0328125 0.05694444444444444
1 0.70078125 0.20833333333333334 0.01484375 0.029166666666666667
1 0.70390625 0.5319444444444444 0.01328125 0.019444444444444445
1 0.6484375 0.4166666666666667 0.04375 0.06111111111111111
1 0.746875 0.2611111111111111 0.02890625 0.04583333333333333
1 0.84296875 0.38472222222222224 0.01953125 0.0375
1 0.85703125 0.4930555555555556 0.01875 0.03888888888888889
1 0.99765625 0.5583333333333333 0.0046875 0.020833333333333332
1 0.93359375 0.5270833333333333 0.01484375 0.03888888888888889
1 0.93359375 0.5944444444444444 0.01875 0.041666666666666664
1 0.946875 0.80625 0.04375 0.075
1 0.928125 0.8395833333333333 0.01640625 0.03888888888888889
1 0.96640625 0.9680555555555556 0.0234375 0.05138888888888889
1 0.915625 0.9868055555555556 0.0265625 0.02638888888888889
1 0.8640625 0.8840277777777777 0.02421875 0.043055555555555555
1 0.7 0.9881944444444445 0.01953125 0.02361111111111111
1 0.8265625 0.8555555555555555 0.021875 0.04027777777777778
1 0.783203125 0.7118055555555556 0.03125 0.05
1 0.771875 0.8194444444444444 0.01796875 0.03333333333333333
1 0.74921875 0.7611111111111111 0.05078125 0.14027777777777778
1 0.7 0.7395833333333334 0.01796875 0.034722222222222224
1 0.71328125 0.6902777777777778 0.02109375 0.05416666666666667
1 0.698046875 0.6548611111111111 0.01484375 0.029166666666666667
1 0.5609375 0.6840277777777778 0.01171875 0.027777777777777776
1 0.5484375 0.6708333333333333 0.0109375 0.022222222222222223
1 0.591015625 0.8659722222222223 0.01171875 0.03194444444444444
1 0.554296875 0.8819444444444444 0.015625 0.034722222222222224
1 0.784375 0.5694444444444444 0.0625 0.09166666666666666
1 0.5453125 0.7652777777777777 0.01484375 0.04583333333333333
1 0.42421875 0.8083333333333333 0.02890625 0.06527777777777778
1 0.3671875 0.45555555555555555 0.0171875 0.0375
1 0.119921875 0.08055555555555556 0.01875 0.0375
1 0.20859375 0.20694444444444443 0.01484375 0.029166666666666667
1 0.1625 0.2652777777777778 0.01796875 0.04583333333333333
1 0.192578125 0.24305555555555555 0.0234375 0.043055555555555555
1 0.2046875 0.29791666666666666 0.02578125 0.05555555555555555
1 0.1578125 0.30972222222222223 0.02109375 0.030555555555555555
1 0.0484375 0.3819444444444444 0.02265625 0.034722222222222224
1 0.118359375 0.6 0.03203125 0.08055555555555556
1 0.196875 0.5479166666666667 0.0375 0.05555555555555555
1 0.207421875 0.6118055555555556 0.01484375 0.029166666666666667
1 0.22265625 0.7243055555555555 0.04921875 0.0625
1 0.209375 0.6604166666666667 0.01875 0.02638888888888889
1 0.11953125 0.675 0.01796875 0.018055555555555554
1 0.09609375 0.6875 0.02265625 0.029166666666666667
1 0.078515625 0.7118055555555556 0.01484375 0.02638888888888889
1 0.139453125 0.9256944444444445 0.02578125 0.027777777777777776
1 0.25859375 0.9402777777777778 0.0125 0.02638888888888889
1 0.17734375 0.8888888888888888 0.02109375 0.0375
1 0.20703125 0.9416666666666667 0.01953125 0.0375
1 0.190625 0.9833333333333333 0.03046875 0.03333333333333333
1 0.890234375 0.10069444444444445 0.01328125 0.02638888888888889
1 0.9296875 0.03125 0.02578125 0.034722222222222224
1 0.909375 0.011805555555555555 0.03046875 0.02361111111111111
1 0.93515625 0.08611111111111111 0.06015625 0.08472222222222223
1 0.9953125 0.017361111111111112 0.009375 0.02638888888888889
1 0.994921875 0.12569444444444444 0.01015625 0.05416666666666667
1 0.9203125 0.19444444444444445 0.02578125 0.043055555555555555
1 0.980078125 0.22708333333333333 0.03984375 0.12638888888888888
1 0.984375 0.3347222222222222 0.02109375 0.04861111111111111
0 0.10625 0.8847222222222222 0.2125 0.23055555555555557
0 0.113671875 0.9777777777777777 0.05703125 0.044444444444444446
0 0.066015625 0.36736111111111114 0.13203125 0.5472222222222223
0 0.094921875 0.1423611111111111 0.18984375 0.2847222222222222
0 0.656640625 0.6 0.1984375 0.19444444444444445
0 0.654296875 0.6944444444444444 0.1234375 0.6041666666666666
0 0.62421875 0.4798611111111111 0.2265625 0.24583333333333332
0 0.656640625 0.20347222222222222 0.175 0.40694444444444444
1 0.863671875 0.15208333333333332 0.01484375 0.03194444444444444
1 0.744921875 0.01597222222222222 0.02109375 0.029166666666666667
1 0.808203125 0.09791666666666667 0.025 0.043055555555555555