1 0.63359375 0.9194444444444444 0.00859375 0.013888888888888888
0 0.128125 0.9756944444444444 0.09453125 0.04861111111111111
0 0.64375 0.96875 0.05390625 0.0625
0 0.684375 0.7604166666666666 0.1203125 0.4791666666666667
0 0.65703125 0.6173611111111111 0.19453125 0.44583333333333336
0 0.634375 0.36319444444444443 0.08359375 0.3486111111111111
1 0.58984375 0.17430555555555555 0.02421875 0.043055555555555555
1 0.656640625 0.22777777777777777 0.01640625 0.041666666666666664
0 0.662109375 0.12361111111111112 0.2359375 0.24722222222222223
0 0.1046875 0.3020833333333333 0.14765625 0.2722222222222222
0 0.10859375 0.1486111111111111 0.08828125 0.2972222222222222
0 0.077734375 0.5833333333333334 0.15546875 0.44166666666666665
1 0.964453125 0.8416666666666667 0.009375 0.013888888888888888
1 0.915625 0.6256944444444444 0.015625 0.02638888888888889
1 0.934375 0.6347222222222222 0.021875 0.03888888888888889
1 0.894140625 0.5944444444444444 0.0125 0.02361111111111111
1 0.9875 0.5201388888888889 0.01328125 0.013888888888888888
1 0.983203125 0.5472222222222223 0.0109375 0.025
1 0.956640625 0.4875 0.01015625 0.018055555555555554
1 0.905078125 0.4409722222222222 0.01484375 0.03611111111111111
1 0.92578125 0.4701388888888889 0.015625 0.027777777777777776
1 0.913671875 0.3993055555555556 0.0109375 0.020833333333333332
1 0.996875 0.5458333333333333 0.00625 0.03333333333333333
1 0.800390625 0.40347222222222223 0.03046875 0.058333333333333334
1 0.8484375 0.375 0.015625 0.02361111111111111
1 0.866796875 0.38333333333333336 0.0125 0.02361111111111111
1 0.883203125 0.3680555555555556 0.01796875 0.0375
1 0.835546875 0.43333333333333335 0.0078125 0.018055555555555554
1 0.7234375 0.49722222222222223 0.025 0.05416666666666667
1 0.7484375 0.5305555555555556 0.01796875 0.029166666666666667
1 0.9359375 0.3104166666666667 0.0265625 0.05416666666666667
1 0.974609375 0.27152777777777776 0.0265625 0.043055555555555555
1 0.987890625 0.31875 0.02265625 0.05
1 0.751171875 0.2298611111111111 0.01796875 0.05416666666666667
1 0.676953125 0.27847222222222223 0.0109375 0.03333333333333333
1 0.7 0.30277777777777776 0.0265625 0.044444444444444446
1 0.7015625 0.35555555555555557 0.01953125 0.030555555555555555
1 0.765625 0.2833333333333333 0.009375 0.016666666666666666
1 0.934375 0.08333333333333333 0.01796875 0.04027777777777778
1 0.970703125 0.06041666666666667 0.0171875 0.029166666666666667
1 0.995703125 0.09930555555555555 0.00859375 0.04027777777777778
1 0.975390625 0.12361111111111112 0.034375 0.043055555555555555
1 0.733203125 0.11458333333333333 0.0125 0.02361111111111111
1 0.7 0.1326388888888889 0.0171875 0.018055555555555554
1 0.472265625 0.17222222222222222 0.01484375 0.013888888888888888
1 0.516796875 0.175 0.01015625 0.019444444444444445
1 0.5390625 0.2152777777777778 0.03359375 0.043055555555555555
1 0.5296875 0.29305555555555557 0.02265625 0.027777777777777776
1 0.580859375 0.3173611111111111 0.01328125 0.020833333333333332
1 0.572265625 0.16666666666666666 0.00859375 0.025
1 0.56953125 0.19375 0.0078125 0.018055555555555554
1 0.5609375 0.5930555555555556 0.01953125 0.041666666666666664
1 0.540234375 0.7069444444444445 0.01484375 0.016666666666666666
1 0.5421875 0.74375 0.01328125 0.018055555555555554
1 0.589453125 0.4618055555555556 0.0296875 0.04722222222222222
1 0.587890625 0.5680555555555555 0.01015625 0.018055555555555554
1 0.6359375 0.6305555555555555 0.00859375 0.019444444444444445
1 0.641796875 0.6756944444444445 0.01640625 0.03194444444444444
1 0.8640625 0.14166666666666666 0.00859375 0.013888888888888888
1 0.582421875 0.7881944444444444 0.01015625 0.018055555555555554
1 0.0453125 0.9388888888888889 0.01015625 0.018055555555555554
1 0.912109375 0.8451388888888889 0.01015625 0.019444444444444445
1 0.232421875 0.8583333333333333 0.01875 0.03333333333333333
1 0.24375 0.7548611111111111 0.05234375 0.12083333333333333
1 0.242578125 0.24305555555555555 0.0265625 0.030555555555555555
1 0.2625 0.30694444444444446 0.0375 0.0875
1 0.2984375 0.27152777777777776 0.04140625 0.08194444444444444
1 0.213671875 0.4048611111111111 0.028125 0.0875
1 0.24375 0.39305555555555555 0.04921875 0.08472222222222223
1 0.156640625 0.3472222222222222 0.06015625 0.06111111111111111
1 0.270703125 0.45416666666666666 0.025 0.04722222222222222
1 0.16328125 0.24375 0.0203125 0.043055555555555555
1 0.183984375 0.2798611111111111 0.0203125 0.06388888888888888
1 0.107421875 0.21666666666666667 0.025 0.06111111111111111
1 0.05546875 0.18194444444444444 0.0375 0.08333333333333333
1 0.138671875 0.10277777777777777 0.02734375 0.06111111111111111
1 0.13984375 0.05138888888888889 0.01328125 0.022222222222222223
1 0.217578125 0.018055555555555554 0.02578125 0.03611111111111111
1 0.310546875 0.11388888888888889 0.01484375 0.029166666666666667
1 0.105078125 0.46319444444444446 0.01640625 0.029166666666666667
1 0.109765625 0.5104166666666666 0.0171875 0.05694444444444444
1 0.070703125 0.5541666666666667 0.009375 0.02361111111111111
1 0.106640625 0.675 0.0171875 0.03333333333333333
1 0.155859375 0.6041666666666666 0.00859375 0.019444444444444445
1 0.21875 0.5944444444444444 0.046875 0.13333333333333333
1 0.27421875 0.6409722222222223 0.0171875 0.025
1 0.296875 0.5951388888888889 0.01640625 0.02361111111111111
1 0.3125 0.6298611111111111 0.01015625 0.018055555555555554
1 0.317578125 0.5034722222222222 0.01796875 0.041666666666666664
1 0.31484375 0.5333333333333333 0.0125 0.015277777777777777
1 0.135546875 0.73125 0.01640625 0.03194444444444444
1 0.154296875 0.7416666666666667 0.01796875 0.016666666666666666
1 0.187109375 0.7194444444444444 0.01875 0.029166666666666667
1 0.166015625 0.7895833333333333 0.01015625 0.018055555555555554
1 0.151953125 0.8791666666666667 0.0203125 0.0375
1 0.178515625 0.9270833333333334 0.01796875 0.04722222222222222
1 0.187890625 0.9881944444444445 0.01796875 0.02361111111111111
1 0.2 0.9805555555555555 0.02109375 0.030555555555555555
1 0.23046875 0.9868055555555556 0.01875 0.020833333333333332
1 0.262109375 0.8986111111111111 0.021875 0.03333333333333333
1 0.2 0.8048611111111111 0.0171875 0.030555555555555555
1 0.26953125 0.8111111111111111 0.00859375 0.020833333333333332
1 0.341015625 0.83125 0.01015625 0.018055555555555554
1 0.35 0.8534722222222222 0.0125 0.03333333333333333
1 0.410546875 0.6756944444444445 0.025 0.03888888888888889
1 0.515625 0.8951388888888889 0.03046875 0.06388888888888888
1 0.51015625 0.8319444444444445 0.01953125 0.02638888888888889
1 0.553515625 0.8451388888888889 0.009375 0.015277777777777777
1 0.58125 0.9763888888888889 0.01328125 0.02638888888888889
1 0.639453125 0.86875 0.00703125 0.018055555555555554
1 0.715625 0.9673611111111111 0.0171875 0.030555555555555555
1 0.705859375 0.8708333333333333 0.01328125 0.02638888888888889
1 0.742578125 0.8152777777777778 0.0140625 0.020833333333333332
1 0.740234375 0.8493055555555555 0.009375 0.029166666666666667
1 0.733203125 0.7305555555555555 0.01171875 0.02361111111111111
1 0.816796875 0.6965277777777777 0.01875 0.029166666666666667
1 0.83671875 0.7597222222222222 0.01875 0.030555555555555555
1 0.866796875 0.9013888888888889 0.02890625 0.041666666666666664
1 0.850390625 0.9902777777777778 0.0171875 0.019444444444444445
1 0.9015625 0.9631944444444445 0.0078125 0.016666666666666666
1 0.9609375 0.9833333333333333 0.0203125 0.03194444444444444
1 0.8734375 0.8381944444444445 0.01171875 0.018055555555555554
1 0.898828125 0.7701388888888889 0.0109375 0.016666666666666666
1 0.93828125 0.7930555555555555 0.01171875 0.03888888888888889