1 0.60625 0.6447916666666667 0.0109375 0.01875
1 0.6578125 0.6385416666666667 0.025 0.0375
1 0.7828125 0.7885416666666667 0.0140625 0.01875
1 0.7859375 0.5583333333333333 0.028125 0.029166666666666667
1 0.40078125 0.259375 0.00625 0.010416666666666666
1 0.4765625 0.25104166666666666 0.040625 0.04791666666666667
1 0.56640625 0.30625 0.01875 0.022916666666666665
1 0.41875 0.175 0.05 0.04375
1 0.81171875 0.6354166666666666 0.040625 0.029166666666666667
1 0.09296875 0.21666666666666667 0.009375 0.010416666666666666
1 0.15390625 0.8010416666666667 0.0265625 0.029166666666666667
1 0.18203125 0.20625 0.0171875 0.035416666666666666
0 0.46640625 0.25 0.140625 0.1625
0 0.490625 0.48541666666666666 0.2875 0.12291666666666666
0 0.521875 0.7479166666666667 0.296875 0.1625
1 0.73828125 0.009375 0.034375 0.01875
1 0.68046875 0.04375 0.028125 0.03333333333333333
1 0.6234375 0.11041666666666666 0.046875 0.08541666666666667
1 0.40546875 0.019791666666666666 0.0296875 0.035416666666666666
1 0.3296875 0.146875 0.034375 0.0375
1 0.1203125 0.9895833333333334 0.0234375 0.01875
1 0.10078125 0.7458333333333333 0.0203125 0.03958333333333333
1 0.98359375 0.346875 0.015625 0.029166666666666667
1 0.8203125 0.925 0.021875 0.03958333333333333
1 0.784375 0.8708333333333333 0.025 0.016666666666666666
1 0.84375 0.8604166666666667 0.0078125 0.0125
1 0.91171875 0.75625 0.021875 0.029166666666666667
1 0.30390625 0.8291666666666667 0.03125 0.03333333333333333
1 0.3375 0.7916666666666666 0.01875 0.022916666666666665
1 0.5265625 0.815625 0.0296875 0.03125
0 0.515625 0.9552083333333333 0.178125 0.08958333333333333
1 0.28984375 0.38333333333333336 0.0859375 0.10208333333333333
1 0.4390625 0.509375 0.034375 0.05
1 0.47890625 0.6020833333333333 0.021875 0.03125