1 0.2890625 0.8364583333333333 0.021875 0.0375
1 0.96796875 0.6197916666666666 0.04375 0.06666666666666667
1 0.984375 0.7135416666666666 0.0265625 0.029166666666666667
1 0.853125 0.6041666666666666 0.1078125 0.07083333333333333
1 0.85 0.6625 0.0328125 0.03958333333333333
1 0.88828125 0.6666666666666666 0.0546875 0.07708333333333334
1 0.771875 0.7166666666666667 0.0234375 0.0375
0 0.5828125 0.234375 0.375 0.25
0 0.63828125 0.634375 0.20625 0.6708333333333333
0 0.6171875 0.7177083333333333 0.16875 0.28958333333333336
0 0.62421875 0.9572916666666667 0.1671875 0.08541666666666667
1 0.14765625 0.15208333333333332 0.015625 0.014583333333333334
1 0.240625 0.06458333333333334 0.021875 0.0375
1 0.25 0.04375 0.021875 0.016666666666666666
1 0.2984375 0.01875 0.0296875 0.029166666666666667
1 0.3390625 0.15520833333333334 0.0171875 0.01875
1 0.37109375 0.18125 0.0296875 0.03958333333333333
1 0.3796875 0.140625 0.0109375 0.014583333333333334
1 0.38125 0.10416666666666667 0.0234375 0.035416666666666666
1 0.3546875 0.019791666666666666 0.0328125 0.03958333333333333
1 0.396875 0.023958333333333335 0.034375 0.04791666666666667
1 0.3265625 0.17395833333333333 0.021875 0.029166666666666667
1 0.3015625 0.18020833333333333 0.021875 0.0375
1 0.23359375 0.21666666666666667 0.0109375 0.016666666666666666
1 0.265625 0.31145833333333334 0.0234375 0.025
1 0.32421875 0.35 0.0265625 0.0375
1 0.37734375 0.259375 0.0171875 0.022916666666666665
1 0.4296875 0.08854166666666667 0.0140625 0.016666666666666666
1 0.46953125 0.051041666666666666 0.04375 0.04375
1 0.49609375 0.04895833333333333 0.0140625 0.03125
1 0.50546875 0.08333333333333333 0.0125 0.01875
1 0.034375 0.025 0.01875 0.020833333333333332
1 0.30703125 0.08541666666666667 0.0109375 0.010416666666666666
1 0.525 0.065625 0.0296875 0.03958333333333333
1 0.56953125 0.028125 0.0109375 0.020833333333333332
1 0.61796875 0.0125 0.0375 0.025
1 0.65703125 0.01875 0.0328125 0.0375
1 0.6453125 0.053125 0.0484375 0.0625
1 0.63359375 0.11145833333333334 0.0453125 0.0375
1 0.66953125 0.09791666666666667 0.0328125 0.04375
1 0.7390625 0.017708333333333333 0.04375 0.035416666666666666
1 0.725 0.06041666666666667 0.040625 0.04375
1 0.74140625 0.10104166666666667 0.0078125 0.016666666666666666
1 0.78203125 0.11875 0.0109375 0.016666666666666666
1 0.63359375 0.18958333333333333 0.0140625 0.01875
1 0.54453125 0.12604166666666666 0.021875 0.03125
1 0.50859375 0.13541666666666666 0.040625 0.04583333333333333
1 0.50625 0.17291666666666666 0.0265625 0.03125
1 0.53515625 0.16770833333333332 0.0359375 0.05
1 0.7203125 0.209375 0.0375 0.04583333333333333
1 0.71484375 0.24479166666666666 0.04375 0.025
1 0.8375 0.2791666666666667 0.0203125 0.022916666666666665
1 0.86484375 0.2760416666666667 0.0296875 0.05
1 0.83828125 0.20416666666666666 0.0515625 0.04583333333333333
1 0.89140625 0.17604166666666668 0.0546875 0.06666666666666667
1 0.82265625 0.06875 0.015625 0.0125
1 0.86640625 0.034375 0.0203125 0.03125
1 0.890625 0.12083333333333333 0.025 0.029166666666666667
1 0.91796875 0.08958333333333333 0.034375 0.041666666666666664
1 0.9671875 0.10729166666666666 0.0234375 0.03333333333333333
1 0.965625 0.078125 0.0109375 0.020833333333333332
1 0.93515625 0.03229166666666667 0.028125 0.029166666666666667
1 0.90546875 0.028125 0.0359375 0.05625
1 0.93671875 0.009375 0.0265625 0.01875
1 0.98515625 0.06145833333333333 0.0203125 0.052083333333333336
1 0.99296875 0.09583333333333334 0.0140625 0.022916666666666665
1 0.96875 0.026041666666666668 0.0109375 0.008333333333333333
1 0.990625 0.023958333333333335 0.0171875 0.014583333333333334
1 0.8859375 0.06458333333333334 0.0125 0.014583333333333334
1 0.99765625 0.14583333333333334 0.0046875 0.03125
1 0.971875 0.23541666666666666 0.0359375 0.10208333333333333
1 0.98828125 0.2875 0.0234375 0.025
1 0.8796875 0.38333333333333336 0.021875 0.03125
1 0.8125 0.37395833333333334 0.0390625 0.04583333333333333
1 0.984375 0.328125 0.03125 0.03125
1 0.97265625 0.3885416666666667 0.0546875 0.0875
1 0.85546875 0.4583333333333333 0.0390625 0.05416666666666667
1 0.88203125 0.44583333333333336 0.015625 0.01875
1 0.90859375 0.49270833333333336 0.0140625 0.016666666666666666
1 0.9171875 0.5197916666666667 0.0203125 0.03125
1 0.90234375 0.5583333333333333 0.0078125 0.016666666666666666
1 0.91796875 0.5604166666666667 0.01875 0.016666666666666666
1 0.934375 0.6020833333333333 0.0140625 0.016666666666666666
1 0.740625 0.6802083333333333 0.025 0.025
1 0.71875 0.7041666666666667 0.01875 0.027083333333333334
1 0.68125 0.7427083333333333 0.0203125 0.0375
1 0.7015625 0.7354166666666667 0.015625 0.014583333333333334
1 0.72421875 0.7354166666666667 0.0078125 0.0125
1 0.721875 0.7739583333333333 0.04375 0.06666666666666667
1 0.79296875 0.784375 0.0421875 0.041666666666666664
1 0.840625 0.7875 0.0078125 0.014583333333333334
1 0.7796875 0.8260416666666667 0.021875 0.0125
1 0.675 0.7864583333333334 0.0203125 0.025
1 0.73125 0.8135416666666667 0.0140625 0.014583333333333334
1 0.71796875 0.8333333333333334 0.0265625 0.022916666666666665
1 0.8953125 0.7916666666666666 0.0140625 0.014583333333333334
1 0.91015625 0.7697916666666667 0.015625 0.029166666666666667
1 0.928125 0.7927083333333333 0.01875 0.03958333333333333
1 0.9421875 0.7645833333333333 0.0109375 0.016666666666666666
1 0.8765625 0.8197916666666667 0.025 0.025
1 0.91015625 0.8697916666666666 0.021875 0.025
1 0.9265625 0.865625 0.0125 0.014583333333333334
1 0.9265625 0.8885416666666667 0.0296875 0.01875
1 0.96953125 0.8635416666666667 0.0234375 0.03333333333333333
1 0.96640625 0.9166666666666666 0.0265625 0.027083333333333334
1 0.9625 0.9354166666666667 0.0140625 0.014583333333333334
1 0.996875 0.9447916666666667 0.00625 0.029166666666666667
1 0.990625 0.9729166666666667 0.01875 0.03125
1 0.98515625 0.9958333333333333 0.015625 0.008333333333333333
1 0.884375 0.9385416666666667 0.0140625 0.01875
1 0.81796875 0.9854166666666667 0.0359375 0.029166666666666667
1 0.81953125 0.9447916666666667 0.06875 0.05416666666666667
1 0.7453125 0.875 0.0296875 0.03958333333333333
1 0.66953125 0.9041666666666667 0.0234375 0.029166666666666667
1 0.665625 0.9416666666666667 0.0265625 0.03125
1 0.66796875 0.9645833333333333 0.0234375 0.014583333333333334
1 0.7125 0.940625 0.0625 0.04791666666666667
1 0.703125 0.9760416666666667 0.025 0.029166666666666667
1 0.76328125 0.415625 0.028125 0.022916666666666665
1 0.728125 0.3875 0.0171875 0.025
1 0.709375 0.54375 0.0328125 0.052083333333333336
1 0.76640625 0.54375 0.08125 0.0875
1 0.71796875 0.5864583333333333 0.0328125 0.025
1 0.728125 0.6291666666666667 0.0328125 0.04791666666666667
1 0.68515625 0.6625 0.040625 0.05416666666666667
1 0.51796875 0.9083333333333333 0.021875 0.029166666666666667
1 0.53203125 0.9354166666666667 0.0359375 0.04791666666666667
1 0.58671875 0.8802083333333334 0.0515625 0.0625
1 0.625 0.8708333333333333 0.0203125 0.025
1 0.50390625 0.990625 0.0171875 0.014583333333333334
1 0.48984375 0.9197916666666667 0.0265625 0.03125
1 0.48046875 0.890625 0.0203125 0.025
1 0.496875 0.840625 0.0359375 0.058333333333333334
1 0.40546875 0.9333333333333333 0.0296875 0.05
1 0.4390625 0.9583333333333334 0.0390625 0.05416666666666667
1 0.3609375 0.96875 0.1078125 0.06041666666666667
1 0.2578125 0.840625 0.025 0.03125
1 0.35859375 0.8604166666666667 0.021875 0.01875
1 0.38203125 0.86875 0.0203125 0.014583333333333334
1 0.465625 0.7697916666666667 0.0296875 0.03125
1 0.4453125 0.696875 0.0375 0.04375
1 0.43828125 0.740625 0.03125 0.041666666666666664
1 0.39375 0.7239583333333334 0.0265625 0.029166666666666667
1 0.38125 0.7447916666666666 0.015625 0.025
1 0.2296875 0.959375 0.0078125 0.014583333333333334
1 0.21484375 0.8479166666666667 0.025 0.022916666666666665
1 0.2484375 0.70625 0.015625 0.022916666666666665
1 0.2359375 0.7208333333333333 0.0125 0.020833333333333332
1 0.1265625 0.9072916666666667 0.0453125 0.08958333333333333
1 0.1125 0.99375 0.0265625 0.0125
1 0.1140625 0.7354166666666667 0.034375 0.0375
1 0.3953125 0.5614583333333333 0.028125 0.052083333333333336
1 0.43515625 0.5822916666666667 0.034375 0.04791666666666667
1 0.54609375 0.5260416666666666 0.0171875 0.027083333333333334
1 0.565625 0.5052083333333334 0.025 0.03125
1 0.565625 0.44583333333333336 0.0203125 0.035416666666666666
1 0.5265625 0.4552083333333333 0.0359375 0.0375
1 0.46484375 0.5354166666666667 0.0765625 0.06875
1 0.34609375 0.5989583333333334 0.01875 0.035416666666666666
1 0.32109375 0.6489583333333333 0.0125 0.022916666666666665
1 0.30390625 0.5947916666666667 0.0515625 0.06041666666666667
1 0.40546875 0.6177083333333333 0.0265625 0.041666666666666664
1 0.38203125 0.6197916666666666 0.0328125 0.052083333333333336
1 0.37734375 0.66875 0.0375 0.04583333333333333
1 0.34296875 0.6697916666666667 0.0234375 0.04791666666666667
1 0.5328125 0.6958333333333333 0.025 0.03958333333333333
1 0.4203125 0.44166666666666665 0.0453125 0.075
1 0.4796875 0.4083333333333333 0.0578125 0.13541666666666666
1 0.52109375 0.40520833333333334 0.0265625 0.05625
1 0.55859375 0.36354166666666665 0.0625 0.07291666666666667
1 0.5953125 0.334375 0.034375 0.06458333333333334
1 0.6421875 0.31875 0.021875 0.052083333333333336
1 0.68046875 0.35104166666666664 0.0453125 0.05416666666666667
1 0.278125 0.41041666666666665 0.0203125 0.022916666666666665
1 0.30546875 0.39895833333333336 0.01875 0.022916666666666665
1 0.1453125 0.32395833333333335 0.0265625 0.029166666666666667
1 0.34296875 0.7208333333333333 0.0125 0.01875
1 0.62734375 0.4322916666666667 0.01875 0.027083333333333334
1 0.5859375 0.44479166666666664 0.0203125 0.03125
1 0.6078125 0.4395833333333333 0.021875 0.025
1 0.60078125 0.4739583333333333 0.028125 0.04583333333333333
1 0.621875 0.484375 0.0234375 0.04375
1 0.40703125 0.3375 0.1125 0.16875
1 0.47421875 0.284375 0.0328125 0.03333333333333333
1 0.371875 0.04479166666666667 0.0140625 0.016666666666666666
1 0.65 0.21041666666666667 0.0109375 0.016666666666666666
1 0.32265625 0.4041666666666667 0.0203125 0.014583333333333334
1 0.2359375 0.37083333333333335 0.009375 0.022916666666666665
1 0.24921875 0.37083333333333335 0.009375 0.008333333333333333
1 0.55234375 0.7927083333333333 0.075 0.18125
1 0.590625 0.83125 0.021875 0.03125