0 0.671875 0.8208333333333333 0.1765625 0.35833333333333334
0 0.6296875 0.9923611111111111 0.0203125 0.015277777777777777
0 0.60546875 0.6972222222222222 0.140625 0.32083333333333336
0 0.725390625 0.4284722222222222 0.17265625 0.4222222222222222
1 0.414453125 0.05555555555555555 0.01171875 0.022222222222222223
1 0.741015625 0.44583333333333336 0.0203125 0.03888888888888889
1 0.705078125 0.5034722222222222 0.02890625 0.04583333333333333
1 0.694140625 0.6847222222222222 0.02109375 0.034722222222222224
1 0.858984375 0.9027777777777778 0.01640625 0.03194444444444444
1 0.86953125 0.8625 0.01953125 0.044444444444444446
1 0.812109375 0.8645833333333334 0.015625 0.025
1 0.99375 0.9340277777777778 0.0125 0.041666666666666664
1 0.986328125 0.8798611111111111 0.01484375 0.022222222222222223
1 0.89453125 0.6 0.01953125 0.05277777777777778
1 0.9234375 0.45555555555555555 0.02578125 0.03888888888888889
1 0.9359375 0.06944444444444445 0.021875 0.0375
1 0.91171875 0.15069444444444444 0.02265625 0.04722222222222222
1 0.784765625 0.2125 0.01953125 0.030555555555555555
1 0.575390625 0.2423611111111111 0.02578125 0.041666666666666664
1 0.4015625 0.31180555555555556 0.01484375 0.019444444444444445
1 0.0046875 0.11319444444444444 0.009375 0.019444444444444445
1 0.03515625 0.5618055555555556 0.03046875 0.07083333333333333
1 0.387109375 0.9604166666666667 0.0171875 0.022222222222222223
1 0.502734375 0.9888888888888889 0.0359375 0.022222222222222223
1 0.458984375 0.9534722222222223 0.02421875 0.029166666666666667
1 0.473828125 0.8805555555555555 0.034375 0.044444444444444446
1 0.530859375 0.8777777777777778 0.01484375 0.03194444444444444
0 0.105078125 0.8590277777777777 0.12734375 0.28194444444444444
1 0.290234375 0.5694444444444444 0.015625 0.03194444444444444
1 0.274609375 0.41805555555555557 0.01875 0.041666666666666664
1 0.4046875 0.45625 0.015625 0.03888888888888889
1 0.51015625 0.05277777777777778 0.01953125 0.034722222222222224
1 0.528515625 0.14652777777777778 0.0453125 0.06944444444444445
1 0.5046875 0.17291666666666666 0.034375 0.06527777777777778
1 0.395703125 0.12152777777777778 0.0390625 0.05277777777777778
0 0.6671875 0.13055555555555556 0.28125 0.25416666666666665
0 0.6109375 0.08888888888888889 0.12265625 0.17777777777777778
0 0.10703125 0.7701388888888889 0.21328125 0.2861111111111111
0 0.08359375 0.5125 0.1671875 0.22083333333333333
0 0.078125 0.17083333333333334 0.15625 0.30972222222222223
0 0.0890625 0.09930555555555555 0.17734375 0.19722222222222222
1 0.609375 0.5895833333333333 0.01640625 0.034722222222222224