1 0.7703125 0.815625 0.028125 0.0375
1 0.09765625 0.38333333333333336 0.0234375 0.0375
1 0.62421875 0.8989583333333333 0.025 0.03125
1 0.4421875 0.8677083333333333 0.0171875 0.022916666666666665
1 0.5109375 0.765625 0.0203125 0.03125
1 0.38359375 0.821875 0.021875 0.016666666666666666
1 0.39140625 0.915625 0.0203125 0.027083333333333334
1 0.5296875 0.5833333333333334 0.0171875 0.020833333333333332
1 0.73125 0.225 0.0109375 0.01875
1 0.78671875 0.4708333333333333 0.0140625 0.016666666666666666
0 0.6140625 0.946875 0.0515625 0.10625
0 0.646875 0.7270833333333333 0.1234375 0.37916666666666665
0 0.62578125 0.4510416666666667 0.2515625 0.23541666666666666
0 0.64375 0.178125 0.1171875 0.33958333333333335
1 0.43515625 0.603125 0.053125 0.06041666666666667
1 0.58046875 0.6833333333333333 0.040625 0.04583333333333333
1 0.60703125 0.6166666666666667 0.0171875 0.035416666666666666
1 0.39296875 0.45729166666666665 0.0328125 0.05416666666666667
1 0.46484375 0.3885416666666667 0.0203125 0.022916666666666665
1 0.403125 0.2760416666666667 0.0203125 0.03125
1 0.5359375 0.21145833333333333 0.03125 0.029166666666666667
1 0.89296875 0.0875 0.0375 0.03333333333333333
1 0.68828125 0.041666666666666664 0.0390625 0.08333333333333333
1 0.68984375 0.23333333333333334 0.025 0.03333333333333333
1 0.7140625 0.471875 0.0390625 0.0375
1 0.73671875 0.9302083333333333 0.0453125 0.10625
1 0.65859375 0.975 0.0296875 0.05
1 0.83671875 0.8072916666666666 0.0234375 0.025
1 0.76171875 0.7510416666666667 0.0265625 0.022916666666666665
1 0.60546875 0.8510416666666667 0.0234375 0.027083333333333334
1 0.4390625 0.959375 0.025 0.04583333333333333
1 0.71171875 0.128125 0.021875 0.0375
1 0.60390625 0.23020833333333332 0.0234375 0.03125
1 0.85859375 0.28541666666666665 0.01875 0.029166666666666667
1 0.9296875 0.365625 0.015625 0.01875
1 0.86796875 0.396875 0.0171875 0.025
1 0.7046875 0.740625 0.01875 0.025
1 0.33046875 0.8802083333333334 0.0265625 0.027083333333333334
1 0.31953125 0.7208333333333333 0.0265625 0.025
1 0.34453125 0.109375 0.0171875 0.01875
1 0.5765625 0.18229166666666666 0.01875 0.035416666666666666
1 0.6421875 0.10729166666666666 0.0125 0.01875
1 0.38671875 0.7895833333333333 0.021875 0.020833333333333332