1 0.99453125 0.5041666666666667 0.0109375 0.015277777777777777
1 0.83671875 0.5118055555555555 0.01640625 0.027777777777777776
1 0.928515625 0.5 0.028125 0.043055555555555555
1 0.9609375 0.5215277777777778 0.02578125 0.05277777777777778
1 0.97890625 0.5388888888888889 0.009375 0.016666666666666666
1 0.976953125 0.5631944444444444 0.01875 0.03194444444444444
1 0.946875 0.6090277777777777 0.0265625 0.03333333333333333
1 0.988671875 0.4354166666666667 0.02265625 0.044444444444444446
1 0.949609375 0.36666666666666664 0.015625 0.019444444444444445
1 0.864453125 0.3284722222222222 0.02578125 0.043055555555555555
1 0.920703125 0.32916666666666666 0.01875 0.03194444444444444
1 0.87109375 0.25763888888888886 0.02734375 0.05277777777777778
1 0.89609375 0.24444444444444444 0.0203125 0.05138888888888889
1 0.906640625 0.22916666666666666 0.01484375 0.03333333333333333
0 0.637109375 0.1111111111111111 0.16953125 0.17222222222222222
0 0.64140625 0.3548611111111111 0.11875 0.3375
0 0.076171875 0.21388888888888888 0.15234375 0.42777777777777776
0 0.062890625 0.30625 0.12578125 0.21388888888888888
0 0.07578125 0.5875 0.1515625 0.33055555555555555
0 0.080078125 0.75 0.16015625 0.5
0 0.128515625 0.8881944444444444 0.06796875 0.22361111111111112
1 0.052734375 0.12361111111111112 0.02109375 0.041666666666666664
1 0.04375 0.17152777777777778 0.0296875 0.059722222222222225
1 0.037890625 0.20694444444444443 0.01484375 0.029166666666666667
1 0.0734375 0.2263888888888889 0.0390625 0.07083333333333333
1 0.169140625 0.18125 0.07109375 0.1638888888888889
1 0.11875 0.19027777777777777 0.015625 0.03333333333333333
1 0.025 0.2743055555555556 0.0265625 0.034722222222222224
1 0.04453125 0.40902777777777777 0.0375 0.03611111111111111
1 0.008203125 0.41875 0.01640625 0.03333333333333333
1 0.225 0.24722222222222223 0.02578125 0.058333333333333334
1 0.21171875 0.2916666666666667 0.02421875 0.03888888888888889
1 0.1265625 0.35347222222222224 0.03515625 0.0763888888888889
1 0.234765625 0.3840277777777778 0.03203125 0.10138888888888889
1 0.26015625 0.425 0.01796875 0.03611111111111111
1 0.15859375 0.3125 0.06015625 0.08888888888888889
1 0.19921875 0.3263888888888889 0.0203125 0.030555555555555555
1 0.143359375 0.4597222222222222 0.04765625 0.08611111111111111
1 0.192578125 0.5013888888888889 0.0328125 0.06111111111111111
1 0.24140625 0.5347222222222222 0.03515625 0.06388888888888888
1 0.275 0.5555555555555556 0.01875 0.03333333333333333
1 0.301171875 0.46875 0.01640625 0.027777777777777776
1 0.305078125 0.5298611111111111 0.01484375 0.03333333333333333
1 0.349609375 0.38125 0.03671875 0.06944444444444445
1 0.36328125 0.3138888888888889 0.0375 0.06944444444444445
1 0.3375 0.31666666666666665 0.00859375 0.02361111111111111
1 0.319921875 0.35 0.0234375 0.025
1 0.3078125 0.2923611111111111 0.0234375 0.04027777777777778
1 0.303515625 0.23125 0.0171875 0.027777777777777776
1 0.397265625 0.2965277777777778 0.03046875 0.041666666666666664
1 0.494921875 0.35208333333333336 0.05859375 0.08055555555555556
1 0.54140625 0.4534722222222222 0.06484375 0.08888888888888889
1 0.46484375 0.39861111111111114 0.02265625 0.04027777777777778
1 0.491015625 0.42083333333333334 0.01953125 0.029166666666666667
1 0.496875 0.4597222222222222 0.0265625 0.043055555555555555
1 0.49765625 0.5097222222222222 0.0265625 0.05
1 0.45 0.4576388888888889 0.0609375 0.07916666666666666
1 0.471484375 0.5541666666666667 0.06484375 0.10416666666666667
1 0.52265625 0.5597222222222222 0.0296875 0.05555555555555555
1 0.575390625 0.5756944444444444 0.0453125 0.0875
1 0.533984375 0.6326388888888889 0.021875 0.029166666666666667
1 0.4890625 0.6583333333333333 0.02265625 0.03888888888888889
1 0.4859375 0.7319444444444444 0.078125 0.12361111111111112
1 0.428125 0.6243055555555556 0.04140625 0.06527777777777778
1 0.44921875 0.6555555555555556 0.01640625 0.03333333333333333
1 0.43671875 0.6861111111111111 0.01875 0.030555555555555555
1 0.364453125 0.7291666666666666 0.0265625 0.04583333333333333
1 0.3984375 0.7631944444444444 0.040625 0.0625
1 0.36796875 0.7805555555555556 0.01171875 0.027777777777777776
1 0.324609375 0.7375 0.021875 0.03194444444444444
1 0.2609375 0.7416666666666667 0.02890625 0.05138888888888889
1 0.277734375 0.6527777777777778 0.021875 0.03194444444444444
1 0.172265625 0.7277777777777777 0.0203125 0.04861111111111111
1 0.136328125 0.7076388888888889 0.02265625 0.02638888888888889
1 0.0875 0.7131944444444445 0.028125 0.019444444444444445
1 0.12265625 0.7256944444444444 0.0125 0.0125
1 0.1265625 0.8625 0.02421875 0.07222222222222222
1 0.1546875 0.8388888888888889 0.015625 0.020833333333333332
1 0.201171875 0.8375 0.0234375 0.03194444444444444
1 0.090625 0.9145833333333333 0.015625 0.03333333333333333
1 0.141796875 0.9284722222222223 0.025 0.07222222222222222
1 0.1703125 0.9152777777777777 0.021875 0.0375
1 0.19765625 0.9729166666666667 0.034375 0.05416666666666667
1 0.210546875 0.8895833333333333 0.01796875 0.02361111111111111
1 0.254296875 0.8548611111111111 0.01796875 0.030555555555555555
1 0.290234375 0.8548611111111111 0.01796875 0.02361111111111111
1 0.323046875 0.9076388888888889 0.01796875 0.02638888888888889
1 0.391796875 0.85625 0.0203125 0.029166666666666667
1 0.4171875 0.9013888888888889 0.02734375 0.0625
1 0.4359375 0.9118055555555555 0.01796875 0.027777777777777776
1 0.455859375 0.9645833333333333 0.015625 0.03194444444444444
1 0.443359375 0.8506944444444444 0.0125 0.03194444444444444
1 0.47890625 0.8201388888888889 0.02265625 0.05138888888888889
1 0.53828125 0.7673611111111112 0.03203125 0.058333333333333334
1 0.55703125 0.8347222222222223 0.02890625 0.04722222222222222
1 0.532421875 0.9333333333333333 0.025 0.03611111111111111
1 0.540625 0.9881944444444445 0.025 0.02361111111111111
1 0.646875 0.9881944444444445 0.0203125 0.02361111111111111
1 0.670703125 0.8291666666666667 0.02890625 0.06111111111111111
1 0.70625 0.8131944444444444 0.0375 0.059722222222222225
1 0.716796875 0.8805555555555555 0.04921875 0.058333333333333334
1 0.643359375 0.8881944444444444 0.0109375 0.022222222222222223
1 0.728515625 0.95 0.01015625 0.019444444444444445
1 0.78046875 0.9222222222222223 0.0375 0.08333333333333333
1 0.7828125 0.8194444444444444 0.05390625 0.08333333333333333
1 0.748046875 0.7993055555555556 0.01328125 0.030555555555555555
1 0.797265625 0.7520833333333333 0.01796875 0.03194444444444444
1 0.76875 0.7291666666666666 0.009375 0.0125
1 0.7578125 0.6145833333333334 0.03828125 0.05277777777777778
1 0.61640625 0.6472222222222223 0.03828125 0.11805555555555555
1 0.64765625 0.6916666666666667 0.03515625 0.06666666666666667
1 0.63828125 0.5916666666666667 0.0171875 0.02638888888888889
1 0.67578125 0.5916666666666667 0.03828125 0.08333333333333333
1 0.667578125 0.4736111111111111 0.0234375 0.059722222222222225
1 0.689453125 0.4388888888888889 0.01796875 0.03333333333333333
1 0.69921875 0.4756944444444444 0.0171875 0.030555555555555555
1 0.7390625 0.5604166666666667 0.0140625 0.03194444444444444
1 0.75625 0.5715277777777777 0.01328125 0.020833333333333332
1 0.082421875 0.019444444444444445 0.028125 0.03888888888888889
1 0.208984375 0.06111111111111111 0.02421875 0.05694444444444444
1 0.251953125 0.04652777777777778 0.01875 0.05
1 0.26640625 0.13055555555555556 0.02578125 0.03611111111111111
1 0.29296875 0.019444444444444445 0.02734375 0.03888888888888889
1 0.358984375 0.025694444444444443 0.0203125 0.0375
1 0.355859375 0.10416666666666667 0.01484375 0.011111111111111112
1 0.409375 0.09861111111111111 0.02265625 0.04583333333333333
1 0.44921875 0.10902777777777778 0.021875 0.044444444444444446
1 0.420703125 0.011111111111111112 0.01953125 0.022222222222222223
1 0.40234375 0.18541666666666667 0.034375 0.04722222222222222
1 0.46875 0.21458333333333332 0.01015625 0.020833333333333332
1 0.512890625 0.21388888888888888 0.015625 0.03611111111111111
1 0.47890625 0.019444444444444445 0.0140625 0.02638888888888889
1 0.537109375 0.1388888888888889 0.07265625 0.13472222222222222
1 0.577734375 0.1423611111111111 0.01328125 0.04722222222222222
1 0.496875 0.24583333333333332 0.02578125 0.04583333333333333
1 0.4875 0.26875 0.01328125 0.03611111111111111
1 0.615625 0.06041666666666667 0.0140625 0.02638888888888889
1 0.527734375 0.29305555555555557 0.02421875 0.044444444444444446
1 0.55859375 0.30972222222222223 0.0125 0.02638888888888889
1 0.57109375 0.3486111111111111 0.028125 0.06111111111111111
1 0.591796875 0.2659722222222222 0.0171875 0.03194444444444444
1 0.5328125 0.34444444444444444 0.015625 0.027777777777777776
1 0.430859375 0.2798611111111111 0.01015625 0.015277777777777777
1 0.66796875 0.2569444444444444 0.03984375 0.06666666666666667
1 0.694140625 0.33819444444444446 0.04609375 0.04722222222222222
1 0.600390625 0.19791666666666666 0.0140625 0.029166666666666667
1 0.640625 0.06111111111111111 0.01484375 0.034722222222222224
1 0.644921875 0.09930555555555555 0.0234375 0.041666666666666664
0 0.598828125 0.021527777777777778 0.0421875 0.043055555555555555
1 0.733203125 0.09097222222222222 0.02421875 0.043055555555555555
1 0.79765625 0.04513888888888889 0.01171875 0.022222222222222223
1 0.721484375 0.24375 0.053125 0.1638888888888889
1 0.784765625 0.18958333333333333 0.01484375 0.02638888888888889
1 0.808984375 0.21805555555555556 0.02578125 0.06388888888888888
1 0.73203125 0.37777777777777777 0.03984375 0.07361111111111111
1 0.76328125 0.41875 0.02265625 0.0375
1 0.81171875 0.4423611111111111 0.02109375 0.05277777777777778
1 0.853515625 0.4131944444444444 0.03671875 0.043055555555555555
1 0.97890625 0.2520833333333333 0.02421875 0.03333333333333333
1 0.8546875 0.19722222222222222 0.025 0.044444444444444446
1 0.875 0.19236111111111112 0.0140625 0.030555555555555555
1 0.880859375 0.2222222222222222 0.02109375 0.02361111111111111
1 0.840234375 0.25625 0.0203125 0.034722222222222224
1 0.907421875 0.14444444444444443 0.0453125 0.12361111111111112
1 0.94765625 0.09375 0.0140625 0.029166666666666667
1 0.87265625 0.08958333333333333 0.03671875 0.06111111111111111
1 0.816015625 0.10138888888888889 0.03125 0.05416666666666667
1 0.917578125 0.03333333333333333 0.0203125 0.03333333333333333
1 0.98515625 0.004861111111111111 0.0171875 0.009722222222222222
1 0.987109375 0.034722222222222224 0.02578125 0.03611111111111111
1 0.995703125 0.20972222222222223 0.00859375 0.022222222222222223
1 0.964453125 0.8645833333333334 0.04375 0.05555555555555555
1 0.978515625 0.8256944444444444 0.04296875 0.0763888888888889
1 0.981640625 0.9340277777777778 0.021875 0.05
1 0.941796875 0.9631944444444445 0.0515625 0.07361111111111111
1 0.99453125 0.9888888888888889 0.0109375 0.022222222222222223
1 0.87421875 0.9888888888888889 0.028125 0.022222222222222223
1 0.83671875 0.9847222222222223 0.0265625 0.030555555555555555
1 0.881640625 0.8986111111111111 0.0484375 0.06388888888888888
1 0.907421875 0.9909722222222223 0.0296875 0.018055555555555554
1 0.827734375 0.8506944444444444 0.0125 0.02638888888888889
1 0.989453125 0.7180555555555556 0.02109375 0.075
1 0.959765625 0.7111111111111111 0.01171875 0.020833333333333332
1 0.6796875 0.70625 0.01875 0.03194444444444444
1 0.573046875 0.7270833333333333 0.02265625 0.05277777777777778
1 0.583984375 0.6638888888888889 0.02109375 0.03611111111111111
1 0.36875 0.4625 0.01875 0.03333333333333333
1 0.383203125 0.5090277777777777 0.0109375 0.016666666666666666
1 0.412109375 0.4875 0.01875 0.041666666666666664
1 0.31953125 0.6819444444444445 0.01015625 0.016666666666666666
1 0.072265625 0.55 0.0390625 0.10277777777777777
1 0.10859375 0.5625 0.0265625 0.09027777777777778
1 0.041015625 0.6277777777777778 0.0328125 0.043055555555555555
1 0.023046875 0.5451388888888888 0.03125 0.025
1 0.01015625 0.4777777777777778 0.0203125 0.027777777777777776
1 0.116015625 0.5055555555555555 0.0109375 0.020833333333333332
1 0.1359375 0.5333333333333333 0.02265625 0.05416666666666667
1 0.084375 0.4423611111111111 0.02734375 0.018055555555555554
1 0.087109375 0.7986111111111112 0.015625 0.08888888888888889
1 0.0484375 0.8298611111111112 0.0171875 0.025
1 0.22421875 0.14930555555555555 0.0234375 0.044444444444444446
1 0.258984375 0.6861111111111111 0.015625 0.02638888888888889