1 0.787890625 0.10972222222222222 0.02421875 0.04027777777777778
1 0.159375 0.1076388888888889 0.01171875 0.03611111111111111
1 0.730859375 0.22916666666666666 0.0390625 0.08333333333333333
0 0.56796875 0.6159722222222223 0.1046875 0.38333333333333336
0 0.11484375 0.8854166666666666 0.16328125 0.22916666666666666
1 0.3125 0.5381944444444444 0.01640625 0.034722222222222224
1 0.5359375 0.5131944444444444 0.0328125 0.06944444444444445
1 0.067578125 0.5951388888888889 0.0234375 0.043055555555555555
1 0.863671875 0.10208333333333333 0.02421875 0.04583333333333333
0 0.580078125 0.9506944444444444 0.10234375 0.09861111111111111
1 0.280859375 0.23055555555555557 0.0171875 0.03333333333333333
1 0.784375 0.9875 0.01953125 0.022222222222222223
1 0.66171875 0.80625 0.0140625 0.02638888888888889
1 0.712109375 0.13194444444444445 0.015625 0.030555555555555555
1 0.49375 0.5402777777777777 0.03046875 0.05
1 0.7046875 0.6152777777777778 0.03046875 0.05
0 0.101171875 0.22569444444444445 0.17890625 0.4041666666666667
1 0.30625 0.5763888888888888 0.01796875 0.03611111111111111
1 0.60859375 0.6034722222222222 0.015625 0.043055555555555555
1 0.990625 0.9402777777777778 0.0140625 0.03611111111111111
1 0.158984375 0.7819444444444444 0.015625 0.025
1 0.67734375 0.6847222222222222 0.021875 0.0375
1 0.821484375 0.6256944444444444 0.01875 0.03888888888888889
1 0.5328125 0.013888888888888888 0.0203125 0.02638888888888889
1 0.4015625 0.4048611111111111 0.015625 0.034722222222222224
1 0.744140625 0.38819444444444445 0.02421875 0.0375
1 0.754296875 0.33819444444444446 0.01796875 0.0375
1 0.720703125 0.7298611111111111 0.02734375 0.05555555555555555
1 0.64921875 0.3298611111111111 0.02109375 0.03888888888888889
1 0.14140625 0.9375 0.02578125 0.041666666666666664
1 0.75234375 0.006944444444444444 0.01796875 0.013888888888888888
1 0.966015625 0.6694444444444444 0.01640625 0.06388888888888888
1 0.39921875 0.9104166666666667 0.0171875 0.03194444444444444
1 0.693359375 0.1763888888888889 0.01484375 0.03333333333333333
1 0.922265625 0.775 0.0171875 0.030555555555555555
1 0.73671875 0.7763888888888889 0.02109375 0.043055555555555555
1 0.344921875 0.6680555555555555 0.01328125 0.018055555555555554
1 0.05546875 0.3888888888888889 0.02734375 0.05277777777777778
1 0.79375 0.22361111111111112 0.03046875 0.06527777777777778
1 0.716015625 0.94375 0.02421875 0.05694444444444444
1 0.221484375 0.5791666666666667 0.0171875 0.041666666666666664
1 0.783203125 0.3590277777777778 0.03984375 0.059722222222222225
1 0.319140625 0.9861111111111112 0.01953125 0.025
1 0.670703125 0.16597222222222222 0.01796875 0.03888888888888889
1 0.790625 0.525 0.015625 0.02361111111111111
1 0.199609375 0.29305555555555557 0.01796875 0.030555555555555555
1 0.79453125 0.6375 0.0125 0.02361111111111111
0 0.071875 0.11041666666666666 0.14375 0.22083333333333333
1 0.812109375 0.48194444444444445 0.04921875 0.07083333333333333
1 0.879296875 0.9027777777777778 0.0484375 0.06805555555555555
1 0.646875 0.13402777777777777 0.0125 0.02361111111111111
0 0.646484375 0.07361111111111111 0.15625 0.14305555555555555
1 0.387890625 0.5388888888888889 0.01640625 0.03194444444444444
0 0.06875 0.6986111111111111 0.11953125 0.45416666666666666
1 0.580859375 0.4423611111111111 0.015625 0.05694444444444444
1 0.465625 0.04027777777777778 0.0140625 0.04722222222222222
1 0.82109375 0.9083333333333333 0.01640625 0.02638888888888889
1 0.1875 0.7131944444444445 0.02578125 0.058333333333333334
1 0.941015625 0.8715277777777778 0.021875 0.04861111111111111
1 0.3078125 0.4930555555555556 0.01875 0.030555555555555555
1 0.562890625 0.45416666666666666 0.01640625 0.0375
1 0.692578125 0.5159722222222223 0.0171875 0.025
1 0.651953125 0.6666666666666666 0.02734375 0.05138888888888889
1 0.5453125 0.7680555555555556 0.01953125 0.03194444444444444
1 0.980078125 0.2625 0.02734375 0.058333333333333334
1 0.899609375 0.2013888888888889 0.0203125 0.05555555555555555
1 0.8390625 0.3013888888888889 0.0265625 0.05416666666666667
1 0.682421875 0.44305555555555554 0.021875 0.03888888888888889
1 0.939453125 0.5673611111111111 0.0203125 0.03611111111111111
1 0.712109375 0.8055555555555556 0.02109375 0.03611111111111111
1 0.56171875 0.7902777777777777 0.01796875 0.025
1 0.797265625 0.04375 0.05 0.07777777777777778
0 0.623828125 0.22083333333333333 0.14140625 0.44166666666666665
1 0.915234375 0.9118055555555555 0.0140625 0.027777777777777776
0 0.08671875 0.5506944444444445 0.1734375 0.20972222222222223
0 0.570703125 0.7006944444444444 0.08828125 0.5416666666666666
1 0.201171875 0.6659722222222222 0.0171875 0.03333333333333333
1 0.525390625 0.4638888888888889 0.0171875 0.03194444444444444
1 0.947265625 0.07291666666666667 0.0296875 0.04861111111111111
1 0.778125 0.79375 0.01484375 0.02638888888888889
1 0.532421875 0.27569444444444446 0.0390625 0.07361111111111111