1 0.81171875 0.19791666666666666 0.03125 0.03125
1 0.86953125 0.24791666666666667 0.015625 0.029166666666666667
1 0.9703125 0.16458333333333333 0.0203125 0.03333333333333333
1 0.98359375 0.026041666666666668 0.0171875 0.014583333333333334
1 0.94609375 0.075 0.01875 0.020833333333333332
1 0.90703125 0.007291666666666667 0.028125 0.014583333333333334
1 0.91875 0.023958333333333335 0.0140625 0.016666666666666666
1 0.69375 0.041666666666666664 0.0203125 0.020833333333333332
1 0.22890625 0.15 0.028125 0.035416666666666666
1 0.17421875 0.005208333333333333 0.025 0.010416666666666666
1 0.56328125 0.05520833333333333 0.0265625 0.058333333333333334
1 0.20859375 0.7239583333333334 0.015625 0.01875
1 0.91640625 0.8020833333333334 0.0140625 0.025
1 0.90546875 0.728125 0.015625 0.016666666666666666
0 0.43828125 0.9708333333333333 0.0640625 0.058333333333333334
0 0.4171875 0.8552083333333333 0.2359375 0.28958333333333336
0 0.44140625 0.44583333333333336 0.24375 0.09583333333333334
0 0.44375 0.17395833333333333 0.13125 0.14166666666666666
0 0.45390625 0.015625 0.015625 0.027083333333333334
1 0.1796875 0.040625 0.01875 0.020833333333333332
1 0.215625 0.058333333333333334 0.0265625 0.022916666666666665
1 0.246875 0.03125 0.034375 0.035416666666666666
1 0.21640625 0.39166666666666666 0.015625 0.01875
1 0.790625 0.1375 0.0515625 0.04583333333333333
1 0.66328125 0.11145833333333334 0.0484375 0.09791666666666667
1 0.6453125 0.190625 0.0234375 0.041666666666666664
1 0.61875 0.14166666666666666 0.021875 0.03333333333333333
1 0.75 0.265625 0.0375 0.0375
1 0.7390625 0.35833333333333334 0.034375 0.025
1 0.54765625 0.4947916666666667 0.025 0.027083333333333334
1 0.6109375 0.48020833333333335 0.0296875 0.03125
1 0.575 0.45208333333333334 0.0421875 0.0375
1 0.66640625 0.253125 0.04375 0.05416666666666667
1 0.64140625 0.28854166666666664 0.03125 0.05
1 0.5859375 0.2864583333333333 0.025 0.03125
1 0.5734375 0.22604166666666667 0.046875 0.052083333333333336
1 0.33359375 0.225 0.0390625 0.05
1 0.49453125 0.31354166666666666 0.0203125 0.03333333333333333
1 0.38125 0.35833333333333334 0.0203125 0.020833333333333332
1 0.34140625 0.38229166666666664 0.0375 0.03958333333333333
1 0.24765625 0.31875 0.0296875 0.022916666666666665
1 0.29375 0.40625 0.028125 0.020833333333333332
1 0.3453125 0.559375 0.0125 0.022916666666666665
1 0.70078125 0.20625 0.0234375 0.025
1 0.609375 0.06145833333333333 0.03125 0.04375
1 0.2578125 0.39375 0.015625 0.020833333333333332
1 0.225 0.42916666666666664 0.028125 0.022916666666666665
1 0.23359375 0.571875 0.01875 0.022916666666666665
1 0.39375 0.91875 0.0140625 0.025
1 0.83671875 0.9447916666666667 0.0203125 0.0375
1 0.63515625 0.759375 0.0234375 0.04583333333333333
1 0.4140625 0.5666666666666667 0.03125 0.07708333333333334
1 0.51171875 0.6083333333333333 0.0265625 0.03958333333333333
1 0.7703125 0.575 0.0109375 0.022916666666666665
1 0.6125 0.5895833333333333 0.0265625 0.03125
1 0.71171875 0.6447916666666667 0.0515625 0.041666666666666664
1 0.74296875 0.81875 0.0359375 0.03333333333333333
1 0.56875 0.7260416666666667 0.025 0.04375
1 0.69375 0.8166666666666667 0.0140625 0.01875
1 0.66484375 0.853125 0.0421875 0.058333333333333334
1 0.7375 0.9302083333333333 0.0234375 0.03333333333333333
1 0.6734375 0.9864583333333333 0.015625 0.027083333333333334
1 0.6484375 0.9770833333333333 0.0234375 0.025
1 0.53359375 0.940625 0.0625 0.07708333333333334
1 0.4484375 0.8208333333333333 0.0234375 0.0375
1 0.4828125 0.9385416666666667 0.0375 0.0375
1 0.215625 0.7822916666666667 0.0265625 0.03958333333333333
1 0.71875 0.5729166666666666 0.0125 0.014583333333333334