1 0.5828125 0.3125 0.0171875 0.016666666666666666
1 0.8796875 0.11145833333333334 0.0234375 0.035416666666666666
0 0.4546875 0.975 0.0859375 0.04583333333333333
0 0.53828125 0.746875 0.2203125 0.3375
0 0.4015625 0.5260416666666666 0.33125 0.27708333333333335
0 0.58203125 0.0625 0.1953125 0.12291666666666666
1 0.76171875 0.646875 0.021875 0.03125
1 0.79609375 0.6625 0.034375 0.020833333333333332
1 0.8453125 0.8229166666666666 0.0234375 0.0375
1 0.77578125 0.809375 0.0203125 0.03333333333333333
1 0.58515625 0.5635416666666667 0.0296875 0.03125
1 0.9859375 0.45416666666666666 0.0265625 0.035416666666666666
1 0.0078125 0.49270833333333336 0.0140625 0.022916666666666665
1 0.1875 0.6645833333333333 0.071875 0.07916666666666666
1 0.15546875 0.6260416666666667 0.0171875 0.020833333333333332
1 0.13984375 0.6875 0.01875 0.04375
1 0.41328125 0.9385416666666667 0.0234375 0.025
1 0.353125 0.9416666666666667 0.021875 0.022916666666666665
1 0.3171875 0.9322916666666666 0.0453125 0.075
1 0.26796875 0.890625 0.025 0.035416666666666666
1 0.16171875 0.91875 0.0296875 0.025
1 0.61640625 0.8354166666666667 0.0125 0.01875
1 0.925 0.9822916666666667 0.0453125 0.03125
1 0.921875 0.9052083333333333 0.0203125 0.025
1 0.953125 0.8697916666666666 0.0171875 0.035416666666666666
1 0.9234375 0.8291666666666667 0.01875 0.020833333333333332
1 0.496875 0.8583333333333333 0.0265625 0.029166666666666667
1 0.95390625 0.6416666666666667 0.0203125 0.03333333333333333
1 0.91171875 0.6395833333333333 0.0234375 0.035416666666666666
1 0.93828125 0.5979166666666667 0.025 0.025
1 0.85625 0.6125 0.0234375 0.027083333333333334
1 0.9671875 0.30625 0.0171875 0.029166666666666667
1 0.85234375 0.328125 0.01875 0.022916666666666665
1 0.79296875 0.26666666666666666 0.0375 0.05
1 0.7609375 0.2708333333333333 0.021875 0.027083333333333334
1 0.7765625 0.23125 0.028125 0.0375
1 0.8796875 0.2520833333333333 0.0390625 0.05
1 0.796875 0.13958333333333334 0.01875 0.022916666666666665
1 0.71796875 0.09791666666666667 0.0140625 0.0125
1 0.9828125 0.11354166666666667 0.0328125 0.04375
1 0.23984375 0.49270833333333336 0.0140625 0.01875
1 0.38671875 0.40520833333333334 0.0328125 0.025
1 0.58046875 0.29375 0.015625 0.016666666666666666
1 0.559375 0.31666666666666665 0.0265625 0.03958333333333333
1 0.4640625 0.2677083333333333 0.0359375 0.0375
1 0.26015625 0.22708333333333333 0.028125 0.01875