1 0.678125 0.9944444444444445 0.01171875 0.011111111111111112
1 0.91875 0.011111111111111112 0.046875 0.022222222222222223
1 0.953125 0.008333333333333333 0.015625 0.016666666666666666
1 0.988671875 0.01875 0.01875 0.03611111111111111
1 0.996875 0.05347222222222222 0.00625 0.022222222222222223
1 0.965234375 0.03888888888888889 0.01640625 0.03194444444444444
1 0.942578125 0.03888888888888889 0.015625 0.022222222222222223
0 0.084765625 0.09305555555555556 0.0765625 0.18611111111111112
0 0.059375 0.35208333333333336 0.11796875 0.19027777777777777
0 0.06328125 0.5583333333333333 0.1265625 0.36527777777777776
0 0.064453125 0.7902777777777777 0.1171875 0.41944444444444445
0 0.099609375 0.9013888888888889 0.14375 0.19722222222222222
0 0.59609375 0.8458333333333333 0.1921875 0.3055555555555556
0 0.576171875 0.48541666666666666 0.1125 0.5513888888888889
0 0.6171875 0.09027777777777778 0.19296875 0.18055555555555555
1 0.15859375 0.013888888888888888 0.01328125 0.020833333333333332
1 0.0609375 0.09722222222222222 0.01640625 0.029166666666666667
1 0.192578125 0.035416666666666666 0.03515625 0.059722222222222225
1 0.2109375 0.007638888888888889 0.01171875 0.015277777777777777
1 0.24140625 0.052083333333333336 0.009375 0.016666666666666666
1 0.08203125 0.18541666666666667 0.0140625 0.02638888888888889
1 0.07109375 0.2298611111111111 0.01953125 0.022222222222222223
1 0.076953125 0.2520833333333333 0.0109375 0.015277777777777777
1 0.10625 0.23333333333333334 0.01171875 0.022222222222222223
1 0.123046875 0.24583333333333332 0.01328125 0.022222222222222223
1 0.137109375 0.21458333333333332 0.01171875 0.019444444444444445
1 0.159765625 0.2388888888888889 0.0125 0.020833333333333332
1 0.1796875 0.2388888888888889 0.0140625 0.030555555555555555
1 0.176953125 0.1763888888888889 0.01328125 0.034722222222222224
1 0.1609375 0.17847222222222223 0.01796875 0.03194444444444444
1 0.137890625 0.14930555555555555 0.01875 0.034722222222222224
1 0.18671875 0.07013888888888889 0.0078125 0.009722222222222222
1 0.205078125 0.30277777777777776 0.01640625 0.030555555555555555
1 0.21015625 0.36666666666666664 0.01484375 0.022222222222222223
1 0.19140625 0.39305555555555555 0.0078125 0.016666666666666666
1 0.14765625 0.3111111111111111 0.0125 0.022222222222222223
1 0.06953125 0.3076388888888889 0.009375 0.022222222222222223
1 0.094140625 0.3215277777777778 0.01484375 0.015277777777777777
1 0.095703125 0.4111111111111111 0.0140625 0.025
1 0.11640625 0.41944444444444445 0.02421875 0.04722222222222222
1 0.163671875 0.4597222222222222 0.0078125 0.016666666666666666
1 0.175 0.46458333333333335 0.0125 0.022222222222222223
1 0.210546875 0.51875 0.01953125 0.025
1 0.1734375 0.5076388888888889 0.04140625 0.059722222222222225
1 0.138671875 0.5493055555555556 0.015625 0.029166666666666667
1 0.1484375 0.5791666666666667 0.0140625 0.016666666666666666
1 0.14609375 0.61875 0.01640625 0.030555555555555555
1 0.080078125 0.4652777777777778 0.015625 0.03611111111111111
1 0.237109375 0.63125 0.01171875 0.018055555555555554
1 0.22578125 0.6506944444444445 0.0109375 0.02361111111111111
1 0.2703125 0.5569444444444445 0.01015625 0.018055555555555554
1 0.18515625 0.6847222222222222 0.01015625 0.029166666666666667
1 0.191796875 0.7166666666666667 0.009375 0.0125
1 0.112109375 0.6583333333333333 0.03203125 0.044444444444444446
1 0.24765625 0.7458333333333333 0.01484375 0.02638888888888889
1 0.232421875 0.74375 0.009375 0.0125
1 0.158203125 0.6986111111111111 0.015625 0.019444444444444445
1 0.253515625 0.8006944444444445 0.01328125 0.025
1 0.234765625 0.8819444444444444 0.0109375 0.018055555555555554
1 0.244921875 0.8965277777777778 0.00625 0.011111111111111112
1 0.233203125 0.9180555555555555 0.0109375 0.030555555555555555
1 0.241015625 0.9430555555555555 0.0078125 0.015277777777777777
1 0.207421875 0.8631944444444445 0.021875 0.03333333333333333
1 0.1921875 0.8694444444444445 0.0125 0.027777777777777776
1 0.168359375 0.9340277777777778 0.01171875 0.022222222222222223
1 0.20234375 0.9534722222222223 0.01875 0.03611111111111111
1 0.227734375 0.9833333333333333 0.009375 0.020833333333333332
1 0.34453125 0.9354166666666667 0.01328125 0.02361111111111111
1 0.337109375 0.8388888888888889 0.01328125 0.044444444444444446
1 0.375390625 0.78125 0.0109375 0.025
1 0.42109375 0.7576388888888889 0.00625 0.019444444444444445
1 0.407421875 0.8381944444444445 0.0078125 0.019444444444444445
1 0.395703125 0.9243055555555556 0.03671875 0.04583333333333333
1 0.36640625 0.9493055555555555 0.009375 0.013888888888888888
1 0.486328125 0.85 0.01640625 0.03333333333333333
1 0.469921875 0.8868055555555555 0.00546875 0.019444444444444445
1 0.470703125 0.9097222222222222 0.00703125 0.018055555555555554
1 0.521875 0.8569444444444444 0.01796875 0.02638888888888889
1 0.543359375 0.9 0.01171875 0.04027777777777778
1 0.52890625 0.9611111111111111 0.025 0.044444444444444446
1 0.489453125 0.7576388888888889 0.0203125 0.03194444444444444
1 0.534375 0.7736111111111111 0.01875 0.03611111111111111
1 0.535546875 0.8201388888888889 0.015625 0.05555555555555555
1 0.50234375 0.6909722222222222 0.015625 0.030555555555555555
1 0.512890625 0.7125 0.01171875 0.015277777777777777
1 0.516015625 0.6715277777777777 0.009375 0.015277777777777777
1 0.4703125 0.6451388888888889 0.0125 0.018055555555555554
1 0.35 0.6375 0.00859375 0.022222222222222223
1 0.333984375 0.6152777777777778 0.01484375 0.025
1 0.37890625 0.5541666666666667 0.00625 0.0125
1 0.42421875 0.5534722222222223 0.0125 0.02638888888888889
1 0.447265625 0.5277777777777778 0.00703125 0.016666666666666666
1 0.426953125 0.5902777777777778 0.00625 0.009722222222222222
1 0.50546875 0.5583333333333333 0.0109375 0.018055555555555554
1 0.4734375 0.5097222222222222 0.01796875 0.043055555555555555
1 0.4859375 0.46805555555555556 0.0125 0.025
1 0.4546875 0.4756944444444444 0.0109375 0.022222222222222223
1 0.396875 0.4576388888888889 0.01796875 0.0375
1 0.38203125 0.3798611111111111 0.0109375 0.022222222222222223
1 0.488671875 0.4965277777777778 0.00546875 0.016666666666666666
1 0.5078125 0.48819444444444443 0.01171875 0.022222222222222223
1 0.491796875 0.39444444444444443 0.0203125 0.0375
1 0.53125 0.28194444444444444 0.01875 0.03194444444444444
1 0.539453125 0.2951388888888889 0.0140625 0.027777777777777776
1 0.494140625 0.2638888888888889 0.0140625 0.020833333333333332
1 0.53828125 0.3236111111111111 0.0125 0.022222222222222223
1 0.5453125 0.41041666666666665 0.09296875 0.16111111111111112
1 0.58984375 0.3215277777777778 0.01953125 0.041666666666666664
1 0.445703125 0.20069444444444445 0.0453125 0.12777777777777777
1 0.41015625 0.1673611111111111 0.01015625 0.022222222222222223
1 0.376953125 0.2388888888888889 0.01484375 0.03611111111111111
1 0.365625 0.17152777777777778 0.0203125 0.041666666666666664
1 0.369140625 0.10902777777777778 0.01171875 0.019444444444444445
1 0.3328125 0.19166666666666668 0.0328125 0.1125
1 0.30703125 0.25833333333333336 0.00625 0.0125
1 0.34375 0.2590277777777778 0.00703125 0.008333333333333333
1 0.49296875 0.08958333333333333 0.0109375 0.030555555555555555
1 0.4 0.029166666666666667 0.0140625 0.025
1 0.519140625 0.03194444444444444 0.0078125 0.029166666666666667
1 0.53828125 0.05486111111111111 0.0109375 0.022222222222222223
1 0.53046875 0.11388888888888889 0.0328125 0.06388888888888888
1 0.54765625 0.18611111111111112 0.01484375 0.075
1 0.531640625 0.1673611111111111 0.01171875 0.02361111111111111
1 0.49765625 0.1875 0.01171875 0.02638888888888889
1 0.476171875 0.18611111111111112 0.0109375 0.025
1 0.568359375 0.2326388888888889 0.01875 0.029166666666666667
1 0.607421875 0.20902777777777778 0.02421875 0.05138888888888889
1 0.63515625 0.18611111111111112 0.0203125 0.041666666666666664
1 0.61953125 0.14722222222222223 0.021875 0.041666666666666664
1 0.55390625 0.25555555555555554 0.01171875 0.027777777777777776
1 0.647265625 0.26666666666666666 0.0171875 0.044444444444444446
1 0.615234375 0.02361111111111111 0.0140625 0.029166666666666667
1 0.628515625 0.006944444444444444 0.0125 0.013888888888888888
1 0.598828125 0.052083333333333336 0.0078125 0.020833333333333332
1 0.6734375 0.07222222222222222 0.06015625 0.09583333333333334
1 0.715625 0.06736111111111111 0.015625 0.0375
1 0.74140625 0.08888888888888889 0.0203125 0.05138888888888889
1 0.7390625 0.027083333333333334 0.08515625 0.05416666666666667
1 0.841796875 0.022222222222222223 0.03046875 0.044444444444444446
1 0.875390625 0.016666666666666666 0.0234375 0.03333333333333333
1 0.874609375 0.07083333333333333 0.03203125 0.06805555555555555
1 0.8234375 0.09861111111111111 0.0625 0.125
1 0.789453125 0.17430555555555555 0.01484375 0.025
1 0.773828125 0.22916666666666666 0.0203125 0.022222222222222223
1 0.7375 0.15694444444444444 0.01328125 0.02361111111111111
1 0.934765625 0.07222222222222222 0.02890625 0.04027777777777778
1 0.968359375 0.12222222222222222 0.034375 0.05416666666666667
1 0.96328125 0.16666666666666666 0.01953125 0.034722222222222224
1 0.87578125 0.15069444444444444 0.01640625 0.034722222222222224
1 0.929296875 0.16111111111111112 0.025 0.04722222222222222
1 0.91484375 0.14444444444444443 0.01171875 0.022222222222222223
1 0.904296875 0.18055555555555555 0.02421875 0.043055555555555555
1 0.93125 0.21944444444444444 0.0203125 0.03333333333333333
1 0.81328125 0.24166666666666667 0.00703125 0.009722222222222222
1 0.855078125 0.20208333333333334 0.00859375 0.015277777777777777
1 0.880078125 0.28194444444444444 0.02265625 0.044444444444444446
1 0.91015625 0.2743055555555556 0.0140625 0.018055555555555554
1 0.9125 0.23333333333333334 0.00859375 0.015277777777777777
1 0.9265625 0.24583333333333332 0.02265625 0.0125
1 0.92109375 0.19652777777777777 0.0140625 0.020833333333333332
1 0.797265625 0.26805555555555555 0.01640625 0.027777777777777776
1 0.737890625 0.22708333333333333 0.0359375 0.06805555555555555
1 0.765234375 0.30625 0.0328125 0.05
1 0.816015625 0.2965277777777778 0.0265625 0.03888888888888889
1 0.838671875 0.3055555555555556 0.015625 0.03194444444444444
1 0.815625 0.33055555555555555 0.01875 0.027777777777777776
1 0.789453125 0.33402777777777776 0.0265625 0.043055555555555555
1 0.745703125 0.3597222222222222 0.0359375 0.04861111111111111
1 0.659765625 0.31180555555555556 0.059375 0.07083333333333333
1 0.6265625 0.34444444444444444 0.0125 0.022222222222222223
1 0.625 0.37222222222222223 0.00703125 0.013888888888888888
1 0.662109375 0.38819444444444445 0.05078125 0.05138888888888889
1 0.626171875 0.40069444444444446 0.01328125 0.016666666666666666
1 0.653515625 0.4583333333333333 0.04609375 0.1111111111111111
1 0.77421875 0.39375 0.0078125 0.0125
1 0.8515625 0.4152777777777778 0.0390625 0.058333333333333334
1 0.904296875 0.36736111111111114 0.040625 0.09027777777777778
1 0.941796875 0.3326388888888889 0.01015625 0.016666666666666666
1 0.958203125 0.3576388888888889 0.0140625 0.030555555555555555
1 0.991015625 0.3638888888888889 0.0171875 0.020833333333333332
1 0.969140625 0.39861111111111114 0.0171875 0.04583333333333333
1 0.987109375 0.39652777777777776 0.01953125 0.02361111111111111
1 0.95859375 0.4395833333333333 0.021875 0.030555555555555555
1 0.9921875 0.44305555555555554 0.015625 0.027777777777777776
1 0.914453125 0.4638888888888889 0.071875 0.06666666666666667
1 0.953515625 0.5069444444444444 0.028125 0.030555555555555555
1 0.905078125 0.5618055555555556 0.01875 0.03194444444444444
1 0.93984375 0.5722222222222222 0.01015625 0.009722222222222222
1 0.996484375 0.5659722222222222 0.00703125 0.018055555555555554
1 0.802734375 0.475 0.03828125 0.14166666666666666
1 0.82890625 0.5159722222222223 0.01171875 0.029166666666666667
1 0.776953125 0.50625 0.02578125 0.05
1 0.825390625 0.5638888888888889 0.01640625 0.03194444444444444
1 0.799609375 0.5833333333333334 0.03046875 0.08055555555555556
1 0.771484375 0.5888888888888889 0.0078125 0.019444444444444445
1 0.869140625 0.6090277777777777 0.021875 0.03333333333333333
1 0.84765625 0.6270833333333333 0.01640625 0.02638888888888889
1 0.81796875 0.6402777777777777 0.0140625 0.030555555555555555
1 0.927734375 0.5944444444444444 0.00625 0.0125
1 0.948046875 0.6430555555555556 0.028125 0.09444444444444444
1 0.95625 0.7145833333333333 0.06953125 0.08333333333333333
1 0.89921875 0.6791666666666667 0.0109375 0.018055555555555554
1 0.880859375 0.6513888888888889 0.0078125 0.011111111111111112
1 0.873046875 0.6784722222222223 0.00859375 0.015277777777777777
1 0.83359375 0.7090277777777778 0.034375 0.06944444444444445
1 0.808203125 0.70625 0.01171875 0.03888888888888889
1 0.876953125 0.7423611111111111 0.0421875 0.06111111111111111
1 0.866796875 0.7847222222222222 0.01953125 0.022222222222222223
1 0.872265625 0.8159722222222222 0.03671875 0.05555555555555555
1 0.937109375 0.7951388888888888 0.0296875 0.05416666666666667
1 0.990625 0.7569444444444444 0.01875 0.04861111111111111
1 0.9890625 0.80625 0.00546875 0.009722222222222222
1 0.99609375 0.8055555555555556 0.0078125 0.041666666666666664
1 0.940625 0.8381944444444445 0.0234375 0.03611111111111111
1 0.96171875 0.7784722222222222 0.00546875 0.015277777777777777
1 0.960546875 0.8465277777777778 0.00703125 0.018055555555555554
1 0.89921875 0.8465277777777778 0.0078125 0.015277777777777777
1 0.936328125 0.9027777777777778 0.03359375 0.06805555555555555
1 0.96796875 0.9152777777777777 0.01484375 0.02638888888888889
1 0.99609375 0.925 0.00703125 0.02638888888888889
1 0.99609375 0.8534722222222222 0.0078125 0.03888888888888889
1 0.908984375 0.9069444444444444 0.0140625 0.03194444444444444
1 0.930859375 0.9666666666666667 0.02265625 0.03194444444444444
1 0.962109375 0.9493055555555555 0.01015625 0.013888888888888888
1 0.908203125 0.9708333333333333 0.01328125 0.018055555555555554
1 0.86796875 0.9888888888888889 0.0140625 0.020833333333333332
1 0.885546875 0.9583333333333334 0.01015625 0.009722222222222222
1 0.858203125 0.9076388888888889 0.009375 0.025
1 0.85546875 0.8791666666666667 0.01015625 0.022222222222222223
1 0.835546875 0.9055555555555556 0.01875 0.0375
1 0.819921875 0.9486111111111111 0.00546875 0.009722222222222222
1 0.814453125 0.8736111111111111 0.00859375 0.016666666666666666
1 0.8 0.8881944444444444 0.01015625 0.016666666666666666
1 0.80078125 0.8402777777777778 0.0140625 0.03333333333333333
1 0.78125 0.8222222222222222 0.02265625 0.04861111111111111
1 0.734765625 0.7923611111111111 0.03203125 0.04722222222222222
1 0.754296875 0.8354166666666667 0.01875 0.03194444444444444
1 0.757421875 0.7201388888888889 0.01796875 0.03194444444444444
1 0.7859375 0.6756944444444445 0.025 0.05277777777777778
1 0.721875 0.5847222222222223 0.0203125 0.030555555555555555
1 0.720703125 0.5319444444444444 0.03125 0.05138888888888889
1 0.6875 0.5347222222222222 0.015625 0.030555555555555555
1 0.7328125 0.61875 0.0109375 0.027777777777777776
1 0.721875 0.6486111111111111 0.01484375 0.029166666666666667
1 0.70859375 0.7263888888888889 0.040625 0.06388888888888888
1 0.683203125 0.6465277777777778 0.0234375 0.08472222222222223
1 0.63984375 0.575 0.05859375 0.09722222222222222
1 0.6078125 0.6333333333333333 0.028125 0.06527777777777778
1 0.5921875 0.6881944444444444 0.009375 0.018055555555555554
1 0.603125 0.7131944444444445 0.03046875 0.02361111111111111
1 0.648828125 0.6972222222222222 0.009375 0.016666666666666666
1 0.637109375 0.7194444444444444 0.0140625 0.013888888888888888
1 0.671875 0.7493055555555556 0.015625 0.022222222222222223
1 0.707421875 0.8513888888888889 0.04921875 0.0625
1 0.7421875 0.9402777777777778 0.028125 0.0375
1 0.75078125 0.9791666666666666 0.01328125 0.02361111111111111
1 0.695703125 0.9409722222222222 0.01953125 0.04722222222222222
1 0.636328125 0.8479166666666667 0.08125 0.05
1 0.665625 0.9 0.0375 0.06111111111111111
1 0.638671875 0.90625 0.01953125 0.03194444444444444
1 0.615625 0.9076388888888889 0.0375 0.06111111111111111
1 0.6359375 0.9638888888888889 0.07109375 0.058333333333333334
1 0.77265625 0.8895833333333333 0.00859375 0.018055555555555554
1 0.71640625 0.9243055555555556 0.01640625 0.022222222222222223
1 0.633984375 0.78125 0.03359375 0.03888888888888889
1 0.54609375 0.6291666666666667 0.021875 0.05138888888888889
1 0.5328125 0.5291666666666667 0.015625 0.0375