0 0.70703125 0.65 0.34375 0.4625
1 0.32578125 0.134375 0.021875 0.029166666666666667
1 0.025 0.31145833333333334 0.0203125 0.020833333333333332
1 0.14921875 0.371875 0.021875 0.014583333333333334
1 0.3640625 0.21770833333333334 0.0203125 0.027083333333333334
1 0.34375 0.21875 0.0140625 0.016666666666666666
1 0.31484375 0.3416666666666667 0.0234375 0.029166666666666667
1 0.45859375 0.265625 0.034375 0.03958333333333333
1 0.46875 0.196875 0.0234375 0.03125
1 0.434375 0.2125 0.0265625 0.03333333333333333
1 0.4328125 0.17604166666666668 0.01875 0.03333333333333333
1 0.59140625 0.19583333333333333 0.0296875 0.029166666666666667
1 0.55546875 0.05416666666666667 0.021875 0.03333333333333333
1 0.58046875 0.026041666666666668 0.0265625 0.03125
1 0.66640625 0.06041666666666667 0.0421875 0.06875
1 0.87734375 0.07083333333333333 0.0125 0.022916666666666665
1 0.8859375 0.09270833333333334 0.0203125 0.022916666666666665
1 0.9625 0.017708333333333333 0.0203125 0.022916666666666665
1 0.99453125 0.209375 0.0109375 0.020833333333333332
1 0.93125 0.24479166666666666 0.0328125 0.035416666666666666
1 0.828125 0.26979166666666665 0.025 0.029166666666666667
1 0.634375 0.30520833333333336 0.025 0.027083333333333334
1 0.6125 0.328125 0.0203125 0.025
1 0.9375 0.48333333333333334 0.0375 0.04375
1 0.88515625 0.44479166666666664 0.021875 0.022916666666666665
1 0.921875 0.45625 0.0296875 0.03958333333333333
1 0.6640625 0.3489583333333333 0.0125 0.029166666666666667
1 0.9046875 0.6541666666666667 0.0234375 0.03333333333333333
1 0.89140625 0.846875 0.034375 0.04375
1 0.8375 0.9802083333333333 0.0265625 0.03333333333333333
1 0.76171875 0.9375 0.0265625 0.03333333333333333
1 0.73828125 0.9041666666666667 0.0203125 0.027083333333333334
1 0.78125 0.8375 0.0328125 0.03125
1 0.7828125 0.7885416666666667 0.021875 0.03333333333333333
1 0.74921875 0.8 0.046875 0.09166666666666666
1 0.71328125 0.659375 0.040625 0.0375
1 0.5546875 0.75 0.025 0.03958333333333333
1 0.51953125 0.8208333333333333 0.0265625 0.016666666666666666
1 0.4046875 0.853125 0.021875 0.016666666666666666
1 0.3390625 0.73125 0.021875 0.029166666666666667
1 0.2984375 0.7833333333333333 0.03125 0.03125
1 0.37421875 0.98125 0.0234375 0.0375
1 0.4515625 0.8020833333333334 0.009375 0.0125
1 0.2890625 0.45729166666666665 0.0359375 0.035416666666666666
1 0.32265625 0.45208333333333334 0.0375 0.0625
1 0.49140625 0.5208333333333334 0.0171875 0.020833333333333332
1 0.41484375 0.5114583333333333 0.0125 0.0125
1 0.40078125 0.5291666666666667 0.009375 0.0125
1 0.4140625 0.5333333333333333 0.0140625 0.016666666666666666
0 0.54765625 0.042708333333333334 0.1453125 0.08333333333333333
0 0.72734375 0.24270833333333333 0.353125 0.48541666666666666
0 0.6484375 0.8416666666666667 0.15625 0.31666666666666665
0 0.73203125 0.49583333333333335 0.41875 0.38958333333333334