1 0.631640625 0.006944444444444444 0.0203125 0.013888888888888888
1 0.05859375 0.32916666666666666 0.00625 0.011111111111111112
1 0.04296875 0.39861111111111114 0.0140625 0.020833333333333332
0 0.08515625 0.059027777777777776 0.1703125 0.11805555555555555
0 0.0875 0.3229166666666667 0.11171875 0.4111111111111111
0 0.10078125 0.44166666666666665 0.2015625 0.2375
0 0.096484375 0.7173611111111111 0.103125 0.3013888888888889
0 0.079296875 0.8618055555555556 0.13359375 0.2763888888888889
0 0.67578125 0.9201388888888888 0.15390625 0.1597222222222222
0 0.69453125 0.6104166666666667 0.3515625 0.11666666666666667
0 0.616796875 0.08888888888888889 0.1546875 0.17777777777777778
1 0.094921875 0.01597222222222222 0.021875 0.03194444444444444
1 0.13984375 0.17222222222222222 0.03359375 0.07222222222222222
1 0.056640625 0.2513888888888889 0.01640625 0.03194444444444444
1 0.11640625 0.34791666666666665 0.0125 0.034722222222222224
1 0.161328125 0.5798611111111112 0.0125 0.03194444444444444
1 0.126171875 0.6277777777777778 0.0109375 0.043055555555555555
1 0.14453125 0.6388888888888888 0.02578125 0.0375
1 0.168359375 0.8611111111111112 0.025 0.03888888888888889
1 0.203515625 0.8868055555555555 0.0203125 0.04027777777777778
1 0.130078125 0.7354166666666667 0.00859375 0.022222222222222223
1 0.2671875 0.7493055555555556 0.02109375 0.030555555555555555
1 0.439453125 0.7409722222222223 0.02265625 0.027777777777777776
1 0.48203125 0.8659722222222223 0.02265625 0.03333333333333333
1 0.547265625 0.9729166666666667 0.05 0.05416666666666667
1 0.572265625 0.9423611111111111 0.015625 0.02361111111111111
1 0.726171875 0.9319444444444445 0.01484375 0.03333333333333333
1 0.86484375 0.9881944444444445 0.02578125 0.02361111111111111
1 0.856640625 0.9291666666666667 0.0234375 0.05138888888888889
1 0.878125 0.78125 0.0234375 0.03611111111111111
1 0.69765625 0.6875 0.01640625 0.019444444444444445
1 0.740625 0.6680555555555555 0.02265625 0.05277777777777778
1 0.7359375 0.7381944444444445 0.0171875 0.025
1 0.567578125 0.5923611111111111 0.01875 0.015277777777777777
1 0.5609375 0.6708333333333333 0.040625 0.09444444444444444
1 0.4859375 0.51875 0.02890625 0.07777777777777778
1 0.42421875 0.5826388888888889 0.01953125 0.022222222222222223
1 0.5609375 0.4576388888888889 0.00859375 0.019444444444444445
1 0.67578125 0.5104166666666666 0.0296875 0.04861111111111111
1 0.594140625 0.31666666666666665 0.0171875 0.03611111111111111
1 0.5234375 0.3402777777777778 0.009375 0.0125
1 0.566015625 0.1597222222222222 0.03359375 0.08055555555555556
1 0.65703125 0.2423611111111111 0.0265625 0.059722222222222225
1 0.7046875 0.2048611111111111 0.021875 0.0625
1 0.785546875 0.24791666666666667 0.02265625 0.04722222222222222
1 0.766015625 0.35138888888888886 0.02890625 0.06388888888888888
1 0.865234375 0.5215277777777778 0.0140625 0.029166666666666667
1 0.84140625 0.5722222222222222 0.01640625 0.041666666666666664
1 0.89609375 0.5576388888888889 0.01328125 0.0375
1 0.91328125 0.55 0.01640625 0.034722222222222224
1 0.96015625 0.5277777777777778 0.01328125 0.019444444444444445
1 0.97109375 0.6277777777777778 0.0203125 0.022222222222222223
1 0.91953125 0.27291666666666664 0.01796875 0.03333333333333333
1 0.68828125 0.10069444444444445 0.03203125 0.08055555555555556
1 0.16796875 0.08125 0.009375 0.011111111111111112