1 0.592578125 0.9652777777777778 0.03671875 0.058333333333333334
1 0.31015625 0.049305555555555554 0.03984375 0.058333333333333334
1 0.9484375 0.6701388888888888 0.04609375 0.0763888888888889
1 0.94140625 0.8270833333333333 0.03515625 0.04722222222222222
1 0.951953125 0.10347222222222222 0.0328125 0.05555555555555555
1 0.239453125 0.8180555555555555 0.02578125 0.034722222222222224
1 0.787890625 0.31527777777777777 0.04296875 0.05416666666666667
0 0.74375 0.8111111111111111 0.23203125 0.36666666666666664
1 0.860546875 0.3840277777777778 0.0171875 0.03194444444444444
0 0.624609375 0.37430555555555556 0.12890625 0.4513888888888889
0 0.634375 0.22291666666666668 0.31015625 0.2638888888888889
1 0.8046875 0.4701388888888889 0.0203125 0.034722222222222224
1 0.146875 0.5006944444444444 0.01796875 0.043055555555555555
1 0.868359375 0.6534722222222222 0.03203125 0.0763888888888889
1 0.24765625 0.15486111111111112 0.0265625 0.05138888888888889
1 0.2765625 0.7923611111111111 0.015625 0.043055555555555555
1 0.788671875 0.19166666666666668 0.02265625 0.05277777777777778
1 0.98359375 0.17777777777777778 0.0265625 0.05694444444444444
1 0.20625 0.2972222222222222 0.034375 0.06111111111111111
1 0.08046875 0.041666666666666664 0.02421875 0.05
0 0.141796875 0.4861111111111111 0.21484375 0.1597222222222222
1 0.257421875 0.7625 0.01640625 0.02361111111111111
1 0.2140625 0.8145833333333333 0.01484375 0.030555555555555555
1 0.1640625 0.5604166666666667 0.01953125 0.03194444444444444
1 0.38671875 0.41041666666666665 0.03125 0.05555555555555555
1 0.440234375 0.1111111111111111 0.0234375 0.043055555555555555
1 0.12109375 0.9770833333333333 0.0234375 0.041666666666666664
0 0.712109375 0.016666666666666666 0.03203125 0.03333333333333333
1 0.9671875 0.04583333333333333 0.02734375 0.03611111111111111
1 0.834765625 0.48680555555555555 0.01875 0.03194444444444444
1 0.78671875 0.6 0.028125 0.058333333333333334
1 0.228515625 0.11041666666666666 0.01875 0.034722222222222224
1 0.440234375 0.55625 0.01953125 0.03888888888888889
1 0.834765625 0.2791666666666667 0.0203125 0.0375
1 0.682421875 0.6493055555555556 0.04375 0.04861111111111111
1 0.6078125 0.4125 0.0203125 0.058333333333333334
0 0.143359375 0.02638888888888889 0.10390625 0.05138888888888889
1 0.763671875 0.02361111111111111 0.021875 0.041666666666666664
1 0.905078125 0.3951388888888889 0.0125 0.029166666666666667
1 0.21796875 0.6631944444444444 0.01484375 0.03333333333333333
1 0.148046875 0.3423611111111111 0.0171875 0.02638888888888889
1 0.680859375 0.30972222222222223 0.021875 0.0375
1 0.975 0.9770833333333333 0.025 0.04027777777777778
1 0.278125 0.7444444444444445 0.01640625 0.03194444444444444
1 0.718359375 0.34791666666666665 0.0140625 0.03194444444444444
1 0.73671875 0.6034722222222222 0.0265625 0.0375
0 0.17109375 0.8444444444444444 0.20546875 0.1111111111111111
1 0.88515625 0.37777777777777777 0.0140625 0.029166666666666667
1 0.70546875 0.32013888888888886 0.01484375 0.029166666666666667
1 0.62890625 0.7118055555555556 0.0203125 0.06388888888888888
1 0.451953125 0.2076388888888889 0.015625 0.022222222222222223
1 0.5875 0.022916666666666665 0.0203125 0.03888888888888889
1 0.930859375 0.7895833333333333 0.01640625 0.025
0 0.17265625 0.9770833333333333 0.0484375 0.04583333333333333
1 0.194140625 0.6638888888888889 0.01640625 0.04027777777777778
0 0.626953125 0.6361111111111111 0.0484375 0.044444444444444446
1 0.291796875 0.5576388888888889 0.01171875 0.018055555555555554
0 0.59375 0.043055555555555555 0.06328125 0.08611111111111111
1 0.3859375 0.7916666666666666 0.0125 0.025
1 0.424609375 0.7201388888888889 0.01328125 0.04027777777777778
1 0.303125 0.8222222222222222 0.01015625 0.022222222222222223
1 0.98984375 0.2076388888888889 0.0203125 0.020833333333333332
1 0.7171875 0.6486111111111111 0.03125 0.09166666666666666
1 0.65703125 0.5520833333333334 0.0140625 0.029166666666666667
1 0.437890625 0.36319444444444443 0.0140625 0.041666666666666664
1 0.373828125 0.45625 0.01640625 0.027777777777777776
0 0.168359375 0.3090277777777778 0.04921875 0.16111111111111112
0 0.684375 0.9395833333333333 0.0234375 0.12083333333333333