1 0.94375 0.715625 0.065625 0.07083333333333333
1 0.8359375 0.846875 0.021875 0.029166666666666667
1 0.70234375 0.8291666666666667 0.0890625 0.125
1 0.75859375 0.9739583333333334 0.05625 0.05
1 0.81328125 0.9260416666666667 0.0265625 0.03333333333333333
1 0.53671875 0.9604166666666667 0.0328125 0.07916666666666666
1 0.52578125 0.828125 0.0171875 0.016666666666666666
1 0.803125 0.5770833333333333 0.015625 0.022916666666666665
1 0.70859375 0.27708333333333335 0.0140625 0.025
1 0.40546875 0.5927083333333333 0.0171875 0.020833333333333332
1 0.74453125 0.013541666666666667 0.0375 0.027083333333333334
1 0.521875 0.08333333333333333 0.028125 0.03333333333333333
1 0.4734375 0.14270833333333333 0.0265625 0.022916666666666665
1 0.35234375 0.215625 0.03125 0.03125
1 0.37109375 0.28229166666666666 0.0234375 0.029166666666666667
1 0.859375 0.8177083333333334 0.0203125 0.027083333333333334
1 0.2625 0.25 0.0296875 0.041666666666666664
1 0.10234375 0.70625 0.0171875 0.01875
1 0.18984375 0.2625 0.0203125 0.029166666666666667
1 0.1875 0.09583333333333334 0.03125 0.027083333333333334
1 0.046875 0.007291666666666667 0.028125 0.014583333333333334
1 0.47421875 0.008333333333333333 0.0171875 0.016666666666666666
1 0.57265625 0.058333333333333334 0.028125 0.025
1 0.44921875 0.240625 0.021875 0.022916666666666665
1 0.53359375 0.321875 0.0171875 0.025
1 0.403125 0.5083333333333333 0.0140625 0.020833333333333332
1 0.46953125 0.5604166666666667 0.0140625 0.01875
1 0.66640625 0.24895833333333334 0.0234375 0.035416666666666666
1 0.60546875 0.165625 0.0171875 0.020833333333333332
1 0.8375 0.5927083333333333 0.0203125 0.027083333333333334
1 0.44296875 0.6208333333333333 0.01875 0.027083333333333334
1 0.2671875 0.5729166666666666 0.1046875 0.1125
1 0.03515625 0.6125 0.0328125 0.025
1 0.8125 0.8 0.0296875 0.022916666666666665
1 0.7828125 0.75 0.034375 0.03333333333333333
1 0.640625 0.85 0.0203125 0.027083333333333334
1 0.55625 0.8395833333333333 0.025 0.035416666666666666
1 0.45 0.8989583333333333 0.05 0.03125
1 0.70546875 0.9822916666666667 0.0171875 0.027083333333333334
1 0.6828125 0.971875 0.0203125 0.03125
1 0.61171875 0.9479166666666666 0.025 0.03333333333333333
1 0.43046875 0.965625 0.0265625 0.0375
1 0.40625 0.99375 0.0296875 0.0125
1 0.4625 0.809375 0.0296875 0.03125
1 0.6484375 0.6958333333333333 0.025 0.03333333333333333
1 0.46328125 0.7666666666666667 0.021875 0.022916666666666665
1 0.32734375 0.6729166666666667 0.025 0.03333333333333333
1 0.4953125 0.775 0.0171875 0.01875
1 0.5828125 0.8052083333333333 0.0390625 0.027083333333333334
1 0.5453125 0.7770833333333333 0.0171875 0.022916666666666665
1 0.5109375 0.475 0.028125 0.022916666666666665
1 0.465625 0.6739583333333333 0.0171875 0.020833333333333332
1 0.5515625 0.4166666666666667 0.0390625 0.06041666666666667
1 0.665625 0.321875 0.0328125 0.04375
1 0.6109375 0.36354166666666665 0.0734375 0.06041666666666667
1 0.5671875 0.22083333333333333 0.021875 0.03125
1 0.6109375 0.22083333333333333 0.0265625 0.027083333333333334
1 0.8203125 0.4395833333333333 0.015625 0.014583333333333334
1 0.7578125 0.33645833333333336 0.025 0.0625
1 0.86328125 0.15208333333333332 0.0234375 0.03125
1 0.7078125 0.11979166666666667 0.0328125 0.052083333333333336
1 0.78203125 0.11875 0.0203125 0.020833333333333332
1 0.909375 0.10625 0.0203125 0.01875
1 0.6234375 0.540625 0.140625 0.14375
1 0.709375 0.60625 0.01875 0.020833333333333332
1 0.69296875 0.6239583333333333 0.01875 0.020833333333333332
1 0.71328125 0.6927083333333334 0.028125 0.027083333333333334
1 0.56171875 0.909375 0.0171875 0.01875
0 0.67734375 0.026041666666666668 0.028125 0.04791666666666667
0 0.60078125 0.18645833333333334 0.15625 0.2375
0 0.62265625 0.39791666666666664 0.1203125 0.10833333333333334
0 0.63359375 0.6833333333333333 0.2640625 0.24375
0 0.6546875 0.9125 0.0796875 0.175
1 0.81328125 0.5177083333333333 0.046875 0.035416666666666666
1 0.8203125 0.7052083333333333 0.0421875 0.05625