1 0.625390625 0.7173611111111111 0.028125 0.06527777777777778
1 0.17890625 0.9854166666666667 0.01484375 0.029166666666666667
1 0.10625 0.9722222222222222 0.0234375 0.05555555555555555
1 0.231640625 0.9104166666666667 0.0359375 0.07361111111111111
1 0.135546875 0.8354166666666667 0.02109375 0.03888888888888889
1 0.158203125 0.7729166666666667 0.02890625 0.041666666666666664
1 0.36796875 0.9055555555555556 0.01640625 0.034722222222222224
1 0.406640625 0.9381944444444444 0.0171875 0.044444444444444446
1 0.193359375 0.7083333333333334 0.01796875 0.029166666666666667
1 0.200390625 0.6826388888888889 0.0140625 0.025
1 0.16640625 0.6534722222222222 0.01796875 0.02361111111111111
1 0.230078125 0.6277777777777778 0.0203125 0.027777777777777776
1 0.19296875 0.5604166666666667 0.0375 0.0875
1 0.157421875 0.5208333333333334 0.01796875 0.05277777777777778
1 0.2125 0.4444444444444444 0.03828125 0.09444444444444444
1 0.18984375 0.2388888888888889 0.01796875 0.030555555555555555
1 0.230859375 0.1638888888888889 0.01640625 0.03888888888888889
1 0.31015625 0.07569444444444444 0.02421875 0.03611111111111111
1 0.35234375 0.20625 0.02421875 0.03888888888888889
1 0.382421875 0.1986111111111111 0.03125 0.05694444444444444
1 0.43125 0.04791666666666667 0.03359375 0.058333333333333334
1 0.455859375 0.16041666666666668 0.0140625 0.034722222222222224
1 0.440625 0.18958333333333333 0.0125 0.02361111111111111
1 0.456640625 0.19791666666666666 0.0140625 0.030555555555555555
1 0.474609375 0.25416666666666665 0.053125 0.07222222222222222
1 0.50625 0.25416666666666665 0.01640625 0.0375
1 0.432421875 0.33611111111111114 0.02578125 0.03888888888888889
1 0.54375 0.07847222222222222 0.02890625 0.059722222222222225
1 0.54921875 0.019444444444444445 0.03046875 0.03888888888888889
1 0.6140625 0.0375 0.02109375 0.04583333333333333
1 0.58046875 0.31875 0.025 0.04722222222222222
1 0.524609375 0.40694444444444444 0.028125 0.05138888888888889
1 0.703125 0.22152777777777777 0.025 0.04861111111111111
1 0.743359375 0.24375 0.02109375 0.05
1 0.825 0.12152777777777778 0.0328125 0.06527777777777778
1 0.696875 0.08263888888888889 0.01484375 0.018055555555555554
1 0.62421875 0.8131944444444444 0.0171875 0.0375
1 0.57265625 0.7194444444444444 0.0203125 0.034722222222222224
1 0.726171875 0.8486111111111111 0.0296875 0.05138888888888889
1 0.980859375 0.025 0.02109375 0.0375
1 0.726171875 0.9375 0.025 0.041666666666666664
1 0.60546875 0.9576388888888889 0.02578125 0.04027777777777778
1 0.4296875 0.79375 0.0265625 0.044444444444444446
1 0.50390625 0.8284722222222223 0.01484375 0.03611111111111111
1 0.486328125 0.6618055555555555 0.06015625 0.08472222222222223
0 0.14140625 0.8590277777777777 0.25234375 0.28194444444444444
1 0.98046875 0.1638888888888889 0.02890625 0.04722222222222222
1 0.8828125 0.27569444444444446 0.01796875 0.04027777777777778
1 0.849609375 0.38263888888888886 0.0296875 0.05138888888888889
1 0.71875 0.49583333333333335 0.0265625 0.044444444444444446
1 0.763671875 0.4625 0.02109375 0.04583333333333333
1 0.828125 0.6013888888888889 0.034375 0.059722222222222225
1 0.796875 0.7611111111111111 0.02421875 0.03611111111111111
1 0.8546875 0.7486111111111111 0.0171875 0.022222222222222223
1 0.824609375 0.86875 0.021875 0.034722222222222224
1 0.630859375 0.5972222222222222 0.01796875 0.041666666666666664
1 0.897265625 0.40347222222222223 0.0125 0.02638888888888889
0 0.11640625 0.6763888888888889 0.21171875 0.14027777777777778
1 0.663671875 0.4791666666666667 0.02109375 0.04027777777777778
1 0.966015625 0.4597222222222222 0.06796875 0.20277777777777778
1 0.9890625 0.70625 0.01171875 0.03611111111111111
1 0.966796875 0.8805555555555555 0.028125 0.05416666666666667
1 0.99375 0.9868055555555556 0.0125 0.02638888888888889
0 0.105859375 0.36944444444444446 0.21171875 0.5027777777777778
0 0.1078125 0.25625 0.165625 0.5125
0 0.145703125 0.09583333333333334 0.08828125 0.19166666666666668
0 0.6421875 0.8548611111111111 0.13828125 0.2902777777777778
0 0.678125 0.8826388888888889 0.0671875 0.23472222222222222
0 0.683984375 0.6930555555555555 0.10703125 0.4375
0 0.727734375 0.4840277777777778 0.18828125 0.6069444444444444
0 0.645703125 0.21180555555555555 0.30859375 0.34444444444444444
0 0.6875 0.04027777777777778 0.05 0.08055555555555556