1 0.50625 0.4041666666666667 0.040625 0.0625
1 0.1609375 0.42083333333333334 0.10625 0.05416666666666667
1 0.18828125 0.3572916666666667 0.03125 0.029166666666666667
1 0.01953125 0.23645833333333333 0.0390625 0.04791666666666667
1 0.04375 0.18854166666666666 0.0296875 0.020833333333333332
1 0.09140625 0.24166666666666667 0.0171875 0.01875
1 0.1875 0.21875 0.028125 0.025
1 0.3296875 0.184375 0.0296875 0.041666666666666664
1 0.1140625 0.028125 0.0140625 0.014583333333333334
1 0.1640625 0.04791666666666667 0.0484375 0.07083333333333333
1 0.22421875 0.03958333333333333 0.0515625 0.01875
1 0.2765625 0.10416666666666667 0.0234375 0.025
1 0.34296875 0.1125 0.0171875 0.022916666666666665
1 0.4515625 0.04791666666666667 0.0125 0.016666666666666666
1 0.47578125 0.10625 0.0203125 0.041666666666666664
1 0.4734375 0.18333333333333332 0.0484375 0.029166666666666667
1 0.46484375 0.015625 0.0234375 0.03125
1 0.5015625 0.017708333333333333 0.03125 0.035416666666666666
1 0.77734375 0.14479166666666668 0.065625 0.07916666666666666
1 0.865625 0.11354166666666667 0.0359375 0.041666666666666664
1 0.73671875 0.06145833333333333 0.0265625 0.041666666666666664
1 0.7703125 0.057291666666666664 0.0125 0.01875
1 0.87109375 0.1875 0.0390625 0.03125
1 0.90234375 0.21770833333333334 0.0125 0.035416666666666666
1 0.7640625 0.3458333333333333 0.0328125 0.07291666666666667
1 0.81171875 0.38645833333333335 0.0265625 0.027083333333333334
1 0.53671875 0.33645833333333336 0.0234375 0.014583333333333334
1 0.40859375 0.2864583333333333 0.028125 0.06458333333333334
1 0.48828125 0.4739583333333333 0.0140625 0.016666666666666666
1 0.36875 0.38333333333333336 0.0109375 0.014583333333333334
1 0.55859375 0.553125 0.0203125 0.029166666666666667
1 0.4953125 0.64375 0.028125 0.03125
1 0.53671875 0.6291666666666667 0.0265625 0.035416666666666666
1 0.5921875 0.6208333333333333 0.01875 0.03125
1 0.5078125 0.7072916666666667 0.03125 0.022916666666666665
1 0.5609375 0.7072916666666667 0.034375 0.052083333333333336
1 0.59609375 0.6875 0.0109375 0.022916666666666665
1 0.6125 0.7395833333333334 0.028125 0.020833333333333332
1 0.43046875 0.8052083333333333 0.040625 0.03958333333333333
1 0.534375 0.9010416666666666 0.059375 0.06041666666666667
1 0.6234375 0.9729166666666667 0.0265625 0.020833333333333332
1 0.84375 0.85625 0.0421875 0.041666666666666664
1 0.88203125 0.940625 0.0328125 0.0375
1 0.9609375 0.925 0.03125 0.04583333333333333
1 0.8140625 0.784375 0.0609375 0.041666666666666664
1 0.98125 0.8104166666666667 0.0375 0.08541666666666667
1 0.91875 0.6791666666666667 0.021875 0.029166666666666667
1 0.88984375 0.515625 0.028125 0.03125
1 0.98203125 0.5875 0.021875 0.027083333333333334
1 0.7375 0.525 0.0328125 0.03333333333333333
1 0.91171875 0.38229166666666664 0.0203125 0.035416666666666666
1 0.834375 0.29375 0.0265625 0.025
1 0.596875 0.27708333333333335 0.0203125 0.0125
1 0.39453125 0.08125 0.0140625 0.020833333333333332
1 0.32265625 0.9677083333333333 0.0421875 0.03958333333333333
1 0.234375 0.9666666666666667 0.0234375 0.027083333333333334
1 0.26328125 0.9645833333333333 0.0203125 0.029166666666666667
1 0.246875 0.9260416666666667 0.025 0.022916666666666665
1 0.13359375 0.9833333333333333 0.0359375 0.03333333333333333
1 0.12265625 0.88125 0.021875 0.027083333333333334
1 0.0796875 0.815625 0.0296875 0.03333333333333333
1 0.159375 0.809375 0.03125 0.04791666666666667
1 0.22578125 0.7260416666666667 0.0515625 0.06458333333333334
1 0.30546875 0.6041666666666666 0.0265625 0.03125
1 0.3640625 0.7802083333333333 0.01875 0.020833333333333332
1 0.38125 0.7458333333333333 0.0109375 0.014583333333333334
0 0.33671875 0.875 0.1953125 0.10416666666666667
0 0.3640625 0.659375 0.0734375 0.32083333333333336
0 0.29609375 0.25625 0.2140625 0.2520833333333333
0 0.37109375 0.06458333333333334 0.1296875 0.12916666666666668