1 0.3921875 0.9739583333333334 0.01875 0.025
1 0.41640625 0.05520833333333333 0.0203125 0.022916666666666665
1 0.7875 0.8177083333333334 0.0859375 0.07083333333333333
1 0.7234375 0.5083333333333333 0.0734375 0.08958333333333333
1 0.553125 0.5270833333333333 0.0234375 0.03333333333333333
1 0.7015625 0.321875 0.05 0.09166666666666666
1 0.740625 0.253125 0.0234375 0.05
1 0.82578125 0.20625 0.046875 0.06041666666666667
1 0.6765625 0.15833333333333333 0.0515625 0.05
1 0.85546875 0.15 0.034375 0.03958333333333333
1 0.77421875 0.019791666666666666 0.0609375 0.035416666666666666
1 0.7859375 0.13958333333333334 0.0390625 0.041666666666666664
1 0.7875 0.24583333333333332 0.040625 0.04583333333333333
1 0.69765625 0.10625 0.028125 0.04375
1 0.88984375 0.5645833333333333 0.025 0.03125
1 0.89296875 0.478125 0.0265625 0.03333333333333333
1 0.584375 0.9885416666666667 0.0265625 0.022916666666666665
1 0.7234375 0.9135416666666667 0.028125 0.04791666666666667
1 0.6703125 0.73125 0.034375 0.04375
1 0.5625 0.7416666666666667 0.0234375 0.03333333333333333
1 0.334375 0.7989583333333333 0.0234375 0.03125
1 0.171875 0.7822916666666667 0.0234375 0.0375
1 0.27578125 0.6145833333333334 0.028125 0.0375
1 0.40859375 0.5760416666666667 0.025 0.027083333333333334
1 0.5140625 0.6989583333333333 0.025 0.03333333333333333
1 0.65625 0.9572916666666667 0.03125 0.035416666666666666
1 0.7875 0.7135416666666666 0.0234375 0.025
1 0.26015625 0.5208333333333334 0.021875 0.025
1 0.51953125 0.625 0.0328125 0.025
1 0.0125 0.3645833333333333 0.021875 0.03125
1 0.01484375 0.678125 0.0203125 0.041666666666666664
1 0.46953125 0.3229166666666667 0.0328125 0.027083333333333334
1 0.6875 0.4510416666666667 0.0203125 0.027083333333333334
1 0.78125 0.35833333333333334 0.01875 0.025
1 0.6359375 0.24791666666666667 0.028125 0.035416666666666666
1 0.43828125 0.13020833333333334 0.03125 0.03125
1 0.25078125 0.10208333333333333 0.0296875 0.027083333333333334
1 0.04609375 0.15104166666666666 0.046875 0.03958333333333333
1 0.0359375 0.07916666666666666 0.0328125 0.03333333333333333
1 0.359375 0.4739583333333333 0.01875 0.020833333333333332
1 0.34296875 0.7510416666666667 0.01875 0.027083333333333334
1 0.32734375 0.9677083333333333 0.025 0.025
1 0.29609375 0.9822916666666667 0.028125 0.035416666666666666
1 0.7671875 0.75625 0.040625 0.025
1 0.59609375 0.6104166666666667 0.021875 0.025
1 0.6359375 0.4125 0.0203125 0.020833333333333332
1 0.5921875 0.03854166666666667 0.0203125 0.025
1 0.35078125 0.2635416666666667 0.028125 0.04583333333333333
1 0.8125 0.384375 0.0265625 0.03333333333333333
1 0.3890625 0.9010416666666666 0.03125 0.03958333333333333
0 0.50546875 0.9145833333333333 0.25 0.12083333333333333
0 0.5296875 0.190625 0.1859375 0.16041666666666668
1 0.03984375 0.509375 0.0296875 0.029166666666666667