0 0.52265625 0.9229166666666667 0.05 0.15416666666666667
1 0.9546875 0.47291666666666665 0.0125 0.020833333333333332
1 0.93359375 0.89375 0.01875 0.014583333333333334
1 0.93515625 0.978125 0.015625 0.022916666666666665
1 0.9125 0.821875 0.01875 0.014583333333333334
1 0.86953125 0.16458333333333333 0.0265625 0.03125
1 0.87734375 0.18333333333333332 0.0203125 0.022916666666666665
1 0.8484375 0.042708333333333334 0.025 0.025
1 0.83125 0.05520833333333333 0.021875 0.022916666666666665
1 0.7484375 0.13020833333333334 0.0203125 0.027083333333333334
1 0.71796875 0.008333333333333333 0.0171875 0.016666666666666666
1 0.73203125 0.0125 0.0125 0.020833333333333332
1 0.54140625 0.409375 0.0125 0.0125
1 0.03046875 0.9645833333333333 0.0140625 0.020833333333333332
1 0.009375 0.9354166666666667 0.0125 0.014583333333333334
1 0.0078125 0.9864583333333333 0.0109375 0.022916666666666665
1 0.12265625 0.5447916666666667 0.0140625 0.03333333333333333
1 0.190625 0.3854166666666667 0.0140625 0.020833333333333332
1 0.21328125 0.40729166666666666 0.009375 0.010416666666666666
1 0.421875 0.31145833333333334 0.015625 0.01875
1 0.534375 0.0125 0.0171875 0.025
0 0.67265625 0.08541666666666667 0.21875 0.17083333333333334
0 0.478125 0.26145833333333335 0.309375 0.5229166666666667
0 0.62890625 0.575 0.5515625 0.3333333333333333
0 0.59296875 0.7677083333333333 0.4125 0.36666666666666664
1 0.40546875 0.9916666666666667 0.0171875 0.016666666666666666
1 0.546875 0.340625 0.034375 0.041666666666666664
1 0.453125 0.28958333333333336 0.015625 0.01875
1 0.45859375 0.25729166666666664 0.025 0.027083333333333334
1 0.1734375 0.38958333333333334 0.0109375 0.014583333333333334
1 0.1828125 0.3875 0.0125 0.010416666666666666
1 0.21328125 0.35520833333333335 0.01875 0.027083333333333334
1 0.22734375 0.3385416666666667 0.0234375 0.029166666666666667
1 0.4 0.19479166666666667 0.021875 0.025
1 0.29921875 0.11041666666666666 0.0171875 0.022916666666666665
1 0.28125 0.15416666666666667 0.046875 0.0375
1 0.28203125 0.13020833333333334 0.025 0.027083333333333334
1 0.21875 0.15208333333333332 0.0171875 0.0125
1 0.24921875 0.17083333333333334 0.009375 0.0125
1 0.23125 0.18020833333333333 0.025 0.0375
1 0.5265625 0.3697916666666667 0.0203125 0.027083333333333334
1 0.54921875 0.3697916666666667 0.021875 0.029166666666666667
1 0.6 0.3260416666666667 0.0375 0.03333333333333333
1 0.52109375 0.07604166666666666 0.0203125 0.03125
1 0.53828125 0.07083333333333333 0.0125 0.022916666666666665
1 0.55234375 0.08125 0.0296875 0.0375
1 0.31015625 0.5375 0.0203125 0.01875
1 0.40859375 0.6010416666666667 0.015625 0.0125
1 0.41796875 0.6177083333333333 0.0125 0.025
1 0.43203125 0.6072916666666667 0.01875 0.01875
1 0.20859375 0.70625 0.0265625 0.03125
1 0.1890625 0.7020833333333333 0.015625 0.020833333333333332
1 0.17890625 0.70625 0.0078125 0.00625
1 0.15078125 0.734375 0.015625 0.016666666666666666
1 0.15859375 0.7458333333333333 0.009375 0.0125
1 0.3390625 0.8177083333333334 0.0453125 0.04583333333333333
1 0.24765625 0.8854166666666666 0.021875 0.03958333333333333
1 0.25859375 0.9791666666666666 0.015625 0.01875
1 0.46328125 0.959375 0.0265625 0.05625
1 0.4921875 0.9645833333333333 0.0265625 0.03333333333333333
1 0.52890625 0.9072916666666667 0.01875 0.029166666666666667
1 0.603125 0.85625 0.0203125 0.029166666666666667
1 0.653125 0.7760416666666666 0.0125 0.016666666666666666
1 0.6546875 0.8010416666666667 0.0328125 0.03125
1 0.61640625 0.503125 0.01875 0.0125
1 0.6171875 0.5302083333333333 0.0328125 0.04375
1 0.53046875 0.46041666666666664 0.015625 0.01875
1 0.8203125 0.37395833333333334 0.0328125 0.05
1 0.9296875 0.43854166666666666 0.015625 0.01875
1 0.95703125 0.4354166666666667 0.0328125 0.025
1 0.940625 0.4479166666666667 0.0125 0.0125