1 0.252734375 0.7027777777777777 0.0125 0.02638888888888889
1 0.78828125 0.43680555555555556 0.015625 0.034722222222222224
1 0.553125 0.7583333333333333 0.03046875 0.06388888888888888
1 0.45859375 0.8347222222222223 0.02109375 0.029166666666666667
1 0.917578125 0.9819444444444444 0.0171875 0.03194444444444444
1 0.097265625 0.5923611111111111 0.01640625 0.03611111111111111
1 0.55703125 0.45208333333333334 0.01328125 0.03611111111111111
1 0.423828125 0.05625 0.01953125 0.02638888888888889
1 0.2046875 0.7020833333333333 0.01484375 0.022222222222222223
1 0.873828125 0.15486111111111112 0.01640625 0.02361111111111111
1 0.856640625 0.027083333333333334 0.0203125 0.03194444444444444
1 0.9875 0.1451388888888889 0.01953125 0.06388888888888888
1 0.4078125 0.2152777777777778 0.01328125 0.03194444444444444
1 0.573828125 0.030555555555555555 0.02890625 0.029166666666666667
1 0.80546875 0.7777777777777778 0.0203125 0.0375
1 0.498828125 0.35138888888888886 0.0125 0.018055555555555554
1 0.975390625 0.6361111111111111 0.0125 0.03333333333333333
1 0.214453125 0.6284722222222222 0.01640625 0.04027777777777778
1 0.55625 0.5770833333333333 0.01484375 0.030555555555555555
1 0.86875 0.7826388888888889 0.01484375 0.03333333333333333
0 0.609765625 0.3958333333333333 0.171875 0.4736111111111111
1 0.785546875 0.35208333333333336 0.021875 0.0375
1 0.724609375 0.13402777777777777 0.046875 0.09583333333333334
1 0.18671875 0.35138888888888886 0.02265625 0.03194444444444444
0 0.11171875 0.1486111111111111 0.21953125 0.2972222222222222
1 0.823046875 0.975 0.025 0.04861111111111111
1 0.539453125 0.3402777777777778 0.03515625 0.06388888888888888
1 0.167578125 0.18541666666666667 0.0546875 0.10694444444444444
1 0.062890625 0.33611111111111114 0.01796875 0.03194444444444444
1 0.760546875 0.43472222222222223 0.02734375 0.04583333333333333
1 0.67890625 0.13680555555555557 0.040625 0.09444444444444444
1 0.553515625 0.2604166666666667 0.01640625 0.034722222222222224
0 0.62265625 0.7694444444444445 0.15390625 0.4486111111111111
1 0.805078125 0.30069444444444443 0.02109375 0.043055555555555555
1 0.81015625 0.12430555555555556 0.0234375 0.041666666666666664
1 0.540234375 0.17430555555555555 0.03359375 0.05416666666666667
1 0.831640625 0.33958333333333335 0.02890625 0.058333333333333334
1 0.74609375 0.5145833333333333 0.02109375 0.04027777777777778
1 0.5875 0.6201388888888889 0.0234375 0.030555555555555555
1 0.066796875 0.4625 0.0421875 0.07777777777777778
1 0.48984375 0.8381944444444445 0.01796875 0.03611111111111111
1 0.752734375 0.7986111111111112 0.02421875 0.04861111111111111
1 0.628125 0.7222222222222222 0.01640625 0.03333333333333333
1 0.3578125 0.6798611111111111 0.0125 0.022222222222222223
1 0.40703125 0.1597222222222222 0.0234375 0.03888888888888889
1 0.472265625 0.9409722222222222 0.0140625 0.025
1 0.990234375 0.2375 0.01328125 0.043055555555555555
1 0.574609375 0.5868055555555556 0.01640625 0.03194444444444444
1 0.3765625 0.1 0.02578125 0.05277777777777778
1 0.3640625 0.8236111111111111 0.02109375 0.04861111111111111
1 0.0875 0.7784722222222222 0.0125 0.019444444444444445
1 0.475390625 0.7013888888888888 0.0234375 0.0375
1 0.917578125 0.3326388888888889 0.05859375 0.11805555555555555
0 0.09453125 0.8388888888888889 0.1890625 0.2013888888888889
1 0.937890625 0.06805555555555555 0.02109375 0.04027777777777778
1 0.778515625 0.46597222222222223 0.0140625 0.025
1 0.733203125 0.98125 0.01640625 0.03333333333333333
1 0.66015625 0.34305555555555556 0.02421875 0.04583333333333333
1 0.046484375 0.22708333333333333 0.02109375 0.04861111111111111
1 0.318359375 0.1763888888888889 0.021875 0.03194444444444444
1 0.88046875 0.36666666666666664 0.04765625 0.12361111111111112
1 0.40859375 0.69375 0.02578125 0.08333333333333333
1 0.333984375 0.15208333333333332 0.0140625 0.022222222222222223
1 0.59375 0.23402777777777778 0.01484375 0.029166666666666667
1 0.62578125 0.5236111111111111 0.03984375 0.125
1 0.921484375 0.1284722222222222 0.028125 0.04027777777777778
0 0.59453125 0.22569444444444445 0.115625 0.4513888888888889
1 0.298046875 0.7409722222222223 0.01640625 0.03333333333333333
1 0.704296875 0.7236111111111111 0.01015625 0.020833333333333332
1 0.82734375 0.43194444444444446 0.015625 0.022222222222222223
1 0.413671875 0.6319444444444444 0.0140625 0.018055555555555554
1 0.906640625 0.0375 0.05390625 0.07361111111111111
0 0.10703125 0.3993055555555556 0.21015625 0.08333333333333333
1 0.71328125 0.2951388888888889 0.01640625 0.03333333333333333
1 0.403125 0.9819444444444444 0.01328125 0.022222222222222223