0 0.6671875 0.8826388888888889 0.03671875 0.23472222222222222
1 0.215234375 0.00625 0.01640625 0.0125
1 0.216015625 0.2951388888888889 0.02265625 0.025
1 0.159375 0.9305555555555556 0.04140625 0.058333333333333334
1 0.188671875 0.8833333333333333 0.04453125 0.07361111111111111
0 0.08515625 0.10069444444444445 0.125 0.2013888888888889
1 0.198828125 0.05416666666666667 0.05234375 0.08472222222222223
1 0.25390625 0.6729166666666667 0.01640625 0.041666666666666664
0 0.116015625 0.8541666666666666 0.23203125 0.15138888888888888
1 0.62109375 0.7798611111111111 0.03046875 0.05416666666666667
1 0.192578125 0.3923611111111111 0.0296875 0.06111111111111111
1 0.97890625 0.20416666666666666 0.01953125 0.03333333333333333
1 0.713671875 0.9402777777777778 0.02578125 0.06944444444444445
1 0.223828125 0.1638888888888889 0.05078125 0.075
1 0.851953125 0.55 0.01796875 0.030555555555555555
1 0.95390625 0.6236111111111111 0.053125 0.0625
1 0.763671875 0.28958333333333336 0.0125 0.027777777777777776
1 0.476171875 0.8895833333333333 0.0109375 0.02638888888888889
1 0.60703125 0.034722222222222224 0.01328125 0.027777777777777776
1 0.828515625 0.33055555555555555 0.0109375 0.016666666666666666
1 0.169921875 0.5020833333333333 0.01484375 0.020833333333333332
1 0.31484375 0.22361111111111112 0.01015625 0.019444444444444445
1 0.075390625 0.80625 0.01171875 0.022222222222222223
1 0.619921875 0.3576388888888889 0.009375 0.022222222222222223
1 0.260546875 0.18958333333333333 0.0125 0.022222222222222223
1 0.97734375 0.25416666666666665 0.0109375 0.018055555555555554
1 0.746484375 0.5777777777777777 0.0125 0.016666666666666666
1 0.519140625 0.12430555555555556 0.01015625 0.022222222222222223
1 0.851171875 0.8958333333333334 0.009375 0.016666666666666666
0 0.591796875 0.11458333333333333 0.03359375 0.22777777777777777
1 0.5859375 0.5833333333333334 0.01796875 0.041666666666666664
1 0.771484375 0.8458333333333333 0.01953125 0.043055555555555555
1 0.212890625 0.9569444444444445 0.034375 0.06666666666666667
1 0.87578125 0.7451388888888889 0.06015625 0.075
1 0.180859375 0.75 0.0265625 0.03888888888888889
1 0.966796875 0.7659722222222223 0.03359375 0.05694444444444444
1 0.240625 0.475 0.02265625 0.03611111111111111
0 0.1015625 0.13472222222222222 0.203125 0.2652777777777778
1 0.81484375 0.16111111111111112 0.01328125 0.029166666666666667
0 0.691796875 0.4 0.17421875 0.5847222222222223
1 0.746875 0.6256944444444444 0.015625 0.027777777777777776
1 0.198046875 0.7743055555555556 0.01796875 0.03611111111111111
1 0.753125 0.5201388888888889 0.01484375 0.03194444444444444
1 0.15234375 0.7180555555555556 0.0125 0.02361111111111111
1 0.714453125 0.5965277777777778 0.0203125 0.03333333333333333
1 0.63359375 0.59375 0.0125 0.025
0 0.118359375 0.6638888888888889 0.2078125 0.175
1 0.698046875 0.6694444444444444 0.0203125 0.03333333333333333
1 0.232421875 0.37083333333333335 0.01640625 0.03333333333333333
1 0.576953125 0.9013888888888889 0.028125 0.04027777777777778
1 0.69453125 0.5715277777777777 0.01875 0.05277777777777778
1 0.708203125 0.03194444444444444 0.0265625 0.044444444444444446
1 0.192578125 0.3215277777777778 0.028125 0.05555555555555555
1 0.5171875 0.175 0.01796875 0.02638888888888889
1 0.28515625 0.4534722222222222 0.01640625 0.034722222222222224
1 0.599609375 0.6590277777777778 0.0234375 0.04861111111111111
1 0.2296875 0.7659722222222223 0.028125 0.043055555555555555
1 0.162890625 0.4097222222222222 0.0265625 0.05138888888888889
1 0.982421875 0.8666666666666667 0.02890625 0.05
1 0.236328125 0.5902777777777778 0.03046875 0.04027777777777778
1 0.667578125 0.22083333333333333 0.025 0.03611111111111111
1 0.773828125 0.38472222222222224 0.01484375 0.03194444444444444
1 0.137109375 0.2826388888888889 0.01796875 0.03888888888888889
1 0.10859375 0.5416666666666666 0.01328125 0.022222222222222223
1 0.8625 0.029166666666666667 0.01796875 0.0375
1 0.42734375 0.2548611111111111 0.02109375 0.030555555555555555
1 0.594140625 0.9715277777777778 0.01640625 0.030555555555555555
1 0.828125 0.09027777777777778 0.0140625 0.025
1 0.54140625 0.6680555555555555 0.01171875 0.02638888888888889
1 0.649609375 0.5861111111111111 0.0140625 0.041666666666666664
1 0.319140625 0.5604166666666667 0.01484375 0.029166666666666667
1 0.620703125 0.5326388888888889 0.0109375 0.027777777777777776
1 0.276171875 0.17430555555555555 0.015625 0.034722222222222224
1 0.92109375 0.009722222222222222 0.01484375 0.019444444444444445
1 0.71875 0.8083333333333333 0.01875 0.029166666666666667
1 0.521484375 0.6138888888888889 0.0109375 0.019444444444444445
1 0.969921875 0.11041666666666666 0.01328125 0.03611111111111111
1 0.54921875 0.6416666666666667 0.01328125 0.030555555555555555
1 0.11640625 0.9395833333333333 0.0109375 0.018055555555555554
0 0.713671875 0.6555555555555556 0.23046875 0.3597222222222222
0 0.6671875 0.1486111111111111 0.3 0.29305555555555557
1 0.91484375 0.4736111111111111 0.02578125 0.04583333333333333
1 0.877734375 0.6270833333333333 0.025 0.05277777777777778
1 0.586328125 0.22916666666666666 0.06015625 0.10416666666666667
0 0.12421875 0.41597222222222224 0.2453125 0.4152777777777778
1 0.215234375 0.6729166666666667 0.025 0.03194444444444444