1 0.803515625 0.6020833333333333 0.0203125 0.04861111111111111
1 0.265625 0.13194444444444445 0.025 0.075
1 0.1953125 0.14027777777777778 0.01796875 0.03333333333333333
1 0.328125 0.1451388888888889 0.0109375 0.022222222222222223
1 0.36171875 0.1125 0.01796875 0.027777777777777776
1 0.371484375 0.06458333333333334 0.01953125 0.059722222222222225
1 0.328125 0.18194444444444444 0.0125 0.018055555555555554
0 0.68359375 0.11319444444444444 0.27421875 0.2263888888888889
0 0.656640625 0.2375 0.09921875 0.475
0 0.657421875 0.8701388888888889 0.09375 0.25972222222222224
0 0.67265625 0.8027777777777778 0.1921875 0.39444444444444443
0 0.11953125 0.9527777777777777 0.128125 0.09444444444444444
0 0.096484375 0.8756944444444444 0.19296875 0.24861111111111112
0 0.121484375 0.5055555555555555 0.2328125 0.24166666666666667
0 0.08125 0.31527777777777777 0.1625 0.4791666666666667
0 0.134375 0.1284722222222222 0.14921875 0.2569444444444444
1 0.615234375 0.4013888888888889 0.01640625 0.027777777777777776
1 0.94296875 0.7173611111111111 0.01328125 0.025
1 0.73671875 0.09583333333333334 0.01015625 0.027777777777777776
1 0.69453125 0.16666666666666666 0.0234375 0.041666666666666664
1 0.456640625 0.7743055555555556 0.01171875 0.03333333333333333
1 0.53203125 0.8180555555555555 0.02734375 0.05416666666666667
1 0.47734375 0.7993055555555556 0.02734375 0.05
1 0.507421875 0.9715277777777778 0.034375 0.05694444444444444
1 0.581640625 0.9930555555555556 0.01953125 0.013888888888888888
1 0.5484375 0.9479166666666666 0.040625 0.0625
1 0.566015625 0.85625 0.01875 0.03194444444444444
1 0.698046875 0.8347222222222223 0.01953125 0.04861111111111111
1 0.803125 0.9083333333333333 0.0125 0.02361111111111111
1 0.951171875 0.44722222222222224 0.0296875 0.04861111111111111
1 0.984375 0.21458333333333332 0.01875 0.03333333333333333
1 0.891015625 0.052083333333333336 0.01640625 0.025
1 0.791015625 0.3111111111111111 0.028125 0.06388888888888888
1 0.731640625 0.3090277777777778 0.02578125 0.06805555555555555
1 0.71015625 0.4708333333333333 0.01875 0.029166666666666667
1 0.6625 0.5465277777777777 0.015625 0.044444444444444446
1 0.581640625 0.4840277777777778 0.06875 0.10277777777777777
1 0.376953125 0.5215277777777778 0.0140625 0.02638888888888889
1 0.5078125 0.5284722222222222 0.04296875 0.08888888888888889
1 0.4546875 0.46319444444444446 0.01875 0.03611111111111111
1 0.519140625 0.31527777777777777 0.02109375 0.044444444444444446
1 0.598046875 0.24375 0.0125 0.02638888888888889
1 0.58046875 0.20694444444444443 0.0140625 0.04027777777777778
1 0.51953125 0.1909722222222222 0.01484375 0.03611111111111111
1 0.536328125 0.13680555555555557 0.0296875 0.0625
1 0.5828125 0.10972222222222222 0.0171875 0.02638888888888889
1 0.444140625 0.22569444444444445 0.13828125 0.2722222222222222
1 0.52265625 0.7097222222222223 0.02890625 0.05277777777777778
1 0.558203125 0.6319444444444444 0.040625 0.06388888888888888
1 0.43359375 0.6423611111111112 0.01953125 0.03333333333333333
1 0.416015625 0.7 0.01484375 0.02361111111111111
1 0.315625 0.8722222222222222 0.04453125 0.075
1 0.38125 0.8930555555555556 0.0296875 0.04583333333333333
1 0.420703125 0.9138888888888889 0.0125 0.03194444444444444
1 0.44296875 0.9618055555555556 0.02109375 0.029166666666666667
1 0.485546875 0.8715277777777778 0.0359375 0.05
1 0.2234375 0.9576388888888889 0.02734375 0.06111111111111111
1 0.178515625 0.7736111111111111 0.01484375 0.025
1 0.3203125 0.6479166666666667 0.03984375 0.06111111111111111
1 0.21796875 0.5909722222222222 0.02890625 0.058333333333333334
1 0.496484375 0.6145833333333334 0.028125 0.044444444444444446
1 0.24375 0.43472222222222223 0.01796875 0.025
1 0.416796875 0.42430555555555555 0.01015625 0.025
1 0.06953125 0.7895833333333333 0.03359375 0.04027777777777778
1 0.085546875 0.6930555555555555 0.0296875 0.030555555555555555
1 0.068359375 0.4097222222222222 0.01484375 0.025
1 0.04765625 0.2423611111111111 0.0171875 0.02638888888888889
1 0.085546875 0.22152777777777777 0.0171875 0.027777777777777776
1 0.096875 0.18125 0.0171875 0.027777777777777776
1 0.220703125 0.018055555555555554 0.0203125 0.03611111111111111
1 0.396484375 0.011805555555555555 0.01796875 0.02361111111111111