0 0.45234375 0.096875 0.065625 0.19375
1 0.08359375 0.4083333333333333 0.04375 0.06041666666666667
1 0.25546875 0.55625 0.028125 0.03125
1 0.9359375 0.0875 0.0203125 0.022916666666666665
1 0.9875 0.14791666666666667 0.025 0.0375
1 0.94296875 0.278125 0.0375 0.029166666666666667
1 0.6640625 0.051041666666666666 0.028125 0.058333333333333334
1 0.49765625 0.08854166666666667 0.015625 0.025
1 0.33515625 0.01875 0.0234375 0.0375
1 0.36796875 0.11041666666666666 0.021875 0.03333333333333333
1 0.32265625 0.109375 0.0140625 0.022916666666666665
1 0.309375 0.23645833333333333 0.0234375 0.041666666666666664
1 0.27890625 0.30625 0.0390625 0.03958333333333333
1 0.37578125 0.3802083333333333 0.0296875 0.03958333333333333
1 0.51484375 0.36354166666666665 0.0234375 0.03333333333333333
1 0.4375 0.35 0.03125 0.03958333333333333
1 0.6203125 0.296875 0.0265625 0.05
1 0.5484375 0.584375 0.028125 0.0375
1 0.5125 0.5989583333333334 0.03125 0.0375
1 0.7078125 0.4583333333333333 0.0359375 0.052083333333333336
1 0.8921875 0.43854166666666666 0.0203125 0.025
1 0.83671875 0.51875 0.0140625 0.03125
1 0.98125 0.425 0.0125 0.020833333333333332
1 0.79765625 0.5333333333333333 0.0453125 0.058333333333333334
1 0.88046875 0.7083333333333334 0.015625 0.03125
1 0.7484375 0.8979166666666667 0.0265625 0.03125
1 0.72890625 0.8010416666666667 0.03125 0.0375
1 0.62421875 0.8125 0.025 0.04791666666666667
1 0.4125 0.8010416666666667 0.0328125 0.035416666666666666
1 0.365625 0.7041666666666667 0.0296875 0.0375
1 0.53671875 0.975 0.028125 0.03125
1 0.51640625 0.8739583333333333 0.0296875 0.041666666666666664
0 0.48984375 0.3260416666666667 0.1390625 0.15208333333333332
0 0.490625 0.5260416666666666 0.1984375 0.2875
0 0.48828125 0.878125 0.059375 0.24375
1 0.040625 0.4822916666666667 0.0578125 0.04375
1 0.01015625 0.44895833333333335 0.0203125 0.020833333333333332
1 0.13125 0.5822916666666667 0.0140625 0.03958333333333333
1 0.08125 0.875 0.015625 0.022916666666666665
1 0.3859375 0.7510416666666667 0.03125 0.03958333333333333
1 0.7265625 0.8583333333333333 0.0140625 0.025
1 0.96953125 0.47604166666666664 0.015625 0.01875
1 0.64921875 0.46041666666666664 0.0234375 0.020833333333333332
1 0.00703125 0.18333333333333332 0.0140625 0.03958333333333333
1 0.06875 0.08229166666666667 0.0375 0.035416666666666666
1 0.1125 0.11770833333333333 0.03125 0.0375
1 0.11328125 0.022916666666666665 0.025 0.020833333333333332
1 0.37109375 0.171875 0.028125 0.022916666666666665
1 0.5125 0.7145833333333333 0.025 0.020833333333333332
1 0.48515625 0.6583333333333333 0.01875 0.020833333333333332
1 0.36796875 0.8427083333333333 0.015625 0.025
1 0.41484375 0.9145833333333333 0.0265625 0.06666666666666667
1 0.26875 0.7885416666666667 0.0125 0.020833333333333332