0 0.2359375 0.9472222222222222 0.08984375 0.10277777777777777
1 0.408984375 0.2861111111111111 0.034375 0.04583333333333333
1 0.193359375 0.09444444444444444 0.0421875 0.06388888888888888
1 0.34765625 0.16458333333333333 0.1328125 0.19305555555555556
1 0.72421875 0.5416666666666666 0.01796875 0.034722222222222224
1 0.483984375 0.03194444444444444 0.01875 0.04027777777777778
1 0.695703125 0.3625 0.02109375 0.04722222222222222
1 0.936328125 0.7590277777777777 0.0203125 0.02638888888888889
1 0.878515625 0.9506944444444444 0.0109375 0.02638888888888889
1 0.86640625 0.7819444444444444 0.01796875 0.03888888888888889
1 0.825 0.2916666666666667 0.05 0.04861111111111111
1 0.83125 0.3506944444444444 0.0171875 0.03611111111111111
1 0.891796875 0.17222222222222222 0.02421875 0.03333333333333333
0 0.63515625 0.30833333333333335 0.05390625 0.06388888888888888
0 0.2265625 0.6784722222222223 0.15234375 0.08194444444444444
0 0.64453125 0.8840277777777777 0.07421875 0.23194444444444445
1 0.28984375 0.5625 0.02890625 0.03194444444444444
1 0.077734375 0.8659722222222223 0.028125 0.075
1 0.1953125 0.9083333333333333 0.0546875 0.1736111111111111
1 0.321484375 0.8361111111111111 0.02265625 0.029166666666666667
1 0.092578125 0.5138888888888888 0.0359375 0.0625
0 0.973828125 0.14305555555555555 0.05234375 0.09027777777777778
0 0.98515625 0.2638888888888889 0.0296875 0.1125
0 0.973046875 0.42916666666666664 0.05390625 0.09166666666666666
0 0.977734375 0.5569444444444445 0.04453125 0.08472222222222223
0 0.97890625 0.7 0.0421875 0.11944444444444445
0 0.977734375 0.7763888888888889 0.04453125 0.09444444444444444
0 0.951171875 0.9138888888888889 0.09765625 0.14027777777777778
0 0.610546875 0.04583333333333333 0.06328125 0.09027777777777778
0 0.63046875 0.23055555555555557 0.14765625 0.11944444444444445
0 0.650390625 0.5194444444444445 0.11953125 0.11666666666666667
0 0.63984375 0.6 0.10078125 0.2263888888888889
0 0.625390625 0.7236111111111111 0.07265625 0.09305555555555556
0 0.18359375 0.22777777777777777 0.0859375 0.11944444444444445
0 0.19453125 0.4173611111111111 0.16484375 0.1625
1 0.217578125 0.56875 0.053125 0.13194444444444445
0 0.203515625 0.8243055555555555 0.12578125 0.18194444444444444
1 0.748046875 0.07222222222222222 0.0328125 0.044444444444444446
1 0.980859375 0.02361111111111111 0.03828125 0.04722222222222222
1 0.935546875 0.04375 0.02265625 0.04027777777777778
1 0.84765625 0.027777777777777776 0.01796875 0.0375
1 0.86015625 0.07222222222222222 0.0640625 0.14444444444444443
1 0.7984375 0.15625 0.02890625 0.05
1 0.8015625 0.23402777777777778 0.01875 0.04583333333333333
1 0.844921875 0.24097222222222223 0.01484375 0.0375
1 0.85625 0.18819444444444444 0.01796875 0.029166666666666667
1 0.946484375 0.2 0.01875 0.043055555555555555
1 0.877734375 0.25 0.01875 0.041666666666666664
1 0.85 0.34444444444444444 0.01953125 0.03611111111111111
1 0.847265625 0.4041666666666667 0.01640625 0.03333333333333333
1 0.93828125 0.3951388888888889 0.01875 0.02638888888888889
1 0.901953125 0.3972222222222222 0.0484375 0.0875
1 0.9296875 0.5173611111111112 0.0234375 0.05277777777777778
1 0.8859375 0.5631944444444444 0.02578125 0.05138888888888889
1 0.88359375 0.6625 0.053125 0.08611111111111111
1 0.937109375 0.6965277777777777 0.01640625 0.030555555555555555
1 0.794140625 0.7041666666666667 0.02109375 0.03888888888888889
1 0.809765625 0.7569444444444444 0.02578125 0.04027777777777778
1 0.84296875 0.7680555555555556 0.0171875 0.02361111111111111
1 0.884375 0.8076388888888889 0.01171875 0.03888888888888889
1 0.9046875 0.7715277777777778 0.01875 0.022222222222222223
1 0.907421875 0.8833333333333333 0.01484375 0.029166666666666667
1 0.812109375 0.9451388888888889 0.0328125 0.04583333333333333
1 0.80390625 0.9090277777777778 0.0171875 0.030555555555555555
1 0.824609375 0.8361111111111111 0.0390625 0.06388888888888888
1 0.72421875 0.6694444444444444 0.0265625 0.044444444444444446
1 0.744140625 0.6180555555555556 0.0203125 0.03611111111111111
1 0.68515625 0.6395833333333333 0.01796875 0.025
1 0.669921875 0.6020833333333333 0.0171875 0.02638888888888889
1 0.78515625 0.3611111111111111 0.05 0.06944444444444445
1 0.748046875 0.38333333333333336 0.0234375 0.04583333333333333
1 0.655859375 0.38333333333333336 0.01796875 0.03611111111111111
1 0.630078125 0.3902777777777778 0.07734375 0.21388888888888888
1 0.673828125 0.17083333333333334 0.0265625 0.03611111111111111
1 0.478125 0.09930555555555555 0.05390625 0.07916666666666666
1 0.508203125 0.034722222222222224 0.02109375 0.03333333333333333
1 0.558203125 0.16041666666666668 0.01796875 0.0375
1 0.526953125 0.13055555555555556 0.0234375 0.06111111111111111
1 0.534765625 0.26666666666666666 0.01484375 0.03888888888888889
1 0.50703125 0.3138888888888889 0.02421875 0.04027777777777778
1 0.499609375 0.20277777777777778 0.025 0.05
1 0.47109375 0.18333333333333332 0.01484375 0.0375
1 0.42421875 0.05555555555555555 0.07265625 0.1111111111111111
1 0.283984375 0.1375 0.0296875 0.06666666666666667
1 0.329296875 0.016666666666666666 0.025 0.025
1 0.160546875 0.23472222222222222 0.0140625 0.03333333333333333
1 0.21796875 0.2986111111111111 0.01640625 0.03194444444444444
1 0.073828125 0.08680555555555555 0.025 0.03333333333333333
1 0.080078125 0.16041666666666668 0.0203125 0.034722222222222224
1 0.09921875 0.1951388888888889 0.03046875 0.03611111111111111
1 0.054296875 0.33611111111111114 0.03125 0.04583333333333333
1 0.292578125 0.41597222222222224 0.03203125 0.05138888888888889
1 0.320703125 0.35347222222222224 0.03828125 0.059722222222222225
1 0.352734375 0.4131944444444444 0.0125 0.02638888888888889
1 0.374609375 0.375 0.0296875 0.044444444444444446
1 0.441796875 0.3798611111111111 0.0265625 0.03888888888888889
1 0.407421875 0.45694444444444443 0.01953125 0.03333333333333333
1 0.42734375 0.45416666666666666 0.01640625 0.030555555555555555
1 0.516796875 0.47847222222222224 0.03203125 0.08333333333333333
1 0.49765625 0.4798611111111111 0.01875 0.03194444444444444
1 0.495703125 0.5444444444444444 0.01484375 0.030555555555555555
1 0.6375 0.6805555555555556 0.0171875 0.02361111111111111
1 0.612109375 0.6833333333333333 0.0140625 0.019444444444444445
1 0.569921875 0.6409722222222223 0.01796875 0.030555555555555555
1 0.56640625 0.6784722222222223 0.01796875 0.022222222222222223
1 0.5421875 0.7131944444444445 0.0109375 0.022222222222222223
1 0.53203125 0.7479166666666667 0.01484375 0.029166666666666667
1 0.74453125 0.9777777777777777 0.02578125 0.044444444444444446
1 0.71015625 0.7375 0.01484375 0.027777777777777776
1 0.72421875 0.7888888888888889 0.01796875 0.027777777777777776
1 0.690625 0.8354166666666667 0.03125 0.044444444444444446
1 0.619140625 0.94375 0.02421875 0.02361111111111111
1 0.62890625 0.9819444444444444 0.03203125 0.03611111111111111
1 0.5875 0.9868055555555556 0.01796875 0.02638888888888889
1 0.55390625 0.9402777777777778 0.021875 0.03333333333333333
1 0.522265625 0.8972222222222223 0.02109375 0.0625
1 0.46640625 0.6548611111111111 0.02421875 0.041666666666666664
1 0.491796875 0.7486111111111111 0.01875 0.029166666666666667
1 0.46953125 0.7388888888888889 0.0234375 0.03333333333333333
1 0.417578125 0.8826388888888889 0.02421875 0.03333333333333333
1 0.351953125 0.7597222222222222 0.03828125 0.059722222222222225
1 0.387109375 0.6256944444444444 0.02578125 0.0375
1 0.34609375 0.6368055555555555 0.03828125 0.07916666666666666
1 0.333984375 0.5458333333333333 0.03359375 0.04722222222222222
1 0.2578125 0.5486111111111112 0.0171875 0.043055555555555555
1 0.25234375 0.5875 0.02109375 0.034722222222222224
1 0.160546875 0.4548611111111111 0.0203125 0.058333333333333334
1 0.09765625 0.5701388888888889 0.021875 0.03333333333333333
1 0.098046875 0.6118055555555556 0.02578125 0.029166666666666667
1 0.06015625 0.78125 0.02734375 0.03888888888888889
1 0.091015625 0.7493055555555556 0.02734375 0.07361111111111111
1 0.137109375 0.7888888888888889 0.03671875 0.075
1 0.14453125 0.7034722222222223 0.0671875 0.11805555555555555
1 0.219921875 0.7673611111111112 0.06875 0.05555555555555555
1 0.34921875 0.8506944444444444 0.01875 0.027777777777777776
1 0.348046875 0.9576388888888889 0.02421875 0.041666666666666664
1 0.3328125 0.8958333333333334 0.04609375 0.05694444444444444
1 0.01796875 0.9145833333333333 0.01171875 0.027777777777777776
1 0.069140625 0.98125 0.025 0.0375
1 0.094140625 0.9777777777777777 0.0171875 0.044444444444444446
1 0.131640625 0.8756944444444444 0.0171875 0.034722222222222224
1 0.15234375 0.8493055555555555 0.0234375 0.041666666666666664
1 0.105859375 0.89375 0.03671875 0.08888888888888889
1 0.4046875 0.5805555555555556 0.025 0.0375
1 0.59140625 0.7847222222222222 0.025 0.043055555555555555
1 0.569921875 0.9729166666666667 0.01640625 0.044444444444444446
1 0.654296875 0.8666666666666667 0.0203125 0.03194444444444444
1 0.50390625 0.42083333333333334 0.021875 0.03888888888888889
1 0.51796875 0.5763888888888888 0.03359375 0.06111111111111111
1 0.487890625 0.3715277777777778 0.01328125 0.025