0 0.149609375 0.9236111111111112 0.0921875 0.1527777777777778
1 0.312109375 0.14930555555555555 0.015625 0.03611111111111111
1 0.42265625 0.16597222222222222 0.01171875 0.025
1 0.75546875 0.09722222222222222 0.0109375 0.018055555555555554
1 0.7234375 0.6923611111111111 0.0703125 0.1388888888888889
1 0.659375 0.6805555555555556 0.03046875 0.06527777777777778
1 0.437109375 0.5868055555555556 0.0703125 0.09027777777777778
1 0.376953125 0.5902777777777778 0.0390625 0.06666666666666667
1 0.531640625 0.4736111111111111 0.02265625 0.030555555555555555
1 0.51171875 0.47430555555555554 0.0125 0.027777777777777776
1 0.50859375 0.43680555555555556 0.01953125 0.02361111111111111
1 0.519140625 0.5131944444444444 0.05390625 0.05694444444444444
1 0.483203125 0.15902777777777777 0.0078125 0.0125
1 0.524609375 0.2861111111111111 0.03125 0.06388888888888888
1 0.48828125 0.24097222222222223 0.0640625 0.11944444444444445
1 0.44375 0.18333333333333332 0.021875 0.03611111111111111
1 0.440234375 0.8229166666666666 0.02109375 0.030555555555555555
1 0.14140625 0.8340277777777778 0.01015625 0.022222222222222223
1 0.046484375 0.8055555555555556 0.0234375 0.04027777777777778
1 0.078125 0.9111111111111111 0.00859375 0.02361111111111111
1 0.10078125 0.9770833333333333 0.03046875 0.04583333333333333
1 0.32890625 0.9909722222222223 0.01875 0.018055555555555554
1 0.2484375 0.8895833333333333 0.02734375 0.04583333333333333
1 0.24375 0.6805555555555556 0.015625 0.030555555555555555
1 0.2421875 0.7361111111111112 0.02734375 0.04722222222222222
1 0.0609375 0.50625 0.021875 0.0375
1 0.06953125 0.3736111111111111 0.0140625 0.03888888888888889
1 0.14296875 0.11597222222222223 0.04140625 0.08055555555555556
1 0.1 0.10486111111111111 0.01640625 0.029166666666666667
1 0.0890625 0.12986111111111112 0.0296875 0.05
1 0.053125 0.14097222222222222 0.03359375 0.05138888888888889
1 0.755859375 0.006944444444444444 0.01328125 0.013888888888888888
1 0.986328125 0.14375 0.02109375 0.025
1 0.9953125 0.35833333333333334 0.009375 0.02638888888888889
1 0.99375 0.7368055555555556 0.0125 0.03888888888888889
1 0.93125 0.8736111111111111 0.0125 0.020833333333333332
1 0.40859375 0.38263888888888886 0.19609375 0.3472222222222222
1 0.69453125 0.29305555555555557 0.02265625 0.04027777777777778
1 0.401171875 0.011805555555555555 0.0375 0.02361111111111111
0 0.10078125 0.1951388888888889 0.19296875 0.20972222222222223
0 0.148046875 0.4166666666666667 0.16484375 0.4666666666666667
0 0.10078125 0.6340277777777777 0.13515625 0.5541666666666667
1 0.38984375 0.7513888888888889 0.02109375 0.034722222222222224
1 0.305859375 0.7840277777777778 0.0125 0.03333333333333333
1 0.322265625 0.7805555555555556 0.01875 0.02361111111111111
1 0.334375 0.9048611111111111 0.03046875 0.0625
1 0.39375 0.8881944444444444 0.02578125 0.04583333333333333
1 0.47421875 0.9430555555555555 0.0484375 0.10277777777777777
1 0.5640625 0.98125 0.01640625 0.0375
1 0.5375 0.9930555555555556 0.0078125 0.013888888888888888
1 0.775 0.65 0.02578125 0.0375
1 0.804296875 0.7451388888888889 0.03515625 0.0625
1 0.805859375 0.9666666666666667 0.0203125 0.041666666666666664
1 0.560546875 0.004861111111111111 0.01171875 0.009722222222222222
0 0.646484375 0.7569444444444444 0.15390625 0.1986111111111111
0 0.739453125 0.6916666666666667 0.209375 0.47638888888888886
1 0.455859375 0.1326388888888889 0.01953125 0.04583333333333333
1 0.534765625 0.07013888888888889 0.03828125 0.05
0 0.744140625 0.4479166666666667 0.3109375 0.23194444444444445
0 0.645703125 0.09930555555555555 0.19921875 0.1986111111111111
0 0.1484375 0.8166666666666667 0.128125 0.26944444444444443
1 0.44609375 0.044444444444444446 0.0125 0.02638888888888889
1 0.47265625 0.65625 0.03359375 0.06527777777777778
1 0.280859375 0.5583333333333333 0.06484375 0.11666666666666667
1 0.320703125 0.6527777777777778 0.01953125 0.0375
1 0.214453125 0.4777777777777778 0.034375 0.10277777777777777
1 0.154296875 0.5319444444444444 0.01484375 0.041666666666666664
1 0.2265625 0.19722222222222222 0.01796875 0.03611111111111111