1 0.08984375 0.159375 0.021875 0.022916666666666665
0 0.2625 0.9489583333333333 0.11875 0.10208333333333333
0 0.2515625 0.6677083333333333 0.165625 0.06875
0 0.2734375 0.42916666666666664 0.2296875 0.06666666666666667
0 0.29140625 0.15729166666666666 0.159375 0.08333333333333333
1 0.8765625 0.9135416666666667 0.1109375 0.17291666666666666
1 0.99375 0.834375 0.0125 0.03958333333333333
1 0.99140625 0.959375 0.0171875 0.08125
1 0.89921875 0.7260416666666667 0.0296875 0.027083333333333334
1 0.90625 0.7729166666666667 0.0203125 0.03333333333333333
1 0.86796875 0.7708333333333334 0.0328125 0.06041666666666667
1 0.7828125 0.778125 0.034375 0.06041666666666667
1 0.76640625 0.7125 0.0390625 0.035416666666666666
1 0.69921875 0.725 0.0515625 0.04375
1 0.7140625 0.8322916666666667 0.03125 0.04791666666666667
1 0.70859375 0.9020833333333333 0.0234375 0.041666666666666664
1 0.95234375 0.6 0.01875 0.027083333333333334
1 0.8328125 0.525 0.1046875 0.08541666666666667
1 0.9859375 0.55625 0.028125 0.07916666666666666
1 0.87890625 0.44479166666666664 0.0421875 0.08541666666666667
1 0.928125 0.496875 0.0109375 0.027083333333333334
1 0.959375 0.45729166666666665 0.0296875 0.052083333333333336
1 0.70078125 0.6489583333333333 0.0359375 0.041666666666666664
1 0.59453125 0.8135416666666667 0.0453125 0.041666666666666664
1 0.5546875 0.8145833333333333 0.01875 0.035416666666666666
1 0.4359375 0.5041666666666667 0.0296875 0.04375
1 0.7078125 0.49166666666666664 0.040625 0.041666666666666664
1 0.74296875 0.5270833333333333 0.021875 0.027083333333333334
1 0.84296875 0.6989583333333333 0.01875 0.020833333333333332
1 0.87890625 0.6427083333333333 0.015625 0.022916666666666665
1 0.478125 0.3541666666666667 0.0734375 0.07291666666666667
1 0.5828125 0.44583333333333336 0.0703125 0.0625
1 0.74921875 0.35833333333333334 0.03125 0.022916666666666665
1 0.87890625 0.3260416666666667 0.0328125 0.035416666666666666
1 0.95078125 0.28854166666666664 0.025 0.022916666666666665
1 0.98046875 0.18854166666666666 0.0390625 0.03333333333333333
1 0.946875 0.3697916666666667 0.0203125 0.020833333333333332
1 0.7515625 0.26875 0.028125 0.03333333333333333
1 0.75 0.05416666666666667 0.0453125 0.10833333333333334
1 0.51015625 0.019791666666666666 0.0390625 0.03958333333333333
1 0.59140625 0.07395833333333333 0.0171875 0.022916666666666665
1 0.409375 0.23229166666666667 0.025 0.03125
1 0.38828125 0.3145833333333333 0.0234375 0.035416666666666666
1 0.27265625 0.26666666666666666 0.040625 0.08333333333333333
1 0.278125 0.35625 0.0234375 0.027083333333333334
1 0.24375 0.38333333333333336 0.0203125 0.03333333333333333
1 0.20234375 0.371875 0.015625 0.0125
1 0.2171875 0.275 0.0296875 0.035416666666666666
1 0.0671875 0.24479166666666666 0.0390625 0.04791666666666667
1 0.1875 0.40208333333333335 0.0265625 0.020833333333333332
1 0.1234375 0.36770833333333336 0.0234375 0.029166666666666667
1 0.15234375 0.09479166666666666 0.046875 0.05416666666666667
1 0.16171875 0.026041666666666668 0.0640625 0.052083333333333336
1 0.33359375 0.05520833333333333 0.021875 0.03125
1 0.24140625 0.10729166666666666 0.0203125 0.025
1 0.2671875 0.09166666666666666 0.01875 0.022916666666666665
1 0.05859375 0.5427083333333333 0.0375 0.03125
1 0.14765625 0.48854166666666665 0.046875 0.052083333333333336
1 0.0234375 0.503125 0.03125 0.03333333333333333
1 0.01875 0.5822916666666667 0.0125 0.022916666666666665
1 0.26875 0.7635416666666667 0.021875 0.027083333333333334
1 0.2671875 0.828125 0.01875 0.035416666666666666
1 0.221875 0.5645833333333333 0.0234375 0.03333333333333333
1 0.3421875 0.48333333333333334 0.01875 0.025
1 0.1265625 0.9 0.0296875 0.03958333333333333
1 0.21015625 0.9614583333333333 0.0171875 0.022916666666666665
1 0.18671875 0.8729166666666667 0.025 0.022916666666666665
1 0.32890625 0.8572916666666667 0.028125 0.03125
1 0.36015625 0.609375 0.0296875 0.08125
1 0.65234375 0.475 0.0125 0.020833333333333332
1 0.74453125 0.8979166666666667 0.0171875 0.035416666666666666
1 0.6109375 0.8822916666666667 0.028125 0.0375
1 0.534375 0.7072916666666667 0.0609375 0.03333333333333333
1 0.5921875 0.6416666666666667 0.021875 0.020833333333333332
1 0.32578125 0.9708333333333333 0.021875 0.022916666666666665
1 0.11015625 0.553125 0.0296875 0.0375
1 0.178125 0.5916666666666667 0.0125 0.020833333333333332
1 0.240625 0.6875 0.025 0.03125
1 0.08828125 0.6770833333333334 0.021875 0.025
1 0.05 0.8260416666666667 0.01875 0.029166666666666667
1 0.5078125 0.24375 0.0203125 0.022916666666666665
1 0.46015625 0.26666666666666666 0.025 0.027083333333333334
1 0.1265625 0.19583333333333333 0.0171875 0.027083333333333334
1 0.1984375 0.15208333333333332 0.021875 0.03958333333333333
1 0.00859375 0.2708333333333333 0.0171875 0.022916666666666665
1 0.15078125 0.7572916666666667 0.0234375 0.022916666666666665
1 0.11640625 0.7916666666666666 0.021875 0.016666666666666666
1 0.35390625 0.8791666666666667 0.0140625 0.025
1 0.16953125 0.9729166666666667 0.03125 0.04791666666666667
1 0.95234375 0.7791666666666667 0.0140625 0.022916666666666665
1 0.78046875 0.9729166666666667 0.01875 0.01875