1 0.789453125 0.5736111111111111 0.01171875 0.02638888888888889
1 0.48671875 0.8125 0.02265625 0.05
0 0.622265625 0.9104166666666667 0.059375 0.1763888888888889
1 0.46640625 0.8451388888888889 0.02265625 0.075
0 0.162109375 0.65625 0.0875 0.3763888888888889
0 0.1578125 0.1625 0.0453125 0.10138888888888889
1 0.886328125 0.5701388888888889 0.0296875 0.05
0 0.65546875 0.3763888888888889 0.06328125 0.37222222222222223
1 0.0796875 0.2625 0.01875 0.02638888888888889
1 0.40859375 0.08958333333333333 0.0171875 0.03194444444444444
1 0.8546875 0.6333333333333333 0.01640625 0.03333333333333333
1 0.95 0.11527777777777778 0.0171875 0.034722222222222224
0 0.73125 0.5930555555555556 0.2515625 0.33055555555555555
1 0.93203125 0.30069444444444443 0.0109375 0.0375
1 0.891015625 0.04861111111111111 0.0171875 0.027777777777777776
1 0.43828125 0.5479166666666667 0.0140625 0.03611111111111111
1 0.386328125 0.28055555555555556 0.01484375 0.025
1 0.480078125 0.2569444444444444 0.01484375 0.029166666666666667
1 0.98046875 0.9881944444444445 0.01953125 0.02361111111111111
1 0.978515625 0.8180555555555555 0.0109375 0.018055555555555554
1 0.9078125 0.5041666666666667 0.0203125 0.03194444444444444
1 0.910546875 0.8722222222222222 0.0234375 0.034722222222222224
1 0.4296875 0.43194444444444446 0.02109375 0.03333333333333333
1 0.55546875 0.035416666666666666 0.028125 0.04722222222222222
1 0.4 0.4840277777777778 0.02265625 0.05416666666666667
1 0.64609375 0.2847222222222222 0.02109375 0.05
1 0.56953125 0.4375 0.0203125 0.044444444444444446
1 0.267578125 0.9381944444444444 0.01953125 0.03194444444444444
1 0.541796875 0.7534722222222222 0.01796875 0.03194444444444444
1 0.237109375 0.5881944444444445 0.0421875 0.06666666666666667
0 0.640625 0.8201388888888889 0.1265625 0.3597222222222222
1 0.72734375 0.30277777777777776 0.021875 0.06944444444444445
1 0.448046875 0.3645833333333333 0.03046875 0.05694444444444444
1 0.98515625 0.1951388888888889 0.0203125 0.027777777777777776
1 0.87578125 0.5013888888888889 0.02109375 0.059722222222222225
1 0.416015625 0.15694444444444444 0.01484375 0.03611111111111111
1 0.706640625 0.35 0.01796875 0.03888888888888889
1 0.75078125 0.2875 0.02421875 0.03333333333333333
1 0.242578125 0.4111111111111111 0.03203125 0.05416666666666667
1 0.315234375 0.6152777777777778 0.02265625 0.030555555555555555
1 0.432421875 0.9284722222222223 0.02421875 0.05138888888888889
1 0.089453125 0.8645833333333334 0.0234375 0.04027777777777778
1 0.14140625 0.36319444444444443 0.02421875 0.04583333333333333
1 0.8890625 0.45555555555555555 0.03203125 0.043055555555555555
0 0.159765625 0.5020833333333333 0.21484375 0.18888888888888888
1 0.7765625 0.7729166666666667 0.03671875 0.05
1 0.90234375 0.18541666666666667 0.03671875 0.05555555555555555
1 0.789453125 0.12708333333333333 0.0265625 0.06527777777777778
1 0.26484375 0.6381944444444444 0.05078125 0.08055555555555556
1 0.225390625 0.1875 0.0265625 0.043055555555555555
1 0.914453125 0.6243055555555556 0.05390625 0.06805555555555555
0 0.153125 0.8965277777777778 0.17890625 0.20694444444444443
1 0.789453125 0.8395833333333333 0.03203125 0.05277777777777778
1 0.70546875 0.5840277777777778 0.00859375 0.016666666666666666
1 0.653515625 0.5791666666666667 0.00703125 0.018055555555555554
1 0.840625 0.36319444444444443 0.00859375 0.022222222222222223
1 0.5828125 0.6972222222222222 0.015625 0.02638888888888889
1 0.563671875 0.6333333333333333 0.0078125 0.020833333333333332
1 0.580078125 0.5673611111111111 0.0109375 0.03194444444444444
1 0.465234375 0.55625 0.0140625 0.020833333333333332
1 0.540625 0.3368055555555556 0.00703125 0.015277777777777777
1 0.51015625 0.17916666666666667 0.0109375 0.020833333333333332
1 0.18125 0.9451388888888889 0.01328125 0.020833333333333332
1 0.250390625 0.9847222222222223 0.01171875 0.030555555555555555
1 0.2484375 0.71875 0.0140625 0.025
1 0.15078125 0.6875 0.01484375 0.03611111111111111
1 0.1875 0.1625 0.01171875 0.022222222222222223
1 0.1703125 0.09583333333333334 0.01640625 0.025
1 0.820703125 0.2326388888888889 0.01171875 0.020833333333333332
1 0.619921875 0.4013888888888889 0.01328125 0.030555555555555555
1 0.23203125 0.5409722222222222 0.015625 0.034722222222222224