0 0.515625 0.4510416666666667 0.2140625 0.175
1 0.37578125 0.44375 0.034375 0.027083333333333334
1 0.07734375 0.06354166666666666 0.0171875 0.014583333333333334
1 0.6359375 0.15729166666666666 0.015625 0.01875
1 0.7296875 0.9114583333333334 0.0140625 0.01875
1 0.6859375 0.8479166666666667 0.046875 0.041666666666666664
1 0.490625 0.6947916666666667 0.0296875 0.05416666666666667
1 0.34453125 0.690625 0.040625 0.0625
1 0.259375 0.5333333333333333 0.0171875 0.01875
1 0.27265625 0.2520833333333333 0.025 0.025
1 0.70625 0.2791666666666667 0.015625 0.020833333333333332
1 0.62265625 0.275 0.0296875 0.029166666666666667
1 0.00859375 0.8072916666666666 0.0171875 0.01875
1 0.0171875 0.396875 0.034375 0.05416666666666667
1 0.346875 0.008333333333333333 0.0265625 0.016666666666666666
1 0.32734375 0.03229166666666667 0.021875 0.029166666666666667
1 0.9359375 0.9489583333333333 0.128125 0.09375
1 0.8484375 0.4552083333333333 0.028125 0.025
1 0.72265625 0.37083333333333335 0.015625 0.022916666666666665
1 0.70546875 0.50625 0.03125 0.04583333333333333
1 0.321875 0.46770833333333334 0.065625 0.12083333333333333
0 0.41484375 0.9052083333333333 0.13125 0.17916666666666667
0 0.46328125 0.6822916666666666 0.065625 0.25625
0 0.50625 0.20208333333333334 0.3109375 0.09791666666666667
1 0.46328125 0.18333333333333332 0.0203125 0.020833333333333332
1 0.403125 0.25104166666666666 0.021875 0.01875
1 0.48203125 0.009375 0.021875 0.01875
1 0.478125 0.3645833333333333 0.0203125 0.020833333333333332
1 0.45 0.428125 0.025 0.029166666666666667
1 0.11015625 0.6145833333333334 0.03125 0.025
1 0.521875 0.91875 0.028125 0.035416666666666666
1 0.5171875 0.6833333333333333 0.01875 0.022916666666666665