1 0.64375 0.4486111111111111 0.021875 0.07222222222222222
1 0.574609375 0.4979166666666667 0.0234375 0.034722222222222224
1 0.531640625 0.43472222222222223 0.06484375 0.16111111111111112
1 0.590234375 0.8076388888888889 0.01640625 0.02361111111111111
1 0.7515625 0.91875 0.021875 0.03333333333333333
1 0.7234375 0.7715277777777778 0.03515625 0.075
1 0.88359375 0.8027777777777778 0.03203125 0.058333333333333334
0 0.159765625 0.08888888888888889 0.12265625 0.17777777777777778
0 0.149609375 0.2875 0.13046875 0.43333333333333335
0 0.101171875 0.5277777777777778 0.17578125 0.34444444444444444
0 0.17109375 0.7256944444444444 0.16953125 0.25833333333333336
0 0.15078125 0.9159722222222222 0.08046875 0.16805555555555557
0 0.682421875 0.94375 0.0796875 0.1125
0 0.702734375 0.7923611111111111 0.1296875 0.4152777777777778
0 0.71796875 0.48055555555555557 0.14296875 0.4722222222222222
0 0.690625 0.27847222222222223 0.14296875 0.5569444444444445
0 0.68671875 0.11875 0.10546875 0.2375
0 0.715625 0.024305555555555556 0.0171875 0.04861111111111111
1 0.86171875 0.07916666666666666 0.0796875 0.11527777777777778
1 0.873046875 0.010416666666666666 0.009375 0.020833333333333332
1 0.88515625 0.005555555555555556 0.00859375 0.011111111111111112
1 0.6296875 0.06319444444444444 0.02578125 0.08611111111111111
1 0.751953125 0.15486111111111112 0.0203125 0.034722222222222224
1 0.90859375 0.15555555555555556 0.01796875 0.05277777777777778
1 0.923828125 0.24027777777777778 0.02890625 0.07777777777777778
1 0.9625 0.27361111111111114 0.04296875 0.08888888888888889
1 0.9484375 0.34791666666666665 0.025 0.059722222222222225
1 0.8640625 0.45416666666666666 0.05859375 0.12222222222222222
1 0.92734375 0.5416666666666666 0.0484375 0.09583333333333334
1 0.986328125 0.6055555555555555 0.01640625 0.029166666666666667
1 0.850390625 0.5798611111111112 0.01484375 0.03194444444444444
1 0.82890625 0.61875 0.025 0.07222222222222222
1 0.90546875 0.7291666666666666 0.0171875 0.034722222222222224
1 0.884765625 0.7673611111111112 0.015625 0.02361111111111111
1 0.99140625 0.9881944444444445 0.01484375 0.020833333333333332
1 0.940234375 0.98125 0.021875 0.0375
1 0.56015625 0.6576388888888889 0.0125 0.025
1 0.632421875 0.5625 0.0109375 0.02638888888888889
1 0.590625 0.6409722222222223 0.01484375 0.029166666666666667
1 0.443359375 0.7152777777777778 0.01640625 0.02638888888888889
1 0.214453125 0.9881944444444445 0.01796875 0.02361111111111111
1 0.25078125 0.9770833333333333 0.0140625 0.03611111111111111
1 0.322265625 0.9263888888888889 0.01328125 0.029166666666666667
1 0.1546875 0.6402777777777777 0.01171875 0.018055555555555554
1 0.196484375 0.6986111111111111 0.0109375 0.0375
1 0.21171875 0.7583333333333333 0.021875 0.034722222222222224
1 0.259765625 0.7680555555555556 0.03359375 0.08055555555555556
1 0.246875 0.6923611111111111 0.01875 0.05138888888888889
1 0.041796875 0.44166666666666665 0.025 0.041666666666666664
1 0.147265625 0.44583333333333336 0.028125 0.04027777777777778
1 0.032421875 0.06180555555555556 0.0125 0.03611111111111111
1 0.045703125 0.3034722222222222 0.015625 0.03194444444444444
1 0.198828125 0.2513888888888889 0.009375 0.019444444444444445
1 0.265234375 0.15069444444444444 0.009375 0.019444444444444445
1 0.232421875 0.15 0.02421875 0.058333333333333334
1 0.28984375 0.5548611111111111 0.028125 0.04861111111111111
1 0.26875 0.4395833333333333 0.01640625 0.03333333333333333
1 0.29921875 0.28402777777777777 0.01875 0.05277777777777778
1 0.26953125 0.3472222222222222 0.03828125 0.058333333333333334
1 0.5015625 0.26875 0.0234375 0.03194444444444444
1 0.429296875 0.04097222222222222 0.04296875 0.08194444444444444
1 0.58203125 0.5194444444444445 0.01015625 0.018055555555555554