1 0.6859375 0.26666666666666666 0.05 0.08541666666666667
1 0.0375 0.45625 0.015625 0.016666666666666666
1 0.9359375 0.6822916666666666 0.015625 0.014583333333333334
1 0.95 0.5145833333333333 0.025 0.020833333333333332
1 0.22421875 0.5739583333333333 0.0171875 0.016666666666666666
1 0.24765625 0.5083333333333333 0.0125 0.010416666666666666
1 0.31640625 0.49895833333333334 0.0171875 0.01875
1 0.1859375 0.6270833333333333 0.015625 0.027083333333333334
1 0.28671875 0.6072916666666667 0.015625 0.025
1 0.384375 0.6364583333333333 0.034375 0.04791666666666667
1 0.3359375 0.6427083333333333 0.0609375 0.041666666666666664
1 0.23671875 0.6833333333333333 0.028125 0.025
1 0.26015625 0.7229166666666667 0.053125 0.04583333333333333
1 0.60390625 0.7229166666666667 0.0203125 0.020833333333333332
1 0.45390625 0.8447916666666667 0.015625 0.020833333333333332
1 0.4734375 0.7177083333333333 0.0140625 0.01875
1 0.84765625 0.9947916666666666 0.0140625 0.010416666666666666
1 0.69921875 0.9854166666666667 0.0390625 0.020833333333333332
1 0.9265625 0.9291666666666667 0.015625 0.025
1 0.97109375 0.95625 0.0578125 0.05625
1 0.8703125 0.8864583333333333 0.0390625 0.041666666666666664
1 0.984375 0.821875 0.0234375 0.01875
1 0.96015625 0.815625 0.01875 0.03333333333333333
1 0.96171875 0.76875 0.0421875 0.05416666666666667
1 0.91171875 0.7520833333333333 0.0140625 0.014583333333333334
1 0.90625 0.715625 0.028125 0.03958333333333333
1 0.7390625 0.7135416666666666 0.015625 0.01875
1 0.83515625 0.06875 0.034375 0.05625
1 0.821875 0.25104166666666666 0.01875 0.027083333333333334
1 0.7625 0.27395833333333336 0.0359375 0.05625
0 0.60234375 0.08125 0.2015625 0.1625
0 0.5234375 0.33958333333333335 0.3015625 0.47708333333333336
0 0.57265625 0.5760416666666667 0.29375 0.10833333333333334
0 0.525 0.7916666666666666 0.2375 0.36666666666666664
0 0.5765625 0.95625 0.0796875 0.0875
1 0.06796875 0.040625 0.0453125 0.04583333333333333
1 0.403125 0.057291666666666664 0.0203125 0.0375
1 0.28828125 0.16354166666666667 0.0125 0.016666666666666666
1 0.30546875 0.17083333333333334 0.0109375 0.016666666666666666
1 0.19921875 0.28958333333333336 0.0171875 0.020833333333333332
1 0.29296875 0.3333333333333333 0.015625 0.025
1 0.37265625 0.35833333333333334 0.015625 0.020833333333333332
1 0.396875 0.375 0.0359375 0.041666666666666664
1 0.53203125 0.39375 0.034375 0.04583333333333333
1 0.471875 0.221875 0.0171875 0.022916666666666665
1 0.4109375 0.4875 0.0234375 0.03125
1 0.7125 0.471875 0.028125 0.05625
1 0.80546875 0.32395833333333335 0.0453125 0.0625
1 0.68359375 0.3333333333333333 0.028125 0.035416666666666666
1 0.690625 0.09895833333333333 0.034375 0.05
1 0.75234375 0.16458333333333333 0.025 0.04375