1 0.73515625 0.378125 0.028125 0.05
0 0.4671875 0.3260416666666667 0.0921875 0.3875
0 0.4296875 0.55 0.15625 0.23541666666666666
0 0.43984375 0.853125 0.234375 0.13125
1 0.13828125 0.390625 0.028125 0.025
1 0.190625 0.36041666666666666 0.0203125 0.025
1 0.2171875 0.2604166666666667 0.021875 0.016666666666666666
1 0.4890625 0.5177083333333333 0.021875 0.03125
1 0.38671875 0.059375 0.03125 0.03958333333333333
1 0.63515625 0.9291666666666667 0.021875 0.022916666666666665
1 0.53828125 0.6510416666666666 0.01875 0.03125
1 0.7203125 0.225 0.021875 0.020833333333333332
1 0.85234375 0.15 0.025 0.025
1 0.78828125 0.2875 0.0328125 0.05416666666666667
1 0.703125 0.16979166666666667 0.025 0.03333333333333333
1 0.6875 0.11354166666666667 0.03125 0.027083333333333334
1 0.1796875 0.41354166666666664 0.0234375 0.03125
1 0.2140625 0.51875 0.0328125 0.03333333333333333
1 0.6625 0.6802083333333333 0.0265625 0.03125
1 0.45625 0.65625 0.0171875 0.022916666666666665
1 0.3265625 0.509375 0.034375 0.052083333333333336
1 0.60546875 0.39479166666666665 0.040625 0.01875
1 0.71328125 0.28229166666666666 0.0296875 0.0375
0 0.4703125 0.06875 0.246875 0.1375