1 0.831640625 0.9395833333333333 0.0359375 0.06944444444444445
1 0.401953125 0.6305555555555555 0.0375 0.06666666666666667
1 0.627734375 0.04236111111111111 0.02109375 0.05
1 0.21328125 0.7729166666666667 0.03125 0.058333333333333334
1 0.18984375 0.6145833333333334 0.04296875 0.06805555555555555
1 0.590625 0.8152777777777778 0.0125 0.03333333333333333
1 0.275390625 0.6618055555555555 0.04921875 0.08055555555555556
0 0.06875 0.6729166666666667 0.1296875 0.38472222222222224
0 0.66171875 0.18541666666666667 0.2546875 0.37083333333333335
1 0.262109375 0.30972222222222223 0.06171875 0.06666666666666667
1 0.402734375 0.8833333333333333 0.01796875 0.034722222222222224
1 0.937890625 0.8701388888888889 0.03984375 0.075
1 0.159375 0.9513888888888888 0.02109375 0.029166666666666667
0 0.063671875 0.08194444444444444 0.1265625 0.16111111111111112
1 0.904296875 0.8604166666666667 0.02578125 0.04861111111111111
1 0.146484375 0.11944444444444445 0.053125 0.06944444444444445
0 0.065234375 0.43680555555555556 0.13046875 0.375
1 0.790625 0.6263888888888889 0.04453125 0.075
0 0.584375 0.8034722222222223 0.1484375 0.39166666666666666
1 0.846484375 0.027777777777777776 0.0265625 0.05555555555555555
1 0.860546875 0.8388888888888889 0.04296875 0.06388888888888888
1 0.07265625 0.8104166666666667 0.03359375 0.04583333333333333
1 0.933203125 0.9402777777777778 0.01953125 0.03611111111111111
1 0.80625 0.24583333333333332 0.0375 0.05694444444444444
1 0.143359375 0.3138888888888889 0.02421875 0.05138888888888889
1 0.860546875 0.13125 0.0203125 0.043055555555555555
1 0.8125 0.14791666666666667 0.0328125 0.04583333333333333
1 0.990625 0.03263888888888889 0.01875 0.06527777777777778
1 0.531640625 0.12569444444444444 0.0265625 0.05555555555555555
1 0.203125 0.43194444444444446 0.01328125 0.0375
1 0.395703125 0.12083333333333333 0.021875 0.044444444444444446
1 0.617578125 0.5472222222222223 0.0328125 0.0763888888888889
1 0.873828125 0.5930555555555556 0.0390625 0.08611111111111111
1 0.551171875 0.7430555555555556 0.0453125 0.027777777777777776
1 0.951953125 0.6340277777777777 0.0390625 0.05
1 0.11640625 0.5069444444444444 0.02421875 0.034722222222222224
1 0.77421875 0.20347222222222222 0.02734375 0.10833333333333334
1 0.840234375 0.4701388888888889 0.02734375 0.04722222222222222
1 0.12265625 0.41944444444444445 0.0203125 0.0375
1 0.2203125 0.19305555555555556 0.02421875 0.06388888888888888
1 0.36640625 0.98125 0.01796875 0.03611111111111111
1 0.932421875 0.9826388888888888 0.0171875 0.02361111111111111
1 0.9890625 0.46805555555555556 0.021875 0.09583333333333334
1 0.037109375 0.6916666666666667 0.01484375 0.022222222222222223
1 0.097265625 0.9666666666666667 0.01875 0.029166666666666667
1 0.04296875 0.5819444444444445 0.0171875 0.025
1 0.106640625 0.6125 0.01640625 0.03333333333333333
1 0.046484375 0.46319444444444446 0.0109375 0.018055555555555554
1 0.080078125 0.5104166666666666 0.01875 0.027777777777777776
1 0.271484375 0.24930555555555556 0.0140625 0.03888888888888889
1 0.069140625 0.010416666666666666 0.01171875 0.018055555555555554
1 0.263671875 0.08055555555555556 0.0109375 0.022222222222222223
1 0.245703125 0.13194444444444445 0.02109375 0.022222222222222223
1 0.98828125 0.10277777777777777 0.0234375 0.04722222222222222
1 0.68046875 0.5125 0.01875 0.019444444444444445
1 0.218359375 0.5652777777777778 0.01171875 0.025
1 0.339453125 0.7868055555555555 0.01171875 0.022222222222222223
1 0.973828125 0.14375 0.01171875 0.02361111111111111
1 0.101171875 0.3236111111111111 0.015625 0.03333333333333333
1 0.99296875 0.6694444444444444 0.009375 0.020833333333333332
1 0.55625 0.7125 0.021875 0.03194444444444444
1 0.452734375 0.9916666666666667 0.015625 0.016666666666666666
1 0.899609375 0.4 0.01328125 0.034722222222222224
1 0.95078125 0.03333333333333333 0.015625 0.025
1 0.2390625 0.5652777777777778 0.0125 0.022222222222222223
0 0.602734375 0.7576388888888889 0.19453125 0.4847222222222222
1 0.913671875 0.9076388888888889 0.01328125 0.020833333333333332
1 0.543359375 0.7979166666666667 0.0171875 0.02361111111111111
1 0.180078125 0.43680555555555556 0.0109375 0.025
1 0.912109375 0.007638888888888889 0.05390625 0.015277777777777777
1 0.8640625 0.3013888888888889 0.01171875 0.029166666666666667
1 0.551171875 0.8784722222222222 0.01328125 0.04027777777777778
1 0.7 0.7347222222222223 0.02109375 0.04861111111111111
1 0.46015625 0.4791666666666667 0.0125 0.02638888888888889
1 0.3078125 0.5208333333333334 0.01484375 0.029166666666666667
1 0.841796875 0.275 0.04375 0.08055555555555556
1 0.176953125 0.1951388888888889 0.015625 0.02638888888888889
1 0.41328125 0.9333333333333333 0.015625 0.04583333333333333
1 0.97890625 0.2076388888888889 0.01015625 0.019444444444444445
1 0.67109375 0.3798611111111111 0.0125 0.02361111111111111
1 0.632421875 0.7590277777777777 0.025 0.03888888888888889
1 0.829296875 0.6236111111111111 0.0203125 0.027777777777777776
1 0.70546875 0.9423611111111111 0.021875 0.0375
1 0.859765625 0.34791666666666665 0.0109375 0.016666666666666666
1 0.89765625 0.07569444444444444 0.01640625 0.022222222222222223
1 0.6625 0.3284722222222222 0.01796875 0.041666666666666664
1 0.562890625 0.40347222222222223 0.021875 0.04027777777777778
1 0.198046875 0.6618055555555555 0.021875 0.029166666666666667
0 0.09453125 0.9375 0.1875 0.125
1 0.701171875 0.8631944444444445 0.0359375 0.09305555555555556
0 0.097265625 0.325 0.1921875 0.23472222222222222
1 0.848046875 0.5131944444444444 0.01796875 0.025
1 0.077734375 0.44583333333333336 0.015625 0.041666666666666664
1 0.9109375 0.5194444444444445 0.04296875 0.034722222222222224
1 0.15 0.44513888888888886 0.03203125 0.05555555555555555
1 0.24140625 0.40347222222222223 0.015625 0.029166666666666667
1 0.04921875 0.20347222222222222 0.01875 0.0375
1 0.673046875 0.7326388888888888 0.02734375 0.04861111111111111
1 0.96953125 0.9416666666666667 0.04609375 0.058333333333333334
1 0.102734375 0.7791666666666667 0.0234375 0.03333333333333333
1 0.698046875 0.42986111111111114 0.01875 0.03194444444444444
1 0.921484375 0.1597222222222222 0.0234375 0.075
1 0.772265625 0.91875 0.0328125 0.06527777777777778
1 0.7046875 0.6486111111111111 0.021875 0.034722222222222224
1 0.784765625 0.7305555555555555 0.02109375 0.0375
1 0.2 0.9722222222222222 0.06015625 0.05555555555555555