1 0.88671875 0.21666666666666667 0.0203125 0.022916666666666665
1 0.5140625 0.9614583333333333 0.04375 0.07708333333333334
1 0.55546875 0.9489583333333333 0.025 0.029166666666666667
1 0.60078125 0.9770833333333333 0.0578125 0.04583333333333333
1 0.47109375 0.9291666666666667 0.025 0.0375
1 0.521875 0.8895833333333333 0.0296875 0.03333333333333333
1 0.48828125 0.8416666666666667 0.03125 0.04791666666666667
1 0.596875 0.8645833333333334 0.0234375 0.027083333333333334
1 0.5859375 0.8895833333333333 0.0125 0.025
1 0.678125 0.8885416666666667 0.0203125 0.03125
1 0.78984375 0.9760416666666667 0.0453125 0.04791666666666667
1 0.66953125 0.853125 0.0171875 0.014583333333333334
0 0.4609375 0.010416666666666666 0.10625 0.020833333333333332
0 0.46015625 0.24270833333333333 0.125 0.33125
1 0.34453125 0.4010416666666667 0.015625 0.020833333333333332
0 0.4625 0.59375 0.2375 0.075
0 0.48203125 0.8208333333333333 0.265625 0.16041666666666668
0 0.428125 0.9864583333333333 0.0421875 0.027083333333333334
1 0.6984375 0.8458333333333333 0.034375 0.0375
1 0.70234375 0.7864583333333334 0.0265625 0.016666666666666666
1 0.7625 0.8177083333333334 0.0171875 0.022916666666666665
1 0.57421875 0.8083333333333333 0.028125 0.041666666666666664
1 0.60234375 0.7739583333333333 0.0296875 0.04375
1 0.6484375 0.7666666666666667 0.015625 0.01875
1 0.6453125 0.6916666666666667 0.040625 0.06458333333333334
1 0.484375 0.6927083333333334 0.025 0.029166666666666667
1 0.51640625 0.6927083333333334 0.025 0.01875
1 0.5171875 0.7291666666666666 0.0203125 0.029166666666666667
1 0.59609375 0.6104166666666667 0.0203125 0.03125
1 0.62890625 0.6333333333333333 0.0234375 0.022916666666666665
1 0.746875 0.6572916666666667 0.01875 0.027083333333333334
1 0.86875 0.7145833333333333 0.021875 0.027083333333333334
1 0.89375 0.6614583333333334 0.015625 0.027083333333333334
1 0.89140625 0.5458333333333333 0.0140625 0.022916666666666665
1 0.859375 0.5375 0.0234375 0.01875
1 0.72421875 0.446875 0.05 0.0625
1 0.7796875 0.46145833333333336 0.025 0.029166666666666667
1 0.721875 0.5 0.0203125 0.04583333333333333
1 0.815625 0.45208333333333334 0.0140625 0.020833333333333332
1 0.6546875 0.46770833333333334 0.03125 0.0625
1 0.68984375 0.5072916666666667 0.0328125 0.03958333333333333
1 0.5640625 0.4479166666666667 0.0125 0.025
1 0.58515625 0.43125 0.021875 0.029166666666666667
1 0.57890625 0.3802083333333333 0.0109375 0.022916666666666665
1 0.6265625 0.321875 0.0203125 0.03125
1 0.67421875 0.37395833333333334 0.015625 0.016666666666666666
1 0.79453125 0.29583333333333334 0.01875 0.022916666666666665
1 0.946875 0.346875 0.015625 0.01875
1 0.8328125 0.22604166666666667 0.028125 0.03333333333333333
1 0.8859375 0.27395833333333336 0.01875 0.01875
1 0.93828125 0.178125 0.0234375 0.01875
1 0.9421875 0.08958333333333333 0.01875 0.03333333333333333
1 0.78828125 0.109375 0.0421875 0.05416666666666667
1 0.7484375 0.09166666666666666 0.0171875 0.029166666666666667
1 0.66875 0.18958333333333333 0.0296875 0.0375
1 0.66328125 0.23333333333333334 0.0171875 0.01875
1 0.71953125 0.22916666666666666 0.03125 0.027083333333333334
1 0.73671875 0.18958333333333333 0.0171875 0.016666666666666666
1 0.31953125 0.011458333333333333 0.028125 0.022916666666666665
1 0.52421875 0.027083333333333334 0.0296875 0.05416666666666667
1 0.5546875 0.17395833333333333 0.009375 0.020833333333333332
1 0.603125 0.11354166666666667 0.0140625 0.016666666666666666
1 0.328125 0.23854166666666668 0.025 0.025
1 0.23359375 0.20208333333333334 0.075 0.08125
1 0.234375 0.26145833333333335 0.0484375 0.05
1 0.196875 0.265625 0.01875 0.025
1 0.22109375 0.33541666666666664 0.0546875 0.06875
1 0.32890625 0.27291666666666664 0.0234375 0.04375
1 0.3671875 0.28958333333333336 0.0328125 0.041666666666666664
1 0.42578125 0.23333333333333334 0.028125 0.04375
1 0.3546875 0.196875 0.0234375 0.03125
1 0.43203125 0.275 0.021875 0.0125
1 0.49140625 0.29583333333333334 0.021875 0.025
1 0.4984375 0.3375 0.01875 0.03333333333333333
1 0.38515625 0.403125 0.0328125 0.04375
1 0.2171875 0.42291666666666666 0.0171875 0.03125
1 0.246875 0.434375 0.0359375 0.04375
1 0.2234375 0.5916666666666667 0.040625 0.07708333333333334
1 0.26015625 0.6645833333333333 0.0375 0.07291666666666667
1 0.3484375 0.671875 0.0296875 0.04583333333333333
1 0.3828125 0.6760416666666667 0.0171875 0.029166666666666667
1 0.35625 0.7635416666666667 0.05625 0.05416666666666667
1 0.36953125 0.84375 0.0296875 0.03125
1 0.33515625 0.8833333333333333 0.0328125 0.052083333333333336
1 0.37421875 0.934375 0.0390625 0.05
1 0.234375 0.9489583333333333 0.0578125 0.04583333333333333
1 0.20078125 0.896875 0.0203125 0.01875
1 0.21875 0.7802083333333333 0.03125 0.05
1 0.0765625 0.9916666666666667 0.0109375 0.016666666666666666
1 0.0078125 0.809375 0.015625 0.0375
1 0.04296875 0.8020833333333334 0.028125 0.029166666666666667
1 0.02265625 0.5614583333333333 0.0453125 0.04791666666666667
1 0.28359375 0.5375 0.01875 0.020833333333333332
1 0.396875 0.51875 0.0375 0.04375
1 0.11328125 0.44166666666666665 0.0265625 0.03333333333333333
1 0.021875 0.17395833333333333 0.021875 0.027083333333333334
1 0.23828125 0.023958333333333335 0.0421875 0.04791666666666667
1 0.2015625 0.014583333333333334 0.0140625 0.014583333333333334
1 0.2046875 0.04583333333333333 0.0328125 0.03125
1 0.2078125 0.11979166666666667 0.0234375 0.03333333333333333
1 0.07890625 0.075 0.0171875 0.020833333333333332
1 0.0578125 0.9052083333333333 0.025 0.01875
1 0.11484375 0.8145833333333333 0.021875 0.016666666666666666
1 0.90703125 0.90625 0.0171875 0.029166666666666667
1 0.82578125 0.36354166666666665 0.0125 0.01875
1 0.4171875 0.03125 0.0171875 0.025
1 0.4421875 0.030208333333333334 0.028125 0.04583333333333333
1 0.053125 0.6697916666666667 0.01875 0.022916666666666665
1 0.13515625 0.7104166666666667 0.0140625 0.03125
1 0.0703125 0.85625 0.0140625 0.01875
1 0.02734375 0.021875 0.0125 0.01875