1 0.767578125 0.5722222222222222 0.01484375 0.016666666666666666
1 0.31796875 0.7708333333333334 0.0125 0.020833333333333332
1 0.251171875 0.6548611111111111 0.0125 0.02361111111111111
1 0.73203125 0.3486111111111111 0.015625 0.022222222222222223
1 0.846484375 0.4395833333333333 0.02109375 0.0375
1 0.899609375 0.46458333333333335 0.015625 0.034722222222222224
1 0.8890625 0.55625 0.02421875 0.04861111111111111
1 0.6953125 0.4708333333333333 0.01171875 0.015277777777777777
1 0.6296875 0.4534722222222222 0.01640625 0.043055555555555555
1 0.552734375 0.5020833333333333 0.02890625 0.034722222222222224
1 0.542578125 0.38333333333333336 0.01328125 0.019444444444444445
1 0.601953125 0.3375 0.021875 0.0375
1 0.54140625 0.5875 0.01953125 0.02638888888888889
1 0.608984375 0.6520833333333333 0.01796875 0.03194444444444444
1 0.631640625 0.70625 0.02578125 0.07777777777777778
1 0.643359375 0.6409722222222223 0.0140625 0.029166666666666667
1 0.69375 0.8458333333333333 0.034375 0.08611111111111111
1 0.6109375 0.8375 0.02421875 0.03611111111111111
1 0.591015625 0.8881944444444444 0.02109375 0.025
1 0.507421875 0.7736111111111111 0.0140625 0.075
1 0.284765625 0.7506944444444444 0.01328125 0.03611111111111111
1 0.757421875 0.27569444444444446 0.01953125 0.025
1 0.723046875 0.31875 0.0171875 0.022222222222222223
1 0.277734375 0.6375 0.0203125 0.03888888888888889
1 0.308203125 0.5819444444444445 0.01640625 0.04027777777777778
1 0.257421875 0.5854166666666667 0.01171875 0.02361111111111111
1 0.184765625 0.6770833333333334 0.021875 0.02638888888888889
1 0.09453125 0.7 0.015625 0.022222222222222223
1 0.09375 0.75 0.0140625 0.015277777777777777
1 0.1265625 0.7854166666666667 0.01796875 0.034722222222222224
1 0.132421875 0.5611111111111111 0.0125 0.016666666666666666
1 0.30234375 0.3326388888888889 0.0203125 0.0375
1 0.821484375 0.1875 0.0265625 0.04027777777777778
1 0.81796875 0.2777777777777778 0.02421875 0.058333333333333334
1 0.925 0.24722222222222223 0.015625 0.02361111111111111
1 0.920703125 0.19166666666666668 0.0203125 0.03333333333333333
1 0.894921875 0.16597222222222222 0.02109375 0.06527777777777778
1 0.8734375 0.12569444444444444 0.0234375 0.04583333333333333
1 0.885546875 0.004861111111111111 0.01015625 0.009722222222222222
1 0.8953125 0.06736111111111111 0.021875 0.043055555555555555
1 0.845703125 0.005555555555555556 0.01171875 0.011111111111111112
1 0.80703125 0.03263888888888889 0.0140625 0.02361111111111111
1 0.79609375 0.011805555555555555 0.02109375 0.02361111111111111
1 0.7640625 0.09930555555555555 0.0328125 0.07083333333333333
1 0.718359375 0.14930555555555555 0.0140625 0.03611111111111111
1 0.6828125 0.14583333333333334 0.03671875 0.09722222222222222
1 0.68515625 0.2986111111111111 0.01875 0.029166666666666667
1 0.28203125 0.5090277777777777 0.034375 0.05
1 0.23125 0.4618055555555556 0.015625 0.03888888888888889
1 0.247265625 0.42569444444444443 0.021875 0.04861111111111111
1 0.1984375 0.45625 0.01328125 0.027777777777777776
1 0.17578125 0.41041666666666665 0.01484375 0.02361111111111111
1 0.2171875 0.31527777777777777 0.02109375 0.0375
1 0.1703125 0.23194444444444445 0.01484375 0.02638888888888889
1 0.229296875 0.12708333333333333 0.05859375 0.058333333333333334
1 0.24296875 0.05 0.0203125 0.05555555555555555
1 0.2859375 0.05347222222222222 0.0171875 0.02361111111111111
1 0.425390625 0.14375 0.0109375 0.025
1 0.418359375 0.16041666666666668 0.00859375 0.0125
1 0.504296875 0.034027777777777775 0.0375 0.06805555555555555
1 0.997265625 0.8479166666666667 0.00546875 0.009722222222222222
1 0.937109375 0.9902777777777778 0.0140625 0.019444444444444445
0 0.6609375 0.3145833333333333 0.05546875 0.37777777777777777
0 0.70078125 0.6118055555555556 0.2375 0.10416666666666667
0 0.71328125 0.6715277777777777 0.18359375 0.5097222222222222
0 0.7265625 0.9361111111111111 0.15078125 0.12777777777777777
0 0.176953125 0.8763888888888889 0.146875 0.24722222222222223
0 0.166015625 0.6923611111111111 0.075 0.4111111111111111
1 0.145703125 0.5111111111111111 0.0171875 0.03888888888888889
0 0.166796875 0.49236111111111114 0.0765625 0.24583333333333332
0 0.156640625 0.26805555555555555 0.06328125 0.16805555555555557
1 0.10078125 0.07013888888888889 0.01875 0.022222222222222223
0 0.143359375 0.050694444444444445 0.190625 0.10138888888888889
1 0.544140625 0.03125 0.01484375 0.02638888888888889
1 0.54453125 0.1 0.01171875 0.02638888888888889
1 0.569921875 0.12291666666666666 0.0125 0.019444444444444445
1 0.5546875 0.19930555555555557 0.034375 0.04861111111111111
1 0.484765625 0.19444444444444445 0.01953125 0.030555555555555555
1 0.621875 0.23333333333333334 0.04609375 0.06805555555555555
1 0.669140625 0.26875 0.0140625 0.041666666666666664
1 0.2921875 0.40555555555555556 0.00859375 0.013888888888888888
1 0.891796875 0.9625 0.03828125 0.06805555555555555
1 0.961328125 0.9451388888888889 0.025 0.06111111111111111
1 0.92890625 0.8416666666666667 0.0203125 0.044444444444444446
1 0.962890625 0.8291666666666667 0.0109375 0.016666666666666666
1 0.921875 0.7708333333333334 0.02109375 0.0375
1 0.940234375 0.7090277777777778 0.03671875 0.03888888888888889
1 0.994140625 0.6583333333333333 0.01171875 0.029166666666666667
1 0.77421875 0.7319444444444444 0.01484375 0.022222222222222223
1 0.800390625 0.7770833333333333 0.0296875 0.04722222222222222
1 0.830078125 0.7444444444444445 0.01875 0.03888888888888889
1 0.777734375 0.8395833333333333 0.0171875 0.016666666666666666
1 0.726953125 0.8083333333333333 0.0203125 0.03333333333333333
1 0.711328125 0.7180555555555556 0.01796875 0.025
1 0.778125 0.6479166666666667 0.02109375 0.019444444444444445
1 0.28671875 0.9131944444444444 0.01015625 0.020833333333333332
1 0.90625 0.3298611111111111 0.0140625 0.02638888888888889
1 0.958984375 0.09791666666666667 0.01875 0.03194444444444444
1 0.955859375 0.13680555555555557 0.02578125 0.034722222222222224
1 0.971875 0.025 0.015625 0.027777777777777776