1 0.31953125 0.7072916666666667 0.0203125 0.027083333333333334
1 0.23125 0.17083333333333334 0.0734375 0.07916666666666666
1 0.803125 0.16875 0.01875 0.025
1 0.48203125 0.259375 0.01875 0.03125
1 0.34140625 0.6208333333333333 0.021875 0.020833333333333332
1 0.43203125 0.6802083333333333 0.015625 0.029166666666666667
1 0.9109375 0.7708333333333334 0.025 0.027083333333333334
1 0.6546875 0.5916666666666667 0.015625 0.027083333333333334
1 0.346875 0.821875 0.021875 0.029166666666666667
1 0.6875 0.753125 0.0234375 0.03958333333333333
1 0.6375 0.240625 0.0328125 0.041666666666666664
1 0.3640625 0.5770833333333333 0.028125 0.016666666666666666
1 0.2484375 0.984375 0.021875 0.03125
1 0.228125 0.6322916666666667 0.0140625 0.01875
1 0.634375 0.9416666666666667 0.025 0.03333333333333333
1 0.54765625 0.9864583333333333 0.025 0.027083333333333334
1 0.39609375 0.99375 0.01875 0.0125
1 0.99296875 0.9583333333333334 0.0140625 0.06041666666666667
1 0.9265625 0.9645833333333333 0.0625 0.06666666666666667
1 0.9390625 0.5635416666666667 0.0359375 0.020833333333333332
1 0.9375 0.5072916666666667 0.0359375 0.03125
1 0.37734375 0.009375 0.01875 0.01875
1 0.30546875 0.019791666666666666 0.0390625 0.03958333333333333
1 0.12109375 0.025 0.0796875 0.05
1 0.25 0.5114583333333333 0.075 0.07708333333333334
1 0.21015625 0.4427083333333333 0.0203125 0.027083333333333334
1 0.33984375 0.4166666666666667 0.0609375 0.07083333333333333
1 0.36796875 0.3260416666666667 0.0359375 0.04791666666666667
1 0.475 0.12395833333333334 0.021875 0.01875
1 0.49453125 0.06875 0.0359375 0.07083333333333333
1 0.43046875 0.08229166666666667 0.021875 0.0375
1 0.428125 0.178125 0.0859375 0.06041666666666667
1 0.58671875 0.20520833333333333 0.025 0.03333333333333333
1 0.69609375 0.41875 0.0921875 0.06666666666666667
1 0.7015625 0.525 0.03125 0.03125
1 0.56875 0.459375 0.0421875 0.07916666666666666
1 0.51015625 0.5083333333333333 0.0328125 0.022916666666666665
1 0.49609375 0.6 0.025 0.022916666666666665
0 0.4703125 0.5135416666666667 0.290625 0.17708333333333334
0 0.3984375 0.7989583333333333 0.128125 0.20833333333333334
0 0.44375 0.9729166666666667 0.021875 0.05416666666666667
0 0.42890625 0.215625 0.15 0.19791666666666666
0 0.4515625 0.017708333333333333 0.0421875 0.035416666666666666
1 0.5640625 0.60625 0.0640625 0.022916666666666665
1 0.59921875 0.5375 0.025 0.020833333333333332
1 0.47421875 0.6635416666666667 0.05 0.0625
1 0.62109375 0.7385416666666667 0.084375 0.11458333333333333
1 0.621875 0.8864583333333333 0.0203125 0.05
1 0.50234375 0.8114583333333333 0.015625 0.020833333333333332
1 0.559375 0.853125 0.0390625 0.05625
1 0.3296875 0.9114583333333334 0.05625 0.04583333333333333
1 0.215625 0.9145833333333333 0.053125 0.05
1 0.3890625 0.740625 0.0234375 0.025
1 0.28046875 0.315625 0.021875 0.025
1 0.259375 0.609375 0.021875 0.022916666666666665
1 0.19375 0.6479166666666667 0.03125 0.0375
1 0.25078125 0.7145833333333333 0.109375 0.14375
1 0.88984375 0.20104166666666667 0.0328125 0.03333333333333333
1 0.9921875 0.23333333333333334 0.015625 0.04791666666666667
1 0.95703125 0.134375 0.0859375 0.10833333333333334
1 0.7375 0.11666666666666667 0.025 0.027083333333333334
1 0.54296875 0.058333333333333334 0.0203125 0.022916666666666665
1 0.69765625 0.040625 0.0578125 0.08125