1 0.58203125 0.7510416666666667 0.0171875 0.029166666666666667
1 0.17890625 0.4479166666666667 0.0234375 0.027083333333333334
1 0.9890625 0.2875 0.021875 0.025
0 0.3859375 0.8697916666666666 0.2734375 0.19375
0 0.36015625 0.6854166666666667 0.134375 0.3729166666666667
0 0.35 0.403125 0.1203125 0.44583333333333336
0 0.371875 0.065625 0.25625 0.12708333333333333
1 0.11796875 0.23645833333333333 0.0328125 0.05
1 0.21015625 0.3729166666666667 0.034375 0.05416666666666667
1 0.1625 0.6416666666666667 0.03125 0.03125
1 0.61171875 0.9895833333333334 0.021875 0.020833333333333332
1 0.43515625 0.8614583333333333 0.021875 0.025
1 0.6171875 0.51875 0.0265625 0.027083333333333334
1 0.93359375 0.33541666666666664 0.0234375 0.04583333333333333
1 0.76953125 0.26666666666666666 0.034375 0.029166666666666667
1 0.65546875 0.18333333333333332 0.0265625 0.025
1 0.53359375 0.31145833333333334 0.0328125 0.03333333333333333
1 0.484375 0.42916666666666664 0.021875 0.022916666666666665
1 0.21328125 0.059375 0.0265625 0.01875
1 0.36796875 0.15416666666666667 0.0265625 0.04375
1 0.66015625 0.625 0.0171875 0.025
1 0.65703125 0.47708333333333336 0.01875 0.022916666666666665
1 0.90859375 0.8260416666666667 0.01875 0.03958333333333333
1 0.81875 0.21458333333333332 0.0171875 0.035416666666666666
1 0.3296875 0.18125 0.0125 0.022916666666666665
1 0.43671875 0.740625 0.0125 0.016666666666666666
1 0.2875 0.47708333333333336 0.021875 0.027083333333333334
1 0.69296875 0.596875 0.01875 0.027083333333333334