1 0.218359375 0.8694444444444445 0.0140625 0.03611111111111111
1 0.20703125 0.9909722222222223 0.02109375 0.018055555555555554
1 0.2140625 0.7375 0.02109375 0.044444444444444446
1 0.148828125 0.6972222222222222 0.028125 0.058333333333333334
1 0.087890625 0.7555555555555555 0.03359375 0.10694444444444444
1 0.055859375 0.4930555555555556 0.0359375 0.06666666666666667
1 0.054296875 0.5631944444444444 0.0234375 0.03611111111111111
1 0.16484375 0.4618055555555556 0.0234375 0.03611111111111111
1 0.160546875 0.3993055555555556 0.03828125 0.05
1 0.251171875 0.42777777777777776 0.028125 0.04722222222222222
1 0.05625 0.34791666666666665 0.02578125 0.05
1 0.207421875 0.32222222222222224 0.02578125 0.03333333333333333
1 0.182421875 0.24930555555555556 0.03828125 0.06111111111111111
1 0.106640625 0.20694444444444443 0.03359375 0.041666666666666664
1 0.141015625 0.18819444444444444 0.0265625 0.041666666666666664
1 0.2109375 0.13541666666666666 0.02265625 0.04027777777777778
1 0.12890625 0.04027777777777778 0.021875 0.08055555555555556
1 0.48203125 0.05625 0.02421875 0.041666666666666664
1 0.618359375 0.23958333333333334 0.0265625 0.04722222222222222
1 0.61171875 0.04375 0.01953125 0.05
1 0.736328125 0.24930555555555556 0.040625 0.08611111111111111
1 0.70546875 0.28888888888888886 0.02578125 0.03611111111111111
1 0.61640625 0.4666666666666667 0.0421875 0.0625
1 0.733984375 0.49027777777777776 0.0265625 0.05416666666666667
1 0.820703125 0.30694444444444446 0.04296875 0.05
1 0.96171875 0.3659722222222222 0.02734375 0.041666666666666664
1 0.986328125 0.13333333333333333 0.02578125 0.05555555555555555
1 0.895703125 0.5354166666666667 0.0140625 0.03611111111111111
1 0.87421875 0.6305555555555555 0.01875 0.05
1 0.80390625 0.6506944444444445 0.0234375 0.058333333333333334
1 0.74296875 0.6166666666666667 0.0171875 0.04027777777777778
1 0.720703125 0.7388888888888889 0.04453125 0.041666666666666664
1 0.962890625 0.7145833333333333 0.0171875 0.03333333333333333
1 0.990234375 0.7763888888888889 0.01953125 0.06666666666666667
1 0.93203125 0.7548611111111111 0.0234375 0.03194444444444444
1 0.730078125 0.8729166666666667 0.0265625 0.05138888888888889
1 0.693359375 0.8986111111111111 0.025 0.04027777777777778
1 0.521484375 0.5680555555555555 0.0296875 0.05277777777777778
1 0.40703125 0.7625 0.0140625 0.04583333333333333
0 0.143359375 0.9041666666666667 0.05859375 0.19166666666666668
0 0.617578125 0.8583333333333333 0.05546875 0.2833333333333333
0 0.598828125 0.7402777777777778 0.35234375 0.3888888888888889
0 0.6078125 0.30486111111111114 0.2171875 0.275
0 0.5453125 0.1375 0.109375 0.275
0 0.671484375 0.14166666666666666 0.3015625 0.2833333333333333
0 0.07578125 0.6631944444444444 0.1515625 0.5958333333333333
0 0.07890625 0.4527777777777778 0.1578125 0.2972222222222222
0 0.067578125 0.2722222222222222 0.13515625 0.36666666666666664
0 0.0640625 0.12291666666666666 0.128125 0.24583333333333332