1 0.09453125 0.9802083333333333 0.021875 0.03958333333333333
1 0.0625 0.7739583333333333 0.025 0.022916666666666665
1 0.27421875 0.30520833333333336 0.0359375 0.05416666666666667
1 0.3625 0.28125 0.034375 0.04375
1 0.31484375 0.109375 0.01875 0.0375
1 0.31953125 0.171875 0.0234375 0.03125
1 0.38203125 0.146875 0.021875 0.06875
1 0.54453125 0.5708333333333333 0.0140625 0.01875
1 0.575 0.18125 0.034375 0.035416666666666666
1 0.43671875 0.014583333333333334 0.03125 0.029166666666666667
1 0.70625 0.6177083333333333 0.0171875 0.022916666666666665
1 0.128125 0.43854166666666666 0.021875 0.022916666666666665
1 0.15546875 0.9 0.021875 0.025
1 0.23203125 0.8854166666666666 0.0171875 0.025
1 0.81875 0.11666666666666667 0.0140625 0.022916666666666665
1 0.61484375 0.010416666666666666 0.0265625 0.020833333333333332
1 0.446875 0.5572916666666666 0.0203125 0.020833333333333332
1 0.43984375 0.07291666666666667 0.0265625 0.03333333333333333
1 0.340625 0.821875 0.04375 0.05625
1 0.46640625 0.7489583333333333 0.0171875 0.03333333333333333
1 0.24296875 0.76875 0.028125 0.03333333333333333
1 0.50078125 0.10625 0.015625 0.020833333333333332
0 0.5359375 0.12708333333333333 0.0734375 0.25416666666666665
0 0.55 0.3697916666666667 0.146875 0.14166666666666666
0 0.57578125 0.66875 0.1671875 0.27291666666666664
0 0.49140625 0.9479166666666666 0.1203125 0.10416666666666667
1 0.6359375 0.04583333333333333 0.028125 0.03125
1 0.1390625 0.10833333333333334 0.0296875 0.025
1 0.7921875 0.8802083333333334 0.025 0.029166666666666667
1 0.80703125 0.9447916666666667 0.0328125 0.05625
1 0.653125 0.8614583333333333 0.0359375 0.03958333333333333
1 0.74375 0.825 0.01875 0.022916666666666665
1 0.840625 0.603125 0.0203125 0.016666666666666666
1 0.93046875 0.471875 0.01875 0.025
1 0.96875 0.525 0.03125 0.03333333333333333
1 0.69765625 0.6979166666666666 0.0265625 0.027083333333333334
1 0.74453125 0.6270833333333333 0.021875 0.027083333333333334
1 0.65390625 0.5010416666666667 0.021875 0.035416666666666666
1 0.56328125 0.309375 0.0140625 0.027083333333333334
1 0.04453125 0.9541666666666667 0.0140625 0.05