1 0.6640625 0.41875 0.01171875 0.025
1 0.033203125 0.4388888888888889 0.01640625 0.0375
1 0.812890625 0.3645833333333333 0.009375 0.019444444444444445
1 0.79375 0.37222222222222223 0.00703125 0.015277777777777777
1 0.9921875 0.6076388888888888 0.01484375 0.0375
1 0.978515625 0.6444444444444445 0.01484375 0.020833333333333332
1 0.75625 0.9715277777777778 0.009375 0.013888888888888888
1 0.66796875 0.6458333333333334 0.00859375 0.020833333333333332
1 0.525 0.6347222222222222 0.0140625 0.029166666666666667
1 0.516796875 0.4173611111111111 0.01171875 0.02638888888888889
1 0.594921875 0.28541666666666665 0.01875 0.03888888888888889
1 0.59609375 0.23472222222222222 0.01171875 0.019444444444444445
1 0.463671875 0.21736111111111112 0.0171875 0.041666666666666664
1 0.359765625 0.34652777777777777 0.01640625 0.020833333333333332
1 0.440625 0.79375 0.0265625 0.025
1 0.551171875 0.5756944444444444 0.0203125 0.04027777777777778
1 0.728515625 0.7034722222222223 0.034375 0.07083333333333333
1 0.584765625 0.7465277777777778 0.021875 0.030555555555555555
1 0.602734375 0.7090277777777778 0.02265625 0.03333333333333333
1 0.58359375 0.6868055555555556 0.01484375 0.02361111111111111
1 0.634765625 0.66875 0.01953125 0.03194444444444444
1 0.668359375 0.5972222222222222 0.0265625 0.059722222222222225
1 0.659375 0.46805555555555556 0.015625 0.03194444444444444
1 0.724609375 0.4395833333333333 0.01328125 0.02361111111111111
1 0.716015625 0.39375 0.0265625 0.05138888888888889
1 0.7984375 0.32222222222222224 0.015625 0.06666666666666667
1 0.76328125 0.31805555555555554 0.01953125 0.027777777777777776
1 0.880859375 0.009027777777777777 0.0125 0.018055555555555554
1 0.83046875 0.011805555555555555 0.01875 0.02361111111111111
1 0.931640625 0.05416666666666667 0.01953125 0.03611111111111111
1 0.99140625 0.17847222222222223 0.0171875 0.025
1 0.856640625 0.14583333333333334 0.025 0.08611111111111111
1 0.891796875 0.2298611111111111 0.03046875 0.03611111111111111
1 0.85625 0.34791666666666665 0.0265625 0.029166666666666667
1 0.940234375 0.3277777777777778 0.02578125 0.05
1 0.987109375 0.48541666666666666 0.02578125 0.0763888888888889
1 0.879296875 0.5104166666666666 0.02109375 0.030555555555555555
1 0.876953125 0.5659722222222222 0.02734375 0.06944444444444445
1 0.769140625 0.5909722222222222 0.015625 0.02361111111111111
1 0.778125 0.6548611111111111 0.025 0.030555555555555555
1 0.78046875 0.7173611111111111 0.01484375 0.027777777777777776
1 0.816796875 0.7263888888888889 0.0203125 0.03333333333333333
1 0.855078125 0.8444444444444444 0.01171875 0.019444444444444445
1 0.877734375 0.8152777777777778 0.0203125 0.025
1 0.971875 0.7756944444444445 0.0390625 0.11805555555555555
1 0.9484375 0.8354166666666667 0.02265625 0.044444444444444446
1 0.989453125 0.9069444444444444 0.01953125 0.041666666666666664
1 0.961328125 0.9361111111111111 0.02578125 0.05
1 0.940234375 0.9194444444444444 0.01171875 0.027777777777777776
1 0.9171875 0.8888888888888888 0.0109375 0.020833333333333332
1 0.871875 0.9152777777777777 0.021875 0.04583333333333333
1 0.621484375 0.9618055555555556 0.0078125 0.020833333333333332
1 0.671875 0.8215277777777777 0.02421875 0.044444444444444446
1 0.635546875 0.88125 0.02265625 0.044444444444444446
1 0.57265625 0.8583333333333333 0.009375 0.013888888888888888
1 0.54921875 0.8770833333333333 0.01328125 0.02638888888888889
1 0.289453125 0.9604166666666667 0.01328125 0.03194444444444444
1 0.30390625 0.91875 0.02890625 0.04027777777777778
1 0.068359375 0.9013888888888889 0.00859375 0.02361111111111111
1 0.163671875 0.8486111111111111 0.01640625 0.02361111111111111
1 0.2015625 0.7840277777777778 0.01484375 0.03888888888888889
1 0.266015625 0.8722222222222222 0.03828125 0.06388888888888888
1 0.2625 0.81875 0.0125 0.025
1 0.221484375 0.7951388888888888 0.0171875 0.03333333333333333
1 0.282421875 0.6854166666666667 0.02890625 0.044444444444444446
1 0.25859375 0.5333333333333333 0.01640625 0.03333333333333333
1 0.23359375 0.5625 0.01796875 0.027777777777777776
1 0.194140625 0.5333333333333333 0.0046875 0.015277777777777777
1 0.184765625 0.5222222222222223 0.01171875 0.02361111111111111
1 0.178515625 0.4652777777777778 0.03515625 0.075
1 0.228125 0.46944444444444444 0.02265625 0.06111111111111111
1 0.219140625 0.4388888888888889 0.00859375 0.015277777777777777
1 0.140234375 0.34791666666666665 0.040625 0.05277777777777778
1 0.269140625 0.2847222222222222 0.0453125 0.075
1 0.237890625 0.225 0.01953125 0.03333333333333333
1 0.19765625 0.2763888888888889 0.021875 0.041666666666666664
1 0.166015625 0.23402777777777778 0.009375 0.02638888888888889
1 0.207421875 0.15138888888888888 0.0109375 0.020833333333333332
1 0.256640625 0.019444444444444445 0.01796875 0.03888888888888889
1 0.22265625 0.06736111111111111 0.01953125 0.0375
1 0.20078125 0.10416666666666667 0.02109375 0.03333333333333333
0 0.716796875 0.18472222222222223 0.19453125 0.36944444444444446
0 0.7265625 0.3326388888888889 0.28984375 0.2986111111111111
0 0.600390625 0.5340277777777778 0.09453125 0.18194444444444444
0 0.72109375 0.7666666666666667 0.221875 0.13055555555555556
0 0.656640625 0.8979166666666667 0.08125 0.20416666666666666
0 0.140234375 0.8027777777777778 0.259375 0.1736111111111111
0 0.112890625 0.1798611111111111 0.12109375 0.3597222222222222