1 0.55703125 0.7697916666666667 0.021875 0.027083333333333334
1 0.4765625 0.04583333333333333 0.021875 0.05416666666666667
1 0.9859375 0.93125 0.0265625 0.027083333333333334
1 0.97109375 0.8 0.0140625 0.0375
1 0.41171875 0.4010416666666667 0.0296875 0.03958333333333333
1 0.3921875 0.4875 0.021875 0.0375
1 0.66640625 0.509375 0.0234375 0.03125
1 0.72734375 0.46875 0.0390625 0.035416666666666666
1 0.71953125 0.06770833333333333 0.0203125 0.025
0 0.4640625 0.9604166666666667 0.103125 0.07916666666666666
0 0.4515625 0.775 0.1484375 0.1875
0 0.51171875 0.45 0.2078125 0.36041666666666666
0 0.503125 0.10625 0.2125 0.20208333333333334
1 0.31171875 0.03333333333333333 0.040625 0.0625
1 0.5765625 0.45416666666666666 0.025 0.03125
1 0.609375 0.019791666666666666 0.015625 0.01875
1 0.46328125 0.21458333333333332 0.0125 0.01875
1 0.41640625 0.009375 0.028125 0.014583333333333334
1 0.621875 0.559375 0.028125 0.020833333333333332
1 0.74140625 0.09895833333333333 0.0234375 0.01875
1 0.10546875 0.37083333333333335 0.034375 0.07083333333333333
1 0.41953125 0.621875 0.021875 0.025
1 0.38984375 0.7166666666666667 0.0171875 0.022916666666666665
1 0.3875 0.65625 0.0171875 0.029166666666666667
1 0.325 0.61875 0.040625 0.058333333333333334
1 0.28125 0.8479166666666667 0.0828125 0.09375