1 0.55703125 0.16875 0.01875 0.020833333333333332
1 0.45859375 0.675 0.0375 0.04375
1 0.61328125 0.8322916666666667 0.0296875 0.06041666666666667
1 0.76875 0.6302083333333334 0.0390625 0.058333333333333334
1 0.98125 0.36041666666666666 0.0328125 0.04375
1 0.50859375 0.5645833333333333 0.0203125 0.027083333333333334
1 0.10390625 0.21145833333333333 0.0140625 0.025
1 0.65546875 0.8052083333333333 0.015625 0.03958333333333333
1 0.4171875 0.265625 0.0171875 0.025
1 0.384375 0.041666666666666664 0.028125 0.025
1 0.3953125 0.008333333333333333 0.025 0.016666666666666666
1 0.65859375 0.7489583333333333 0.021875 0.027083333333333334
0 0.5859375 0.14791666666666667 0.2375 0.16458333333333333
0 0.62109375 0.3302083333333333 0.134375 0.3416666666666667
0 0.628125 0.5833333333333334 0.1140625 0.42083333333333334
0 0.5921875 0.9197916666666667 0.271875 0.16041666666666668
1 0.63203125 0.6739583333333333 0.01875 0.027083333333333334
1 0.55625 0.2875 0.0140625 0.01875