1 0.21484375 0.6666666666666666 0.01875 0.029166666666666667
1 0.278125 0.007291666666666667 0.0171875 0.014583333333333334
1 0.24140625 0.528125 0.0765625 0.07916666666666666
1 0.75234375 0.065625 0.0328125 0.05416666666666667
1 0.340625 0.3 0.025 0.03958333333333333
0 0.47265625 0.85625 0.2359375 0.14583333333333334
0 0.54296875 0.63125 0.178125 0.3541666666666667
0 0.47890625 0.25104166666666666 0.109375 0.325
0 0.503125 0.03333333333333333 0.0859375 0.06666666666666667
1 0.74609375 0.2760416666666667 0.0234375 0.022916666666666665
1 0.77109375 0.234375 0.028125 0.03958333333333333
1 0.86796875 0.15 0.0296875 0.022916666666666665
1 0.671875 0.41354166666666664 0.0265625 0.05416666666666667
1 0.7640625 0.6239583333333333 0.034375 0.04583333333333333
1 0.7734375 0.83125 0.021875 0.035416666666666666
1 0.9703125 0.8072916666666666 0.0296875 0.029166666666666667
1 0.3234375 0.6010416666666667 0.0390625 0.04791666666666667
1 0.08671875 0.6802083333333333 0.059375 0.15
1 0.2890625 0.665625 0.03125 0.029166666666666667
1 0.2265625 0.6104166666666667 0.03125 0.041666666666666664
1 0.33515625 0.12916666666666668 0.078125 0.14375
1 0.41328125 0.25729166666666664 0.034375 0.03958333333333333
1 0.3078125 0.48125 0.0453125 0.025
1 0.41953125 0.5458333333333333 0.021875 0.027083333333333334
1 0.43125 0.4979166666666667 0.0328125 0.04375
1 0.47265625 0.41770833333333335 0.025 0.03125
1 0.6046875 0.4197916666666667 0.0140625 0.020833333333333332
1 0.74453125 0.6833333333333333 0.0203125 0.029166666666666667
1 0.18828125 0.9416666666666667 0.059375 0.041666666666666664
1 0.2765625 0.96875 0.0265625 0.01875
1 0.3484375 0.9822916666666667 0.059375 0.035416666666666666
1 0.30625 0.8135416666666667 0.03125 0.035416666666666666
1 0.34765625 0.86875 0.0203125 0.025
1 0.20390625 0.9010416666666666 0.0328125 0.0625
1 0.58984375 0.103125 0.028125 0.04583333333333333
1 0.6328125 0.075 0.028125 0.035416666666666666
1 0.56640625 0.0125 0.0296875 0.025
1 0.2046875 0.45416666666666666 0.0203125 0.01875
1 0.9453125 0.6302083333333334 0.0140625 0.0375
1 0.02734375 0.5302083333333333 0.021875 0.01875
1 0.534375 0.20833333333333334 0.01875 0.022916666666666665