1 0.88203125 0.8395833333333333 0.01875 0.07916666666666666
0 0.5484375 0.9864583333333333 0.13125 0.027083333333333334
1 0.475 0.084375 0.034375 0.04791666666666667
1 0.8953125 0.015625 0.025 0.03125
1 0.96953125 0.22395833333333334 0.0328125 0.029166666666666667
1 0.9859375 0.36666666666666664 0.028125 0.029166666666666667
1 0.96796875 0.2833333333333333 0.0140625 0.027083333333333334
1 0.821875 0.18229166666666666 0.028125 0.0375
1 0.6328125 0.13958333333333334 0.0171875 0.022916666666666665
1 0.56015625 0.221875 0.0296875 0.04791666666666667
1 0.76875 0.2989583333333333 0.040625 0.06875
1 0.65625 0.4739583333333333 0.0140625 0.022916666666666665
1 0.54453125 0.4864583333333333 0.0171875 0.027083333333333334
1 0.8015625 0.5927083333333333 0.0203125 0.03125
1 0.703125 0.5729166666666666 0.0203125 0.020833333333333332
1 0.96484375 0.6875 0.034375 0.027083333333333334
1 0.690625 0.7270833333333333 0.028125 0.05625
1 0.73203125 0.8416666666666667 0.0203125 0.025
1 0.0640625 0.9427083333333334 0.03125 0.027083333333333334
1 0.31640625 0.9041666666666667 0.0390625 0.058333333333333334
1 0.3734375 0.7229166666666667 0.021875 0.03125
1 0.265625 0.7333333333333333 0.0296875 0.041666666666666664
1 0.13046875 0.68125 0.021875 0.04375
1 0.2546875 0.5427083333333333 0.0453125 0.06458333333333334
1 0.303125 0.4864583333333333 0.034375 0.035416666666666666
1 0.21640625 0.3958333333333333 0.0296875 0.035416666666666666
1 0.0875 0.25833333333333336 0.0296875 0.014583333333333334
1 0.16953125 0.221875 0.015625 0.035416666666666666
1 0.2328125 0.0125 0.034375 0.025
1 0.05234375 0.19791666666666666 0.034375 0.03958333333333333
0 0.546875 0.036458333333333336 0.103125 0.07291666666666667
0 0.53125 0.2552083333333333 0.0953125 0.3375
0 0.4765625 0.56875 0.0421875 0.2125
0 0.45625 0.8364583333333333 0.265625 0.18125
1 0.52109375 0.6302083333333334 0.01875 0.041666666666666664
1 0.87265625 0.9520833333333333 0.015625 0.027083333333333334
1 0.1328125 0.328125 0.059375 0.0625