1 0.34140625 0.6822916666666666 0.01875 0.0125
1 0.04609375 0.984375 0.015625 0.022916666666666665
1 0.23515625 0.940625 0.0234375 0.016666666666666666
1 0.071875 0.5822916666666667 0.0125 0.029166666666666667
1 0.0921875 0.5927083333333333 0.015625 0.01875
1 0.11328125 0.4114583333333333 0.0203125 0.03333333333333333
1 0.02578125 0.37395833333333334 0.025 0.020833333333333332
1 0.40234375 0.025 0.0359375 0.04791666666666667
1 0.8421875 0.4197916666666667 0.0125 0.03125
1 0.93671875 0.21666666666666667 0.015625 0.0125
1 0.896875 0.20104166666666667 0.028125 0.027083333333333334
1 0.809375 0.178125 0.01875 0.035416666666666666
1 0.796875 0.24791666666666667 0.053125 0.06041666666666667
1 0.784375 0.20729166666666668 0.0296875 0.03958333333333333
1 0.72421875 0.184375 0.0390625 0.027083333333333334
1 0.66953125 0.34791666666666665 0.01875 0.03333333333333333
1 0.67890625 0.31145833333333334 0.0703125 0.05625
1 0.68671875 0.503125 0.015625 0.029166666666666667
1 0.8125 0.421875 0.0390625 0.04375
1 0.77265625 0.43125 0.0265625 0.041666666666666664
1 0.89609375 0.32708333333333334 0.05 0.06666666666666667
1 0.87421875 0.5114583333333333 0.021875 0.035416666666666666
1 0.14765625 0.9604166666666667 0.025 0.029166666666666667
1 0.62734375 0.6479166666666667 0.0390625 0.07291666666666667
1 0.6765625 0.8354166666666667 0.025 0.03125
1 0.7546875 0.809375 0.025 0.029166666666666667
1 0.80078125 0.8302083333333333 0.0140625 0.022916666666666665
1 0.8171875 0.8291666666666667 0.0109375 0.016666666666666666
1 0.87890625 0.7833333333333333 0.015625 0.014583333333333334
1 0.846875 0.7291666666666666 0.0140625 0.022916666666666665
1 0.940625 0.5854166666666667 0.0453125 0.04791666666666667
1 0.73828125 0.521875 0.01875 0.03125
1 0.4484375 0.7114583333333333 0.0265625 0.027083333333333334
1 0.43125 0.7572916666666667 0.028125 0.03125
1 0.45546875 0.9479166666666666 0.0203125 0.022916666666666665
0 0.57265625 0.11458333333333333 0.4609375 0.22708333333333333
0 0.59140625 0.4239583333333333 0.484375 0.13333333333333333
1 0.44453125 0.9770833333333333 0.0234375 0.0375
0 0.515625 0.7270833333333333 0.2 0.3375
0 0.49296875 0.88125 0.109375 0.2375
1 0.2375 0.5729166666666666 0.0421875 0.04583333333333333
1 0.00859375 0.65625 0.0171875 0.04583333333333333
1 0.8984375 0.46458333333333335 0.021875 0.025