1 0.38203125 0.5125 0.034375 0.05625
1 0.47265625 0.05416666666666667 0.028125 0.025
1 0.48515625 0.084375 0.0265625 0.035416666666666666
1 0.46171875 0.014583333333333334 0.040625 0.029166666666666667
1 0.5171875 0.03854166666666667 0.0171875 0.022916666666666665
1 0.5328125 0.03229166666666667 0.015625 0.01875
1 0.52734375 0.0625 0.040625 0.025
1 0.5703125 0.08958333333333333 0.021875 0.03958333333333333
1 0.55 0.09895833333333333 0.01875 0.027083333333333334
1 0.5140625 0.11145833333333334 0.065625 0.06875
1 0.51875 0.171875 0.0359375 0.03958333333333333
1 0.55234375 0.17604166666666668 0.01875 0.025
1 0.54921875 0.20520833333333333 0.01875 0.0375
1 0.56953125 0.209375 0.015625 0.01875
1 0.5796875 0.18020833333333333 0.0359375 0.03125
1 0.5734375 0.11770833333333333 0.015625 0.025
1 0.64921875 0.15208333333333332 0.0390625 0.027083333333333334
1 0.65859375 0.11770833333333333 0.0328125 0.03333333333333333
1 0.69375 0.115625 0.0359375 0.027083333333333334
1 0.696875 0.14166666666666666 0.03125 0.022916666666666665
1 0.684375 0.159375 0.025 0.03125
1 0.659375 0.07916666666666666 0.01875 0.029166666666666667
1 0.4609375 0.11770833333333333 0.028125 0.020833333333333332
1 0.4625 0.14270833333333333 0.0328125 0.027083333333333334
1 0.46171875 0.17708333333333334 0.03125 0.029166666666666667
1 0.4421875 0.18229166666666666 0.0109375 0.014583333333333334
1 0.43203125 0.22395833333333334 0.0296875 0.029166666666666667
1 0.47890625 0.240625 0.0484375 0.05
1 0.47578125 0.20416666666666666 0.015625 0.020833333333333332
1 0.4578125 0.20520833333333333 0.0140625 0.022916666666666665
1 0.20703125 0.11770833333333333 0.0046875 0.0125
1 0.178125 0.06770833333333333 0.009375 0.01875
1 0.240625 0.09583333333333334 0.0203125 0.010416666666666666
1 0.2671875 0.2125 0.025 0.029166666666666667
1 0.2703125 0.19375 0.015625 0.0125
1 0.28515625 0.21145833333333333 0.0078125 0.0125
1 0.1703125 0.28958333333333336 0.0234375 0.014583333333333334
1 0.1671875 0.309375 0.025 0.020833333333333332
1 0.1828125 0.31354166666666666 0.021875 0.03125
1 0.16171875 0.340625 0.0234375 0.027083333333333334
1 0.15625 0.3614583333333333 0.015625 0.0125
1 0.33984375 0.13541666666666666 0.0125 0.025
1 0.3359375 0.16458333333333333 0.03125 0.025
1 0.33125 0.19479166666666667 0.0234375 0.0375
1 0.3796875 0.16354166666666667 0.0484375 0.05
1 0.3546875 0.18645833333333334 0.0171875 0.01875
1 0.42734375 0.09479166666666666 0.028125 0.05
1 0.453125 0.07708333333333334 0.0328125 0.058333333333333334
1 0.5109375 0.2375 0.01875 0.027083333333333334
1 0.49765625 0.26979166666666665 0.0328125 0.04375
1 0.45234375 0.23958333333333334 0.01875 0.022916666666666665
1 0.37265625 0.26875 0.0109375 0.022916666666666665
1 0.39296875 0.26145833333333335 0.0171875 0.016666666666666666
1 0.3875 0.275 0.0109375 0.008333333333333333
1 0.50703125 0.2989583333333333 0.0109375 0.01875
1 0.578125 0.33125 0.0265625 0.035416666666666666
1 0.55234375 0.325 0.0140625 0.025
1 0.53515625 0.3302083333333333 0.0140625 0.01875
1 0.74609375 0.040625 0.0296875 0.041666666666666664
1 0.82578125 0.036458333333333336 0.1421875 0.07291666666666667
1 0.890625 0.090625 0.0171875 0.03333333333333333
1 0.90859375 0.11666666666666667 0.01875 0.022916666666666665
1 0.81328125 0.0875 0.103125 0.07083333333333333
1 0.803125 0.04895833333333333 0.0171875 0.025
1 0.93046875 0.04583333333333333 0.021875 0.03125
1 0.96875 0.04375 0.0625 0.0875
1 0.965625 0.078125 0.0171875 0.0375
1 0.96171875 0.16145833333333334 0.0109375 0.014583333333333334
1 0.98671875 0.15625 0.0265625 0.03958333333333333
1 0.9515625 0.19270833333333334 0.015625 0.022916666666666665
1 0.9265625 0.22708333333333333 0.021875 0.04375
1 0.96640625 0.22083333333333333 0.0078125 0.0125
1 0.9859375 0.23958333333333334 0.028125 0.03958333333333333
1 0.91484375 0.33125 0.0296875 0.03125
1 0.9015625 0.38958333333333334 0.015625 0.020833333333333332
1 0.8671875 0.4197916666666667 0.021875 0.025
1 0.95 0.4041666666666667 0.015625 0.016666666666666666
1 0.96953125 0.3854166666666667 0.0125 0.022916666666666665
1 0.984375 0.390625 0.015625 0.022916666666666665
1 0.99609375 0.3302083333333333 0.0078125 0.020833333333333332
1 0.8234375 0.27291666666666664 0.0296875 0.052083333333333336
1 0.8609375 0.496875 0.021875 0.027083333333333334
1 0.94921875 0.46979166666666666 0.025 0.022916666666666665
1 0.94453125 0.4979166666666667 0.0171875 0.025
1 0.996875 0.5010416666666667 0.0046875 0.014583333333333334
1 0.74296875 0.4625 0.0171875 0.016666666666666666
1 0.76171875 0.46770833333333334 0.0171875 0.022916666666666665
1 0.71328125 0.25833333333333336 0.0421875 0.0625
1 0.66640625 0.278125 0.028125 0.0375
1 0.6890625 0.27395833333333336 0.01875 0.0375
1 0.69609375 0.3 0.0078125 0.029166666666666667
1 0.64453125 0.36666666666666664 0.034375 0.03125
1 0.68515625 0.34270833333333334 0.0171875 0.022916666666666665
1 0.6796875 0.378125 0.015625 0.03125
1 0.70625 0.371875 0.0390625 0.058333333333333334
1 0.68671875 0.23541666666666666 0.021875 0.027083333333333334
1 0.71171875 0.16041666666666668 0.0203125 0.020833333333333332
1 0.7859375 0.409375 0.1078125 0.15625
1 0.925 0.59375 0.03125 0.035416666666666666
1 0.76484375 0.5479166666666667 0.025 0.029166666666666667
1 0.7671875 0.56875 0.0125 0.03125
1 0.77578125 0.5854166666666667 0.009375 0.022916666666666665
1 0.78671875 0.5708333333333333 0.0125 0.014583333333333334
1 0.78046875 0.5572916666666666 0.0078125 0.0125
1 0.83984375 0.6177083333333333 0.0484375 0.04375
1 0.81875 0.665625 0.084375 0.06041666666666667
1 0.840625 0.70625 0.0140625 0.022916666666666665
1 0.81015625 0.7166666666666667 0.034375 0.035416666666666666
1 0.7734375 0.7104166666666667 0.034375 0.04583333333333333
1 0.8203125 0.74375 0.0328125 0.027083333333333334
1 0.98828125 0.7958333333333333 0.0234375 0.0375
1 0.97890625 0.903125 0.015625 0.01875
1 0.9890625 0.85625 0.021875 0.052083333333333336
1 0.9609375 0.928125 0.0078125 0.03125
1 0.94765625 0.9552083333333333 0.015625 0.016666666666666666
1 0.9421875 0.9229166666666667 0.0109375 0.016666666666666666
1 0.690625 0.815625 0.034375 0.0375
1 0.70703125 0.83125 0.009375 0.0125
1 0.70234375 0.79375 0.0359375 0.020833333333333332
1 0.75 0.8020833333333334 0.0453125 0.03125
1 0.78359375 0.8010416666666667 0.01875 0.027083333333333334
1 0.765625 0.825 0.0265625 0.020833333333333332
1 0.7828125 0.840625 0.0125 0.020833333333333332
1 0.79765625 0.828125 0.0234375 0.029166666666666667
1 0.8171875 0.825 0.028125 0.041666666666666664
1 0.834375 0.8385416666666666 0.0203125 0.05416666666666667
1 0.85546875 0.8416666666666667 0.021875 0.027083333333333334
1 0.8515625 0.8625 0.0265625 0.020833333333333332
1 0.83046875 0.8739583333333333 0.01875 0.022916666666666665
1 0.8140625 0.8822916666666667 0.021875 0.016666666666666666
1 0.821875 0.9552083333333333 0.040625 0.052083333333333336
1 0.7796875 0.9541666666666667 0.0359375 0.04791666666666667
1 0.78359375 0.9791666666666666 0.0109375 0.014583333333333334
1 0.79140625 0.9895833333333334 0.0140625 0.01875
1 0.775 0.9958333333333333 0.00625 0.008333333333333333
1 0.75859375 0.996875 0.015625 0.00625
1 0.68203125 0.9947916666666666 0.0296875 0.010416666666666666
1 0.68359375 0.6145833333333334 0.0328125 0.03125
1 0.65 0.615625 0.025 0.029166666666666667
1 0.63359375 0.6354166666666666 0.0234375 0.027083333333333334
1 0.625 0.5708333333333333 0.0328125 0.0375
1 0.6265625 0.5979166666666667 0.0234375 0.025
1 0.63203125 0.53125 0.0125 0.022916666666666665
1 0.65078125 0.5260416666666666 0.0140625 0.020833333333333332
1 0.5171875 0.6822916666666666 0.028125 0.025
1 0.5296875 0.721875 0.015625 0.0125
1 0.5390625 0.7354166666666667 0.0125 0.016666666666666666
1 0.46640625 0.834375 0.0203125 0.01875
1 0.5640625 0.96875 0.0109375 0.025
1 0.484375 0.9645833333333333 0.025 0.020833333333333332
1 0.47890625 0.9958333333333333 0.0484375 0.008333333333333333
1 0.41484375 0.8833333333333333 0.028125 0.05
1 0.3734375 0.85625 0.028125 0.027083333333333334
1 0.39765625 0.834375 0.01875 0.01875
1 0.35546875 0.8270833333333333 0.0109375 0.022916666666666665
1 0.37421875 0.8291666666666667 0.01875 0.020833333333333332
1 0.278125 0.809375 0.03125 0.01875
1 0.2359375 0.88125 0.028125 0.03125
1 0.2453125 0.9083333333333333 0.0125 0.016666666666666666
1 0.2703125 0.909375 0.0296875 0.04583333333333333
1 0.1203125 0.8010416666666667 0.0265625 0.022916666666666665
1 0.1453125 0.71875 0.01875 0.020833333333333332
1 0.1609375 0.759375 0.03125 0.058333333333333334
1 0.1828125 0.7479166666666667 0.0125 0.01875
1 0.23359375 0.7104166666666667 0.025 0.029166666666666667
1 0.09296875 0.6322916666666667 0.015625 0.01875
1 0.20625 0.5552083333333333 0.0125 0.0125
1 0.23203125 0.5385416666666667 0.00625 0.016666666666666666
1 0.24765625 0.5395833333333333 0.0140625 0.014583333333333334
1 0.246875 0.5614583333333333 0.025 0.035416666666666666
1 0.29140625 0.5010416666666667 0.0171875 0.03125
1 0.15625 0.4708333333333333 0.021875 0.027083333333333334
1 0.0859375 0.47708333333333336 0.0125 0.022916666666666665
1 0.2921875 0.6010416666666667 0.0375 0.0375
1 0.284375 0.5385416666666667 0.0125 0.03125
1 0.34921875 0.496875 0.0296875 0.03125
1 0.31953125 0.5114583333333333 0.0390625 0.04375
1 0.30703125 0.5302083333333333 0.0265625 0.03125
1 0.31015625 0.5677083333333334 0.0296875 0.0375
1 0.33671875 0.565625 0.01875 0.014583333333333334
1 0.34921875 0.565625 0.015625 0.01875
1 0.3671875 0.5354166666666667 0.0359375 0.058333333333333334
1 0.42890625 0.575 0.0265625 0.03333333333333333
1 0.45234375 0.5760416666666667 0.0203125 0.035416666666666666
1 0.4734375 0.565625 0.0234375 0.03125
1 0.459375 0.646875 0.0140625 0.025
1 0.39765625 0.6458333333333334 0.021875 0.022916666666666665
1 0.43046875 0.39791666666666664 0.028125 0.029166666666666667
1 0.44921875 0.4083333333333333 0.0328125 0.041666666666666664
1 0.39140625 0.31354166666666666 0.0234375 0.016666666666666666
1 0.390625 0.33541666666666664 0.01875 0.016666666666666666
1 0.190625 0.46145833333333336 0.025 0.03125
1 0.084375 0.6604166666666667 0.028125 0.025
1 0.14453125 0.440625 0.00625 0.008333333333333333
1 0.13125 0.46145833333333336 0.00625 0.010416666666666666
1 0.815625 0.7875 0.0578125 0.03333333333333333
0 0.63359375 0.05625 0.184375 0.10833333333333334
0 0.68203125 0.265625 0.4140625 0.2916666666666667
0 0.63359375 0.5614583333333333 0.3265625 0.37083333333333335
0 0.7234375 0.8104166666666667 0.375 0.375
1 0.05859375 0.30416666666666664 0.03125 0.03125
1 0.1484375 0.13333333333333333 0.015625 0.022916666666666665
1 0.1171875 0.016666666666666666 0.00625 0.0125