1 0.71640625 0.7013888888888888 0.01953125 0.03333333333333333
1 0.50390625 0.6375 0.01953125 0.03611111111111111
1 0.569140625 0.6541666666666667 0.01328125 0.022222222222222223
1 0.609765625 0.7430555555555556 0.021875 0.03888888888888889
1 0.621875 0.8430555555555556 0.00859375 0.02638888888888889
1 0.596875 0.8569444444444444 0.01328125 0.02638888888888889
1 0.473046875 0.9388888888888889 0.0140625 0.02638888888888889
1 0.637890625 0.15416666666666667 0.00859375 0.016666666666666666
1 0.76015625 0.6076388888888888 0.02578125 0.05277777777777778
1 0.63125 0.50625 0.01171875 0.029166666666666667
1 0.642578125 0.5020833333333333 0.01015625 0.02361111111111111
1 0.924609375 0.08958333333333333 0.00546875 0.008333333333333333
1 0.621875 0.9972222222222222 0.0046875 0.005555555555555556
1 0.211328125 0.85625 0.00703125 0.011111111111111112
1 0.968359375 0.07361111111111111 0.0171875 0.030555555555555555
1 0.517578125 0.009027777777777777 0.0109375 0.018055555555555554
1 0.42890625 0.009722222222222222 0.0125 0.019444444444444445
1 0.28671875 0.48333333333333334 0.0203125 0.0375
1 0.256640625 0.42777777777777776 0.01875 0.03333333333333333
1 0.2796875 0.4041666666666667 0.01875 0.04861111111111111
1 0.171875 0.44305555555555554 0.0109375 0.030555555555555555
1 0.1875 0.38819444444444445 0.01328125 0.030555555555555555
1 0.162109375 0.40069444444444446 0.0171875 0.027777777777777776
1 0.140625 0.35 0.01171875 0.018055555555555554
1 0.1421875 0.40694444444444444 0.01875 0.0375
1 0.235546875 0.3333333333333333 0.02734375 0.06388888888888888
1 0.194140625 0.2875 0.01484375 0.020833333333333332
1 0.178515625 0.26319444444444445 0.01640625 0.04027777777777778
1 0.221875 0.21666666666666667 0.00859375 0.0125
1 0.33203125 0.2048611111111111 0.01796875 0.04583333333333333
1 0.956640625 0.5729166666666666 0.0171875 0.0375
1 0.978125 0.5041666666666667 0.01171875 0.020833333333333332
1 0.304296875 0.8416666666666667 0.01484375 0.03611111111111111
1 0.13125 0.9013888888888889 0.01015625 0.025
1 0.129296875 0.9465277777777777 0.0171875 0.0375
1 0.240625 0.9743055555555555 0.00625 0.019444444444444445
1 0.228515625 0.9666666666666667 0.00703125 0.034722222222222224
1 0.240625 0.8986111111111111 0.01875 0.0375
1 0.2140625 0.9118055555555555 0.009375 0.013888888888888888
1 0.249609375 0.85 0.01640625 0.02638888888888889
1 0.183203125 0.8701388888888889 0.0171875 0.04583333333333333
1 0.21015625 0.8118055555555556 0.01484375 0.029166666666666667
1 0.16328125 0.7979166666666667 0.01875 0.029166666666666667
1 0.334375 0.6770833333333334 0.01328125 0.041666666666666664
1 0.319921875 0.6972222222222222 0.009375 0.016666666666666666
1 0.248828125 0.1423611111111111 0.021875 0.04583333333333333
1 0.293359375 0.7 0.0109375 0.029166666666666667
1 0.261328125 0.7159722222222222 0.01640625 0.03888888888888889
1 0.301171875 0.61875 0.0328125 0.06805555555555555
1 0.226171875 0.5736111111111111 0.009375 0.02361111111111111
1 0.248046875 0.059027777777777776 0.021875 0.05694444444444444
1 0.20078125 0.049305555555555554 0.06484375 0.0763888888888889
1 0.33203125 0.3215277777777778 0.0109375 0.03888888888888889
0 0.142578125 0.08194444444444444 0.05390625 0.1638888888888889
0 0.131640625 0.15555555555555556 0.2015625 0.24722222222222223
0 0.132421875 0.9145833333333333 0.121875 0.17083333333333334
0 0.681640625 0.7902777777777777 0.1296875 0.41944444444444445
0 0.666015625 0.13819444444444445 0.121875 0.2763888888888889
0 0.754296875 0.4534722222222222 0.265625 0.275
0 0.630859375 0.6715277777777777 0.26796875 0.2388888888888889
1 0.22734375 0.5277777777777778 0.028125 0.03611111111111111
1 0.951171875 0.46597222222222223 0.01328125 0.015277777777777777
1 0.992578125 0.42291666666666666 0.01484375 0.025
1 0.963671875 0.3263888888888889 0.0203125 0.044444444444444446
1 0.8703125 0.3 0.0171875 0.029166666666666667
1 0.85859375 0.26666666666666666 0.0171875 0.030555555555555555
1 0.760546875 0.17916666666666667 0.0171875 0.018055555555555554
1 0.726171875 0.24027777777777778 0.01484375 0.030555555555555555
1 0.7125 0.15416666666666667 0.02109375 0.03611111111111111
1 0.608203125 0.3659722222222222 0.0125 0.020833333333333332
1 0.703125 0.3972222222222222 0.0078125 0.0125
1 0.76328125 0.3506944444444444 0.0265625 0.029166666666666667
1 0.74609375 0.37222222222222223 0.01328125 0.018055555555555554
1 0.725 0.3701388888888889 0.0234375 0.05694444444444444
1 0.756640625 0.47152777777777777 0.02265625 0.05
1 0.73515625 0.4618055555555556 0.01796875 0.018055555555555554
1 0.959765625 0.7840277777777778 0.0171875 0.04027777777777778
1 0.886328125 0.9756944444444444 0.0171875 0.02638888888888889
1 0.596875 0.1125 0.04921875 0.05277777777777778
1 0.887890625 0.8708333333333333 0.0140625 0.029166666666666667
1 0.897265625 0.7979166666666667 0.0375 0.05138888888888889
1 0.87578125 0.6527777777777778 0.04375 0.06666666666666667
1 0.73515625 0.6958333333333333 0.015625 0.029166666666666667