1 0.797265625 0.9354166666666667 0.01484375 0.041666666666666664
0 0.59140625 0.6506944444444445 0.1890625 0.2513888888888889
0 0.6 0.4444444444444444 0.1734375 0.3472222222222222
1 0.086328125 0.5833333333333334 0.01796875 0.034722222222222224
1 0.2015625 0.8965277777777778 0.0171875 0.03611111111111111
1 0.797265625 0.8548611111111111 0.01875 0.03611111111111111
1 0.862890625 0.7673611111111112 0.0375 0.05694444444444444
1 0.73828125 0.6215277777777778 0.02890625 0.0625
1 0.979296875 0.5333333333333333 0.02265625 0.04861111111111111
1 0.144140625 0.41180555555555554 0.03671875 0.058333333333333334
1 0.961328125 0.6277777777777778 0.01796875 0.030555555555555555
0 0.526171875 0.025694444444444443 0.0609375 0.05138888888888889
1 0.625390625 0.5451388888888888 0.02890625 0.05138888888888889
0 0.1609375 0.07291666666666667 0.0484375 0.14583333333333334
1 0.48828125 0.42430555555555555 0.0203125 0.06111111111111111
1 0.846875 0.9784722222222222 0.02734375 0.034722222222222224
1 0.9875 0.3715277777777778 0.01953125 0.05416666666666667
1 0.774609375 0.01597222222222222 0.01796875 0.029166666666666667
1 0.780078125 0.9861111111111112 0.040625 0.025
1 0.9625 0.02847222222222222 0.021875 0.02638888888888889
1 0.662890625 0.44305555555555554 0.02421875 0.05416666666666667
0 0.10546875 0.8625 0.090625 0.275
1 0.858203125 0.8972222222222223 0.0578125 0.13055555555555556
0 0.088671875 0.23541666666666666 0.17734375 0.3819444444444444
0 0.069921875 0.7201388888888889 0.13984375 0.4111111111111111
1 0.772265625 0.5618055555555556 0.02578125 0.04583333333333333
1 0.948046875 0.7381944444444445 0.05234375 0.07916666666666666
1 0.692578125 0.23819444444444443 0.04140625 0.10277777777777777
1 0.761328125 0.2013888888888889 0.0515625 0.08611111111111111
1 0.429296875 0.9729166666666667 0.021875 0.044444444444444446
1 0.82265625 0.7631944444444444 0.0203125 0.0625
0 0.685546875 0.8972222222222223 0.23125 0.19722222222222222
1 0.803125 0.2701388888888889 0.0203125 0.043055555555555555
1 0.170703125 0.8375 0.02265625 0.03611111111111111
1 0.7390625 0.08263888888888889 0.021875 0.03888888888888889
0 0.06875 0.09444444444444444 0.1375 0.18888888888888888
0 0.069921875 0.4152777777777778 0.134375 0.41805555555555557
1 0.77421875 0.6284722222222222 0.028125 0.044444444444444446
1 0.610546875 0.37430555555555556 0.01796875 0.03611111111111111
1 0.816796875 0.95 0.015625 0.03194444444444444
1 0.02578125 0.04861111111111111 0.034375 0.0763888888888889
1 0.19140625 0.075 0.0203125 0.03888888888888889
1 0.21015625 0.44375 0.0421875 0.0625
1 0.201953125 0.31666666666666665 0.01484375 0.03194444444444444
1 0.723828125 0.12916666666666668 0.02109375 0.04027777777777778
1 0.1796875 0.5354166666666667 0.06875 0.0763888888888889
1 0.952734375 0.13125 0.01953125 0.03611111111111111
1 0.9328125 0.9854166666666667 0.0265625 0.025
1 0.904296875 0.3902777777777778 0.02890625 0.04861111111111111
1 0.955859375 0.4076388888888889 0.03125 0.05
1 0.730859375 0.725 0.03515625 0.05416666666666667
1 0.07109375 0.33611111111111114 0.01640625 0.03194444444444444
1 0.1625 0.3541666666666667 0.02890625 0.05277777777777778
1 0.1625 0.6 0.02421875 0.06805555555555555
1 0.193359375 0.9527777777777777 0.0203125 0.0375
1 0.761328125 0.8527777777777777 0.0171875 0.03333333333333333
1 0.13828125 0.5118055555555555 0.02109375 0.043055555555555555
1 0.81171875 0.035416666666666666 0.02109375 0.03194444444444444
1 0.95625 0.8486111111111111 0.01875 0.034722222222222224
1 0.831640625 0.5986111111111111 0.021875 0.041666666666666664
1 0.850390625 0.5013888888888889 0.02109375 0.034722222222222224
1 0.92578125 0.16875 0.01953125 0.030555555555555555
1 0.151953125 0.4791666666666667 0.01953125 0.02638888888888889
1 0.743359375 0.4041666666666667 0.015625 0.02361111111111111
1 0.11171875 0.9555555555555556 0.021875 0.04027777777777778
1 0.173046875 0.74375 0.01484375 0.03333333333333333
1 0.981640625 0.9784722222222222 0.021875 0.03333333333333333
1 0.1703125 0.39444444444444443 0.01640625 0.034722222222222224
1 0.541015625 0.28888888888888886 0.0140625 0.041666666666666664
1 0.982421875 0.06111111111111111 0.0171875 0.02638888888888889
1 0.1515625 0.41875 0.03125 0.05277777777777778
1 0.0125 0.21319444444444444 0.02421875 0.02638888888888889
1 0.53359375 0.5493055555555556 0.025 0.025
1 0.130859375 0.2826388888888889 0.00859375 0.019444444444444445
1 0.0734375 0.74375 0.0171875 0.03333333333333333
1 0.062109375 0.8534722222222222 0.0125 0.018055555555555554
1 0.065625 0.9395833333333333 0.01484375 0.027777777777777776