1 0.778125 0.08854166666666667 0.06875 0.06458333333333334
1 0.79921875 0.43645833333333334 0.040625 0.05625
1 0.70078125 0.746875 0.0328125 0.0375
1 0.10078125 0.95 0.0328125 0.06041666666666667
1 0.6546875 0.215625 0.0375 0.04583333333333333
1 0.46171875 0.434375 0.0390625 0.04791666666666667
1 0.44609375 0.07708333333333334 0.0640625 0.07708333333333334
1 0.95625 0.7364583333333333 0.0296875 0.035416666666666666
1 0.2140625 0.2635416666666667 0.0640625 0.09791666666666667
1 0.2921875 0.48125 0.03125 0.04583333333333333
1 0.79765625 0.353125 0.053125 0.05625
1 0.83515625 0.49895833333333334 0.0203125 0.03333333333333333
1 0.24765625 0.89375 0.05625 0.05416666666666667
1 0.80546875 0.7916666666666666 0.021875 0.035416666666666666
1 0.1703125 0.5916666666666667 0.06875 0.0875
1 0.9765625 0.19270833333333334 0.0390625 0.06875
1 0.653125 0.66875 0.0390625 0.08541666666666667
1 0.5046875 0.10833333333333334 0.0484375 0.052083333333333336
1 0.821875 0.23541666666666666 0.0234375 0.0375
1 0.5171875 0.4114583333333333 0.025 0.03958333333333333
1 0.97421875 0.43854166666666666 0.0265625 0.035416666666666666
1 0.95703125 0.2875 0.0203125 0.022916666666666665
1 0.27890625 0.85625 0.05 0.058333333333333334
1 0.8328125 0.4395833333333333 0.0265625 0.035416666666666666
1 0.29609375 0.9479166666666666 0.0203125 0.03333333333333333
1 0.91484375 0.035416666666666666 0.0375 0.06041666666666667
1 0.02265625 0.31354166666666666 0.0296875 0.025
1 0.659375 0.909375 0.028125 0.041666666666666664
1 0.4078125 0.428125 0.05 0.06666666666666667
1 0.5859375 0.18333333333333332 0.0578125 0.09583333333333334
1 0.33515625 0.86875 0.04375 0.03958333333333333
1 0.8703125 0.771875 0.046875 0.04791666666666667
1 0.56171875 0.659375 0.03125 0.052083333333333336
1 0.346875 0.28020833333333334 0.0375 0.035416666666666666
1 0.80078125 0.7364583333333333 0.021875 0.027083333333333334
1 0.41875 0.990625 0.034375 0.0125
1 0.4828125 0.30104166666666665 0.0234375 0.027083333333333334
1 0.625 0.3104166666666667 0.1125 0.15416666666666667
1 0.14921875 0.3333333333333333 0.0328125 0.041666666666666664
1 0.75859375 0.9375 0.0265625 0.027083333333333334
1 0.871875 0.6083333333333333 0.0265625 0.04583333333333333
1 0.66796875 0.15416666666666667 0.0328125 0.035416666666666666
1 0.6234375 0.16666666666666666 0.03125 0.05
1 0.9046875 0.21458333333333332 0.0609375 0.0875
1 0.25546875 0.5645833333333333 0.0546875 0.10625
1 0.4203125 0.790625 0.090625 0.11458333333333333
1 0.52265625 0.8802083333333334 0.15 0.14791666666666667
1 0.38828125 0.325 0.034375 0.03958333333333333
1 0.7015625 0.378125 0.0359375 0.027083333333333334
1 0.6796875 0.459375 0.0390625 0.035416666666666666
1 0.90703125 0.9208333333333333 0.0828125 0.15416666666666667
1 0.28828125 0.171875 0.0453125 0.10625
1 0.375 0.39375 0.021875 0.022916666666666665
1 0.7 0.8270833333333333 0.05 0.05
1 0.15078125 0.8625 0.0546875 0.075
1 0.90703125 0.10520833333333333 0.1 0.08125
1 0.709375 0.035416666666666666 0.0765625 0.07083333333333333
1 0.371875 0.0625 0.021875 0.03125
1 0.50625 0.15104166666666666 0.028125 0.027083333333333334
1 0.503125 0.14791666666666667 0.0328125 0.03958333333333333
1 0.49140625 0.696875 0.046875 0.041666666666666664
1 0.6140625 0.6979166666666666 0.040625 0.06666666666666667
1 0.18125 0.4510416666666667 0.03125 0.05625
1 0.128125 0.49583333333333335 0.0265625 0.04583333333333333
1 0.8859375 0.4822916666666667 0.0390625 0.07916666666666666
1 0.7578125 0.7760416666666666 0.03125 0.04375
1 0.90859375 0.3875 0.0625 0.11875
1 0.940625 0.8572916666666667 0.028125 0.029166666666666667
1 0.17578125 0.9416666666666667 0.0875 0.08333333333333333
1 0.871875 0.6645833333333333 0.0328125 0.03333333333333333
1 0.25390625 0.4270833333333333 0.0328125 0.04375
1 0.36328125 0.49895833333333334 0.0640625 0.06875
1 0.4921875 0.5166666666666667 0.0484375 0.07083333333333333