1 0.121875 0.6298611111111111 0.0171875 0.04027777777777778
1 0.745703125 0.5791666666666667 0.021875 0.027777777777777776
1 0.5875 0.43680555555555556 0.02265625 0.05277777777777778
1 0.645703125 0.8951388888888889 0.01171875 0.03194444444444444
1 0.62890625 0.9680555555555556 0.01796875 0.05694444444444444
1 0.04140625 0.4236111111111111 0.0140625 0.02638888888888889
1 0.02578125 0.4548611111111111 0.01484375 0.025
1 0.715234375 0.14305555555555555 0.01484375 0.030555555555555555
1 0.732421875 0.09583333333333334 0.01484375 0.04583333333333333
1 0.655859375 0.21944444444444444 0.021875 0.04027777777777778
1 0.63671875 0.13472222222222222 0.01796875 0.03888888888888889
1 0.76875 0.29305555555555557 0.015625 0.025
1 0.653515625 0.7541666666666667 0.0171875 0.03333333333333333
1 0.144140625 0.016666666666666666 0.0296875 0.02638888888888889
1 0.078515625 0.32569444444444445 0.03984375 0.05555555555555555
1 0.05546875 0.19930555555555557 0.06015625 0.07083333333333333
1 0.88125 0.2388888888888889 0.01484375 0.030555555555555555
1 0.392578125 0.02013888888888889 0.0171875 0.0375
1 0.431640625 0.2 0.02109375 0.0625
1 0.141796875 0.8847222222222222 0.01484375 0.027777777777777776
1 0.116796875 0.9548611111111112 0.03125 0.030555555555555555
1 0.76171875 0.9083333333333333 0.021875 0.03333333333333333
1 0.866015625 0.8652777777777778 0.01328125 0.025
1 0.93671875 0.7986111111111112 0.0578125 0.08333333333333333
0 0.06484375 0.07291666666666667 0.1296875 0.14166666666666666
0 0.088671875 0.23958333333333334 0.17734375 0.1486111111111111
0 0.10703125 0.5465277777777777 0.2140625 0.3138888888888889
0 0.06796875 0.7576388888888889 0.1359375 0.2652777777777778
0 0.633203125 0.1076388888888889 0.2046875 0.2152777777777778
0 0.616015625 0.01875 0.015625 0.0375
0 0.654296875 0.4527777777777778 0.1546875 0.24166666666666667
0 0.689453125 0.6201388888888889 0.17890625 0.4013888888888889
0 0.646484375 0.825 0.140625 0.3458333333333333
0 0.634765625 0.9368055555555556 0.06015625 0.12638888888888888
1 0.419140625 0.2986111111111111 0.01796875 0.03888888888888889
1 0.49140625 0.14583333333333334 0.04921875 0.12777777777777777
1 0.506640625 0.06111111111111111 0.01484375 0.02638888888888889
1 0.55546875 0.008333333333333333 0.01875 0.016666666666666666
1 0.559375 0.22847222222222222 0.02109375 0.03333333333333333
1 0.61953125 0.25416666666666665 0.03671875 0.05694444444444444
1 0.761328125 0.11736111111111111 0.03125 0.059722222222222225
1 0.8578125 0.37222222222222223 0.05390625 0.14027777777777778
1 0.514453125 0.7229166666666667 0.053125 0.05277777777777778
1 0.457421875 0.7951388888888888 0.01875 0.05555555555555555
1 0.4859375 0.8881944444444444 0.01796875 0.03888888888888889
1 0.496875 0.8034722222222223 0.04375 0.0625
1 0.575 0.9118055555555555 0.0203125 0.04027777777777778
1 0.573828125 0.9743055555555555 0.0515625 0.044444444444444446
1 0.81015625 0.6569444444444444 0.02265625 0.043055555555555555
1 0.8375 0.7645833333333333 0.06015625 0.12638888888888888
1 0.873828125 0.5736111111111111 0.0203125 0.03194444444444444
1 0.89921875 0.6152777777777778 0.0109375 0.02638888888888889
1 0.849609375 0.49583333333333335 0.0203125 0.03888888888888889
1 0.878515625 0.46875 0.021875 0.03611111111111111
1 0.937109375 0.3680555555555556 0.009375 0.020833333333333332
1 0.98125 0.4236111111111111 0.01875 0.04027777777777778
1 0.993359375 0.3888888888888889 0.01015625 0.04583333333333333
1 0.9171875 0.08194444444444444 0.02265625 0.03888888888888889
1 0.96640625 0.11041666666666666 0.021875 0.025
1 0.976171875 0.04722222222222222 0.02890625 0.05138888888888889
1 0.9375 0.02847222222222222 0.0296875 0.05694444444444444
1 0.5140625 0.32222222222222224 0.03359375 0.05138888888888889
1 0.5859375 0.10138888888888889 0.01796875 0.03888888888888889
1 0.646484375 0.04375 0.0328125 0.0375
1 0.681640625 0.011805555555555555 0.01796875 0.019444444444444445
1 0.70390625 0.27152777777777776 0.01796875 0.027777777777777776
1 0.844140625 0.17569444444444443 0.01484375 0.03611111111111111
1 0.702734375 0.3854166666666667 0.0203125 0.03194444444444444
1 0.594921875 0.5159722222222223 0.065625 0.09444444444444444
1 0.675 0.6659722222222222 0.04375 0.1527777777777778
1 0.72265625 0.7 0.015625 0.04583333333333333
1 0.858984375 0.9736111111111111 0.02265625 0.043055555555555555
1 0.421875 0.4736111111111111 0.021875 0.030555555555555555
1 0.440234375 0.45902777777777776 0.00625 0.02361111111111111
1 0.4546875 0.4173611111111111 0.009375 0.020833333333333332
1 0.40390625 0.5819444444444445 0.015625 0.02638888888888889
1 0.409375 0.8534722222222222 0.025 0.05138888888888889
1 0.401953125 0.9416666666666667 0.021875 0.043055555555555555
1 0.42890625 0.90625 0.01171875 0.018055555555555554
1 0.21640625 0.19305555555555556 0.02421875 0.02361111111111111
1 0.176171875 0.6041666666666666 0.021875 0.027777777777777776
1 0.17890625 0.6680555555555555 0.01328125 0.018055555555555554