1 0.00859375 0.48055555555555557 0.0171875 0.03611111111111111
0 0.662890625 0.1986111111111111 0.13203125 0.32083333333333336
0 0.712890625 0.3645833333333333 0.18828125 0.40555555555555556
0 0.653515625 0.6805555555555556 0.14921875 0.42083333333333334
1 0.7921875 0.7902777777777777 0.0078125 0.015277777777777777
0 0.665625 0.8986111111111111 0.0765625 0.20277777777777778
0 0.671875 0.8534722222222222 0.26328125 0.18333333333333332
0 0.134765625 0.8930555555555556 0.1078125 0.21388888888888888
0 0.087109375 0.7458333333333333 0.16484375 0.41805555555555557
0 0.093359375 0.6319444444444444 0.18671875 0.2569444444444444
1 0.115625 0.4444444444444444 0.01484375 0.022222222222222223
0 0.092578125 0.35555555555555557 0.18515625 0.20555555555555555
0 0.12421875 0.19166666666666668 0.1875 0.35694444444444445
1 0.012109375 0.1361111111111111 0.01484375 0.034722222222222224
1 0.086328125 0.2569444444444444 0.01796875 0.03611111111111111
1 0.20859375 0.3055555555555556 0.028125 0.04722222222222222
1 0.234765625 0.2590277777777778 0.01953125 0.03611111111111111
1 0.191015625 0.14583333333333334 0.025 0.04861111111111111
1 0.111328125 0.16458333333333333 0.015625 0.027777777777777776
1 0.20390625 0.050694444444444445 0.01796875 0.030555555555555555
1 0.31875 0.2826388888888889 0.0234375 0.08055555555555556
1 0.34453125 0.23472222222222222 0.00703125 0.0125
1 0.390234375 0.3236111111111111 0.01796875 0.03888888888888889
1 0.191015625 0.5194444444444445 0.02265625 0.04583333333333333
1 0.175390625 0.9680555555555556 0.02109375 0.03611111111111111
1 0.156640625 0.9965277777777778 0.00625 0.006944444444444444
1 0.137890625 0.9930555555555556 0.00703125 0.013888888888888888
1 0.093359375 0.8375 0.03125 0.04861111111111111
1 0.046484375 0.9055555555555556 0.02265625 0.05277777777777778
1 0.212890625 0.8152777777777778 0.01640625 0.029166666666666667
1 0.076953125 0.5256944444444445 0.02265625 0.05138888888888889
1 0.06875 0.56875 0.040625 0.044444444444444446
1 0.24921875 0.5027777777777778 0.0109375 0.020833333333333332
1 0.340625 0.5069444444444444 0.0078125 0.013888888888888888
1 0.3953125 0.5048611111111111 0.01015625 0.011111111111111112
1 0.5625 0.5576388888888889 0.03125 0.059722222222222225
1 0.587890625 0.5222222222222223 0.03359375 0.05277777777777778
1 0.6171875 0.49027777777777776 0.01796875 0.029166666666666667
1 0.52890625 0.18055555555555555 0.0390625 0.058333333333333334
1 0.564453125 0.13541666666666666 0.01875 0.02361111111111111
1 0.591015625 0.17847222222222223 0.0109375 0.020833333333333332
1 0.35703125 0.04861111111111111 0.0140625 0.016666666666666666
1 0.35234375 0.075 0.009375 0.02361111111111111
1 0.600390625 0.05277777777777778 0.015625 0.03611111111111111
1 0.6640625 0.3020833333333333 0.00859375 0.02638888888888889
1 0.625 0.7201388888888889 0.02890625 0.043055555555555555
1 0.663671875 0.8368055555555556 0.0125 0.02361111111111111
1 0.538671875 0.825 0.0328125 0.09444444444444444
1 0.4265625 0.7340277777777777 0.01328125 0.019444444444444445
1 0.765625 0.8229166666666666 0.01953125 0.03194444444444444
1 0.833984375 0.9701388888888889 0.015625 0.025
1 0.897265625 0.9881944444444445 0.0171875 0.02361111111111111
1 0.924609375 0.9708333333333333 0.0234375 0.027777777777777776
1 0.96171875 0.8951388888888889 0.02578125 0.04583333333333333
1 0.903125 0.8201388888888889 0.028125 0.041666666666666664
1 0.88203125 0.7409722222222223 0.01484375 0.025
1 0.938671875 0.6368055555555555 0.01875 0.029166666666666667
1 0.903515625 0.5875 0.0140625 0.018055555555555554
1 0.903515625 0.3819444444444444 0.0234375 0.05555555555555555
1 0.9109375 0.2604166666666667 0.05390625 0.09722222222222222
1 0.869140625 0.23402777777777778 0.00703125 0.011111111111111112
1 0.36171875 0.5590277777777778 0.0125 0.018055555555555554