1 0.29921875 0.42916666666666664 0.0515625 0.035416666666666666
1 0.42421875 0.00625 0.0328125 0.0125
1 0.4359375 0.309375 0.015625 0.027083333333333334
1 0.96015625 0.8260416666666667 0.0171875 0.025
1 0.8625 0.9895833333333334 0.025 0.020833333333333332
1 0.25859375 0.44895833333333335 0.03125 0.03333333333333333
1 0.90625 0.884375 0.0328125 0.04791666666666667
1 0.78984375 0.7958333333333333 0.0359375 0.029166666666666667
1 0.9640625 0.721875 0.028125 0.03125
1 0.7453125 0.103125 0.0265625 0.03125
1 0.8984375 0.34270833333333334 0.0140625 0.027083333333333334
1 0.3796875 0.971875 0.01875 0.01875
1 0.8703125 0.41458333333333336 0.015625 0.027083333333333334
1 0.91015625 0.020833333333333332 0.0171875 0.025
1 0.5859375 0.011458333333333333 0.0234375 0.022916666666666665
1 0.86875 0.528125 0.01875 0.01875
1 0.015625 0.6552083333333333 0.03125 0.08958333333333333
1 0.51796875 0.8270833333333333 0.01875 0.020833333333333332
1 0.565625 0.73125 0.028125 0.052083333333333336
1 0.44609375 0.215625 0.0265625 0.035416666666666666
1 0.3796875 0.421875 0.0125 0.020833333333333332
1 0.375 0.6260416666666667 0.0140625 0.01875
1 0.315625 0.940625 0.0234375 0.020833333333333332
1 0.53828125 0.7104166666666667 0.025 0.027083333333333334
1 0.84296875 0.06041666666666667 0.01875 0.03125
1 0.70078125 0.07395833333333333 0.0265625 0.03125
0 0.6890625 0.6145833333333334 0.1734375 0.23125
1 0.51328125 0.38125 0.025 0.03333333333333333
1 0.17890625 0.1875 0.025 0.03958333333333333
1 0.60078125 0.7802083333333333 0.028125 0.029166666666666667
1 0.6921875 0.7979166666666667 0.028125 0.029166666666666667
1 0.88046875 0.4666666666666667 0.0203125 0.04583333333333333
1 0.77734375 0.6447916666666667 0.0390625 0.04583333333333333
0 0.6796875 0.3770833333333333 0.05 0.2625
1 0.4375 0.790625 0.025 0.029166666666666667
1 0.61171875 0.965625 0.0234375 0.03958333333333333
1 0.6390625 0.9916666666666667 0.01875 0.016666666666666666
0 0.6875 0.884375 0.1796875 0.11875
0 0.68203125 0.17604166666666668 0.30625 0.12291666666666666