1 0.13671875 0.6479166666666667 0.01875 0.03333333333333333
1 0.43828125 0.5979166666666667 0.0265625 0.03958333333333333
1 0.87578125 0.8552083333333333 0.0484375 0.05625
1 0.93515625 0.8677083333333333 0.0203125 0.03125
1 0.95078125 0.925 0.0328125 0.03125
1 0.96640625 0.8489583333333334 0.0171875 0.025
1 0.92109375 0.8177083333333334 0.028125 0.04375
1 0.8625 0.6833333333333333 0.0203125 0.035416666666666666
1 0.975 0.7135416666666666 0.0171875 0.03333333333333333
1 0.96328125 0.5770833333333333 0.053125 0.07916666666666666
1 0.8578125 0.5083333333333333 0.021875 0.020833333333333332
0 0.24609375 0.15208333333333332 0.1140625 0.16458333333333333
0 0.24140625 0.453125 0.146875 0.26875
0 0.2515625 0.7020833333333333 0.1515625 0.20208333333333334
0 0.2859375 0.915625 0.075 0.16875
1 0.053125 0.6885416666666667 0.021875 0.04583333333333333
1 0.115625 0.8916666666666667 0.04375 0.04791666666666667
1 0.2953125 0.8458333333333333 0.0265625 0.041666666666666664
1 0.36171875 0.7145833333333333 0.034375 0.06041666666666667
1 0.36015625 0.8322916666666667 0.0234375 0.041666666666666664
1 0.875 0.3770833333333333 0.028125 0.05416666666666667
1 0.9875 0.43854166666666666 0.0203125 0.020833333333333332
1 0.86640625 0.475 0.01875 0.022916666666666665
1 0.91875 0.28854166666666664 0.0140625 0.020833333333333332
1 0.90625 0.17708333333333334 0.0296875 0.035416666666666666
1 0.92109375 0.06979166666666667 0.0375 0.08541666666666667
1 0.8609375 0.08333333333333333 0.028125 0.041666666666666664
1 0.96484375 0.027083333333333334 0.0328125 0.05
1 0.85859375 0.190625 0.0171875 0.027083333333333334
1 0.93671875 0.14479166666666668 0.0234375 0.029166666666666667
1 0.55859375 0.41354166666666664 0.03125 0.035416666666666666
1 0.5609375 0.33125 0.0296875 0.041666666666666664
1 0.403125 0.3458333333333333 0.0375 0.08125
1 0.43828125 0.34479166666666666 0.03125 0.03333333333333333
1 0.48515625 0.3614583333333333 0.021875 0.035416666666666666
1 0.4921875 0.475 0.0375 0.03125
1 0.32890625 0.49166666666666664 0.034375 0.04791666666666667
1 0.41328125 0.9479166666666666 0.0765625 0.05
1 0.3765625 0.9052083333333333 0.0328125 0.035416666666666666
1 0.4984375 0.8541666666666666 0.0265625 0.029166666666666667
1 0.4828125 0.7875 0.0609375 0.04375
1 0.71484375 0.678125 0.025 0.03125
1 0.734375 0.565625 0.034375 0.0625
1 0.6734375 0.65 0.0359375 0.04791666666666667
1 0.55234375 0.778125 0.05625 0.09791666666666667
1 0.453125 0.5489583333333333 0.0203125 0.025
1 0.3953125 0.43333333333333335 0.01875 0.029166666666666667
1 0.1421875 0.5927083333333333 0.0234375 0.0375
1 0.26796875 0.565625 0.0203125 0.025
1 0.15546875 0.253125 0.009375 0.020833333333333332
1 0.3359375 0.246875 0.021875 0.03125
1 0.6015625 0.3489583333333333 0.0171875 0.022916666666666665
1 0.24921875 0.825 0.0125 0.014583333333333334
1 0.2375 0.9729166666666667 0.015625 0.020833333333333332
1 0.56484375 0.029166666666666667 0.0140625 0.029166666666666667
1 0.7484375 0.28854166666666664 0.0171875 0.03125
1 0.58671875 0.94375 0.0265625 0.04375
1 0.00546875 0.9510416666666667 0.009375 0.016666666666666666
1 0.0609375 0.9322916666666666 0.0234375 0.03125
1 0.20078125 0.43645833333333334 0.0296875 0.029166666666666667
1 0.040625 0.3458333333333333 0.04375 0.03333333333333333
1 0.46953125 0.2947916666666667 0.015625 0.01875
1 0.81796875 0.159375 0.0125 0.020833333333333332
1 0.7328125 0.4395833333333333 0.0203125 0.020833333333333332
1 0.434375 0.5041666666666667 0.0234375 0.025
1 0.1703125 0.19166666666666668 0.01875 0.027083333333333334
1 0.0703125 0.14375 0.01875 0.025
1 0.0890625 0.575 0.015625 0.020833333333333332
1 0.00625 0.5552083333333333 0.0125 0.020833333333333332
1 0.025 0.5916666666666667 0.025 0.025
1 0.11171875 0.7520833333333333 0.03125 0.035416666666666666
1 0.01484375 0.7416666666666667 0.0296875 0.035416666666666666
1 0.71484375 0.022916666666666665 0.0234375 0.020833333333333332
1 0.940625 0.3020833333333333 0.0203125 0.025
1 0.759375 0.46875 0.0234375 0.03333333333333333
1 0.9703125 0.6625 0.015625 0.022916666666666665
1 0.71015625 0.8614583333333333 0.0203125 0.027083333333333334
1 0.696875 0.34270833333333334 0.0125 0.027083333333333334
1 0.53046875 0.20833333333333334 0.015625 0.022916666666666665
1 0.41953125 0.24895833333333334 0.015625 0.020833333333333332
1 0.45 0.07395833333333333 0.0234375 0.03125
1 0.5015625 0.17395833333333333 0.0171875 0.020833333333333332
1 0.478125 0.153125 0.028125 0.0375
1 0.4921875 0.27291666666666664 0.0140625 0.035416666666666666
1 0.315625 0.3302083333333333 0.0296875 0.058333333333333334
1 0.16796875 0.3645833333333333 0.0359375 0.05
1 0.1265625 0.4510416666666667 0.0171875 0.0375
1 0.009375 0.41041666666666665 0.01875 0.027083333333333334
1 0.01796875 0.2833333333333333 0.0125 0.020833333333333332
1 0.12421875 0.22604166666666667 0.046875 0.05416666666666667
1 0.2875 0.2989583333333333 0.0453125 0.041666666666666664
1 0.27734375 0.24583333333333332 0.034375 0.029166666666666667
1 0.2375 0.019791666666666666 0.0265625 0.029166666666666667
1 0.1875 0.016666666666666666 0.0296875 0.03333333333333333
1 0.00625 0.00625 0.0125 0.010416666666666666
1 0.13515625 0.8104166666666667 0.01875 0.025
1 0.03515625 0.9864583333333333 0.0328125 0.027083333333333334
1 0.26484375 0.7614583333333333 0.0203125 0.03125