1 0.069140625 0.4013888888888889 0.02265625 0.04861111111111111
1 0.4546875 0.85625 0.01640625 0.04861111111111111
1 0.296484375 0.775 0.0265625 0.044444444444444446
1 0.239453125 0.575 0.04765625 0.07777777777777778
1 0.22578125 0.48055555555555557 0.0171875 0.027777777777777776
1 0.2125 0.4576388888888889 0.01640625 0.03194444444444444
1 0.293359375 0.48125 0.01953125 0.044444444444444446
1 0.280078125 0.3923611111111111 0.02421875 0.05
0 0.701953125 0.10347222222222222 0.12109375 0.20694444444444443
0 0.6828125 0.39375 0.16640625 0.3236111111111111
0 0.678125 0.6118055555555556 0.1921875 0.19027777777777777
0 0.67734375 0.79375 0.15078125 0.2569444444444444
0 0.694921875 0.9381944444444444 0.12265625 0.12361111111111112
0 0.179296875 0.8631944444444445 0.0671875 0.05416666666666667
0 0.158984375 0.7236111111111111 0.09453125 0.2361111111111111
0 0.1015625 0.4979166666666667 0.203125 0.20416666666666666
0 0.171875 0.2076388888888889 0.1703125 0.4152777777777778
0 0.132421875 0.11388888888888889 0.10234375 0.2263888888888889
1 0.125 0.6965277777777777 0.01875 0.03611111111111111
1 0.28046875 0.9493055555555555 0.0203125 0.034722222222222224
1 0.188671875 0.9590277777777778 0.01015625 0.025
1 0.1109375 0.975 0.0140625 0.02638888888888889
1 0.069140625 0.8229166666666666 0.0171875 0.041666666666666664
1 0.125390625 0.8111111111111111 0.02109375 0.03888888888888889
1 0.08203125 0.9243055555555556 0.01796875 0.025
1 0.24765625 0.7361111111111112 0.009375 0.015277777777777777
1 0.08984375 0.6111111111111112 0.0265625 0.03611111111111111
1 0.052734375 0.2590277777777778 0.02734375 0.04861111111111111
1 0.4921875 0.009722222222222222 0.01015625 0.019444444444444445
1 0.893359375 0.16597222222222222 0.03984375 0.07222222222222222
1 0.868359375 0.24097222222222223 0.02265625 0.04027777777777778
1 0.80390625 0.24583333333333332 0.0203125 0.029166666666666667
1 0.739453125 0.2902777777777778 0.0140625 0.02638888888888889
1 0.66953125 0.25555555555555554 0.02578125 0.043055555555555555
1 0.980078125 0.22361111111111112 0.03359375 0.05
1 0.9265625 0.06597222222222222 0.0796875 0.13194444444444445
1 0.985546875 0.5861111111111111 0.02890625 0.11666666666666667
1 0.938671875 0.6548611111111111 0.04296875 0.06527777777777778
1 0.905859375 0.6930555555555555 0.0390625 0.06527777777777778
1 0.869140625 0.5409722222222222 0.05234375 0.08888888888888889
1 0.7609375 0.5895833333333333 0.0375 0.06805555555555555
1 0.750390625 0.8013888888888889 0.02890625 0.059722222222222225
1 0.8453125 0.8881944444444444 0.034375 0.07361111111111111
1 0.93359375 0.8319444444444445 0.0296875 0.08472222222222223
1 0.90546875 0.9631944444444445 0.0421875 0.06944444444444445
1 0.993359375 0.9513888888888888 0.01328125 0.043055555555555555
1 0.59765625 0.71875 0.0234375 0.05138888888888889
1 0.60546875 0.5402777777777777 0.03515625 0.075
1 0.575390625 0.5305555555555556 0.01328125 0.030555555555555555