1 0.1828125 0.7958333333333333 0.01875 0.0375
1 0.8328125 0.8 0.015625 0.016666666666666666
1 0.91875 0.771875 0.0140625 0.010416666666666666
1 0.91484375 0.7364583333333333 0.0125 0.016666666666666666
1 0.89375 0.7541666666666667 0.025 0.04375
1 0.9203125 0.7083333333333334 0.0265625 0.0375
1 0.9640625 0.6979166666666666 0.00625 0.010416666666666666
1 0.9890625 0.6864583333333333 0.021875 0.0375
1 0.9703125 0.6614583333333334 0.0296875 0.04375
1 0.84140625 0.5708333333333333 0.0171875 0.016666666666666666
1 0.8625 0.6072916666666667 0.0171875 0.020833333333333332
1 0.9375 0.578125 0.028125 0.04375
1 0.91953125 0.5447916666666667 0.015625 0.027083333333333334
1 0.77578125 0.4791666666666667 0.0171875 0.020833333333333332
1 0.7421875 0.4354166666666667 0.0453125 0.07291666666666667
1 0.78828125 0.403125 0.0203125 0.016666666666666666
1 0.81953125 0.465625 0.01875 0.022916666666666665
1 0.9 0.46458333333333335 0.0203125 0.025
1 0.94140625 0.403125 0.03125 0.058333333333333334
1 0.92421875 0.17708333333333334 0.0109375 0.014583333333333334
1 0.875 0.196875 0.0078125 0.016666666666666666
1 0.98046875 0.2916666666666667 0.03125 0.027083333333333334
1 0.8921875 0.26458333333333334 0.0140625 0.014583333333333334
1 0.834375 0.23125 0.0203125 0.016666666666666666
1 0.8328125 0.3125 0.0171875 0.016666666666666666
1 0.759375 0.27708333333333335 0.1078125 0.1
1 0.69296875 0.2604166666666667 0.040625 0.03125
1 0.65625 0.30416666666666664 0.0875 0.06875
1 0.83125 0.7666666666666667 0.0109375 0.020833333333333332
1 0.690625 0.203125 0.0609375 0.08541666666666667
1 0.778125 0.634375 0.028125 0.03958333333333333
1 0.815625 0.6395833333333333 0.0296875 0.027083333333333334
1 0.8 0.6697916666666667 0.0390625 0.03125
1 0.72578125 0.6166666666666667 0.0265625 0.03125
1 0.7765625 0.553125 0.0125 0.020833333333333332
1 0.64765625 0.4322916666666667 0.03125 0.03958333333333333
1 0.6609375 0.48541666666666666 0.0421875 0.04375
1 0.675 0.5416666666666666 0.0328125 0.04791666666666667
1 0.68203125 0.79375 0.0390625 0.041666666666666664
1 0.8796875 0.8770833333333333 0.0265625 0.035416666666666666
1 0.75625 0.17083333333333334 0.0515625 0.07083333333333333
1 0.68671875 0.140625 0.0421875 0.052083333333333336
1 0.603125 0.13125 0.0203125 0.03125
1 0.640625 0.11770833333333333 0.034375 0.035416666666666666
1 0.61484375 0.06041666666666667 0.03125 0.05625
1 0.7234375 0.058333333333333334 0.03125 0.03125
1 0.775 0.11979166666666667 0.01875 0.022916666666666665
1 0.9171875 0.0875 0.015625 0.014583333333333334
1 0.97265625 0.06458333333333334 0.053125 0.12916666666666668
1 0.79296875 0.036458333333333336 0.0625 0.07083333333333333
1 0.6109375 0.005208333333333333 0.025 0.010416666666666666
1 0.5046875 0.10416666666666667 0.0765625 0.15833333333333333
1 0.53984375 0.019791666666666666 0.0390625 0.0375
1 0.39453125 0.017708333333333333 0.0609375 0.035416666666666666
1 0.340625 0.028125 0.04375 0.05625
1 0.36953125 0.05625 0.025 0.03958333333333333
1 0.409375 0.05520833333333333 0.0296875 0.03958333333333333
1 0.45625 0.023958333333333335 0.0328125 0.04583333333333333
1 0.22734375 0.18645833333333334 0.015625 0.020833333333333332
1 0.2328125 0.15625 0.0125 0.016666666666666666
1 0.21328125 0.146875 0.028125 0.027083333333333334
1 0.27109375 0.15208333333333332 0.025 0.0375
1 0.2 0.06458333333333334 0.021875 0.027083333333333334
0 0.5703125 0.984375 0.065625 0.03125
0 0.63046875 0.8083333333333333 0.50625 0.24791666666666667
0 0.575 0.45416666666666666 0.1453125 0.40625
0 0.56640625 0.31666666666666665 0.1171875 0.51875
0 0.56484375 0.109375 0.0921875 0.21666666666666667
1 0.98515625 0.7322916666666667 0.0265625 0.025
1 0.54609375 0.5958333333333333 0.015625 0.03125
1 0.4609375 0.6541666666666667 0.0140625 0.020833333333333332
1 0.42421875 0.8770833333333333 0.0109375 0.016666666666666666
1 0.2671875 0.6114583333333333 0.015625 0.03333333333333333
1 0.27421875 0.6697916666666667 0.0125 0.025
1 0.3015625 0.6395833333333333 0.0359375 0.06875
1 0.2265625 0.6291666666666667 0.0421875 0.03125
1 0.3203125 0.5427083333333333 0.0078125 0.016666666666666666
1 0.2859375 0.5802083333333333 0.021875 0.01875
1 0.203125 0.5729166666666666 0.0625 0.06458333333333334
1 0.45625 0.79375 0.0171875 0.01875
1 0.63125 0.559375 0.0171875 0.020833333333333332
1 0.53828125 0.6885416666666667 0.021875 0.029166666666666667
1 0.57890625 0.6927083333333334 0.021875 0.022916666666666665
1 0.615625 0.6552083333333333 0.028125 0.0375
1 0.68359375 0.6854166666666667 0.046875 0.03958333333333333
1 0.6671875 0.6395833333333333 0.028125 0.04375
1 0.55 0.5520833333333334 0.025 0.0375
1 0.53515625 0.49895833333333334 0.0296875 0.05
1 0.5078125 0.5114583333333333 0.0265625 0.03958333333333333
1 0.4609375 0.38958333333333334 0.0703125 0.07708333333333334
1 0.4828125 0.3458333333333333 0.04375 0.03958333333333333
1 0.66796875 0.38229166666666664 0.021875 0.03333333333333333
1 0.46640625 0.24166666666666667 0.0140625 0.022916666666666665
1 0.46171875 0.29270833333333335 0.0734375 0.07708333333333334
1 0.48359375 0.20625 0.0296875 0.04375
1 0.50859375 0.21770833333333334 0.0265625 0.041666666666666664
1 0.528125 0.28229166666666666 0.0328125 0.03958333333333333
1 0.63671875 0.24583333333333332 0.034375 0.03333333333333333
1 0.4375 0.17708333333333334 0.0125 0.025
1 0.45546875 0.16458333333333333 0.0171875 0.01875
1 0.38359375 0.2635416666666667 0.0125 0.016666666666666666
1 0.40859375 0.23958333333333334 0.015625 0.027083333333333334
1 0.29296875 0.2708333333333333 0.0171875 0.0125
1 0.31640625 0.24895833333333334 0.021875 0.020833333333333332
1 0.3375 0.278125 0.0328125 0.029166666666666667
1 0.40390625 0.340625 0.03125 0.03958333333333333
1 0.4046875 0.39166666666666666 0.021875 0.020833333333333332
1 0.38359375 0.38229166666666664 0.0265625 0.029166666666666667
1 0.3375 0.39166666666666666 0.0390625 0.03958333333333333
1 0.29453125 0.371875 0.0421875 0.0375
1 0.13359375 0.334375 0.0203125 0.022916666666666665
1 0.21328125 0.36666666666666664 0.01875 0.027083333333333334
1 0.2546875 0.4322916666666667 0.0171875 0.022916666666666665
1 0.2921875 0.45416666666666666 0.0296875 0.04375
1 0.278125 0.496875 0.0078125 0.0125
1 0.2453125 0.5239583333333333 0.0375 0.04375
1 0.15 0.49166666666666664 0.028125 0.027083333333333334
1 0.03984375 0.728125 0.021875 0.01875
1 0.0390625 0.7645833333333333 0.015625 0.014583333333333334
1 0.09453125 0.9854166666666667 0.0125 0.014583333333333334
1 0.23125 0.9697916666666667 0.0203125 0.03125
1 0.22578125 0.9322916666666666 0.0125 0.01875
1 0.2453125 0.8177083333333334 0.109375 0.11041666666666666
1 0.8515625 0.8635416666666667 0.015625 0.010416666666666666
1 0.825 0.8552083333333333 0.009375 0.014583333333333334
1 0.8390625 0.9208333333333333 0.0234375 0.035416666666666666
1 0.82890625 0.965625 0.021875 0.03125
1 0.8484375 0.9552083333333333 0.01875 0.014583333333333334
1 0.88671875 0.9197916666666667 0.021875 0.022916666666666665
1 0.9703125 0.95 0.034375 0.04583333333333333
1 0.76015625 0.8604166666666667 0.0578125 0.09583333333333334
1 0.6234375 0.871875 0.04375 0.075
1 0.71015625 0.9520833333333333 0.1390625 0.06666666666666667
1 0.63984375 0.7927083333333333 0.0296875 0.041666666666666664
1 0.51796875 0.9947916666666666 0.028125 0.010416666666666666
1 0.47421875 0.9895833333333334 0.0234375 0.01875
1 0.44609375 0.9791666666666666 0.028125 0.0375
1 0.4734375 0.8479166666666667 0.0296875 0.0375
1 0.4 0.8458333333333333 0.0171875 0.01875