1 0.842578125 0.6875 0.01875 0.03611111111111111
1 0.903125 0.7090277777777778 0.01015625 0.013888888888888888
1 0.816796875 0.5833333333333334 0.0125 0.020833333333333332
1 0.871484375 0.5868055555555556 0.00703125 0.0125
1 0.82890625 0.51875 0.01328125 0.025
1 0.9078125 0.37430555555555556 0.0203125 0.03194444444444444
1 0.9328125 0.42291666666666666 0.015625 0.03333333333333333
1 0.921875 0.2534722222222222 0.06796875 0.09444444444444444
1 0.969140625 0.22013888888888888 0.01796875 0.027777777777777776
1 0.98515625 0.28125 0.01640625 0.030555555555555555
1 0.10078125 0.3576388888888889 0.02109375 0.03194444444444444
1 0.084765625 0.4409722222222222 0.01875 0.02361111111111111
1 0.21640625 0.4388888888888889 0.02265625 0.043055555555555555
1 0.09375 0.7520833333333333 0.01640625 0.02361111111111111
1 0.132421875 0.9166666666666666 0.0171875 0.05416666666666667
1 0.332421875 0.7965277777777777 0.0171875 0.029166666666666667
1 0.426953125 0.90625 0.01640625 0.03333333333333333
1 0.43359375 0.88125 0.0125 0.025
1 0.45625 0.8298611111111112 0.0125 0.018055555555555554
1 0.545703125 0.7854166666666667 0.021875 0.043055555555555555
1 0.49921875 0.7833333333333333 0.01484375 0.034722222222222224
1 0.498046875 0.69375 0.0125 0.027777777777777776
1 0.49453125 0.5520833333333334 0.0109375 0.027777777777777776
1 0.448828125 0.5756944444444444 0.025 0.05694444444444444
1 0.475 0.43680555555555556 0.01328125 0.022222222222222223
1 0.460546875 0.42291666666666666 0.01953125 0.030555555555555555
1 0.430859375 0.44930555555555557 0.02109375 0.041666666666666664
1 0.4140625 0.42986111111111114 0.01328125 0.027777777777777776
1 0.4046875 0.34652777777777777 0.01484375 0.022222222222222223
1 0.443359375 0.2659722222222222 0.01796875 0.0375
1 0.418359375 0.2423611111111111 0.02109375 0.041666666666666664
1 0.35546875 0.12777777777777777 0.0109375 0.029166666666666667
1 0.260546875 0.10208333333333333 0.0078125 0.011111111111111112
1 0.214453125 0.022222222222222223 0.0078125 0.011111111111111112
1 0.223046875 0.07430555555555556 0.03828125 0.06527777777777778
0 0.112109375 0.2326388888888889 0.171875 0.4652777777777778
1 0.19609375 0.05486111111111111 0.02421875 0.05694444444444444
1 0.883984375 0.9645833333333333 0.00625 0.013888888888888888
0 0.07421875 0.4305555555555556 0.1484375 0.14444444444444443
0 0.080859375 0.5381944444444444 0.16171875 0.4111111111111111
0 0.088671875 0.8680555555555556 0.17734375 0.2638888888888889
0 0.131640625 0.9458333333333333 0.053125 0.10833333333333334
0 0.63046875 0.9222222222222223 0.11484375 0.15555555555555556
0 0.623828125 0.7243055555555555 0.125 0.43472222222222223
0 0.683984375 0.4597222222222222 0.1953125 0.33194444444444443
0 0.657421875 0.09722222222222222 0.09375 0.19444444444444445
0 0.66796875 0.325 0.10078125 0.4083333333333333
0 0.13828125 0.021527777777777778 0.04453125 0.043055555555555555
1 0.14453125 0.4152777777777778 0.009375 0.019444444444444445
1 0.190625 0.31319444444444444 0.02421875 0.03888888888888889
1 0.498046875 0.3506944444444444 0.02265625 0.030555555555555555
1 0.518359375 0.34375 0.01015625 0.016666666666666666
1 0.55546875 0.3736111111111111 0.02265625 0.05138888888888889
1 0.485546875 0.0763888888888889 0.01328125 0.02361111111111111
1 0.52734375 0.059722222222222225 0.02265625 0.0375
1 0.965625 0.03819444444444445 0.01953125 0.044444444444444446
1 0.5515625 0.02847222222222222 0.03203125 0.05694444444444444
1 0.59921875 0.07847222222222222 0.02734375 0.041666666666666664
1 0.69453125 0.03680555555555556 0.046875 0.044444444444444446
1 0.776953125 0.20694444444444443 0.0203125 0.03194444444444444
1 0.7796875 0.26319444444444445 0.02265625 0.03333333333333333
1 0.75625 0.3215277777777778 0.015625 0.025
1 0.68125 0.5013888888888889 0.02109375 0.04027777777777778
1 0.6375 0.5923611111111111 0.015625 0.02638888888888889
1 0.56875 0.7125 0.03046875 0.05416666666666667
1 0.637890625 0.7215277777777778 0.015625 0.029166666666666667
1 0.684375 0.7791666666666667 0.01640625 0.02638888888888889
1 0.73671875 0.8680555555555556 0.015625 0.03333333333333333
1 0.794921875 0.8375 0.0125 0.029166666666666667
1 0.858203125 0.83125 0.02578125 0.04583333333333333
1 0.775 0.7854166666666667 0.01015625 0.018055555555555554