0 0.662890625 0.58125 0.27421875 0.12777777777777777
0 0.6625 0.14305555555555555 0.26484375 0.2861111111111111
0 0.57890625 0.3527777777777778 0.065625 0.17083333333333334
1 0.209375 0.03125 0.01328125 0.02361111111111111
1 0.323828125 0.009027777777777777 0.01640625 0.018055555555555554
1 0.3328125 0.16666666666666666 0.02265625 0.04861111111111111
1 0.349609375 0.18055555555555555 0.0171875 0.0375
1 0.06015625 0.4222222222222222 0.0140625 0.015277777777777777
1 0.383984375 0.16180555555555556 0.01953125 0.044444444444444446
1 0.40703125 0.0375 0.025 0.075
1 0.434375 0.04652777777777778 0.03515625 0.05694444444444444
1 0.50078125 0.015277777777777777 0.05078125 0.030555555555555555
1 0.516015625 0.04375 0.01015625 0.02361111111111111
1 0.532421875 0.06041666666666667 0.00625 0.015277777777777777
1 0.547265625 0.0763888888888889 0.02734375 0.0375
1 0.62265625 0.1326388888888889 0.02265625 0.025
1 0.507421875 0.25972222222222224 0.0609375 0.08333333333333333
1 0.572265625 0.2659722222222222 0.01953125 0.034722222222222224
1 0.5546875 0.2916666666666667 0.01484375 0.025
1 0.981640625 0.9881944444444445 0.0140625 0.02361111111111111
1 0.98359375 0.9416666666666667 0.0328125 0.07916666666666666
1 0.606640625 0.6 0.021875 0.043055555555555555
1 0.676953125 0.7555555555555555 0.0265625 0.04722222222222222
1 0.6546875 0.7194444444444444 0.01328125 0.034722222222222224
1 0.640625 0.6569444444444444 0.05234375 0.09444444444444444
1 0.60234375 0.7479166666666667 0.01015625 0.016666666666666666
1 0.57578125 0.6652777777777777 0.01640625 0.030555555555555555
1 0.487890625 0.7006944444444444 0.02890625 0.058333333333333334
1 0.447265625 0.6 0.03515625 0.05694444444444444
1 0.2890625 0.8409722222222222 0.021875 0.0375
1 0.2078125 0.8208333333333333 0.01484375 0.027777777777777776
1 0.1796875 0.7805555555555556 0.00859375 0.0125
1 0.168359375 0.9888888888888889 0.0125 0.022222222222222223
1 0.146484375 0.9847222222222223 0.01328125 0.02638888888888889
1 0.252734375 0.9743055555555555 0.025 0.05138888888888889
1 0.224609375 0.9666666666666667 0.021875 0.034722222222222224
1 0.376953125 0.8743055555555556 0.02109375 0.041666666666666664
1 0.4609375 0.8430555555555556 0.0125 0.020833333333333332
1 0.437109375 0.84375 0.01796875 0.04027777777777778
1 0.467578125 0.9958333333333333 0.00859375 0.008333333333333333
1 0.45859375 0.9736111111111111 0.0203125 0.043055555555555555
1 0.4328125 0.9604166666666667 0.02578125 0.04027777777777778
1 0.548046875 0.8875 0.01796875 0.04027777777777778
1 0.573828125 0.9770833333333333 0.0296875 0.041666666666666664
1 0.5625 0.9361111111111111 0.02421875 0.05416666666666667
1 0.55390625 0.9819444444444444 0.01796875 0.03611111111111111
1 0.62734375 0.9958333333333333 0.009375 0.008333333333333333
1 0.6296875 0.9104166666666667 0.01015625 0.030555555555555555
1 0.61015625 0.9159722222222222 0.02578125 0.05138888888888889
1 0.73125 0.9909722222222223 0.0109375 0.013888888888888888
1 0.6640625 0.96875 0.03046875 0.05694444444444444
1 0.869921875 0.9354166666666667 0.01484375 0.029166666666666667
1 0.826171875 0.9180555555555555 0.01328125 0.029166666666666667
1 0.807421875 0.9465277777777777 0.0296875 0.06388888888888888
1 0.78125 0.93125 0.01796875 0.0375
1 0.823046875 0.8652777777777778 0.0171875 0.022222222222222223
1 0.821484375 0.8270833333333333 0.02421875 0.05694444444444444
1 0.930859375 0.7777777777777778 0.01015625 0.02638888888888889
1 0.8921875 0.8111111111111111 0.01796875 0.041666666666666664
1 0.98359375 0.7777777777777778 0.0203125 0.03333333333333333
1 0.964453125 0.7354166666666667 0.01171875 0.022222222222222223
1 0.903515625 0.6125 0.025 0.05416666666666667
1 0.739453125 0.60625 0.02734375 0.0375
1 0.800390625 0.6611111111111111 0.04140625 0.08472222222222223
1 0.7734375 0.5923611111111111 0.02109375 0.043055555555555555
1 0.9953125 0.4166666666666667 0.009375 0.05138888888888889
1 0.983203125 0.44722222222222224 0.02109375 0.04583333333333333
1 0.867578125 0.41805555555555557 0.01015625 0.022222222222222223
1 0.87421875 0.36180555555555555 0.01796875 0.030555555555555555
1 0.905859375 0.3840277777777778 0.0140625 0.02638888888888889
1 0.915234375 0.2902777777777778 0.01875 0.034722222222222224
1 0.893359375 0.13472222222222222 0.00546875 0.009722222222222222
1 0.87109375 0.22916666666666666 0.01953125 0.029166666666666667
1 0.9671875 0.11944444444444445 0.021875 0.03888888888888889
1 0.941015625 0.13958333333333334 0.01875 0.027777777777777776
1 0.922265625 0.1375 0.01328125 0.018055555555555554
1 0.908984375 0.013194444444444444 0.01171875 0.016666666666666666
1 0.8546875 0.1 0.0234375 0.029166666666666667
1 0.665625 0.09930555555555555 0.01484375 0.015277777777777777
1 0.641015625 0.2881944444444444 0.0625 0.07777777777777778
1 0.715625 0.2326388888888889 0.025 0.03333333333333333
1 0.670703125 0.2076388888888889 0.02890625 0.043055555555555555
1 0.78203125 0.28402777777777777 0.01328125 0.03194444444444444
1 0.751953125 0.33819444444444446 0.01875 0.04722222222222222
1 0.73515625 0.40069444444444446 0.034375 0.07916666666666666
1 0.713671875 0.43472222222222223 0.04140625 0.07777777777777778
1 0.6625 0.4930555555555556 0.01953125 0.03888888888888889
1 0.65234375 0.5597222222222222 0.03125 0.04722222222222222
1 0.01953125 0.3611111111111111 0.0140625 0.019444444444444445
1 0.1140625 0.5444444444444444 0.01171875 0.020833333333333332
1 0.11953125 0.6229166666666667 0.01875 0.030555555555555555
1 0.077734375 0.7097222222222223 0.0296875 0.03888888888888889
1 0.35859375 0.7347222222222223 0.015625 0.02638888888888889
1 0.301171875 0.6673611111111111 0.03984375 0.06388888888888888
1 0.2546875 0.6041666666666666 0.04453125 0.09166666666666666
1 0.373828125 0.4395833333333333 0.00703125 0.0125
1 0.365625 0.49722222222222223 0.0265625 0.06666666666666667
1 0.258203125 0.48333333333333334 0.01796875 0.03194444444444444
1 0.319921875 0.42083333333333334 0.02265625 0.0375
1 0.2828125 0.40347222222222223 0.00625 0.011111111111111112
1 0.284765625 0.4305555555555556 0.01875 0.03333333333333333
1 0.246484375 0.38958333333333334 0.01875 0.029166666666666667
1 0.203125 0.40694444444444444 0.01328125 0.022222222222222223
1 0.186328125 0.3736111111111111 0.01796875 0.03333333333333333
1 0.1578125 0.36944444444444446 0.0171875 0.025
1 0.1515625 0.3347222222222222 0.01015625 0.016666666666666666
1 0.148046875 0.25972222222222224 0.0203125 0.022222222222222223
1 0.102734375 0.12708333333333333 0.0125 0.022222222222222223
1 0.45546875 0.32083333333333336 0.00859375 0.015277777777777777
1 0.1875 0.14375 0.01875 0.034722222222222224
1 0.6140625 0.5173611111111112 0.0140625 0.025
1 0.570703125 0.5145833333333333 0.03046875 0.043055555555555555
1 0.6484375 0.34930555555555554 0.02421875 0.041666666666666664
1 0.633203125 0.4513888888888889 0.0140625 0.041666666666666664
1 0.646484375 0.4263888888888889 0.01953125 0.027777777777777776
1 0.63046875 0.39652777777777776 0.025 0.05555555555555555
1 0.5640625 0.4486111111111111 0.04375 0.05277777777777778
1 0.473046875 0.33819444444444446 0.0140625 0.022222222222222223
1 0.502734375 0.3638888888888889 0.021875 0.03611111111111111
1 0.513671875 0.3159722222222222 0.0203125 0.030555555555555555
1 0.56484375 0.3104166666666667 0.015625 0.03611111111111111
1 0.46875 0.5305555555555556 0.00703125 0.013888888888888888
0 0.08515625 0.2 0.1703125 0.16944444444444445
0 0.119921875 0.48194444444444445 0.13359375 0.4486111111111111
0 0.0921875 0.8048611111111111 0.15234375 0.33194444444444443
0 0.115234375 0.8888888888888888 0.13125 0.2222222222222222
0 0.640625 0.8625 0.26328125 0.275