1 0.35234375 0.1736111111111111 0.01171875 0.011111111111111112
1 0.294921875 0.05694444444444444 0.01484375 0.029166666666666667
1 0.298828125 0.35555555555555557 0.01953125 0.029166666666666667
1 0.326953125 0.76875 0.01953125 0.07083333333333333
1 0.40546875 0.2722222222222222 0.015625 0.022222222222222223
1 0.515625 0.0763888888888889 0.0125 0.022222222222222223
1 0.505078125 0.04722222222222222 0.01640625 0.034722222222222224
1 0.586328125 0.12777777777777777 0.01875 0.03333333333333333
1 0.63046875 0.3590277777777778 0.0296875 0.043055555555555555
0 0.696484375 0.017361111111111112 0.0328125 0.034722222222222224
0 0.11875 0.35625 0.22890625 0.3347222222222222
1 0.675 0.019444444444444445 0.0390625 0.03888888888888889
1 0.608984375 0.10486111111111111 0.040625 0.05
1 0.241015625 0.43472222222222223 0.05390625 0.05555555555555555
0 0.10625 0.18819444444444444 0.11484375 0.3763888888888889
1 0.936328125 0.09097222222222222 0.015625 0.034722222222222224
1 0.17265625 0.9590277777777778 0.01484375 0.025
1 0.74140625 0.22291666666666668 0.01484375 0.027777777777777776
1 0.745703125 0.16319444444444445 0.05078125 0.09305555555555556
1 0.89609375 0.22152777777777777 0.01953125 0.05
1 0.93515625 0.19305555555555556 0.0265625 0.0375
0 0.09921875 0.7215277777777778 0.1703125 0.5472222222222223
1 0.98125 0.29375 0.03671875 0.07083333333333333
1 0.944140625 0.41597222222222224 0.0484375 0.07222222222222222
1 0.91015625 0.4173611111111111 0.01328125 0.029166666666666667
1 0.902734375 0.35694444444444445 0.0390625 0.07916666666666666
0 0.11484375 0.9479166666666666 0.11015625 0.10416666666666667
1 0.87265625 0.32569444444444445 0.0203125 0.034722222222222224
1 0.853125 0.2965277777777778 0.0171875 0.041666666666666664
1 0.255859375 0.3854166666666667 0.021875 0.03611111111111111
1 0.915234375 0.5548611111111111 0.0078125 0.02361111111111111
1 0.90703125 0.5145833333333333 0.025 0.04583333333333333
1 0.983203125 0.5395833333333333 0.025 0.0625
1 0.20234375 0.70625 0.021875 0.027777777777777776
1 0.93671875 0.5 0.06328125 0.11527777777777778
1 0.226953125 0.15902777777777777 0.02109375 0.03333333333333333
1 0.98125 0.7180555555555556 0.01875 0.029166666666666667
1 0.994921875 0.6465277777777778 0.01015625 0.034722222222222224
1 0.915625 0.6034722222222222 0.0125 0.022222222222222223
1 0.836328125 0.9743055555555555 0.03515625 0.029166666666666667
1 0.843359375 0.7534722222222222 0.01015625 0.016666666666666666
1 0.837109375 0.7097222222222223 0.015625 0.0375
1 0.821875 0.7715277777777778 0.015625 0.029166666666666667
1 0.3921875 0.6590277777777778 0.03671875 0.06527777777777778
1 0.464453125 0.49444444444444446 0.01328125 0.030555555555555555
1 0.475390625 0.6534722222222222 0.03046875 0.05
1 0.525390625 0.6388888888888888 0.03203125 0.06111111111111111
1 0.59140625 0.5791666666666667 0.02578125 0.04027777777777778
1 0.5203125 0.4701388888888889 0.01796875 0.030555555555555555
1 0.627734375 0.6895833333333333 0.02734375 0.04861111111111111
1 0.49609375 0.5111111111111111 0.0171875 0.0375
1 0.514453125 0.5736111111111111 0.028125 0.03611111111111111
1 0.537890625 0.4222222222222222 0.02109375 0.043055555555555555
1 0.75078125 0.8736111111111111 0.02734375 0.05694444444444444
1 0.071484375 0.22361111111111112 0.01640625 0.030555555555555555
1 0.55390625 0.325 0.0203125 0.041666666666666664
1 0.638671875 0.29375 0.0515625 0.06666666666666667
1 0.67890625 0.4583333333333333 0.01875 0.029166666666666667
1 0.876953125 0.45416666666666666 0.01484375 0.02638888888888889
1 0.8203125 0.37083333333333335 0.04453125 0.10138888888888889
1 0.875 0.40625 0.0203125 0.03611111111111111
1 0.902734375 0.7409722222222223 0.06171875 0.03611111111111111
1 0.828515625 0.46458333333333335 0.0140625 0.019444444444444445
1 0.867578125 0.6277777777777778 0.0140625 0.02361111111111111
1 0.857421875 0.56875 0.0234375 0.029166666666666667
1 0.83671875 0.8986111111111111 0.05546875 0.059722222222222225
1 0.075390625 0.17847222222222223 0.0140625 0.025
1 0.747265625 0.47152777777777777 0.015625 0.02638888888888889
1 0.7375 0.5722222222222222 0.0171875 0.025
1 0.68515625 0.5340277777777778 0.02109375 0.03888888888888889
1 0.7625 0.5979166666666667 0.00859375 0.020833333333333332
1 0.78203125 0.6048611111111111 0.01953125 0.034722222222222224
1 0.813671875 0.6368055555555555 0.0359375 0.04722222222222222
1 0.790234375 0.6881944444444444 0.03828125 0.08611111111111111
1 0.7421875 0.7618055555555555 0.0640625 0.08472222222222223
1 0.748828125 0.6659722222222222 0.02109375 0.041666666666666664
1 0.785546875 0.8576388888888888 0.01640625 0.02361111111111111
1 0.866015625 0.8465277777777778 0.00859375 0.018055555555555554
1 0.8390625 0.8541666666666666 0.015625 0.020833333333333332
1 0.9078125 0.7944444444444444 0.02578125 0.03333333333333333
1 0.9390625 0.9826388888888888 0.0234375 0.034722222222222224
1 0.87890625 0.80625 0.01796875 0.044444444444444446
1 0.959375 0.8270833333333333 0.0453125 0.09305555555555556
1 0.979296875 0.9319444444444445 0.04140625 0.08611111111111111
1 0.79921875 0.9006944444444445 0.025 0.03611111111111111
1 0.78828125 0.9576388888888889 0.0546875 0.08472222222222223
1 0.726953125 0.9881944444444445 0.0203125 0.02361111111111111
1 0.67265625 0.6590277777777778 0.02421875 0.059722222222222225
1 0.6609375 0.7333333333333333 0.03046875 0.06527777777777778
1 0.654296875 0.6006944444444444 0.0375 0.10138888888888889
1 0.583984375 0.6729166666666667 0.025 0.041666666666666664
1 0.5953125 0.7798611111111111 0.01875 0.05416666666666667
1 0.491796875 0.8645833333333334 0.0140625 0.016666666666666666
1 0.223828125 0.9875 0.03359375 0.025
1 0.275390625 0.9298611111111111 0.01953125 0.027777777777777776
1 0.080078125 0.8354166666666667 0.01328125 0.019444444444444445
1 0.11484375 0.8951388888888889 0.02109375 0.03888888888888889
1 0.239453125 0.7145833333333333 0.0203125 0.041666666666666664
1 0.25703125 0.6409722222222223 0.0515625 0.05694444444444444
1 0.221484375 0.6923611111111111 0.0078125 0.027777777777777776
1 0.07734375 0.6944444444444444 0.028125 0.059722222222222225
1 0.042578125 0.6458333333333334 0.04140625 0.059722222222222225
1 0.05859375 0.4965277777777778 0.01328125 0.029166666666666667
1 0.145703125 0.6381944444444444 0.0171875 0.0375
1 0.1453125 0.38125 0.02578125 0.027777777777777776
1 0.401953125 0.04097222222222222 0.0140625 0.030555555555555555
1 0.274609375 0.013194444444444444 0.0234375 0.02638888888888889
1 0.030078125 0.18541666666666667 0.01484375 0.019444444444444445
0 0.683203125 0.21736111111111112 0.21640625 0.43472222222222223
0 0.59140625 0.3951388888888889 0.19375 0.4388888888888889
0 0.13046875 0.4625 0.13828125 0.4236111111111111
1 0.533984375 0.96875 0.0453125 0.0625
1 0.73984375 0.5256944444444445 0.02890625 0.05694444444444444
1 0.825390625 0.5444444444444444 0.034375 0.07222222222222222
1 0.87265625 0.5979166666666667 0.0140625 0.02638888888888889
1 0.503515625 0.12986111111111112 0.01328125 0.027777777777777776
1 0.67890625 0.09097222222222222 0.01484375 0.029166666666666667
1 0.4578125 0.1375 0.0078125 0.016666666666666666
1 0.583984375 0.5027777777777778 0.0140625 0.018055555555555554
0 0.6640625 0.8444444444444444 0.10390625 0.3111111111111111
0 0.625 0.007638888888888889 0.0140625 0.015277777777777777
1 0.996484375 0.08472222222222223 0.00703125 0.09305555555555556
1 0.5609375 0.04513888888888889 0.0515625 0.09027777777777778
1 0.353125 0.21666666666666667 0.01953125 0.043055555555555555
1 0.163671875 0.45625 0.02890625 0.07083333333333333
1 0.358203125 0.375 0.009375 0.027777777777777776
1 0.326953125 0.43333333333333335 0.03359375 0.07916666666666666
1 0.04375 0.7118055555555556 0.025 0.05694444444444444
1 0.08515625 0.5152777777777777 0.02890625 0.07361111111111111
1 0.044140625 0.5263888888888889 0.0234375 0.041666666666666664
1 0.211328125 0.54375 0.05625 0.1361111111111111
1 0.217578125 0.7597222222222222 0.01640625 0.018055555555555554
1 0.230859375 0.8881944444444444 0.02734375 0.06111111111111111
1 0.592578125 0.9875 0.0203125 0.025