1 0.99609375 0.1111111111111111 0.0078125 0.0375
1 0.991015625 0.23055555555555557 0.01796875 0.02361111111111111
1 0.9703125 0.1909722222222222 0.03046875 0.044444444444444446
1 0.845703125 0.5979166666666667 0.0296875 0.04722222222222222
1 0.708984375 0.6666666666666666 0.02734375 0.05416666666666667
1 0.62265625 0.7930555555555555 0.01953125 0.05277777777777778
1 0.620703125 0.8576388888888888 0.0515625 0.08611111111111111
1 0.6 0.89375 0.0171875 0.034722222222222224
1 0.951171875 0.2701388888888889 0.01875 0.025
1 0.896484375 0.23333333333333334 0.01953125 0.025
1 0.824609375 0.17916666666666667 0.01328125 0.0375
1 0.774609375 0.28680555555555554 0.0140625 0.03333333333333333
1 0.7421875 0.22361111111111112 0.0234375 0.05138888888888889
1 0.646875 0.34305555555555556 0.02109375 0.05555555555555555
1 0.58984375 0.23541666666666666 0.0171875 0.03888888888888889
1 0.659765625 0.1423611111111111 0.025 0.04583333333333333
1 0.69609375 0.052083333333333336 0.01484375 0.025
1 0.161328125 0.22708333333333333 0.02734375 0.03333333333333333
1 0.141796875 0.00625 0.01875 0.0125
1 0.62109375 0.45902777777777776 0.02265625 0.05138888888888889
1 0.59609375 0.5763888888888888 0.01484375 0.018055555555555554
1 0.544140625 0.6826388888888889 0.01328125 0.027777777777777776
1 0.521875 0.6041666666666666 0.0109375 0.018055555555555554
1 0.672265625 0.98125 0.01875 0.0375
1 0.68203125 0.9340277777777778 0.0171875 0.03611111111111111
1 0.284375 0.9909722222222223 0.01015625 0.018055555555555554
1 0.1625 0.8138888888888889 0.0109375 0.020833333333333332
1 0.15078125 0.8645833333333334 0.0140625 0.022222222222222223
1 0.18984375 0.9055555555555556 0.0109375 0.02361111111111111
1 0.18046875 0.6923611111111111 0.0125 0.027777777777777776
1 0.15859375 0.6541666666666667 0.01015625 0.015277777777777777
1 0.25859375 0.22777777777777777 0.009375 0.0125
1 0.7578125 0.4423611111111111 0.00859375 0.0125
1 0.271875 0.059722222222222225 0.0078125 0.011111111111111112
0 0.091796875 0.07430555555555556 0.18359375 0.1486111111111111
0 0.14453125 0.15763888888888888 0.21640625 0.31527777777777777
0 0.16171875 0.5548611111111111 0.2046875 0.33194444444444443
0 0.61015625 0.049305555555555554 0.19375 0.09861111111111111
0 0.743359375 0.7548611111111111 0.18203125 0.2652777777777778
0 0.13828125 0.8888888888888888 0.240625 0.11805555555555555
0 0.122265625 0.7166666666666667 0.24453125 0.16944444444444445
1 0.1140625 0.6548611111111111 0.028125 0.04861111111111111
1 0.18359375 0.4111111111111111 0.0125 0.022222222222222223
0 0.688671875 0.1951388888888889 0.18984375 0.3902777777777778
1 0.816015625 0.6055555555555555 0.01953125 0.03194444444444444
1 0.98125 0.5944444444444444 0.0265625 0.03333333333333333
1 0.971875 0.4652777777777778 0.01640625 0.030555555555555555
1 0.9375 0.4986111111111111 0.02421875 0.044444444444444446
1 0.86953125 0.44513888888888886 0.01484375 0.03333333333333333
1 0.9078125 0.4111111111111111 0.015625 0.030555555555555555
1 0.90703125 0.3701388888888889 0.015625 0.020833333333333332
1 0.867578125 0.3236111111111111 0.01484375 0.03194444444444444