1 0.43671875 0.38125 0.028125 0.029166666666666667
1 0.65703125 0.03333333333333333 0.0265625 0.025
1 0.63828125 0.16666666666666666 0.025 0.05
1 0.49375 0.20416666666666666 0.0375 0.03958333333333333
1 0.55546875 0.203125 0.021875 0.03333333333333333
1 0.78125 0.19479166666666667 0.015625 0.01875
1 0.675 0.125 0.0203125 0.03333333333333333
1 0.35390625 0.190625 0.0171875 0.022916666666666665
1 0.38125 0.17291666666666666 0.015625 0.01875
1 0.2375 0.23229166666666667 0.0140625 0.035416666666666666
1 0.2203125 0.17083333333333334 0.0140625 0.035416666666666666
1 0.18203125 0.16770833333333332 0.0109375 0.029166666666666667
1 0.6171875 0.8354166666666667 0.015625 0.027083333333333334
1 0.3125 0.7572916666666667 0.021875 0.03333333333333333
1 0.421875 0.6625 0.0203125 0.025
1 0.41953125 0.7145833333333333 0.00625 0.01875
1 0.89296875 0.7302083333333333 0.01875 0.025
1 0.9375 0.35520833333333335 0.0171875 0.020833333333333332
1 0.94140625 0.10104166666666667 0.009375 0.010416666666666666
1 0.77890625 0.10104166666666667 0.03125 0.03958333333333333
1 0.53203125 0.140625 0.0265625 0.05416666666666667
1 0.00859375 0.09375 0.0171875 0.0375
1 0.196875 0.271875 0.0171875 0.06041666666666667
1 0.1796875 0.546875 0.0140625 0.020833333333333332
1 0.1890625 0.6375 0.0328125 0.035416666666666666
1 0.6015625 0.540625 0.021875 0.027083333333333334
1 0.73046875 0.73125 0.0484375 0.0625
1 0.825 0.5854166666666667 0.040625 0.041666666666666664
1 0.77265625 0.4791666666666667 0.025 0.027083333333333334
1 0.434375 0.7864583333333334 0.0296875 0.05416666666666667
1 0.4125 0.9135416666666667 0.05 0.0625
1 0.7203125 0.978125 0.0390625 0.04375
1 0.6765625 0.8916666666666667 0.0359375 0.06666666666666667
1 0.7390625 0.090625 0.0203125 0.03958333333333333
1 0.765625 0.3072916666666667 0.0203125 0.035416666666666666
1 0.9671875 0.478125 0.021875 0.020833333333333332
1 0.92421875 0.45416666666666666 0.0125 0.01875
1 0.89609375 0.40729166666666666 0.0359375 0.041666666666666664
1 0.6078125 0.6489583333333333 0.0265625 0.029166666666666667
1 0.3453125 0.3072916666666667 0.021875 0.029166666666666667
1 0.48125 0.240625 0.0234375 0.027083333333333334
0 0.590625 0.04479166666666667 0.0828125 0.08541666666666667
0 0.625 0.171875 0.1046875 0.2833333333333333
0 0.66015625 0.7572916666666667 0.2828125 0.10208333333333333
1 0.4390625 0.44166666666666665 0.0375 0.0375
1 0.525 0.415625 0.03125 0.041666666666666664
1 0.434375 0.18125 0.0328125 0.035416666666666666
1 0.5078125 0.17291666666666666 0.0296875 0.041666666666666664