1 0.3875 0.3333333333333333 0.04609375 0.07083333333333333
1 0.95703125 0.9506944444444444 0.009375 0.015277777777777777
1 0.9703125 0.9638888888888889 0.0140625 0.020833333333333332
1 0.910546875 0.8131944444444444 0.02109375 0.0375
1 0.87421875 0.8319444444444445 0.028125 0.027777777777777776
1 0.9515625 0.7722222222222223 0.01640625 0.03888888888888889
1 0.91015625 0.7395833333333334 0.01640625 0.025
1 0.878125 0.7541666666666667 0.0203125 0.03888888888888889
1 0.76875 0.7340277777777777 0.0140625 0.027777777777777776
1 0.8875 0.6173611111111111 0.021875 0.03888888888888889
1 0.95078125 0.6375 0.01640625 0.030555555555555555
1 0.976953125 0.4576388888888889 0.02578125 0.043055555555555555
1 0.71171875 0.33819444444444446 0.02421875 0.0375
1 0.725 0.35625 0.0140625 0.022222222222222223
1 0.659375 0.4305555555555556 0.01953125 0.05555555555555555
1 0.944140625 0.08541666666666667 0.0125 0.027777777777777776
1 0.967578125 0.044444444444444446 0.015625 0.03888888888888889
1 0.493359375 0.49930555555555556 0.01484375 0.027777777777777776
1 0.48515625 0.6770833333333334 0.03359375 0.0763888888888889
1 0.425 0.6805555555555556 0.0234375 0.03888888888888889
1 0.399609375 0.7465277777777778 0.02890625 0.05
1 0.418359375 0.8368055555555556 0.01484375 0.03333333333333333
1 0.3375 0.8993055555555556 0.01484375 0.025
1 0.351953125 0.9604166666666667 0.01953125 0.03611111111111111
1 0.3359375 0.9854166666666667 0.0234375 0.029166666666666667
1 0.2703125 0.8930555555555556 0.03203125 0.059722222222222225
1 0.0578125 0.9847222222222223 0.0140625 0.03194444444444444
1 0.270703125 0.6840277777777778 0.0453125 0.07361111111111111
1 0.296484375 0.7166666666666667 0.02265625 0.05694444444444444
1 0.278515625 0.7534722222222222 0.0171875 0.043055555555555555
1 0.058203125 0.4583333333333333 0.046875 0.06666666666666667
1 0.03203125 0.5354166666666667 0.0203125 0.05694444444444444
1 0.069140625 0.5555555555555556 0.0203125 0.04027777777777778
1 0.11875 0.43125 0.009375 0.020833333333333332
1 0.141796875 0.5013888888888889 0.02578125 0.04861111111111111
1 0.1671875 0.46875 0.0203125 0.034722222222222224
1 0.078125 0.6854166666666667 0.0203125 0.03194444444444444
1 0.2328125 0.6006944444444444 0.0203125 0.03888888888888889
1 0.13125 0.81875 0.01484375 0.041666666666666664
1 0.301953125 0.425 0.03046875 0.05416666666666667
1 0.194140625 0.34652777777777777 0.025 0.03194444444444444
1 0.164453125 0.29583333333333334 0.021875 0.041666666666666664
1 0.137890625 0.24583333333333332 0.01484375 0.044444444444444446
1 0.18046875 0.22777777777777777 0.0125 0.018055555555555554
1 0.2046875 0.21875 0.0125 0.029166666666666667
1 0.0765625 0.2791666666666667 0.03828125 0.08888888888888889
1 0.033203125 0.3013888888888889 0.0140625 0.027777777777777776
1 0.00625 0.2826388888888889 0.00859375 0.013888888888888888
1 0.094140625 0.014583333333333334 0.028125 0.029166666666666667
1 0.13125 0.025 0.03984375 0.05
1 0.115234375 0.0798611111111111 0.009375 0.022222222222222223
1 0.203515625 0.04236111111111111 0.0375 0.059722222222222225
1 0.20390625 0.16875 0.021875 0.04027777777777778
1 0.234375 0.11041666666666666 0.00625 0.02638888888888889
1 0.480859375 0.9638888888888889 0.02734375 0.06111111111111111
1 0.433984375 0.9958333333333333 0.01796875 0.008333333333333333
1 0.53125 0.9111111111111111 0.0109375 0.025
1 0.490625 0.8027777777777778 0.02421875 0.05416666666666667
1 0.5125 0.8347222222222223 0.015625 0.022222222222222223
1 0.512890625 0.8 0.01171875 0.02638888888888889
1 0.47265625 0.7298611111111111 0.009375 0.020833333333333332
1 0.5296875 0.6611111111111111 0.01953125 0.03888888888888889
1 0.5640625 0.7284722222222222 0.02890625 0.06388888888888888
1 0.61484375 0.8715277777777778 0.01953125 0.05694444444444444
1 0.6125 0.9131944444444444 0.0125 0.018055555555555554
1 0.275 0.3090277777777778 0.0109375 0.025
1 0.25 0.7777777777777778 0.0140625 0.02361111111111111
1 0.08671875 0.7229166666666667 0.01796875 0.02361111111111111
0 0.141015625 0.14305555555555555 0.21328125 0.2861111111111111
0 0.103125 0.5645833333333333 0.20625 0.3375
0 0.092578125 0.8381944444444445 0.18515625 0.30694444444444446
0 0.1578125 0.9201388888888888 0.0890625 0.1597222222222222
0 0.65 0.9513888888888888 0.05234375 0.09722222222222222
0 0.670703125 0.7277777777777777 0.07265625 0.25972222222222224
0 0.7140625 0.5506944444444445 0.2640625 0.14444444444444443
0 0.695703125 0.41388888888888886 0.26640625 0.2611111111111111
0 0.644140625 0.15069444444444444 0.05703125 0.3013888888888889
1 0.394921875 0.041666666666666664 0.0359375 0.05
1 0.404296875 0.12361111111111112 0.04609375 0.10694444444444444
1 0.455859375 0.10416666666666667 0.03125 0.059722222222222225
1 0.493359375 0.06944444444444445 0.03984375 0.0763888888888889
1 0.3078125 0.11458333333333333 0.0359375 0.04583333333333333
1 0.475390625 0.19652777777777777 0.0375 0.05
1 0.3390625 0.06805555555555555 0.03046875 0.0625
1 0.401953125 0.23194444444444445 0.0453125 0.075
1 0.47109375 0.2465277777777778 0.01953125 0.041666666666666664
1 0.528125 0.2798611111111111 0.04609375 0.0625
1 0.5078125 0.33125 0.0296875 0.05138888888888889
1 0.427734375 0.3625 0.025 0.04861111111111111
1 0.437109375 0.39444444444444443 0.01953125 0.03194444444444444
1 0.45234375 0.36527777777777776 0.0125 0.025
1 0.47578125 0.38819444444444445 0.0140625 0.02638888888888889
1 0.4015625 0.40208333333333335 0.03046875 0.07777777777777778
1 0.544921875 0.34305555555555556 0.04296875 0.0763888888888889
1 0.597265625 0.40069444444444446 0.0234375 0.034722222222222224
1 0.611328125 0.3645833333333333 0.0171875 0.04722222222222222
1 0.580078125 0.21041666666666667 0.02421875 0.08055555555555556
1 0.607421875 0.21944444444444444 0.02578125 0.06388888888888888
1 0.540625 0.15694444444444444 0.0171875 0.030555555555555555
1 0.572265625 0.12222222222222222 0.00625 0.016666666666666666
1 0.616015625 0.15555555555555556 0.009375 0.02638888888888889
1 0.62734375 0.1486111111111111 0.00703125 0.018055555555555554
1 0.621484375 0.049305555555555554 0.01953125 0.0375
1 0.668359375 0.04722222222222222 0.04140625 0.09305555555555556
1 0.696875 0.00625 0.009375 0.0125
1 0.730078125 0.016666666666666666 0.01640625 0.03333333333333333
1 0.820703125 0.02361111111111111 0.0453125 0.04722222222222222
1 0.8 0.10902777777777778 0.0265625 0.044444444444444446
1 0.8046875 0.07569444444444444 0.01484375 0.02638888888888889
1 0.822265625 0.08819444444444445 0.01796875 0.04027777777777778
1 0.912890625 0.22152777777777777 0.01484375 0.02361111111111111
1 0.95546875 0.2861111111111111 0.015625 0.027777777777777776
1 0.891796875 0.28125 0.01875 0.03194444444444444
1 0.7859375 0.30069444444444443 0.0234375 0.041666666666666664
1 0.81953125 0.34652777777777777 0.028125 0.059722222222222225
1 0.7890625 0.46458333333333335 0.0328125 0.04583333333333333
1 0.80859375 0.4270833333333333 0.00859375 0.015277777777777777
1 0.70546875 0.4111111111111111 0.0203125 0.03333333333333333
1 0.709375 0.45 0.01875 0.029166666666666667
1 0.84375 0.5965277777777778 0.0265625 0.05555555555555555
1 0.806640625 0.6173611111111111 0.0296875 0.05416666666666667
1 0.83671875 0.7013888888888888 0.0234375 0.044444444444444446
1 0.81796875 0.7402777777777778 0.02578125 0.034722222222222224
1 0.826953125 0.7659722222222223 0.0125 0.02361111111111111
1 0.815625 0.8138888888888889 0.0203125 0.04027777777777778
1 0.76953125 0.7819444444444444 0.0109375 0.03194444444444444
1 0.77734375 0.8284722222222223 0.00703125 0.016666666666666666
1 0.764453125 0.8770833333333333 0.0234375 0.029166666666666667
1 0.7171875 0.8965277777777778 0.02109375 0.03194444444444444
1 0.78359375 0.9583333333333334 0.02109375 0.04027777777777778
1 0.87109375 0.9833333333333333 0.01640625 0.025
1 0.916796875 0.9902777777777778 0.01875 0.019444444444444445