1 0.942578125 0.9291666666666667 0.03515625 0.09027777777777778
1 0.423046875 0.025 0.01328125 0.022222222222222223
1 0.9546875 0.7326388888888888 0.01484375 0.02638888888888889
0 0.064453125 0.95 0.12890625 0.1
1 0.975390625 0.38680555555555557 0.040625 0.08194444444444444
1 0.82734375 0.4722222222222222 0.01640625 0.030555555555555555
1 0.9875 0.5409722222222222 0.01875 0.07777777777777778
1 0.303515625 0.14583333333333334 0.01640625 0.03194444444444444
0 0.648046875 0.50625 0.2078125 0.2388888888888889
1 0.853125 0.5270833333333333 0.0359375 0.05138888888888889
1 0.208203125 0.9125 0.0171875 0.02638888888888889
1 0.734375 0.6826388888888889 0.01484375 0.029166666666666667
1 0.834375 0.8319444444444445 0.0203125 0.034722222222222224
1 0.330078125 0.9048611111111111 0.01328125 0.030555555555555555
1 0.59765625 0.7868055555555555 0.01171875 0.02638888888888889
1 0.330859375 0.8555555555555555 0.015625 0.025
1 0.824609375 0.8756944444444444 0.01171875 0.020833333333333332
1 0.554296875 0.19722222222222222 0.01796875 0.029166666666666667
1 0.1859375 0.7805555555555556 0.0328125 0.075
1 0.170703125 0.4083333333333333 0.01875 0.03611111111111111
1 0.503515625 0.010416666666666666 0.01875 0.020833333333333332
1 0.890625 0.011805555555555555 0.01796875 0.02361111111111111
1 0.683203125 0.3875 0.02734375 0.044444444444444446
1 0.5609375 0.6638888888888889 0.02109375 0.043055555555555555
1 0.9859375 0.2659722222222222 0.01953125 0.03333333333333333
1 0.739453125 0.03958333333333333 0.0171875 0.03194444444444444
1 0.89453125 0.7611111111111111 0.01640625 0.027777777777777776
1 0.502734375 0.7222222222222222 0.028125 0.03888888888888889
1 0.83515625 0.4305555555555556 0.021875 0.05
1 0.86171875 0.9875 0.01875 0.022222222222222223
1 0.51953125 0.3951388888888889 0.01484375 0.027777777777777776
1 0.76875 0.8888888888888888 0.01875 0.034722222222222224
1 0.21640625 0.5430555555555555 0.0203125 0.034722222222222224
1 0.823046875 0.06458333333333334 0.021875 0.058333333333333334
1 0.1828125 0.4798611111111111 0.02109375 0.03333333333333333
0 0.55 0.06805555555555555 0.0453125 0.1361111111111111
1 0.497265625 0.08472222222222223 0.01875 0.041666666666666664
1 0.530078125 0.7625 0.025 0.043055555555555555
1 0.89765625 0.6611111111111111 0.01953125 0.03611111111111111
1 0.923828125 0.39375 0.0390625 0.05694444444444444
1 0.840625 0.6645833333333333 0.05703125 0.1
0 0.6078125 0.9541666666666667 0.146875 0.09027777777777778
0 0.597265625 0.6472222222222223 0.18203125 0.5166666666666667
1 0.047265625 0.5930555555555556 0.015625 0.02638888888888889
1 0.576953125 0.8430555555555556 0.0234375 0.043055555555555555
1 0.655859375 0.27847222222222223 0.025 0.05277777777777778
0 0.076171875 0.7597222222222222 0.15234375 0.43194444444444446
1 0.132421875 0.3486111111111111 0.02265625 0.04027777777777778
1 0.92578125 0.5881944444444445 0.040625 0.06388888888888888
0 0.59140625 0.25555555555555554 0.2765625 0.2569444444444444
1 0.922265625 0.6729166666666667 0.01640625 0.03194444444444444
1 0.773046875 0.975 0.01171875 0.020833333333333332
1 0.6671875 0.6104166666666667 0.02265625 0.029166666666666667
1 0.829296875 0.6965277777777777 0.03203125 0.04583333333333333
1 0.660546875 0.33194444444444443 0.0234375 0.04027777777777778
0 0.0640625 0.27708333333333335 0.128125 0.3861111111111111
1 0.55859375 0.10625 0.015625 0.034722222222222224
1 0.11171875 0.3138888888888889 0.0234375 0.043055555555555555
1 0.737109375 0.4979166666666667 0.04140625 0.04861111111111111
1 0.68203125 0.48333333333333334 0.01875 0.05555555555555555
1 0.80546875 0.2604166666666667 0.0140625 0.02361111111111111
1 0.5140625 0.4826388888888889 0.0171875 0.034722222222222224
1 0.53984375 0.9326388888888889 0.02734375 0.059722222222222225
1 0.200390625 0.18958333333333333 0.025 0.044444444444444446
1 0.244140625 0.24930555555555556 0.0109375 0.03611111111111111
1 0.65 0.02013888888888889 0.02109375 0.03611111111111111
1 0.842578125 0.9555555555555556 0.01484375 0.019444444444444445
1 0.903515625 0.8256944444444444 0.03046875 0.06527777777777778
1 0.90703125 0.9333333333333333 0.03828125 0.06944444444444445
1 0.873046875 0.725 0.01875 0.03194444444444444
1 0.0578125 0.21388888888888888 0.034375 0.059722222222222225
0 0.07578125 0.5152777777777777 0.15 0.12777777777777777
1 0.59765625 0.07222222222222222 0.01484375 0.02638888888888889
1 0.758203125 0.9444444444444444 0.01640625 0.03194444444444444
1 0.965625 0.44583333333333336 0.01171875 0.029166666666666667
0 0.606640625 0.10208333333333333 0.1609375 0.20277777777777778
0 0.08203125 0.06944444444444445 0.1640625 0.1388888888888889
1 0.38671875 0.8909722222222223 0.01484375 0.027777777777777776
1 0.036328125 0.275 0.0359375 0.04027777777777778
1 0.2125 0.008333333333333333 0.0140625 0.015277777777777777