1 0.75546875 0.004166666666666667 0.0140625 0.008333333333333333
1 0.991015625 0.027777777777777776 0.01796875 0.034722222222222224
1 0.79609375 0.5881944444444445 0.00859375 0.015277777777777777
1 0.769921875 0.5222222222222223 0.0125 0.016666666666666666
1 0.469140625 0.4798611111111111 0.01328125 0.027777777777777776
1 0.015234375 0.005555555555555556 0.01484375 0.011111111111111112
1 0.820703125 0.6736111111111112 0.05546875 0.09444444444444444
1 0.88359375 0.7395833333333334 0.01796875 0.03611111111111111
1 0.971484375 0.6534722222222222 0.01953125 0.034722222222222224
1 0.175 0.8451388888888889 0.015625 0.025
1 0.964453125 0.48680555555555555 0.01953125 0.043055555555555555
1 0.980078125 0.28680555555555554 0.0125 0.02638888888888889
1 0.993359375 0.31666666666666665 0.01328125 0.025
1 0.97578125 0.4048611111111111 0.0125 0.03194444444444444
1 0.920703125 0.38819444444444445 0.0234375 0.043055555555555555
1 0.8796875 0.3645833333333333 0.0125 0.02638888888888889
1 0.744140625 0.40208333333333335 0.02265625 0.03333333333333333
1 0.80234375 0.39861111111111114 0.01953125 0.030555555555555555
1 0.870703125 0.40555555555555556 0.01953125 0.029166666666666667
1 0.80703125 0.2375 0.0140625 0.0375
1 0.8875 0.18958333333333333 0.0171875 0.02638888888888889
1 0.811328125 0.0375 0.0484375 0.0625
1 0.741015625 0.0875 0.01796875 0.034722222222222224
1 0.734765625 0.19791666666666666 0.01328125 0.02361111111111111
1 0.708203125 0.23055555555555557 0.0234375 0.07083333333333333
1 0.60234375 0.35347222222222224 0.02265625 0.04722222222222222
1 0.589453125 0.2375 0.021875 0.03888888888888889
0 0.14375 0.7444444444444445 0.09453125 0.5111111111111111
0 0.178125 0.5166666666666667 0.0625 0.225
0 0.1015625 0.10208333333333333 0.203125 0.20416666666666666
1 0.159375 0.8131944444444444 0.01953125 0.029166666666666667
1 0.215625 0.7902777777777777 0.034375 0.06388888888888888
0 0.61484375 0.8361111111111111 0.17109375 0.3277777777777778
0 0.6734375 0.5847222222222223 0.15703125 0.21944444444444444
1 0.01796875 0.13819444444444445 0.0265625 0.0375
1 0.02890625 0.19236111111111112 0.0171875 0.019444444444444445
1 0.205078125 0.05347222222222222 0.0265625 0.04583333333333333
1 0.25 0.05 0.0296875 0.05416666666666667
1 0.143359375 0.24305555555555555 0.01171875 0.018055555555555554
1 0.128125 0.21388888888888888 0.01015625 0.020833333333333332
1 0.099609375 0.2423611111111111 0.02734375 0.034722222222222224
1 0.1375 0.17916666666666667 0.01640625 0.025
1 0.177734375 0.15208333333333332 0.0171875 0.04027777777777778
1 0.23359375 0.17222222222222222 0.0109375 0.016666666666666666
1 0.3484375 0.21180555555555555 0.009375 0.025
1 0.334765625 0.2152777777777778 0.00546875 0.018055555555555554
1 0.2671875 0.2548611111111111 0.01796875 0.03888888888888889
1 0.242578125 0.29375 0.03125 0.06805555555555555
1 0.1921875 0.4909722222222222 0.0140625 0.018055555555555554
1 0.20625 0.3875 0.03203125 0.05555555555555555
1 0.1625 0.36736111111111114 0.015625 0.029166666666666667
1 0.0375 0.46944444444444444 0.015625 0.03888888888888889
1 0.091796875 0.475 0.034375 0.06944444444444445
1 0.13984375 0.5444444444444444 0.02109375 0.043055555555555555
1 0.15078125 0.6340277777777777 0.01328125 0.019444444444444445
1 0.206640625 0.5756944444444444 0.01171875 0.013888888888888888
1 0.191015625 0.5944444444444444 0.02109375 0.041666666666666664
1 0.265234375 0.5833333333333334 0.02265625 0.04027777777777778
1 0.22578125 0.58125 0.02421875 0.09027777777777778
1 0.2390625 0.6798611111111111 0.0140625 0.02361111111111111
1 0.20859375 0.6604166666666667 0.021875 0.03611111111111111
1 0.279296875 0.9784722222222222 0.02890625 0.043055555555555555
1 0.225 0.9645833333333333 0.01484375 0.020833333333333332
1 0.144140625 0.9583333333333334 0.0140625 0.025
1 0.166015625 0.9208333333333333 0.02109375 0.043055555555555555
1 0.101171875 0.8875 0.0125 0.02361111111111111
1 0.1015625 0.7777777777777778 0.0453125 0.10972222222222222
1 0.586328125 0.5583333333333333 0.03203125 0.04583333333333333
1 0.608203125 0.6354166666666666 0.01640625 0.03611111111111111
1 0.669140625 0.58125 0.01875 0.034722222222222224
1 0.6328125 0.4666666666666667 0.03203125 0.03194444444444444
1 0.51171875 0.44305555555555554 0.0171875 0.04027777777777778
1 0.599609375 0.9298611111111111 0.009375 0.016666666666666666
1 0.830859375 0.9840277777777777 0.0140625 0.029166666666666667
1 0.90234375 0.8701388888888889 0.0515625 0.07777777777777778
1 0.964453125 0.7951388888888888 0.01171875 0.015277777777777777
1 0.801171875 0.7465277777777778 0.01171875 0.019444444444444445
1 0.74453125 0.7375 0.01796875 0.02361111111111111
1 0.766015625 0.7493055555555556 0.01640625 0.030555555555555555
1 0.713671875 0.6958333333333333 0.02109375 0.034722222222222224
1 0.711328125 0.8229166666666666 0.0171875 0.03888888888888889
1 0.676953125 0.9791666666666666 0.015625 0.029166666666666667
1 0.648046875 0.7708333333333334 0.01171875 0.03194444444444444
1 0.04609375 0.9791666666666666 0.02734375 0.041666666666666664
1 0.20546875 0.9694444444444444 0.0125 0.022222222222222223
1 0.156640625 0.7326388888888888 0.01328125 0.030555555555555555
1 0.6078125 0.011805555555555555 0.02421875 0.02361111111111111
1 0.676953125 0.06180555555555556 0.01015625 0.020833333333333332
1 0.9578125 0.07222222222222222 0.0140625 0.034722222222222224