1 0.8515625 0.45069444444444445 0.01640625 0.030555555555555555
1 0.91953125 0.5208333333333334 0.015625 0.03333333333333333
1 0.571875 0.64375 0.015625 0.034722222222222224
1 0.645703125 0.9298611111111111 0.01015625 0.03333333333333333
1 0.855859375 0.9375 0.01328125 0.027777777777777776
1 0.833984375 0.9805555555555555 0.01875 0.03888888888888889
0 0.617578125 0.1673611111111111 0.125 0.3347222222222222
1 0.9328125 0.8916666666666667 0.01171875 0.027777777777777776
1 0.179296875 0.8180555555555555 0.02578125 0.016666666666666666
1 0.106640625 0.99375 0.009375 0.0125
1 0.048046875 0.9736111111111111 0.0140625 0.030555555555555555
1 0.189453125 0.7513888888888889 0.0078125 0.015277777777777777
1 0.19765625 0.18680555555555556 0.03359375 0.09027777777777778
0 0.635546875 0.3819444444444444 0.26640625 0.09305555555555556
1 0.082421875 0.3055555555555556 0.01953125 0.034722222222222224
1 0.01796875 0.12569444444444444 0.028125 0.041666666666666664
1 0.068359375 0.18472222222222223 0.015625 0.027777777777777776
1 0.072265625 0.08680555555555555 0.03671875 0.04027777777777778
1 0.015234375 0.04513888888888889 0.0171875 0.04583333333333333
1 0.14375 0.07847222222222222 0.03046875 0.04861111111111111
1 0.916796875 0.3076388888888889 0.0203125 0.0375
1 0.953125 0.12013888888888889 0.0109375 0.03194444444444444
1 0.955078125 0.16180555555555556 0.0109375 0.018055555555555554
0 0.672265625 0.6909722222222222 0.14609375 0.6180555555555556
0 0.64140625 0.8576388888888888 0.13125 0.2847222222222222
0 0.1515625 0.9069444444444444 0.21796875 0.18611111111111112
0 0.12421875 0.675 0.2484375 0.1361111111111111
0 0.1046875 0.44305555555555554 0.209375 0.3138888888888889
0 0.103515625 0.13680555555555557 0.16484375 0.2722222222222222
0 0.08125 0.03194444444444444 0.1421875 0.06388888888888888
1 0.293359375 0.49444444444444446 0.125 0.18055555555555555
1 0.26875 0.36666666666666664 0.04765625 0.0763888888888889
1 0.2859375 0.40347222222222223 0.02890625 0.043055555555555555
0 0.7171875 0.058333333333333334 0.05 0.11666666666666667
1 0.476171875 0.725 0.0109375 0.030555555555555555
1 0.3046875 0.3527777777777778 0.025 0.043055555555555555
1 0.333203125 0.4013888888888889 0.015625 0.03611111111111111
1 0.23515625 0.39791666666666664 0.0171875 0.034722222222222224
1 0.205078125 0.43125 0.03125 0.06944444444444445
1 0.2046875 0.3472222222222222 0.0328125 0.04722222222222222
1 0.1296875 0.525 0.01953125 0.03611111111111111
1 0.36796875 0.5569444444444445 0.025 0.05
1 0.408984375 0.5631944444444444 0.0203125 0.03333333333333333
1 0.475 0.6784722222222223 0.015625 0.025
1 0.515234375 0.7381944444444445 0.01953125 0.034722222222222224
1 0.40703125 0.8583333333333333 0.0203125 0.05555555555555555
1 0.34453125 0.8381944444444445 0.021875 0.05277777777777778
1 0.453125 0.9569444444444445 0.009375 0.020833333333333332
1 0.171484375 0.6215277777777778 0.01875 0.02638888888888889
1 0.394140625 0.9465277777777777 0.0109375 0.020833333333333332
1 0.428125 0.6020833333333333 0.0078125 0.018055555555555554
1 0.437890625 0.05416666666666667 0.0390625 0.05
1 0.469140625 0.05763888888888889 0.02265625 0.043055555555555555
1 0.46796875 0.12430555555555556 0.03828125 0.07777777777777778
1 0.544140625 0.15902777777777777 0.0296875 0.041666666666666664
1 0.53046875 0.13125 0.01328125 0.019444444444444445
1 0.607421875 0.19305555555555556 0.0234375 0.043055555555555555
1 0.70859375 0.024305555555555556 0.01171875 0.029166666666666667
1 0.74375 0.05277777777777778 0.015625 0.025
1 0.76171875 0.04513888888888889 0.01640625 0.02638888888888889
1 0.800390625 0.1111111111111111 0.01796875 0.043055555555555555
1 0.72890625 0.20902777777777778 0.01015625 0.018055555555555554
1 0.780859375 0.39791666666666664 0.0265625 0.04583333333333333
1 0.8125 0.41180555555555554 0.028125 0.04583333333333333