0 0.40390625 0.953125 0.10625 0.09375
1 0.49609375 0.8583333333333333 0.015625 0.020833333333333332
1 0.51484375 0.5604166666666667 0.01875 0.0125
1 0.63359375 0.496875 0.0203125 0.022916666666666665
1 0.65546875 0.175 0.0171875 0.01875
1 0.7125 0.5947916666666667 0.021875 0.022916666666666665
1 0.24921875 0.013541666666666667 0.0375 0.027083333333333334
1 0.9890625 0.4635416666666667 0.021875 0.03125
1 0.9859375 0.9270833333333334 0.028125 0.027083333333333334
1 0.24375 0.9875 0.0171875 0.022916666666666665
1 0.1640625 0.53125 0.0234375 0.0375
1 0.721875 0.13229166666666667 0.0265625 0.03125
1 0.6046875 0.140625 0.040625 0.035416666666666666
1 0.609375 0.27708333333333335 0.0203125 0.027083333333333334
1 0.5796875 0.684375 0.046875 0.035416666666666666
0 0.40625 0.784375 0.246875 0.1125
0 0.53203125 0.22083333333333333 0.1796875 0.11666666666666667
0 0.43671875 0.48020833333333335 0.159375 0.13125
1 0.29375 0.49895833333333334 0.015625 0.022916666666666665
1 0.3953125 0.13645833333333332 0.025 0.022916666666666665
0 0.428125 0.06041666666666667 0.0875 0.12083333333333333
1 0.228125 0.7260416666666667 0.0109375 0.014583333333333334
1 0.68046875 0.7125 0.0125 0.014583333333333334
1 0.4265625 0.6947916666666667 0.01875 0.014583333333333334