1 0.925 0.73125 0.0296875 0.0375
1 0.9578125 0.9583333333333334 0.015625 0.022916666666666665
1 0.99296875 0.95 0.0140625 0.035416666666666666
1 0.8875 0.9822916666666667 0.01875 0.020833333333333332
1 0.9125 0.865625 0.025 0.020833333333333332
1 0.84375 0.7145833333333333 0.0171875 0.022916666666666665
1 0.9921875 0.6260416666666667 0.015625 0.022916666666666665
1 0.9859375 0.515625 0.021875 0.027083333333333334
1 0.60546875 0.6760416666666667 0.01875 0.04375
1 0.77890625 0.18020833333333333 0.0140625 0.01875
1 0.434375 0.08333333333333333 0.034375 0.03958333333333333
1 0.015625 0.15833333333333333 0.0171875 0.022916666666666665
1 0.7828125 0.55 0.04375 0.03958333333333333
1 0.7328125 0.6479166666666667 0.0203125 0.03333333333333333
1 0.81171875 0.65 0.0328125 0.04583333333333333
1 0.76015625 0.6958333333333333 0.0390625 0.04375
1 0.65859375 0.7635416666666667 0.021875 0.035416666666666666
1 0.70546875 0.734375 0.0375 0.06041666666666667
1 0.00625 0.084375 0.0125 0.022916666666666665
1 0.0796875 0.11458333333333333 0.0171875 0.0375
1 0.34453125 0.9479166666666666 0.025 0.07708333333333334
0 0.51015625 0.0125 0.0375 0.025
1 0.1234375 0.08854166666666667 0.028125 0.027083333333333334
0 0.57890625 0.9645833333333333 0.1203125 0.07083333333333333
0 0.48828125 0.7708333333333334 0.121875 0.14583333333333334
0 0.5 0.21666666666666667 0.2328125 0.21666666666666667
1 0.19140625 0.659375 0.11875 0.2
1 0.10390625 0.6135416666666667 0.05625 0.08333333333333333
1 0.06875 0.6354166666666666 0.0171875 0.0375
1 0.2265625 0.5479166666666667 0.0578125 0.09166666666666666
1 0.27734375 0.571875 0.040625 0.05625
1 0.31640625 0.5739583333333333 0.025 0.020833333333333332
1 0.434375 0.5177083333333333 0.0421875 0.16041666666666668
1 0.46796875 0.6104166666666667 0.025 0.03125
1 0.53203125 0.5697916666666667 0.040625 0.05
1 0.51171875 0.3927083333333333 0.03125 0.05625
1 0.4921875 0.47291666666666665 0.01875 0.01875
1 0.378125 0.44375 0.025 0.027083333333333334
1 0.39296875 0.415625 0.015625 0.0375
1 0.425 0.41041666666666665 0.0234375 0.029166666666666667
1 0.3046875 0.45 0.0734375 0.10416666666666667
1 0.34375 0.540625 0.015625 0.025
1 0.275 0.315625 0.0265625 0.027083333333333334
1 0.11328125 0.3458333333333333 0.0546875 0.06666666666666667
1 0.10625 0.421875 0.0421875 0.05625
1 0.0625 0.32395833333333335 0.0265625 0.05416666666666667
1 0.1796875 0.23020833333333332 0.0421875 0.06875
1 0.19453125 0.3072916666666667 0.0140625 0.016666666666666666
1 0.23984375 0.22291666666666668 0.0359375 0.03333333333333333
1 0.29765625 0.084375 0.0546875 0.1
1 0.33203125 0.16666666666666666 0.0375 0.03125
1 0.3625 0.21354166666666666 0.0234375 0.041666666666666664
1 0.38828125 0.16458333333333333 0.028125 0.07083333333333333
1 0.4359375 0.259375 0.1 0.125
1 0.60234375 0.425 0.0671875 0.0875
1 0.81953125 0.7677083333333333 0.0671875 0.06666666666666667
1 0.85078125 0.9541666666666667 0.0265625 0.027083333333333334
1 0.81484375 0.9552083333333333 0.03125 0.029166666666666667
1 0.7453125 0.9677083333333333 0.0421875 0.04791666666666667
1 0.6640625 0.925 0.0234375 0.01875
1 0.67109375 0.8770833333333333 0.03125 0.04375
1 0.5875 0.896875 0.028125 0.03958333333333333
1 0.4359375 0.971875 0.025 0.01875
1 0.4796875 0.9114583333333334 0.0453125 0.05
1 0.5953125 0.353125 0.0140625 0.04791666666666667
1 0.7453125 0.578125 0.015625 0.027083333333333334
1 0.2125 0.8572916666666667 0.028125 0.027083333333333334
1 0.2625 0.79375 0.028125 0.035416666666666666
1 0.2265625 0.8166666666666667 0.0515625 0.03958333333333333
1 0.1265625 0.85 0.0296875 0.03958333333333333
1 0.00859375 0.784375 0.0171875 0.041666666666666664
1 0.0640625 0.7979166666666667 0.078125 0.1
1 0.11171875 0.9447916666666667 0.0265625 0.04791666666666667
1 0.0953125 0.9895833333333334 0.0359375 0.020833333333333332
1 0.046875 0.9552083333333333 0.04375 0.08958333333333333
1 0.39375 0.7333333333333333 0.053125 0.05625
1 0.3859375 0.6479166666666667 0.034375 0.041666666666666664
1 0.2796875 0.646875 0.03125 0.041666666666666664
1 0.98046875 0.034375 0.0171875 0.025
1 0.75625 0.18958333333333333 0.0171875 0.027083333333333334
1 0.88125 0.15625 0.01875 0.022916666666666665
1 0.90390625 0.10729166666666666 0.0421875 0.058333333333333334
1 0.8421875 0.07395833333333333 0.0203125 0.0375
1 0.76328125 0.090625 0.0203125 0.025
1 0.696875 0.06770833333333333 0.0234375 0.03333333333333333
1 0.534375 0.16354166666666667 0.028125 0.03958333333333333
1 0.671875 0.12395833333333334 0.040625 0.06458333333333334
1 0.65234375 0.04791666666666667 0.0546875 0.041666666666666664
1 0.58671875 0.06875 0.0265625 0.03333333333333333
1 0.55859375 0.017708333333333333 0.0375 0.035416666666666666
1 0.90390625 0.265625 0.0359375 0.04791666666666667
1 0.23203125 0.14895833333333333 0.015625 0.0375
1 0.2015625 0.04895833333333333 0.028125 0.035416666666666666
1 0.0109375 0.51875 0.021875 0.06666666666666667
1 0.15078125 0.525 0.0296875 0.020833333333333332
1 0.1671875 0.9625 0.0203125 0.027083333333333334
1 0.66328125 0.25104166666666666 0.028125 0.03125
1 0.021875 0.7083333333333334 0.0109375 0.01875
1 0.89296875 0.43854166666666666 0.015625 0.020833333333333332
1 0.85390625 0.365625 0.0265625 0.041666666666666664
1 0.8359375 0.42604166666666665 0.028125 0.05416666666666667
1 0.7890625 0.446875 0.028125 0.0625
1 0.78046875 0.35833333333333334 0.0453125 0.027083333333333334
1 0.71171875 0.3375 0.046875 0.05
1 0.64140625 0.36770833333333336 0.0203125 0.0375
1 0.575 0.6854166666666667 0.028125 0.04375
1 0.30703125 0.9541666666666667 0.0375 0.04583333333333333
1 0.2703125 0.8739583333333333 0.0359375 0.09583333333333334
1 0.3765625 0.809375 0.0421875 0.058333333333333334
1 0.30546875 0.7729166666666667 0.0453125 0.06041666666666667
1 0.43828125 0.803125 0.0296875 0.03125
1 0.45390625 0.7197916666666667 0.0703125 0.10625
1 0.84375 0.615625 0.01875 0.0375
1 0.96328125 0.765625 0.03125 0.0375
1 0.909375 0.7583333333333333 0.01875 0.022916666666666665