1 0.86640625 0.36666666666666664 0.028125 0.03125
1 0.81171875 0.5739583333333333 0.015625 0.027083333333333334
1 0.9015625 0.50625 0.0328125 0.07916666666666666
1 0.96796875 0.65 0.034375 0.07708333333333334
1 0.92734375 0.7427083333333333 0.015625 0.029166666666666667
1 0.85859375 0.8760416666666667 0.0328125 0.04791666666666667
0 0.64296875 0.12604166666666666 0.303125 0.125
0 0.67734375 0.9364583333333333 0.1859375 0.12708333333333333
1 0.41953125 0.25 0.034375 0.03333333333333333
1 0.6171875 0.525 0.01875 0.016666666666666666
1 0.37890625 0.7322916666666667 0.0140625 0.022916666666666665
1 0.553125 0.43020833333333336 0.0453125 0.07708333333333334
1 0.67421875 0.7427083333333333 0.0265625 0.029166666666666667
1 0.43359375 0.8239583333333333 0.025 0.04583333333333333
1 0.8609375 0.18333333333333332 0.01875 0.022916666666666665
0 0.7453125 0.6864583333333333 0.3453125 0.16875
0 0.74296875 0.40729166666666666 0.2890625 0.07708333333333334
1 0.94296875 0.284375 0.0140625 0.027083333333333334