1 0.6328125 0.296875 0.0421875 0.05
1 0.09765625 0.63125 0.0203125 0.020833333333333332
1 0.17109375 0.00625 0.01875 0.0125
1 0.17578125 0.25104166666666666 0.028125 0.01875
1 0.25625 0.025 0.071875 0.04791666666666667
1 0.13828125 0.359375 0.015625 0.03333333333333333
1 0.01796875 0.11979166666666667 0.0234375 0.029166666666666667
1 0.21796875 0.12604166666666666 0.025 0.035416666666666666
1 0.1890625 0.078125 0.0375 0.06666666666666667
1 0.34140625 0.14479166666666668 0.025 0.025
1 0.99296875 0.328125 0.0140625 0.03125
1 0.81640625 0.32395833333333335 0.03125 0.025
1 0.85390625 0.16354166666666667 0.0171875 0.029166666666666667
1 0.73046875 0.029166666666666667 0.0234375 0.03958333333333333
1 0.58203125 0.9770833333333333 0.025 0.0375
1 0.57578125 0.825 0.0390625 0.06666666666666667
1 0.61015625 0.7104166666666667 0.0359375 0.04583333333333333
1 0.61875 0.66875 0.028125 0.029166666666666667
1 0.55625 0.621875 0.01875 0.01875
1 0.76796875 0.740625 0.034375 0.0375
1 0.76484375 0.41354166666666664 0.040625 0.05
1 0.74140625 0.43854166666666666 0.0296875 0.029166666666666667
1 0.36015625 0.3072916666666667 0.0859375 0.08333333333333333
1 0.3515625 0.5333333333333333 0.0421875 0.022916666666666665
1 0.35703125 0.47708333333333336 0.046875 0.035416666666666666
1 0.2578125 0.5114583333333333 0.0421875 0.03958333333333333
1 0.29375 0.6041666666666666 0.0296875 0.04375
1 0.2578125 0.6697916666666667 0.025 0.029166666666666667
1 0.19453125 0.5697916666666667 0.1015625 0.05625
0 0.46171875 0.8541666666666666 0.128125 0.12708333333333333
0 0.50078125 0.5552083333333333 0.3796875 0.16458333333333333
0 0.559375 0.31354166666666666 0.1640625 0.3333333333333333
0 0.53125 0.10416666666666667 0.1265625 0.20833333333333334