1 0.81953125 0.11180555555555556 0.015625 0.034722222222222224
1 0.488671875 0.9784722222222222 0.03359375 0.043055555555555555
1 0.612890625 0.07916666666666666 0.015625 0.025
1 0.4359375 0.9548611111111112 0.03828125 0.0763888888888889
1 0.394921875 0.925 0.01484375 0.022222222222222223
1 0.40859375 0.9847222222222223 0.021875 0.030555555555555555
0 0.128125 0.04375 0.0515625 0.0875
0 0.092578125 0.20625 0.15234375 0.4125
0 0.1015625 0.49444444444444446 0.13203125 0.3597222222222222
0 0.110546875 0.6902777777777778 0.21796875 0.24444444444444444
0 0.133203125 0.8840277777777777 0.10703125 0.23194444444444445
0 0.64375 0.8854166666666666 0.06796875 0.22916666666666666
0 0.683203125 0.8555555555555555 0.31171875 0.23333333333333334
0 0.6796875 0.5611111111111111 0.078125 0.10416666666666667
0 0.606640625 0.2569444444444444 0.278125 0.2125
0 0.620703125 0.059722222222222225 0.28359375 0.11944444444444445
1 0.76015625 0.1326388888888889 0.01484375 0.043055555555555555
1 0.52734375 0.8569444444444444 0.01015625 0.020833333333333332
1 0.55390625 0.9326388888888889 0.0171875 0.04027777777777778
1 0.58359375 0.8652777777777778 0.02578125 0.04027777777777778
1 0.558984375 0.7666666666666667 0.02265625 0.03611111111111111
1 0.48671875 0.79375 0.02265625 0.03194444444444444
1 0.466796875 0.8083333333333333 0.0078125 0.013888888888888888
1 0.373046875 0.7993055555555556 0.02421875 0.058333333333333334
1 0.2109375 0.8722222222222222 0.01640625 0.029166666666666667
1 0.08515625 0.9416666666666667 0.02109375 0.03194444444444444
1 0.180859375 0.6729166666666667 0.0171875 0.029166666666666667
1 0.152734375 0.6430555555555556 0.0109375 0.015277777777777777
1 0.078125 0.5694444444444444 0.0265625 0.05416666666666667
1 0.188671875 0.5472222222222223 0.021875 0.043055555555555555
1 0.08671875 0.4444444444444444 0.01484375 0.02638888888888889
1 0.0140625 0.3013888888888889 0.01640625 0.02361111111111111
1 0.025 0.3298611111111111 0.0171875 0.025
1 0.101953125 0.3909722222222222 0.01328125 0.025
1 0.21328125 0.43680555555555556 0.01640625 0.03194444444444444
1 0.262890625 0.4673611111111111 0.01328125 0.030555555555555555
1 0.29921875 0.45902777777777776 0.028125 0.041666666666666664
1 0.305078125 0.3888888888888889 0.01796875 0.03333333333333333
1 0.308203125 0.34305555555555556 0.01875 0.03194444444444444
1 0.1078125 0.14305555555555555 0.0171875 0.03611111111111111
1 0.065234375 0.058333333333333334 0.01796875 0.025
1 0.046875 0.019444444444444445 0.01640625 0.03194444444444444
1 0.2171875 0.07013888888888889 0.0140625 0.030555555555555555
1 0.31484375 0.05347222222222222 0.025 0.044444444444444446
1 0.34375 0.12916666666666668 0.01640625 0.03611111111111111
1 0.36484375 0.13333333333333333 0.0125 0.029166666666666667
1 0.367578125 0.007638888888888889 0.00703125 0.015277777777777777
1 0.39765625 0.0125 0.015625 0.025
1 0.430078125 0.08611111111111111 0.03828125 0.075
1 0.47265625 0.022916666666666665 0.02578125 0.04583333333333333
1 0.514453125 0.07916666666666666 0.01796875 0.03333333333333333
1 0.5078125 0.14930555555555555 0.0171875 0.03611111111111111
1 0.527734375 0.15763888888888888 0.01484375 0.03194444444444444
1 0.53125 0.2222222222222222 0.0140625 0.03194444444444444
1 0.573046875 0.2513888888888889 0.0171875 0.03194444444444444
1 0.509375 0.3506944444444444 0.02421875 0.0375
1 0.461328125 0.32430555555555557 0.01875 0.03194444444444444
1 0.40390625 0.2986111111111111 0.0203125 0.05694444444444444
1 0.426953125 0.30694444444444446 0.0171875 0.03333333333333333
1 0.3921875 0.2375 0.0203125 0.05138888888888889
1 0.433984375 0.18263888888888888 0.025 0.03888888888888889
1 0.441796875 0.25 0.01484375 0.030555555555555555
1 0.212109375 0.7097222222222223 0.009375 0.022222222222222223
1 0.224609375 0.7090277777777778 0.01328125 0.030555555555555555
1 0.525 0.6361111111111111 0.01875 0.03333333333333333
1 0.52578125 0.675 0.01875 0.027777777777777776
1 0.428515625 0.5458333333333333 0.01640625 0.02638888888888889
1 0.454296875 0.5736111111111111 0.0140625 0.019444444444444445
1 0.39765625 0.54375 0.01640625 0.02361111111111111
1 0.43359375 0.45416666666666666 0.021875 0.04722222222222222
1 0.5296875 0.50625 0.0328125 0.03888888888888889
1 0.55078125 0.48819444444444443 0.02109375 0.02361111111111111
1 0.552734375 0.5479166666666667 0.01015625 0.019444444444444445
1 0.583203125 0.5548611111111111 0.0359375 0.05555555555555555
1 0.58515625 0.09027777777777778 0.02109375 0.05277777777777778
1 0.742578125 0.10416666666666667 0.0109375 0.015277777777777777
1 0.72578125 0.2013888888888889 0.0203125 0.041666666666666664
1 0.758984375 0.37916666666666665 0.01015625 0.02361111111111111
1 0.63671875 0.7381944444444445 0.009375 0.025
1 0.670703125 0.6236111111111111 0.01328125 0.030555555555555555
1 0.686328125 0.51875 0.00859375 0.013888888888888888
1 0.760546875 0.7048611111111112 0.01328125 0.018055555555555554
1 0.781640625 0.7694444444444445 0.01953125 0.02638888888888889
1 0.783203125 0.8402777777777778 0.0296875 0.05694444444444444
1 0.788671875 0.8902777777777777 0.01875 0.030555555555555555
1 0.6625 0.9 0.0234375 0.043055555555555555
1 0.6765625 0.8777777777777778 0.015625 0.034722222222222224
1 0.851171875 0.7625 0.0125 0.015277777777777777
1 0.8734375 0.7222222222222222 0.0171875 0.029166666666666667
1 0.981640625 0.8222222222222222 0.01328125 0.019444444444444445
1 0.903125 0.6541666666666667 0.01015625 0.022222222222222223
1 0.946484375 0.5236111111111111 0.0234375 0.04027777777777778
1 0.99140625 0.5847222222222223 0.0171875 0.03888888888888889
1 0.99296875 0.45416666666666666 0.0140625 0.022222222222222223
1 0.824609375 0.2791666666666667 0.01484375 0.025
1 0.23671875 0.9743055555555555 0.0109375 0.029166666666666667
1 0.48125 0.9034722222222222 0.0234375 0.04583333333333333
1 0.996484375 0.015277777777777777 0.00703125 0.02638888888888889
1 0.959375 0.1451388888888889 0.01875 0.03333333333333333
1 0.925390625 0.14444444444444443 0.0109375 0.020833333333333332
1 0.9109375 0.2590277777777778 0.015625 0.02638888888888889