1 0.81015625 0.271875 0.0328125 0.025
1 0.17890625 0.7979166666666667 0.0546875 0.06666666666666667
1 0.96328125 0.3729166666666667 0.025 0.020833333333333332
1 0.90625 0.5 0.015625 0.035416666666666666
1 0.96875 0.6166666666666667 0.0140625 0.016666666666666666
1 0.8734375 0.5864583333333333 0.021875 0.027083333333333334
1 0.8265625 0.59375 0.034375 0.04375
1 0.79140625 0.5895833333333333 0.0234375 0.020833333333333332
1 0.76015625 0.6572916666666667 0.021875 0.020833333333333332
1 0.74921875 0.6864583333333333 0.015625 0.025
1 0.725 0.6770833333333334 0.0125 0.020833333333333332
1 0.69765625 0.7375 0.0484375 0.04583333333333333
1 0.834375 0.7447916666666666 0.0203125 0.020833333333333332
1 0.81875 0.6854166666666667 0.0171875 0.03125
1 0.89453125 0.99375 0.0125 0.0125
1 0.9875 0.9479166666666666 0.025 0.029166666666666667
1 0.1546875 0.8520833333333333 0.04375 0.05625
1 0.20546875 0.8979166666666667 0.0265625 0.029166666666666667
1 0.221875 0.9739583333333334 0.0828125 0.052083333333333336
1 0.11015625 0.9416666666666667 0.0265625 0.05625
1 0.2359375 0.859375 0.021875 0.029166666666666667
1 0.26953125 0.790625 0.08125 0.041666666666666664
1 0.2984375 0.9135416666666667 0.0234375 0.03333333333333333
1 0.3703125 0.8197916666666667 0.034375 0.03333333333333333
1 0.4375 0.85625 0.0515625 0.06041666666666667
0 0.55625 0.07395833333333333 0.059375 0.14791666666666667
0 0.55859375 0.30833333333333335 0.234375 0.14583333333333334
0 0.57421875 0.5895833333333333 0.078125 0.18541666666666667
0 0.5453125 0.875 0.196875 0.25
1 0.41015625 0.27708333333333335 0.0234375 0.022916666666666665
1 0.475 0.25729166666666664 0.01875 0.01875
1 0.95625 0.753125 0.015625 0.020833333333333332
1 0.89921875 0.7395833333333334 0.0234375 0.016666666666666666
1 0.85625 0.3854166666666667 0.03125 0.041666666666666664
1 0.73359375 0.415625 0.01875 0.020833333333333332
1 0.7875 0.36666666666666664 0.0265625 0.03125
1 0.58046875 0.3729166666666667 0.0140625 0.01875
1 0.6265625 0.3729166666666667 0.0203125 0.022916666666666665
1 0.52578125 0.440625 0.0234375 0.01875
1 0.67109375 0.475 0.015625 0.022916666666666665
1 0.6609375 0.59375 0.0109375 0.01875
1 0.621875 0.5479166666666667 0.0109375 0.0375
1 0.60234375 0.6052083333333333 0.0265625 0.020833333333333332
1 0.040625 0.8791666666666667 0.021875 0.025
1 0.10390625 0.809375 0.015625 0.025
1 0.00390625 0.7489583333333333 0.0078125 0.029166666666666667
1 0.04375 0.6833333333333333 0.040625 0.0375
1 0.16796875 0.4625 0.0140625 0.035416666666666666
1 0.29921875 0.37395833333333334 0.0203125 0.027083333333333334
1 0.2421875 0.06145833333333333 0.01875 0.04791666666666667
1 0.09765625 0.030208333333333334 0.0203125 0.029166666666666667
1 0.01328125 0.034375 0.0265625 0.03125
1 0.0640625 0.18229166666666666 0.01875 0.0375
1 0.140625 0.13125 0.0265625 0.07291666666666667
1 0.23671875 0.28229166666666666 0.0265625 0.025
1 0.18125 0.290625 0.0125 0.025
1 0.078125 0.5135416666666667 0.0328125 0.029166666666666667
1 0.2171875 0.6177083333333333 0.040625 0.025
1 0.2375 0.5697916666666667 0.028125 0.04583333333333333
1 0.34921875 0.65 0.0203125 0.022916666666666665
1 0.2859375 0.6677083333333333 0.03125 0.03333333333333333
1 0.24375 0.7322916666666667 0.0203125 0.03125
1 0.49921875 0.7895833333333333 0.0234375 0.027083333333333334
1 0.93359375 0.90625 0.01875 0.01875
1 0.88203125 0.8333333333333334 0.0328125 0.03958333333333333
1 0.83125 0.846875 0.01875 0.025
1 0.78828125 0.9166666666666666 0.021875 0.025
1 0.76953125 0.8854166666666666 0.01875 0.03333333333333333
1 0.70390625 0.9645833333333333 0.05625 0.07083333333333333
1 0.63046875 0.8927083333333333 0.0234375 0.03333333333333333
1 0.59296875 0.8927083333333333 0.0171875 0.016666666666666666
1 0.4890625 0.834375 0.0328125 0.03333333333333333
1 0.56640625 0.9552083333333333 0.0234375 0.027083333333333334
1 0.5375 0.9916666666666667 0.028125 0.016666666666666666
1 0.41875 0.9770833333333333 0.040625 0.04583333333333333
1 0.3921875 0.91875 0.0203125 0.03958333333333333
1 0.93125 0.30833333333333335 0.065625 0.05
1 0.98828125 0.321875 0.0234375 0.025
1 0.92734375 0.225 0.0484375 0.04791666666666667
1 0.9890625 0.22083333333333333 0.021875 0.027083333333333334
1 0.78203125 0.23541666666666666 0.0265625 0.03125
1 0.8390625 0.21354166666666666 0.025 0.03125
1 0.8765625 0.20833333333333334 0.0234375 0.022916666666666665
1 0.7796875 0.159375 0.0890625 0.05
1 0.73359375 0.253125 0.021875 0.025
1 0.60859375 0.28229166666666666 0.0328125 0.035416666666666666
1 0.640625 0.26666666666666666 0.0234375 0.04583333333333333
1 0.56328125 0.27395833333333336 0.028125 0.022916666666666665
1 0.5875 0.23854166666666668 0.028125 0.016666666666666666
1 0.46171875 0.11458333333333333 0.0671875 0.08541666666666667
1 0.52578125 0.14895833333333333 0.03125 0.03958333333333333
1 0.48671875 0.18125 0.028125 0.0375
1 0.57734375 0.16979166666666667 0.0484375 0.04375
1 0.64140625 0.18125 0.040625 0.03333333333333333
1 0.65 0.09791666666666667 0.034375 0.035416666666666666
1 0.60859375 0.016666666666666666 0.0265625 0.03333333333333333
1 0.71171875 0.010416666666666666 0.03125 0.020833333333333332
1 0.78359375 0.09375 0.0234375 0.029166666666666667
1 0.86171875 0.028125 0.034375 0.03125
1 0.93125 0.10833333333333334 0.015625 0.016666666666666666
1 0.93984375 0.008333333333333333 0.021875 0.016666666666666666
1 0.3453125 0.03958333333333333 0.015625 0.025
1 0.371875 0.090625 0.0609375 0.05416666666666667
1 0.40078125 0.140625 0.0203125 0.022916666666666665
1 0.28984375 0.18125 0.028125 0.07291666666666667
1 0.2609375 0.22395833333333334 0.0328125 0.041666666666666664
1 0.35625 0.25833333333333336 0.0390625 0.041666666666666664
1 0.3390625 0.18645833333333334 0.0421875 0.03125
1 0.3546875 0.321875 0.040625 0.04583333333333333
1 0.37421875 0.4 0.03125 0.03958333333333333
1 0.42578125 0.41458333333333336 0.021875 0.03958333333333333
1 0.4734375 0.44479166666666664 0.025 0.029166666666666667
1 0.44375 0.490625 0.0390625 0.03958333333333333
1 0.4671875 0.5114583333333333 0.01875 0.03333333333333333
1 0.45625 0.5510416666666667 0.0375 0.03333333333333333
1 0.49921875 0.565625 0.025 0.03333333333333333
1 0.43671875 0.6229166666666667 0.01875 0.025
1 0.34453125 0.5416666666666666 0.0390625 0.05625
1 0.3796875 0.5135416666666667 0.0296875 0.041666666666666664
1 0.38828125 0.5895833333333333 0.028125 0.01875
1 0.31328125 0.48020833333333335 0.028125 0.035416666666666666
1 0.34296875 0.725 0.04375 0.05416666666666667
1 0.4921875 0.7239583333333334 0.040625 0.05416666666666667