1 0.30859375 0.029166666666666667 0.0375 0.05625
1 0.2578125 0.3572916666666667 0.0265625 0.025
1 0.49140625 0.18958333333333333 0.03125 0.04791666666666667
1 0.55703125 0.17916666666666667 0.0953125 0.11041666666666666
1 0.72109375 0.478125 0.021875 0.041666666666666664
1 0.49453125 0.571875 0.0234375 0.025
1 0.2 0.60625 0.0203125 0.0125
1 0.2140625 0.07291666666666667 0.034375 0.04583333333333333
0 0.53203125 0.9302083333333333 0.35 0.13958333333333334
0 0.53671875 0.8041666666666667 0.65625 0.3458333333333333
0 0.53203125 0.21979166666666666 0.3984375 0.4395833333333333
0 0.51015625 0.12083333333333333 0.50625 0.23958333333333334
1 0.6078125 0.8270833333333333 0.0765625 0.04583333333333333
1 0.9234375 0.809375 0.0328125 0.035416666666666666
1 0.959375 0.759375 0.0203125 0.029166666666666667
1 0.74375 0.3489583333333333 0.0265625 0.035416666666666666
1 0.71796875 0.3385416666666667 0.0203125 0.03125
1 0.2234375 0.159375 0.015625 0.022916666666666665
1 0.1828125 0.3125 0.0265625 0.029166666666666667
1 0.27578125 0.22708333333333333 0.034375 0.0375