1 0.30546875 0.525 0.01171875 0.016666666666666666
1 0.405859375 0.6333333333333333 0.01640625 0.022222222222222223
1 0.226953125 0.4909722222222222 0.01328125 0.018055555555555554
1 0.6203125 0.9020833333333333 0.015625 0.027777777777777776
1 0.728515625 0.7534722222222222 0.01328125 0.016666666666666666
1 0.614453125 0.2673611111111111 0.01484375 0.019444444444444445
1 0.636328125 0.08611111111111111 0.009375 0.034722222222222224
1 0.530859375 0.4097222222222222 0.00859375 0.02361111111111111
1 0.298828125 0.9465277777777777 0.00859375 0.034722222222222224
1 0.3484375 0.7243055555555555 0.0109375 0.025
1 0.041796875 0.7388888888888889 0.01484375 0.03194444444444444
1 0.0578125 0.9583333333333334 0.01796875 0.041666666666666664
1 0.0390625 0.6909722222222222 0.0125 0.02638888888888889
1 0.024609375 0.575 0.0140625 0.029166666666666667
1 0.092578125 0.47430555555555554 0.0515625 0.08055555555555556
1 0.1234375 0.3236111111111111 0.02421875 0.043055555555555555
1 0.006640625 0.15486111111111112 0.01328125 0.022222222222222223
1 0.007421875 0.3416666666666667 0.01484375 0.03611111111111111
1 0.04453125 0.40555555555555556 0.0265625 0.04583333333333333
1 0.05859375 0.3215277777777778 0.040625 0.06944444444444445
1 0.064453125 0.12361111111111112 0.0515625 0.12083333333333333
1 0.219921875 0.25069444444444444 0.034375 0.09305555555555556
1 0.270703125 0.44583333333333336 0.0265625 0.05555555555555555
1 0.184765625 0.6291666666666667 0.01328125 0.016666666666666666
1 0.295703125 0.8027777777777778 0.02109375 0.03888888888888889
1 0.238671875 0.7430555555555556 0.0453125 0.058333333333333334
1 0.00859375 0.09930555555555555 0.0171875 0.06388888888888888
1 0.258984375 0.7798611111111111 0.01484375 0.022222222222222223
1 0.921484375 0.34305555555555556 0.01484375 0.020833333333333332
1 0.994140625 0.6118055555555556 0.01171875 0.07222222222222222
1 0.546484375 0.2902777777777778 0.02890625 0.04027777777777778
1 0.641015625 0.38819444444444445 0.02578125 0.04722222222222222
1 0.496484375 0.04652777777777778 0.03828125 0.06111111111111111
1 0.50625 0.10277777777777777 0.01484375 0.05138888888888889
1 0.22734375 0.5611111111111111 0.053125 0.12222222222222222
1 0.911328125 0.7076388888888889 0.0234375 0.043055555555555555
1 0.096875 0.29097222222222224 0.03359375 0.09444444444444444
1 0.031640625 0.10625 0.01640625 0.06111111111111111
1 0.02890625 0.29791666666666666 0.0234375 0.03888888888888889
1 0.907421875 0.60625 0.021875 0.05138888888888889
1 0.508203125 0.5479166666666667 0.0125 0.018055555555555554
1 0.874609375 0.5743055555555555 0.028125 0.03888888888888889
1 0.615625 0.6368055555555555 0.03359375 0.059722222222222225
1 0.748828125 0.5361111111111111 0.01640625 0.019444444444444445
1 0.248046875 0.25069444444444444 0.021875 0.0375
1 0.279296875 0.04652777777777778 0.015625 0.029166666666666667
1 0.978125 0.8236111111111111 0.01015625 0.02638888888888889
1 0.413671875 0.49375 0.01953125 0.029166666666666667
1 0.99609375 0.8951388888888889 0.0078125 0.030555555555555555
1 0.53515625 0.7263888888888889 0.02421875 0.04722222222222222
1 0.762890625 0.9604166666666667 0.015625 0.020833333333333332
1 0.925390625 0.9458333333333333 0.01484375 0.030555555555555555
1 0.819140625 0.7131944444444445 0.02421875 0.025
1 0.722265625 0.6131944444444445 0.02421875 0.06388888888888888
1 0.73515625 0.7847222222222222 0.0140625 0.02361111111111111
1 0.75234375 0.6270833333333333 0.015625 0.025
1 0.750390625 0.9208333333333333 0.0140625 0.034722222222222224
1 0.678515625 0.8569444444444444 0.03046875 0.04027777777777778
1 0.602734375 0.8486111111111111 0.05 0.06944444444444445
1 0.482421875 0.85625 0.025 0.07361111111111111
1 0.476953125 0.6645833333333333 0.01640625 0.043055555555555555
1 0.44296875 0.5298611111111111 0.0125 0.019444444444444445
1 0.460546875 0.21180555555555555 0.0203125 0.043055555555555555
1 0.16875 0.925 0.0171875 0.03333333333333333
1 0.05078125 0.5076388888888889 0.02421875 0.07222222222222222
1 0.2984375 0.3715277777777778 0.046875 0.043055555555555555
1 0.432421875 0.3541666666666667 0.01171875 0.019444444444444445
1 0.08203125 0.8541666666666666 0.0515625 0.13472222222222222
1 0.603515625 0.7659722222222223 0.01015625 0.02361111111111111
1 0.480859375 0.5555555555555556 0.0140625 0.02361111111111111
1 0.505859375 0.7631944444444444 0.0125 0.022222222222222223
1 0.5875 0.8965277777777778 0.021875 0.027777777777777776
1 0.558984375 0.6958333333333333 0.0171875 0.018055555555555554
1 0.8140625 0.7826388888888889 0.0390625 0.10138888888888889
1 0.787890625 0.7534722222222222 0.01484375 0.03888888888888889
1 0.901171875 0.6645833333333333 0.0171875 0.03888888888888889
1 0.814453125 0.6034722222222222 0.03828125 0.04861111111111111
1 0.4703125 0.17291666666666666 0.01875 0.02638888888888889
1 0.436328125 0.46458333333333335 0.04296875 0.05555555555555555
1 0.473828125 0.11388888888888889 0.040625 0.07361111111111111
1 0.601953125 0.08125 0.01171875 0.030555555555555555
1 0.622265625 0.42083333333333334 0.0171875 0.034722222222222224
1 0.530078125 0.2152777777777778 0.03125 0.07916666666666666
1 0.608203125 0.36944444444444446 0.01796875 0.03194444444444444
1 0.771484375 0.3958333333333333 0.01171875 0.02638888888888889
1 0.9046875 0.45625 0.0328125 0.08333333333333333
1 0.878515625 0.3590277777777778 0.01953125 0.02638888888888889
1 0.9921875 0.23055555555555557 0.01328125 0.05555555555555555
1 0.970703125 0.33958333333333335 0.04609375 0.09722222222222222
1 0.994140625 0.30694444444444446 0.01015625 0.02638888888888889
1 0.90390625 0.2590277777777778 0.04765625 0.059722222222222225
1 0.815234375 0.24513888888888888 0.00859375 0.016666666666666666
1 0.85078125 0.2465277777777778 0.03359375 0.059722222222222225
1 0.8640625 0.2 0.0140625 0.025
1 0.805859375 0.12569444444444444 0.02578125 0.058333333333333334
1 0.8796875 0.17291666666666666 0.0125 0.025
1 0.82734375 0.09861111111111111 0.015625 0.030555555555555555
1 0.88515625 0.03333333333333333 0.01484375 0.06666666666666667
1 0.994140625 0.11666666666666667 0.01171875 0.02638888888888889
0 0.66328125 0.12083333333333333 0.1515625 0.24166666666666667
0 0.60078125 0.07361111111111111 0.03828125 0.14722222222222223
0 0.746875 0.2923611111111111 0.24765625 0.25833333333333336
0 0.70625 0.5923611111111111 0.13125 0.6569444444444444
0 0.711328125 0.7673611111111112 0.20703125 0.30694444444444446
0 0.6984375 0.9604166666666667 0.23828125 0.07916666666666666
0 0.14921875 0.5375 0.10390625 0.3888888888888889
1 0.828125 0.8534722222222222 0.0328125 0.05138888888888889
0 0.1609375 0.23194444444444445 0.14921875 0.36527777777777776
1 0.83984375 0.8138888888888889 0.0171875 0.020833333333333332
0 0.1359375 0.6666666666666666 0.14921875 0.36666666666666664
1 0.94921875 0.4097222222222222 0.0234375 0.03888888888888889
1 0.31015625 0.9076388888888889 0.0125 0.018055555555555554
0 0.134375 0.8951388888888889 0.0890625 0.20972222222222223
1 0.973828125 0.7284722222222222 0.04453125 0.06666666666666667
1 0.945703125 0.10972222222222222 0.10859375 0.21944444444444444
1 0.44140625 0.14375 0.02265625 0.02638888888888889
1 0.768359375 0.1701388888888889 0.02265625 0.043055555555555555
0 0.125 0.06388888888888888 0.2484375 0.12083333333333333
1 0.83671875 0.12916666666666668 0.0171875 0.030555555555555555