1 0.869140625 0.9708333333333333 0.0125 0.029166666666666667
1 0.965234375 0.03194444444444444 0.0125 0.022222222222222223
1 0.81875 0.23402777777777778 0.0234375 0.03333333333333333
1 0.184375 0.5006944444444444 0.01328125 0.029166666666666667
1 0.17578125 0.9430555555555555 0.0171875 0.03194444444444444
1 0.9875 0.02013888888888889 0.01875 0.04027777777777778
1 0.600390625 0.8131944444444444 0.015625 0.03333333333333333
1 0.2765625 0.6666666666666666 0.01875 0.030555555555555555
1 0.331640625 0.8506944444444444 0.01328125 0.02361111111111111
1 0.135546875 0.4986111111111111 0.01484375 0.02638888888888889
1 0.8375 0.9590277777777778 0.01796875 0.030555555555555555
1 0.962109375 0.7909722222222222 0.01796875 0.034722222222222224
1 0.094140625 0.40069444444444446 0.01875 0.04583333333333333
1 0.237109375 0.6638888888888889 0.01640625 0.034722222222222224
1 0.128125 0.56875 0.0234375 0.02361111111111111
1 0.294921875 0.5173611111111112 0.01171875 0.025
1 0.880859375 0.7159722222222222 0.01640625 0.03333333333333333
1 0.15625 0.5395833333333333 0.0171875 0.034722222222222224
1 0.078125 0.18263888888888888 0.01171875 0.027777777777777776
1 0.773828125 0.25833333333333336 0.01484375 0.03611111111111111
1 0.59765625 0.5222222222222223 0.01953125 0.034722222222222224
1 0.94921875 0.0875 0.025 0.04027777777777778
1 0.06328125 0.22013888888888888 0.025 0.041666666666666664
1 0.130859375 0.016666666666666666 0.021875 0.03333333333333333
1 0.5703125 0.09305555555555556 0.0171875 0.020833333333333332
1 0.49375 0.5618055555555556 0.02890625 0.025
1 0.08125 0.021527777777777778 0.05546875 0.043055555555555555
1 0.86953125 0.5270833333333333 0.01953125 0.04027777777777778
1 0.287890625 0.1701388888888889 0.0203125 0.04027777777777778
1 0.02734375 0.20208333333333334 0.0125 0.034722222222222224
1 0.803515625 0.2798611111111111 0.01875 0.030555555555555555
1 0.954296875 0.6215277777777778 0.0234375 0.05416666666666667
1 0.813671875 0.9756944444444444 0.028125 0.04722222222222222
1 0.262890625 0.25069444444444444 0.0296875 0.0625
1 0.054296875 0.5583333333333333 0.01953125 0.029166666666666667
1 0.858203125 0.15833333333333333 0.0203125 0.034722222222222224
1 0.947265625 0.3972222222222222 0.021875 0.027777777777777776
1 0.15859375 0.20555555555555555 0.01171875 0.020833333333333332
1 0.01328125 0.27152777777777776 0.025 0.05555555555555555
1 0.110546875 0.3388888888888889 0.03125 0.041666666666666664
0 0.137109375 0.6701388888888888 0.1546875 0.25555555555555554
1 0.22890625 0.2263888888888889 0.021875 0.044444444444444446
0 0.658203125 0.7902777777777777 0.1203125 0.4152777777777778
1 0.719140625 0.7520833333333333 0.05234375 0.13055555555555556
1 0.227734375 0.29583333333333334 0.01640625 0.03611111111111111
0 0.618359375 0.9166666666666666 0.29765625 0.16527777777777777
1 0.151953125 0.9201388888888888 0.02421875 0.04722222222222222
1 0.809765625 0.7256944444444444 0.02109375 0.034722222222222224
0 0.228515625 0.9590277777777778 0.015625 0.08194444444444444
1 0.985546875 0.28194444444444444 0.021875 0.03611111111111111
1 0.947265625 0.01875 0.01953125 0.0375
1 0.869921875 0.325 0.0375 0.05138888888888889
1 0.597265625 0.09236111111111112 0.03125 0.041666666666666664
1 0.936328125 0.8020833333333334 0.0234375 0.03888888888888889
1 0.311328125 0.3111111111111111 0.0125 0.022222222222222223
1 0.28046875 0.7006944444444444 0.0140625 0.022222222222222223
1 0.138671875 0.7027777777777777 0.01328125 0.019444444444444445
1 0.299609375 0.7868055555555555 0.01328125 0.025
1 0.11796875 0.9895833333333334 0.0171875 0.019444444444444445
1 0.11875 0.47847222222222224 0.01796875 0.02638888888888889
1 0.207421875 0.15625 0.01484375 0.02638888888888889
1 0.85 0.058333333333333334 0.01640625 0.02638888888888889
1 0.0625 0.9125 0.01953125 0.03333333333333333
1 0.209765625 0.9645833333333333 0.0203125 0.03333333333333333
1 0.66484375 0.8194444444444444 0.01875 0.04861111111111111
1 0.805078125 0.8569444444444444 0.0328125 0.0625
0 0.14453125 0.08819444444444445 0.065625 0.1736111111111111
1 0.479296875 0.9243055555555556 0.02890625 0.04583333333333333
1 0.671484375 0.8645833333333334 0.0125 0.041666666666666664
1 0.9796875 0.5638888888888889 0.028125 0.044444444444444446
1 0.790625 0.19375 0.01484375 0.030555555555555555
1 0.91171875 0.28125 0.02734375 0.043055555555555555
0 0.148828125 0.24444444444444444 0.15234375 0.4888888888888889
0 0.696484375 0.19375 0.14453125 0.3875
1 0.82890625 0.6694444444444444 0.0203125 0.03611111111111111
0 0.738671875 0.4618055555555556 0.2640625 0.3055555555555556
1 0.228515625 0.07430555555555556 0.03515625 0.07361111111111111
1 0.202734375 0.32916666666666666 0.03046875 0.04583333333333333
1 0.60234375 0.19444444444444445 0.021875 0.041666666666666664
1 0.682421875 0.6527777777777778 0.065625 0.09861111111111111
1 0.195703125 0.6854166666666667 0.0328125 0.05555555555555555