1 0.994921875 0.31805555555555554 0.01015625 0.034722222222222224
0 0.08515625 0.15763888888888888 0.1703125 0.24444444444444444
0 0.1453125 0.05416666666666667 0.059375 0.10833333333333334
0 0.09453125 0.4340277777777778 0.15078125 0.35
0 0.102734375 0.5847222222222223 0.178125 0.11805555555555555
0 0.084375 0.7270833333333333 0.16875 0.2861111111111111
0 0.1046875 0.95 0.1421875 0.1
0 0.656640625 0.14097222222222222 0.11328125 0.28194444444444444
0 0.5859375 0.23125 0.09140625 0.4111111111111111
0 0.623828125 0.5326388888888889 0.18125 0.38055555555555554
0 0.672265625 0.7513888888888889 0.27734375 0.15138888888888888
0 0.730859375 0.86875 0.184375 0.2625
1 0.40625 0.5840277777777778 0.03828125 0.05138888888888889
1 0.5265625 0.61875 0.0609375 0.09861111111111111
1 0.409765625 0.7673611111111112 0.0140625 0.019444444444444445
1 0.412890625 0.9145833333333333 0.015625 0.03611111111111111
1 0.284375 0.8680555555555556 0.01484375 0.041666666666666664
1 0.978515625 0.1 0.01015625 0.020833333333333332
1 0.932421875 0.32569444444444445 0.0328125 0.04583333333333333
1 0.98671875 0.40555555555555556 0.0265625 0.04027777777777778
1 0.9359375 0.5305555555555556 0.01875 0.02638888888888889
1 0.910546875 0.6097222222222223 0.01953125 0.04027777777777778
1 0.996875 0.8958333333333334 0.00625 0.018055555555555554
1 0.92109375 0.8993055555555556 0.02578125 0.030555555555555555
1 0.70859375 0.9368055555555556 0.0265625 0.041666666666666664
1 0.74375 0.8944444444444445 0.015625 0.0375
1 0.7875 0.6638888888888889 0.01875 0.03333333333333333
1 0.575 0.6791666666666667 0.0203125 0.034722222222222224
1 0.62109375 0.41875 0.015625 0.027777777777777776
1 0.646875 0.39791666666666664 0.0203125 0.02638888888888889
1 0.570703125 0.27291666666666664 0.01015625 0.020833333333333332
1 0.596875 0.22777777777777777 0.01875 0.04722222222222222
1 0.217578125 0.43819444444444444 0.02109375 0.04583333333333333
1 0.051171875 0.9805555555555555 0.01953125 0.03888888888888889
1 0.2609375 0.22083333333333333 0.02578125 0.05694444444444444
1 0.25078125 0.2743055555555556 0.01875 0.0375
1 0.376953125 0.2986111111111111 0.00859375 0.013888888888888888
1 0.328515625 0.2833333333333333 0.03046875 0.027777777777777776
1 0.3125 0.24861111111111112 0.0421875 0.07222222222222222
1 0.35078125 0.18611111111111112 0.025 0.0375
1 0.4375 0.09027777777777778 0.0109375 0.03194444444444444
1 0.58046875 0.18888888888888888 0.0234375 0.04583333333333333
1 0.441796875 0.2590277777777778 0.02421875 0.05138888888888889
1 0.49375 0.42083333333333334 0.02421875 0.04722222222222222
1 0.516796875 0.49722222222222223 0.01328125 0.03194444444444444
1 0.4234375 0.5180555555555556 0.0125 0.025