1 0.876171875 0.01875 0.0265625 0.0375
0 0.11171875 0.19722222222222222 0.2 0.20416666666666666
1 0.54921875 0.4111111111111111 0.034375 0.04583333333333333
1 0.4421875 0.29305555555555557 0.071875 0.10416666666666667
1 0.55 0.7145833333333333 0.02109375 0.043055555555555555
1 0.57890625 0.7409722222222223 0.04453125 0.08611111111111111
1 0.62265625 0.6854166666666667 0.0203125 0.041666666666666664
1 0.64296875 0.6763888888888889 0.0140625 0.05
1 0.56484375 0.6680555555555555 0.03359375 0.0625
1 0.5875 0.6277777777777778 0.02890625 0.0375
1 0.573046875 0.5972222222222222 0.03828125 0.05416666666666667
1 0.483203125 0.5930555555555556 0.01953125 0.0375
1 0.498828125 0.5611111111111111 0.01484375 0.0375
1 0.54609375 0.5145833333333333 0.01875 0.03194444444444444
1 0.56796875 0.4840277777777778 0.015625 0.027777777777777776
1 0.478515625 0.4798611111111111 0.03203125 0.05416666666666667
1 0.4625 0.5152777777777777 0.03828125 0.05694444444444444
1 0.408203125 0.5611111111111111 0.03828125 0.05416666666666667
1 0.405859375 0.6326388888888889 0.02734375 0.04583333333333333
1 0.455859375 0.6847222222222222 0.0390625 0.09722222222222222
1 0.484765625 0.7305555555555555 0.021875 0.04027777777777778
1 0.51640625 0.8055555555555556 0.04453125 0.09027777777777778
1 0.49375 0.85 0.01484375 0.027777777777777776
1 0.462109375 0.8534722222222222 0.0234375 0.044444444444444446
1 0.4265625 0.8729166666666667 0.040625 0.0763888888888889
1 0.45078125 0.9277777777777778 0.01484375 0.03888888888888889
1 0.462109375 0.9006944444444445 0.01875 0.034722222222222224
1 0.408203125 0.7965277777777777 0.01484375 0.03194444444444444
1 0.457421875 0.9854166666666667 0.034375 0.029166666666666667
1 0.575 0.8423611111111111 0.02265625 0.04722222222222222
1 0.6296875 0.8597222222222223 0.021875 0.03611111111111111
1 0.695703125 0.8479166666666667 0.0234375 0.06527777777777778
1 0.67265625 0.58125 0.0171875 0.018055555555555554
1 0.692578125 0.6055555555555555 0.0203125 0.0375
1 0.70234375 0.5451388888888888 0.021875 0.027777777777777776
1 0.661328125 0.48680555555555555 0.02265625 0.04861111111111111
1 0.620703125 0.4791666666666667 0.0265625 0.04583333333333333
1 0.74296875 0.49722222222222223 0.021875 0.034722222222222224
1 0.7625 0.48194444444444445 0.01484375 0.022222222222222223
1 0.779296875 0.5340277777777778 0.0109375 0.02638888888888889
1 0.8125 0.60625 0.03203125 0.05694444444444444
1 0.78671875 0.6444444444444445 0.0234375 0.04027777777777778
1 0.92265625 0.65625 0.0234375 0.043055555555555555
1 0.778515625 0.7965277777777777 0.0203125 0.03333333333333333
1 0.78828125 0.9666666666666667 0.02265625 0.05
1 0.959375 0.9611111111111111 0.01796875 0.03333333333333333
1 0.92578125 0.9923611111111111 0.0109375 0.015277777777777777
1 0.95546875 0.8534722222222222 0.01484375 0.030555555555555555
1 0.99609375 0.8048611111111111 0.0078125 0.059722222222222225
1 0.96015625 0.4534722222222222 0.0296875 0.04027777777777778
1 0.87890625 0.4722222222222222 0.00859375 0.015277777777777777
1 0.762109375 0.3993055555555556 0.01171875 0.019444444444444445
1 0.674609375 0.34305555555555556 0.028125 0.04583333333333333
1 0.709765625 0.36666666666666664 0.00859375 0.013888888888888888
1 0.683984375 0.29791666666666666 0.0328125 0.04583333333333333
1 0.73671875 0.31527777777777777 0.0265625 0.034722222222222224
1 0.62890625 0.2326388888888889 0.03671875 0.09583333333333334
1 0.7046875 0.2013888888888889 0.01171875 0.025
1 0.576171875 0.27152777777777776 0.02890625 0.041666666666666664
1 0.594140625 0.26805555555555555 0.0125 0.020833333333333332
1 0.597265625 0.3034722222222222 0.0109375 0.02638888888888889
1 0.56953125 0.3 0.025 0.02361111111111111
1 0.56328125 0.3486111111111111 0.02421875 0.03611111111111111
1 0.604296875 0.3638888888888889 0.01953125 0.03194444444444444
1 0.519921875 0.33125 0.01875 0.034722222222222224
1 0.526953125 0.29375 0.0328125 0.059722222222222225
1 0.480859375 0.2875 0.01953125 0.04861111111111111
1 0.467578125 0.22361111111111112 0.0375 0.06666666666666667
1 0.50234375 0.19166666666666668 0.02265625 0.043055555555555555
1 0.5125 0.16041666666666668 0.021875 0.041666666666666664
1 0.53125 0.17083333333333334 0.0171875 0.0375
1 0.44296875 0.11597222222222223 0.0265625 0.0375
1 0.46640625 0.14583333333333334 0.01796875 0.05416666666666667
1 0.414453125 0.17083333333333334 0.0125 0.03333333333333333
1 0.39375 0.24513888888888888 0.01171875 0.025
1 0.399609375 0.33125 0.03046875 0.044444444444444446
1 0.20234375 0.14722222222222223 0.03046875 0.06111111111111111
1 0.230859375 0.20208333333333334 0.0453125 0.11527777777777778
1 0.225390625 0.05694444444444444 0.03671875 0.09305555555555556
1 0.2515625 0.10902777777777778 0.02109375 0.04027777777777778
1 0.097265625 0.017361111111111112 0.03046875 0.034722222222222224
1 0.1546875 0.021527777777777778 0.0421875 0.043055555555555555
1 0.140234375 0.05138888888888889 0.04375 0.09722222222222222
1 0.060546875 0.1111111111111111 0.028125 0.06944444444444445
1 0.029296875 0.05555555555555555 0.009375 0.02361111111111111
1 0.003515625 0.11319444444444444 0.00703125 0.016666666666666666
1 0.023828125 0.20208333333333334 0.03046875 0.05138888888888889
1 0.0515625 0.22916666666666666 0.025 0.0625
1 0.108203125 0.2569444444444444 0.06015625 0.08472222222222223
1 0.10234375 0.3194444444444444 0.0265625 0.043055555555555555
1 0.165234375 0.4215277777777778 0.021875 0.03333333333333333
1 0.171875 0.4826388888888889 0.03359375 0.06666666666666667
1 0.084765625 0.43472222222222223 0.01796875 0.02361111111111111
1 0.10078125 0.4708333333333333 0.025 0.059722222222222225
1 0.043359375 0.4652777777777778 0.015625 0.027777777777777776
1 0.221875 0.40347222222222223 0.034375 0.05555555555555555
1 0.22578125 0.47291666666666665 0.0484375 0.09166666666666666
1 0.22890625 0.5423611111111111 0.01484375 0.02638888888888889
1 0.237109375 0.5208333333333334 0.0109375 0.018055555555555554
1 0.251171875 0.38680555555555557 0.025 0.04583333333333333
1 0.22734375 0.29791666666666666 0.02109375 0.027777777777777776
1 0.300390625 0.3659722222222222 0.0171875 0.030555555555555555
1 0.41875 0.08819444444444445 0.01640625 0.03333333333333333
1 0.4375 0.07430555555555556 0.01484375 0.03194444444444444
1 0.448828125 0.02013888888888889 0.0234375 0.04027777777777778
1 0.50625 0.011111111111111112 0.015625 0.022222222222222223
1 0.564453125 0.08680555555555555 0.0265625 0.02361111111111111
1 0.608203125 0.10902777777777778 0.02734375 0.04583333333333333
1 0.616015625 0.06388888888888888 0.0140625 0.029166666666666667
1 0.783203125 0.15208333333333332 0.02109375 0.044444444444444446
1 0.809765625 0.04027777777777778 0.034375 0.05416666666666667
1 0.937109375 0.16805555555555557 0.01171875 0.030555555555555555
1 0.96484375 0.14722222222222223 0.0328125 0.03333333333333333
1 0.733984375 0.8055555555555556 0.0203125 0.02638888888888889
1 0.883984375 0.6527777777777778 0.0109375 0.022222222222222223
1 0.962109375 0.3375 0.01171875 0.029166666666666667
1 0.18671875 0.7125 0.0203125 0.04027777777777778
1 0.238671875 0.7215277777777778 0.0140625 0.044444444444444446
1 0.24140625 0.7881944444444444 0.02578125 0.07361111111111111
1 0.2328125 0.8756944444444444 0.03515625 0.09444444444444444
1 0.15546875 0.8430555555555556 0.03828125 0.044444444444444446
1 0.177734375 0.8868055555555555 0.0328125 0.05277777777777778
1 0.119140625 0.8493055555555555 0.03515625 0.08333333333333333
1 0.093359375 0.9777777777777777 0.0140625 0.029166666666666667
1 0.11015625 0.9798611111111111 0.02421875 0.04027777777777778
1 0.116796875 0.9472222222222222 0.02265625 0.022222222222222223
1 0.081640625 0.9298611111111111 0.01640625 0.034722222222222224
1 0.178125 0.9659722222222222 0.009375 0.025
1 0.286328125 0.9423611111111111 0.01953125 0.05277777777777778
1 0.0875 0.7513888888888889 0.01953125 0.044444444444444446
1 0.112890625 0.6791666666666667 0.01328125 0.022222222222222223
1 0.262890625 0.14583333333333334 0.01015625 0.022222222222222223
1 0.431640625 0.4847222222222222 0.0171875 0.03888888888888889
1 0.451953125 0.4388888888888889 0.01640625 0.04027777777777778
1 0.4203125 0.5215277777777778 0.0109375 0.027777777777777776
1 0.48203125 0.00625 0.00859375 0.0125
0 0.700390625 0.13819444444444445 0.1734375 0.2763888888888889
0 0.649609375 0.375 0.240625 0.14722222222222223
0 0.666015625 0.5152777777777777 0.16875 0.07916666666666666
0 0.73046875 0.8236111111111111 0.234375 0.3527777777777778
0 0.6890625 0.925 0.0859375 0.15
0 0.140625 0.8326388888888889 0.15546875 0.19444444444444445
0 0.14453125 0.9868055555555556 0.08671875 0.02638888888888889
0 0.122265625 0.5826388888888889 0.12421875 0.5222222222222223
0 0.1109375 0.3451388888888889 0.196875 0.15694444444444444