1 0.00703125 0.10520833333333333 0.0140625 0.03958333333333333
0 0.48359375 0.159375 0.0890625 0.31875
0 0.4875 0.38958333333333334 0.084375 0.3625
0 0.46171875 0.7583333333333333 0.1921875 0.2625
1 0.3125 0.33229166666666665 0.0234375 0.03125
1 0.37578125 0.41354166666666664 0.021875 0.027083333333333334
1 0.81875 0.334375 0.0359375 0.03958333333333333
1 0.68984375 0.04479166666666667 0.0125 0.035416666666666666
1 0.01328125 0.746875 0.0265625 0.029166666666666667
1 0.27265625 0.7041666666666667 0.0171875 0.016666666666666666
1 0.29375 0.7864583333333334 0.01875 0.020833333333333332
1 0.21875 0.46875 0.034375 0.03958333333333333
1 0.646875 0.5239583333333333 0.021875 0.03125
1 0.403125 0.19270833333333334 0.01875 0.029166666666666667
1 0.07734375 0.4791666666666667 0.0171875 0.029166666666666667
1 0.940625 0.65 0.0265625 0.029166666666666667
1 0.159375 0.5833333333333334 0.0140625 0.027083333333333334
1 0.7765625 0.4708333333333333 0.0140625 0.020833333333333332