1 0.65625 0.2635416666666667 0.01875 0.027083333333333334
1 0.30859375 0.2760416666666667 0.025 0.029166666666666667
1 0.24765625 0.6802083333333333 0.025 0.027083333333333334
1 0.66484375 0.9322916666666666 0.025 0.025
1 0.6 0.010416666666666666 0.0203125 0.020833333333333332
0 0.45546875 0.20104166666666667 0.153125 0.3145833333333333
0 0.47109375 0.409375 0.2515625 0.07916666666666666
0 0.48515625 0.6947916666666667 0.1046875 0.14583333333333334
0 0.47578125 0.8927083333333333 0.0796875 0.2125
1 0.684375 0.8677083333333333 0.0484375 0.07291666666666667
1 0.74140625 0.14479166666666668 0.0203125 0.03125
1 0.2796875 0.22395833333333334 0.015625 0.01875
1 0.3296875 0.15729166666666666 0.0125 0.01875
1 0.78125 0.8916666666666667 0.01875 0.027083333333333334
1 0.48359375 0.834375 0.01875 0.03125
1 0.33515625 0.3072916666666667 0.0203125 0.022916666666666665