1 0.875390625 0.5284722222222222 0.0671875 0.06944444444444445
1 0.757421875 0.9777777777777777 0.06015625 0.034722222222222224
1 0.76328125 0.9291666666666667 0.02265625 0.03333333333333333
1 0.75390625 0.8291666666666667 0.03359375 0.0625
1 0.92265625 0.46041666666666664 0.0484375 0.075
1 0.95 0.24097222222222223 0.046875 0.059722222222222225
1 0.895703125 0.21041666666666667 0.0171875 0.041666666666666664
1 0.830078125 0.22916666666666666 0.02109375 0.03333333333333333
1 0.3125 0.8819444444444444 0.0453125 0.06111111111111111
1 0.20546875 0.9020833333333333 0.03125 0.041666666666666664
1 0.047265625 0.8520833333333333 0.021875 0.043055555555555555
1 0.118359375 0.8763888888888889 0.01953125 0.034722222222222224
1 0.14296875 0.8319444444444445 0.025 0.041666666666666664
1 0.811328125 0.07222222222222222 0.0359375 0.10138888888888889
1 0.95234375 0.13402777777777777 0.01484375 0.030555555555555555
1 0.246875 0.9875 0.0375 0.025
1 0.659375 0.7041666666666667 0.0203125 0.043055555555555555
1 0.3078125 0.8201388888888889 0.03203125 0.043055555555555555
1 0.227734375 0.7805555555555556 0.0796875 0.12222222222222222
1 0.25390625 0.6777777777777778 0.0375 0.075
1 0.2703125 0.5854166666666667 0.05625 0.07777777777777778
1 0.320703125 0.5944444444444444 0.02109375 0.03611111111111111
1 0.29921875 0.5166666666666667 0.01796875 0.0375
1 0.30078125 0.01597222222222222 0.02578125 0.03194444444444444
1 0.496875 0.21875 0.0296875 0.05694444444444444
1 0.53046875 0.33611111111111114 0.0203125 0.0375
1 0.763671875 0.14444444444444443 0.028125 0.04861111111111111
1 0.59609375 0.38333333333333336 0.0296875 0.06388888888888888
1 0.69765625 0.325 0.0265625 0.0625
1 0.7046875 0.22013888888888888 0.02890625 0.075
1 0.1515625 0.2423611111111111 0.028125 0.041666666666666664
1 0.815625 0.9236111111111112 0.02890625 0.0625
1 0.96015625 0.9708333333333333 0.04140625 0.043055555555555555
1 0.99296875 0.7243055555555555 0.0140625 0.04861111111111111
1 0.980859375 0.5520833333333334 0.01484375 0.0375
1 0.992578125 0.6020833333333333 0.01484375 0.041666666666666664
1 0.9421875 0.6875 0.03046875 0.044444444444444446
1 0.974609375 0.6430555555555556 0.02734375 0.05
1 0.916796875 0.6118055555555556 0.03046875 0.08888888888888889
1 0.61640625 0.47638888888888886 0.01484375 0.034722222222222224
1 0.59453125 0.5340277777777778 0.01953125 0.03194444444444444
1 0.5984375 0.6527777777777778 0.0296875 0.05
1 0.714453125 0.5548611111111111 0.0328125 0.06388888888888888
1 0.681640625 0.5069444444444444 0.02890625 0.06944444444444445
1 0.680078125 0.45069444444444445 0.02578125 0.04027777777777778
1 0.514453125 0.9194444444444444 0.0171875 0.059722222222222225
1 0.505078125 0.8604166666666667 0.0140625 0.043055555555555555
1 0.487109375 0.95 0.02890625 0.05
0 0.109765625 0.8451388888888889 0.10390625 0.23472222222222222
1 0.100390625 0.07777777777777778 0.02734375 0.04027777777777778
0 0.134765625 0.5527777777777778 0.13203125 0.2875
0 0.116796875 0.2826388888888889 0.15859375 0.20694444444444443
0 0.076953125 0.15555555555555556 0.15390625 0.3111111111111111
0 0.636328125 0.8506944444444444 0.18046875 0.26944444444444443
0 0.6734375 0.5951388888888889 0.16015625 0.46111111111111114
0 0.637890625 0.3923611111111111 0.04921875 0.43472222222222223
0 0.64375 0.12638888888888888 0.153125 0.25277777777777777
0 0.571875 0.0798611111111111 0.084375 0.1597222222222222
1 0.171875 0.027777777777777776 0.028125 0.05555555555555555
1 0.224609375 0.011805555555555555 0.0296875 0.02361111111111111
1 0.266796875 0.10902777777777778 0.02890625 0.04722222222222222
1 0.213671875 0.15416666666666667 0.0859375 0.06805555555555555
1 0.388671875 0.18125 0.0265625 0.05416666666666667
1 0.301171875 0.22361111111111112 0.01484375 0.03888888888888889
1 0.265234375 0.22083333333333333 0.0328125 0.08333333333333333
1 0.2703125 0.28541666666666665 0.03046875 0.06111111111111111
1 0.225390625 0.3159722222222222 0.0375 0.0625
1 0.06953125 0.48819444444444443 0.02734375 0.034722222222222224
1 0.155078125 0.5125 0.01796875 0.043055555555555555
1 0.146484375 0.4173611111111111 0.025 0.05694444444444444
1 0.235546875 0.39166666666666666 0.0484375 0.1
1 0.266796875 0.39444444444444443 0.01953125 0.044444444444444446
1 0.26328125 0.45625 0.0265625 0.04027777777777778
1 0.190234375 0.49722222222222223 0.02734375 0.05694444444444444
1 0.178515625 0.5659722222222222 0.0234375 0.05277777777777778
1 0.763671875 0.013888888888888888 0.0515625 0.027777777777777776
1 0.89140625 0.0798611111111111 0.034375 0.07916666666666666
1 0.8296875 0.14444444444444443 0.0171875 0.034722222222222224
1 0.733203125 0.44513888888888886 0.0296875 0.05
1 0.771875 0.3659722222222222 0.021875 0.04027777777777778
1 0.819921875 0.43680555555555556 0.015625 0.03611111111111111
1 0.826171875 0.5 0.01953125 0.030555555555555555
1 0.55625 0.96875 0.02265625 0.059722222222222225