1 0.9671875 0.98125 0.0265625 0.0375
1 0.8765625 0.728125 0.028125 0.03958333333333333
1 0.99609375 0.959375 0.0078125 0.020833333333333332
1 0.26171875 0.790625 0.009375 0.014583333333333334
1 0.36640625 0.8916666666666667 0.0203125 0.03333333333333333
1 0.8109375 0.0125 0.021875 0.025
1 0.30859375 0.43020833333333336 0.01875 0.029166666666666667
1 0.215625 0.48125 0.0203125 0.01875
1 0.24765625 0.89375 0.015625 0.022916666666666665
1 0.0890625 0.8864583333333333 0.021875 0.04375
1 0.16640625 0.45625 0.009375 0.025
1 0.26484375 0.446875 0.0203125 0.01875
1 0.21953125 0.44166666666666665 0.0390625 0.04375
1 0.20703125 0.396875 0.034375 0.03333333333333333
1 0.94375 0.019791666666666666 0.0203125 0.01875
1 0.89140625 0.005208333333333333 0.028125 0.010416666666666666
1 0.96953125 0.15833333333333333 0.040625 0.04375
1 0.98515625 0.125 0.0296875 0.04583333333333333
1 0.88515625 0.075 0.028125 0.03333333333333333
1 0.8703125 0.14791666666666667 0.0265625 0.05
1 0.9078125 0.18958333333333333 0.040625 0.03958333333333333
1 0.87578125 0.23958333333333334 0.06875 0.08333333333333333
1 0.75078125 0.22604166666666667 0.0390625 0.04583333333333333
1 0.81328125 0.30104166666666665 0.0390625 0.07708333333333334
1 0.8359375 0.4083333333333333 0.028125 0.05416666666666667
1 0.9296875 0.425 0.0296875 0.03958333333333333
1 0.96953125 0.403125 0.0609375 0.0875
1 0.96015625 0.5635416666666667 0.0171875 0.022916666666666665
1 0.9890625 0.5197916666666667 0.021875 0.025
1 0.9734375 0.4895833333333333 0.021875 0.03333333333333333
1 0.9578125 0.521875 0.03125 0.027083333333333334
1 0.93984375 0.4895833333333333 0.0328125 0.035416666666666666
1 0.915625 0.4708333333333333 0.028125 0.022916666666666665
1 0.73984375 0.41875 0.0328125 0.04583333333333333
1 0.67109375 0.41458333333333336 0.0265625 0.035416666666666666
1 0.70390625 0.475 0.0265625 0.04375
1 0.69296875 0.5302083333333333 0.0296875 0.04583333333333333
1 0.63203125 0.5479166666666667 0.0421875 0.04791666666666667
1 0.9671875 0.6947916666666667 0.0515625 0.08958333333333333
1 0.9328125 0.6552083333333333 0.034375 0.06458333333333334
1 0.2484375 0.125 0.0578125 0.10625
1 0.153125 0.12291666666666666 0.06875 0.06666666666666667
1 0.08828125 0.06458333333333334 0.0328125 0.03125
0 0.56171875 0.06979166666666667 0.04375 0.13958333333333334
1 0.8171875 0.36041666666666666 0.0140625 0.016666666666666666
0 0.659375 0.23645833333333333 0.453125 0.35
1 0.240625 0.68125 0.015625 0.0125
0 0.534375 0.965625 0.1578125 0.06875
0 0.546875 0.8072916666666666 0.246875 0.3854166666666667
1 0.3078125 0.05416666666666667 0.0296875 0.0375
1 0.42734375 0.10416666666666667 0.0265625 0.03958333333333333
1 0.475 0.09375 0.0375 0.03958333333333333
1 0.50546875 0.04791666666666667 0.025 0.03125
1 0.3921875 0.004166666666666667 0.0125 0.008333333333333333
1 0.6125 0.08645833333333333 0.0265625 0.04791666666666667
1 0.6421875 0.10729166666666666 0.05625 0.06875
1 0.6515625 0.025 0.0359375 0.05
1 0.68671875 0.015625 0.0390625 0.03125
1 0.64453125 0.23854166666666668 0.09375 0.08125
1 0.4359375 0.24583333333333332 0.0640625 0.10416666666666667
1 0.38828125 0.2375 0.021875 0.020833333333333332
1 0.5546875 0.2677083333333333 0.0765625 0.07083333333333333
1 0.5484375 0.3125 0.015625 0.014583333333333334
1 0.46484375 0.3885416666666667 0.03125 0.0375
1 0.4953125 0.39166666666666666 0.025 0.03125
1 0.5140625 0.5552083333333333 0.059375 0.10625
1 0.55 0.6302083333333334 0.0484375 0.058333333333333334
1 0.56171875 0.734375 0.0328125 0.03125
1 0.4390625 0.6770833333333334 0.040625 0.058333333333333334
1 0.34765625 0.6385416666666667 0.04375 0.0625
1 0.346875 0.7197916666666667 0.0203125 0.03125
1 0.30234375 0.7666666666666667 0.040625 0.07083333333333333
1 0.40078125 0.7989583333333333 0.03125 0.04583333333333333
1 0.325 0.8510416666666667 0.034375 0.06875
1 0.2109375 0.9041666666666667 0.021875 0.052083333333333336
1 0.24140625 0.8458333333333333 0.0453125 0.05416666666666667
1 0.29609375 0.9666666666666667 0.0328125 0.041666666666666664
1 0.40625 0.9041666666666667 0.04375 0.07916666666666666
1 0.60859375 0.9947916666666666 0.009375 0.010416666666666666
1 0.64609375 0.925 0.021875 0.041666666666666664
1 0.6515625 0.8427083333333333 0.0265625 0.035416666666666666
1 0.68515625 0.859375 0.034375 0.03333333333333333
1 0.7859375 0.878125 0.0234375 0.025
1 0.73515625 0.9927083333333333 0.01875 0.014583333333333334
1 0.8609375 0.896875 0.065625 0.10625
1 0.88515625 0.959375 0.0296875 0.052083333333333336
1 0.9140625 0.9666666666666667 0.034375 0.06666666666666667
1 0.9078125 0.884375 0.028125 0.06666666666666667
1 0.940625 0.8979166666666667 0.0390625 0.07083333333333333
1 0.9734375 0.9239583333333333 0.015625 0.020833333333333332
1 0.8796875 0.8260416666666667 0.01875 0.027083333333333334
1 0.92109375 0.7416666666666667 0.01875 0.014583333333333334
1 0.94765625 0.7697916666666667 0.0484375 0.03333333333333333
1 0.975 0.8197916666666667 0.0421875 0.03958333333333333
1 0.91953125 0.7979166666666667 0.034375 0.0625
1 0.8234375 0.8427083333333333 0.0265625 0.014583333333333334
1 0.38203125 0.6770833333333334 0.0484375 0.03333333333333333