1 0.0203125 0.7020833333333333 0.0234375 0.020833333333333332
0 0.53671875 0.1 0.3078125 0.2
0 0.684375 0.3260416666666667 0.575 0.3770833333333333
0 0.740625 0.5791666666666667 0.446875 0.12916666666666668
0 0.63359375 0.8125 0.29375 0.17291666666666666
0 0.60234375 0.9416666666666667 0.028125 0.11666666666666667
0 0.8328125 0.98125 0.2515625 0.0375
1 0.2640625 0.051041666666666666 0.0484375 0.0625
1 0.36015625 0.0375 0.04375 0.041666666666666664
1 0.45859375 0.08541666666666667 0.04375 0.04583333333333333
1 0.54296875 0.06354166666666666 0.0328125 0.041666666666666664
1 0.503125 0.196875 0.03125 0.0375
1 0.60546875 0.22291666666666668 0.0328125 0.0375
1 0.7953125 0.13125 0.03125 0.04375
1 0.77109375 0.171875 0.053125 0.07083333333333333
1 0.7234375 0.19166666666666668 0.0328125 0.03958333333333333
1 0.4859375 0.415625 0.0359375 0.035416666666666666
1 0.5078125 0.38125 0.01875 0.03333333333333333
1 0.4875 0.3958333333333333 0.0109375 0.010416666666666666
1 0.33828125 0.4166666666666667 0.0296875 0.027083333333333334
1 0.36328125 0.37916666666666665 0.0203125 0.029166666666666667
1 0.11015625 0.43125 0.0375 0.07708333333333334
1 0.1625 0.484375 0.0234375 0.029166666666666667
1 0.21015625 0.55 0.0328125 0.041666666666666664
1 0.09609375 0.6822916666666666 0.0375 0.04375
1 0.2734375 0.7635416666666667 0.040625 0.03958333333333333
1 0.45859375 0.7604166666666666 0.253125 0.3875
1 0.15234375 0.7447916666666666 0.025 0.03125
1 0.1546875 0.7822916666666667 0.0171875 0.022916666666666665
1 0.66875 0.69375 0.0328125 0.04791666666666667
1 0.73828125 0.6770833333333334 0.0328125 0.035416666666666666
1 0.5890625 0.7447916666666666 0.0234375 0.027083333333333334
1 0.7265625 0.8885416666666667 0.0421875 0.06666666666666667
1 0.75703125 0.8166666666666667 0.03125 0.05416666666666667
1 0.5078125 0.9947916666666666 0.0171875 0.010416666666666666
1 0.70234375 0.5041666666666667 0.0328125 0.041666666666666664
1 0.76171875 0.5895833333333333 0.040625 0.03125
1 0.75703125 0.625 0.03125 0.022916666666666665