1 0.462109375 0.7215277777777778 0.04609375 0.059722222222222225
1 0.91796875 0.9138888888888889 0.0171875 0.044444444444444446
1 0.959765625 0.8722222222222222 0.078125 0.08888888888888889
1 0.94765625 0.4930555555555556 0.01796875 0.030555555555555555
1 0.919140625 0.19305555555555556 0.02265625 0.04861111111111111
1 0.992578125 0.22916666666666666 0.0140625 0.03888888888888889
1 0.926171875 0.31875 0.025 0.044444444444444446
1 0.766796875 0.2152777777777778 0.02578125 0.043055555555555555
1 0.74140625 0.2263888888888889 0.02109375 0.04027777777777778
1 0.6984375 0.3541666666666667 0.0328125 0.044444444444444446
1 0.586328125 0.4847222222222222 0.04921875 0.05694444444444444
1 0.471875 0.4111111111111111 0.0203125 0.0375
1 0.5609375 0.36319444444444443 0.0296875 0.05138888888888889
1 0.48046875 0.33958333333333335 0.02890625 0.05277777777777778
1 0.465625 0.29375 0.0390625 0.05555555555555555
1 0.49765625 0.2 0.025 0.05138888888888889
1 0.475390625 0.010416666666666666 0.02109375 0.020833333333333332
1 0.42421875 0.01597222222222222 0.0296875 0.03194444444444444
1 0.375 0.011805555555555555 0.01796875 0.02361111111111111
1 0.347265625 0.010416666666666666 0.015625 0.018055555555555554
1 0.449609375 0.1076388888888889 0.0171875 0.044444444444444446
1 0.38515625 0.4048611111111111 0.01171875 0.020833333333333332
1 0.28671875 0.4354166666666667 0.04296875 0.06388888888888888
1 0.241796875 0.1486111111111111 0.01484375 0.030555555555555555
1 0.190625 0.14027777777777778 0.02890625 0.05277777777777778
0 0.6453125 0.9069444444444444 0.06328125 0.18333333333333332
0 0.059765625 0.41180555555555554 0.11953125 0.36527777777777776
1 0.065234375 0.4777777777777778 0.03359375 0.08472222222222223
1 0.505078125 0.24930555555555556 0.03359375 0.04027777777777778
1 0.559765625 0.7930555555555555 0.0203125 0.02361111111111111
1 0.505859375 0.6472222222222223 0.015625 0.019444444444444445
1 0.615234375 0.9222222222222223 0.01875 0.04583333333333333
1 0.541796875 0.63125 0.0140625 0.030555555555555555
1 0.205078125 0.022222222222222223 0.021875 0.03333333333333333
1 0.583984375 0.9395833333333333 0.0203125 0.043055555555555555
1 0.25234375 0.8111111111111111 0.0140625 0.030555555555555555
1 0.2328125 0.8854166666666666 0.03125 0.04861111111111111
0 0.62578125 0.8381944444444445 0.09609375 0.05
0 0.608203125 0.6902777777777778 0.18515625 0.20416666666666666
0 0.592578125 0.33125 0.1109375 0.6097222222222223
1 0.446484375 0.24097222222222223 0.01484375 0.02638888888888889
1 0.629296875 0.21319444444444444 0.02109375 0.059722222222222225
1 0.58359375 0.22708333333333333 0.02265625 0.05277777777777778
1 0.059765625 0.20902777777777778 0.0171875 0.030555555555555555
0 0.61953125 0.125 0.096875 0.25
0 0.09765625 0.9527777777777777 0.1265625 0.09444444444444444
0 0.065234375 0.7395833333333334 0.13046875 0.3611111111111111
1 0.194921875 0.6833333333333333 0.02109375 0.0625
1 0.16484375 0.7333333333333333 0.05703125 0.08472222222222223
1 0.169921875 0.29375 0.025 0.0375
1 0.301171875 0.6409722222222223 0.015625 0.025
1 0.24765625 0.5868055555555556 0.01875 0.02638888888888889
1 0.203125 0.51875 0.0140625 0.03611111111111111
1 0.91953125 0.10902777777777778 0.0140625 0.02638888888888889
1 0.915234375 0.03680555555555556 0.01328125 0.02638888888888889
1 0.8015625 0.011805555555555555 0.02421875 0.02361111111111111
1 0.693359375 0.15833333333333333 0.01484375 0.025
1 0.691796875 0.07361111111111111 0.03359375 0.08055555555555556
1 0.550390625 0.88125 0.03515625 0.09583333333333334
1 0.6796875 0.98125 0.03359375 0.02638888888888889
1 0.676171875 0.48333333333333334 0.01484375 0.03194444444444444
1 0.660546875 0.5145833333333333 0.02109375 0.03333333333333333
1 0.654296875 0.6152777777777778 0.025 0.05138888888888889
1 0.683203125 0.41180555555555554 0.01875 0.04583333333333333
1 0.5078125 0.86875 0.0296875 0.08194444444444444
1 0.519140625 0.7534722222222222 0.02578125 0.043055555555555555
1 0.43046875 0.5354166666666667 0.02109375 0.02361111111111111
1 0.4640625 0.5097222222222222 0.021875 0.03888888888888889
1 0.485546875 0.8986111111111111 0.025 0.059722222222222225
1 0.504296875 0.8090277777777778 0.02890625 0.03333333333333333
1 0.89765625 0.7416666666666667 0.01015625 0.030555555555555555
1 0.992578125 0.7111111111111111 0.0140625 0.030555555555555555
1 0.712890625 0.7875 0.015625 0.030555555555555555
1 0.743359375 0.7840277777777778 0.01875 0.030555555555555555
1 0.785546875 0.7263888888888889 0.028125 0.03888888888888889
1 0.744140625 0.7027777777777777 0.01875 0.0625
1 0.753125 0.5958333333333333 0.0171875 0.019444444444444445
1 0.72421875 0.5979166666666667 0.01484375 0.02638888888888889
1 0.706640625 0.6472222222222223 0.06015625 0.06527777777777778
1 0.389453125 0.6375 0.03515625 0.03888888888888889
1 0.360546875 0.5291666666666667 0.02265625 0.05