1 0.149609375 0.4736111111111111 0.01171875 0.04027777777777778
1 0.33984375 0.2798611111111111 0.01640625 0.05
1 0.221875 0.14930555555555555 0.03359375 0.06527777777777778
1 0.24921875 0.3659722222222222 0.0171875 0.025
1 0.20546875 0.3229166666666667 0.02734375 0.05416666666666667
1 0.459765625 0.09027777777777778 0.025 0.05416666666666667
1 0.178515625 0.03888888888888889 0.03359375 0.05138888888888889
1 0.600390625 0.11319444444444444 0.01953125 0.029166666666666667
1 0.2390625 0.99375 0.01953125 0.0125
1 0.483203125 0.49722222222222223 0.01640625 0.025
1 0.4640625 0.9416666666666667 0.015625 0.02638888888888889
1 0.212109375 0.7340277777777777 0.01796875 0.02638888888888889
1 0.312890625 0.6618055555555555 0.0203125 0.030555555555555555
1 0.40078125 0.7347222222222223 0.01015625 0.027777777777777776
1 0.237109375 0.7118055555555556 0.02890625 0.0763888888888889
1 0.30078125 0.7326388888888888 0.015625 0.027777777777777776
1 0.36875 0.9861111111111112 0.0140625 0.027777777777777776
1 0.47890625 0.12430555555555556 0.0109375 0.018055555555555554
1 0.219140625 0.035416666666666666 0.0234375 0.041666666666666664
1 0.216796875 0.38472222222222224 0.0203125 0.05138888888888889
1 0.118359375 0.42569444444444443 0.028125 0.04722222222222222
1 0.20078125 0.4965277777777778 0.01953125 0.03611111111111111
1 0.098828125 0.4444444444444444 0.0203125 0.043055555555555555
1 0.01875 0.6034722222222222 0.0234375 0.03194444444444444
1 0.121875 0.5229166666666667 0.025 0.041666666666666664
1 0.033203125 0.5743055555555555 0.01640625 0.025
1 0.051171875 0.5520833333333334 0.0203125 0.041666666666666664
1 0.162109375 0.6263888888888889 0.01953125 0.03888888888888889
1 0.19296875 0.60625 0.0296875 0.07083333333333333
1 0.161328125 0.7388888888888889 0.015625 0.022222222222222223
1 0.159375 0.7020833333333333 0.01953125 0.03333333333333333
1 0.181640625 0.9923611111111111 0.02265625 0.015277777777777777
1 0.138671875 0.6875 0.01640625 0.02638888888888889
1 0.02265625 0.7666666666666667 0.01875 0.029166666666666667
1 0.22890625 0.8888888888888888 0.03671875 0.08333333333333333
1 0.264453125 0.8291666666666667 0.02421875 0.04583333333333333
1 0.233203125 0.8173611111111111 0.0234375 0.041666666666666664
1 0.0375 0.8548611111111111 0.0234375 0.030555555555555555
1 0.128515625 0.8923611111111112 0.03046875 0.05138888888888889
1 0.57734375 0.9861111111111112 0.015625 0.02361111111111111
1 0.09140625 0.8847222222222222 0.02734375 0.041666666666666664
1 0.60859375 0.9597222222222223 0.0234375 0.03611111111111111
1 0.70625 0.9875 0.0171875 0.022222222222222223
1 0.92734375 0.034027777777777775 0.02578125 0.04722222222222222
1 0.969921875 0.04236111111111111 0.0125 0.02638888888888889
1 0.172265625 0.1375 0.04765625 0.07222222222222222
0 0.59140625 0.021527777777777778 0.0484375 0.043055555555555555
0 0.69140625 0.9527777777777777 0.01328125 0.09444444444444444
0 0.59375 0.7027777777777777 0.2125 0.43472222222222223
0 0.607421875 0.9659722222222222 0.11015625 0.06805555555555555
0 0.087109375 0.9486111111111111 0.14609375 0.10277777777777777
0 0.1 0.2847222222222222 0.2 0.2569444444444444
0 0.0859375 0.07152777777777777 0.171875 0.14305555555555555
0 0.641796875 0.0875 0.1171875 0.175
0 0.118359375 0.80625 0.23203125 0.21805555555555556
1 0.797265625 0.37430555555555556 0.01640625 0.02361111111111111
1 0.036328125 0.4340277777777778 0.034375 0.04861111111111111
1 0.007421875 0.4409722222222222 0.01484375 0.06527777777777778
1 0.076171875 0.44930555555555557 0.0203125 0.044444444444444446
1 0.675 0.9208333333333333 0.0234375 0.041666666666666664
1 0.653515625 0.8805555555555555 0.01953125 0.030555555555555555
1 0.74765625 0.9409722222222222 0.01796875 0.030555555555555555
1 0.90234375 0.6875 0.02578125 0.04583333333333333
1 0.837109375 0.8902777777777777 0.02734375 0.03888888888888889
1 0.908203125 0.6173611111111111 0.03046875 0.04861111111111111
1 0.518359375 0.8736111111111111 0.0140625 0.03611111111111111
1 0.474609375 0.8625 0.01953125 0.03194444444444444
1 0.480859375 0.7986111111111112 0.0171875 0.025
1 0.440625 0.7763888888888889 0.02265625 0.025
1 0.67734375 0.7534722222222222 0.03984375 0.0625
1 0.418359375 0.5138888888888888 0.034375 0.05555555555555555
1 0.774609375 0.6763888888888889 0.04609375 0.1
1 0.870703125 0.5847222222222223 0.02109375 0.04027777777777778
1 0.8828125 0.45208333333333334 0.0359375 0.04861111111111111
1 0.75703125 0.5743055555555555 0.02578125 0.041666666666666664
1 0.62109375 0.4791666666666667 0.015625 0.022222222222222223
1 0.70703125 0.43125 0.0234375 0.03888888888888889
1 0.690625 0.5111111111111111 0.02578125 0.05694444444444444
1 0.58984375 0.4840277777777778 0.03359375 0.041666666666666664
1 0.401171875 0.23819444444444443 0.009375 0.013888888888888888
1 0.45859375 0.16805555555555557 0.01640625 0.022222222222222223
1 0.445703125 0.08888888888888889 0.009375 0.020833333333333332
1 0.521875 0.26805555555555555 0.0125 0.022222222222222223
1 0.586328125 0.05486111111111111 0.02265625 0.03333333333333333
1 0.585546875 0.2604166666666667 0.02578125 0.030555555555555555
1 0.749609375 0.2465277777777778 0.0375 0.044444444444444446
1 0.71796875 0.19652777777777777 0.02734375 0.06527777777777778
1 0.6765625 0.1951388888888889 0.03359375 0.09166666666666666
1 0.721875 0.05277777777777778 0.0203125 0.043055555555555555
1 0.751953125 0.030555555555555555 0.0296875 0.05694444444444444
1 0.748046875 0.1840277777777778 0.02421875 0.0375
1 0.90078125 0.25972222222222224 0.01953125 0.043055555555555555
1 0.896875 0.17083333333333334 0.0125 0.020833333333333332
1 0.9453125 0.14166666666666666 0.0125 0.022222222222222223
1 0.81484375 0.13125 0.02890625 0.05138888888888889
1 0.89453125 0.11388888888888889 0.01953125 0.04861111111111111
1 0.8734375 0.09027777777777778 0.02578125 0.03611111111111111
1 0.887109375 0.04375 0.03203125 0.06666666666666667
1 0.773828125 0.5118055555555555 0.02890625 0.059722222222222225
1 0.79140625 0.46458333333333335 0.03125 0.03888888888888889
1 0.975 0.14722222222222223 0.015625 0.03611111111111111
1 0.8015625 0.6131944444444445 0.0203125 0.03888888888888889
1 0.780859375 0.6048611111111111 0.0140625 0.02638888888888889
1 0.990234375 0.3590277777777778 0.01875 0.027777777777777776
1 0.6625 0.5805555555555556 0.015625 0.022222222222222223
1 0.81953125 0.7298611111111111 0.0234375 0.0763888888888889
1 0.621875 0.7833333333333333 0.0359375 0.04583333333333333
1 0.848828125 0.1361111111111111 0.02890625 0.04583333333333333
1 0.616796875 0.03888888888888889 0.015625 0.020833333333333332
1 0.702734375 0.030555555555555555 0.01875 0.03611111111111111
1 0.656640625 0.34652777777777777 0.0484375 0.17083333333333334
1 0.38125 0.6756944444444445 0.0265625 0.04861111111111111