0 0.125390625 0.9104166666666667 0.1 0.17916666666666667
0 0.08515625 0.7944444444444444 0.1703125 0.3611111111111111
0 0.1328125 0.5291666666666667 0.0734375 0.34305555555555556
0 0.121484375 0.27847222222222223 0.24296875 0.175
0 0.08203125 0.05763888888888889 0.146875 0.11527777777777778
1 0.058203125 0.1361111111111111 0.025 0.07222222222222222
1 0.086328125 0.1736111111111111 0.05546875 0.09166666666666666
1 0.0203125 0.32569444444444445 0.02421875 0.04722222222222222
1 0.05859375 0.35625 0.01796875 0.02361111111111111
1 0.08828125 0.42986111111111114 0.0234375 0.04583333333333333
1 0.109765625 0.46319444444444446 0.0375 0.08055555555555556
1 0.087890625 0.5472222222222223 0.02890625 0.07777777777777778
1 0.124609375 0.5451388888888888 0.01640625 0.03888888888888889
1 0.163671875 0.5847222222222223 0.025 0.05277777777777778
1 0.206640625 0.6180555555555556 0.05859375 0.13472222222222222
1 0.166796875 0.6756944444444445 0.0171875 0.030555555555555555
1 0.1640625 0.7625 0.034375 0.05416666666666667
1 0.09296875 0.7402777777777778 0.0578125 0.06666666666666667
1 0.043359375 0.7569444444444444 0.02265625 0.02638888888888889
1 0.071484375 0.9465277777777777 0.01640625 0.03194444444444444
1 0.1453125 0.9069444444444444 0.01171875 0.019444444444444445
1 0.169140625 0.9027777777777778 0.0203125 0.0375
1 0.2140625 0.8791666666666667 0.02421875 0.05277777777777778
1 0.261328125 0.9340277777777778 0.0546875 0.12083333333333333
1 0.333203125 0.9284722222222223 0.03671875 0.05694444444444444
1 0.37109375 0.9513888888888888 0.0234375 0.07222222222222222
1 0.31171875 0.8340277777777778 0.02734375 0.041666666666666664
1 0.227734375 0.7972222222222223 0.0359375 0.06805555555555555
1 0.259765625 0.8152777777777778 0.02734375 0.04583333333333333
1 0.25546875 0.8576388888888888 0.01640625 0.03888888888888889
1 0.230859375 0.7368055555555556 0.02890625 0.05277777777777778
1 0.244921875 0.6798611111111111 0.02421875 0.04722222222222222
1 0.31171875 0.7097222222222223 0.01640625 0.02638888888888889
1 0.3234375 0.6673611111111111 0.01796875 0.041666666666666664
1 0.289453125 0.5625 0.03984375 0.06111111111111111
1 0.326171875 0.5840277777777778 0.01328125 0.027777777777777776
1 0.22421875 0.43194444444444446 0.021875 0.029166666666666667
1 0.211328125 0.45069444444444445 0.009375 0.019444444444444445
1 0.283203125 0.3819444444444444 0.02734375 0.07361111111111111
1 0.303515625 0.33611111111111114 0.02265625 0.029166666666666667
1 0.17265625 0.23194444444444445 0.04609375 0.05277777777777778
1 0.22265625 0.2423611111111111 0.01875 0.022222222222222223
1 0.164453125 0.11597222222222223 0.02578125 0.06666666666666667
1 0.186328125 0.10208333333333333 0.02265625 0.08888888888888889
1 0.175 0.041666666666666664 0.0234375 0.041666666666666664
1 0.21640625 0.02638888888888889 0.0359375 0.05277777777777778
1 0.2484375 0.1361111111111111 0.0265625 0.04027777777777778
1 0.360546875 0.04236111111111111 0.025 0.058333333333333334
1 0.367578125 0.09513888888888888 0.0328125 0.03333333333333333
1 0.36953125 0.15625 0.015625 0.03333333333333333
1 0.36796875 0.21875 0.02890625 0.06111111111111111
1 0.384375 0.225 0.00859375 0.015277777777777777
1 0.3640625 0.3236111111111111 0.01796875 0.03611111111111111
1 0.633984375 0.8944444444444445 0.01484375 0.03333333333333333
1 0.65234375 0.9201388888888888 0.02109375 0.05555555555555555
1 0.625390625 0.7263888888888889 0.0171875 0.034722222222222224
1 0.678515625 0.6645833333333333 0.03046875 0.05416666666666667
1 0.71953125 0.7944444444444444 0.015625 0.03194444444444444
1 0.75078125 0.7763888888888889 0.03046875 0.08194444444444444
1 0.787890625 0.8104166666666667 0.02109375 0.04027777777777778
1 0.812109375 0.8645833333333334 0.01875 0.058333333333333334
1 0.70703125 0.9444444444444444 0.01015625 0.025
1 0.727734375 0.9395833333333333 0.0234375 0.030555555555555555
1 0.775 0.9826388888888888 0.02109375 0.034722222222222224
1 0.8265625 0.9763888888888889 0.025 0.041666666666666664
1 0.841796875 0.9152777777777777 0.03203125 0.07777777777777778
1 0.876171875 0.9784722222222222 0.02578125 0.043055555555555555
1 0.846484375 0.8236111111111111 0.0296875 0.04861111111111111
1 0.853125 0.7395833333333334 0.04375 0.07083333333333333
1 0.92734375 0.7159722222222222 0.02265625 0.06111111111111111
1 0.9296875 0.7805555555555556 0.0546875 0.1
1 0.872265625 0.8048611111111111 0.02890625 0.03194444444444444
1 0.827734375 0.775 0.0171875 0.05
1 0.821875 0.6979166666666666 0.028125 0.0625
1 0.80703125 0.6333333333333333 0.0171875 0.03194444444444444
1 0.837890625 0.6180555555555556 0.0125 0.03333333333333333
1 0.868359375 0.6034722222222222 0.02578125 0.04583333333333333
1 0.812109375 0.5486111111111112 0.0203125 0.03333333333333333
1 0.758984375 0.5361111111111111 0.02734375 0.041666666666666664
1 0.7375 0.5659722222222222 0.01484375 0.022222222222222223
1 0.68671875 0.6013888888888889 0.02578125 0.04722222222222222
1 0.707421875 0.5083333333333333 0.01875 0.05
1 0.76875 0.4354166666666667 0.01484375 0.027777777777777776
1 0.89296875 0.5118055555555555 0.06171875 0.08333333333333333
1 0.948046875 0.5680555555555555 0.03203125 0.05416666666666667
1 0.925 0.5833333333333334 0.01328125 0.020833333333333332
1 0.9921875 0.6125 0.015625 0.03333333333333333
1 0.94453125 0.50625 0.0296875 0.06805555555555555
1 0.9578125 0.4736111111111111 0.02421875 0.04027777777777778
1 0.98984375 0.5243055555555556 0.0203125 0.03611111111111111
1 0.8859375 0.43680555555555556 0.01328125 0.030555555555555555
1 0.9265625 0.31319444444444444 0.03359375 0.05694444444444444
1 0.89453125 0.32083333333333336 0.01484375 0.022222222222222223
1 0.893359375 0.2513888888888889 0.03203125 0.059722222222222225
1 0.946875 0.24722222222222223 0.02578125 0.059722222222222225
1 0.976171875 0.2076388888888889 0.01796875 0.044444444444444446
1 0.8640625 0.2423611111111111 0.01484375 0.027777777777777776
1 0.912890625 0.15694444444444444 0.03515625 0.0875
1 0.8625 0.16458333333333333 0.0171875 0.03194444444444444
1 0.920703125 0.09791666666666667 0.02890625 0.030555555555555555
1 0.94375 0.04652777777777778 0.0671875 0.09305555555555556
1 0.976953125 0.04722222222222222 0.01875 0.034722222222222224
1 0.991015625 0.11736111111111111 0.01796875 0.034722222222222224
1 0.980859375 0.014583333333333334 0.01015625 0.016666666666666666
1 0.998046875 0.025 0.00390625 0.0125
1 0.856640625 0.0625 0.01640625 0.016666666666666666
1 0.91328125 0.8638888888888889 0.009375 0.03194444444444444
1 0.96484375 0.8715277777777778 0.0140625 0.013888888888888888
1 0.940625 0.9909722222222223 0.01484375 0.018055555555555554
1 0.9890625 0.9944444444444445 0.021875 0.011111111111111112
1 0.844140625 0.9944444444444445 0.01171875 0.011111111111111112
1 0.74765625 0.93125 0.01171875 0.022222222222222223
1 0.6015625 0.7791666666666667 0.009375 0.0125
1 0.4734375 0.9256944444444445 0.01328125 0.019444444444444445
1 0.305859375 0.6048611111111111 0.02109375 0.022222222222222223
1 0.1671875 0.7243055555555555 0.01171875 0.016666666666666666
1 0.37421875 0.39791666666666664 0.02109375 0.058333333333333334
1 0.35859375 0.3819444444444444 0.00859375 0.011111111111111112
1 0.397265625 0.3472222222222222 0.04296875 0.08055555555555556
1 0.446484375 0.3326388888888889 0.0578125 0.12222222222222222
1 0.508203125 0.2708333333333333 0.03125 0.05555555555555555
1 0.41953125 0.43680555555555556 0.02734375 0.041666666666666664
1 0.402734375 0.4798611111111111 0.01484375 0.030555555555555555
1 0.468359375 0.4576388888888889 0.01796875 0.0375
1 0.48984375 0.4791666666666667 0.04140625 0.05277777777777778
1 0.521484375 0.45069444444444445 0.0203125 0.043055555555555555
1 0.572265625 0.3909722222222222 0.02421875 0.0375
1 0.544921875 0.30972222222222223 0.01875 0.03888888888888889
1 0.566796875 0.29930555555555555 0.01875 0.03611111111111111
1 0.533984375 0.1361111111111111 0.02421875 0.06111111111111111
1 0.566015625 0.1875 0.02421875 0.044444444444444446
1 0.602734375 0.16666666666666666 0.04609375 0.05694444444444444
1 0.54609375 0.09444444444444444 0.01171875 0.020833333333333332
1 0.4953125 0.08611111111111111 0.0203125 0.05
1 0.46171875 0.09305555555555556 0.03046875 0.05277777777777778
1 0.50078125 0.00625 0.01875 0.0125
1 0.54765625 0.016666666666666666 0.01953125 0.03333333333333333
1 0.653515625 0.06736111111111111 0.0109375 0.02361111111111111
1 0.639453125 0.03819444444444445 0.0125 0.020833333333333332
1 0.7078125 0.03125 0.03359375 0.0625
1 0.659375 0.11458333333333333 0.02265625 0.04583333333333333
1 0.678125 0.14583333333333334 0.0203125 0.03888888888888889
1 0.755859375 0.08680555555555555 0.01796875 0.03888888888888889
1 0.760546875 0.13333333333333333 0.01171875 0.022222222222222223
1 0.740625 0.18958333333333333 0.02890625 0.05277777777777778
1 0.790625 0.1986111111111111 0.02734375 0.059722222222222225
1 0.6625 0.22361111111111112 0.0359375 0.06388888888888888
1 0.73984375 0.25 0.01640625 0.029166666666666667
1 0.7828125 0.23680555555555555 0.01484375 0.03333333333333333
1 0.74140625 0.3055555555555556 0.028125 0.041666666666666664
1 0.69765625 0.3388888888888889 0.0171875 0.041666666666666664
1 0.66328125 0.43680555555555556 0.040625 0.06111111111111111
1 0.646484375 0.3840277777777778 0.00859375 0.016666666666666666
1 0.622265625 0.48819444444444443 0.02265625 0.03333333333333333
1 0.6515625 0.5138888888888888 0.02734375 0.03888888888888889
1 0.594140625 0.48680555555555555 0.015625 0.02361111111111111
1 0.528125 0.5319444444444444 0.0234375 0.06805555555555555
1 0.483203125 0.5451388888888888 0.01875 0.03333333333333333
1 0.455078125 0.5402777777777777 0.01875 0.03888888888888889
1 0.412109375 0.6548611111111111 0.0359375 0.09305555555555556
1 0.43828125 0.6902777777777778 0.034375 0.09027777777777778
1 0.465234375 0.6770833333333334 0.03203125 0.06666666666666667
1 0.509765625 0.6840277777777778 0.04609375 0.11666666666666667
1 0.496484375 0.6020833333333333 0.0265625 0.044444444444444446
1 0.52421875 0.60625 0.01875 0.043055555555555555
1 0.575 0.5979166666666667 0.0109375 0.019444444444444445
1 0.5984375 0.5972222222222222 0.034375 0.03611111111111111
1 0.58203125 0.6270833333333333 0.0171875 0.022222222222222223
1 0.58828125 0.6798611111111111 0.01328125 0.02361111111111111
1 0.488671875 0.8020833333333334 0.05703125 0.0763888888888889
1 0.52578125 0.8694444444444445 0.0359375 0.05
1 0.4140625 0.9840277777777777 0.01875 0.03194444444444444
1 0.430078125 0.9923611111111111 0.01171875 0.015277777777777777
1 0.467578125 0.9868055555555556 0.01484375 0.02638888888888889
1 0.4359375 0.9069444444444444 0.00703125 0.019444444444444445
1 0.615625 0.9236111111111112 0.01953125 0.03194444444444444
1 0.626171875 0.9618055555555556 0.01484375 0.030555555555555555
0 0.572265625 0.09722222222222222 0.15234375 0.19444444444444445
1 0.675 0.35 0.02265625 0.03194444444444444
0 0.5953125 0.3638888888888889 0.1921875 0.28194444444444444
0 0.609765625 0.6722222222222223 0.1453125 0.40694444444444444
0 0.640625 0.75625 0.1734375 0.25416666666666665
0 0.586328125 0.9388888888888889 0.0859375 0.12222222222222222