1 0.565625 0.35 0.021875 0.035416666666666666
1 0.81796875 0.175 0.0375 0.04583333333333333
1 0.86328125 0.11875 0.015625 0.025
1 0.58828125 0.15833333333333333 0.0125 0.020833333333333332
1 0.43515625 0.007291666666666667 0.028125 0.014583333333333334
1 0.3328125 0.026041666666666668 0.01875 0.016666666666666666
1 0.1609375 0.621875 0.0234375 0.022916666666666665
1 0.76484375 0.48333333333333334 0.025 0.020833333333333332
0 0.68515625 0.24166666666666667 0.1640625 0.20208333333333334
1 0.80078125 0.65625 0.01875 0.025
1 0.5171875 0.023958333333333335 0.01875 0.0125
1 0.8328125 0.5614583333333333 0.0203125 0.01875
0 0.66171875 0.9145833333333333 0.1046875 0.17083333333333334
0 0.65546875 0.7302083333333333 0.184375 0.12708333333333333
0 0.621875 0.5291666666666667 0.2515625 0.09166666666666666
0 0.60859375 0.075 0.165625 0.15
1 0.5265625 0.690625 0.1609375 0.24375
1 0.659375 0.8145833333333333 0.025 0.03125
1 0.7875 0.8541666666666666 0.034375 0.035416666666666666
1 0.8203125 0.78125 0.0375 0.058333333333333334
1 0.54296875 0.9822916666666667 0.021875 0.029166666666666667
1 0.0640625 0.7291666666666666 0.0453125 0.041666666666666664
1 0.053125 0.6604166666666667 0.01875 0.0125