1 0.60234375 0.509375 0.025 0.03125
1 0.57109375 0.5010416666666667 0.028125 0.03125
1 0.48515625 0.5802083333333333 0.0875 0.1
0 0.6421875 0.10520833333333333 0.359375 0.20833333333333334
0 0.61640625 0.2677083333333333 0.45625 0.23541666666666666
0 0.4796875 0.8541666666666666 0.4015625 0.2916666666666667
1 0.93203125 0.15416666666666667 0.0125 0.016666666666666666
1 0.809375 0.7666666666666667 0.0390625 0.058333333333333334
1 0.290625 0.009375 0.03125 0.01875
1 0.46171875 0.071875 0.028125 0.04791666666666667
1 0.796875 0.07708333333333334 0.015625 0.01875
1 0.9796875 0.1125 0.0125 0.022916666666666665
1 0.6140625 0.728125 0.0296875 0.0375
1 0.975 0.95625 0.025 0.035416666666666666
1 0.96796875 0.9875 0.0125 0.016666666666666666
1 0.9859375 0.9885416666666667 0.0109375 0.01875
1 0.63984375 0.98125 0.0125 0.020833333333333332
1 0.61484375 0.9916666666666667 0.025 0.016666666666666666
1 0.46484375 0.9625 0.0359375 0.03958333333333333
1 0.459375 0.921875 0.015625 0.027083333333333334
1 0.4421875 0.934375 0.03125 0.025
1 0.2921875 0.9239583333333333 0.01875 0.027083333333333334
1 0.29453125 0.9833333333333333 0.0203125 0.029166666666666667
1 0.3140625 0.9770833333333333 0.0171875 0.016666666666666666
1 0.3359375 0.5072916666666667 0.025 0.027083333333333334
1 0.265625 0.596875 0.0234375 0.03333333333333333
1 0.3375 0.7260416666666667 0.0265625 0.03333333333333333
1 0.31328125 0.7354166666666667 0.01875 0.016666666666666666
1 0.2140625 0.6604166666666667 0.0359375 0.03333333333333333
1 0.5546875 0.384375 0.025 0.0375
1 0.4296875 0.321875 0.0296875 0.03125
1 0.5578125 0.22916666666666666 0.01875 0.03125
1 0.66875 0.08854166666666667 0.028125 0.0375
1 0.890625 0.14895833333333333 0.0171875 0.016666666666666666
1 0.91328125 0.058333333333333334 0.0171875 0.014583333333333334
1 0.89375 0.103125 0.021875 0.027083333333333334
1 0.9578125 0.2864583333333333 0.028125 0.03333333333333333
1 0.98046875 0.36041666666666666 0.0140625 0.020833333333333332
1 0.95078125 0.5145833333333333 0.0234375 0.04583333333333333
1 0.93671875 0.48125 0.015625 0.020833333333333332
1 0.8671875 0.653125 0.0125 0.025
1 0.8875 0.6614583333333334 0.0265625 0.03125
1 0.9203125 0.59375 0.021875 0.025
1 0.66328125 0.546875 0.0140625 0.014583333333333334
1 0.68671875 0.5364583333333334 0.0296875 0.052083333333333336
1 0.7640625 0.5229166666666667 0.025 0.04791666666666667
1 0.7046875 0.4583333333333333 0.0296875 0.027083333333333334
1 0.59453125 0.44375 0.0171875 0.029166666666666667
1 0.6046875 0.4739583333333333 0.0375 0.03125
1 0.33828125 0.1 0.0203125 0.029166666666666667