1 0.37265625 0.30625 0.028125 0.041666666666666664
1 0.04296875 0.478125 0.03125 0.041666666666666664
1 0.0625 0.43125 0.0296875 0.0375
1 0.0796875 0.4583333333333333 0.0140625 0.020833333333333332
1 0.09921875 0.515625 0.0234375 0.041666666666666664
1 0.0984375 0.515625 0.0171875 0.04583333333333333
1 0.109375 0.553125 0.0265625 0.03125
1 0.0546875 0.553125 0.0234375 0.035416666666666666
1 0.24140625 0.4354166666666667 0.021875 0.029166666666666667
1 0.1828125 0.4322916666666667 0.021875 0.022916666666666665
1 0.28046875 0.321875 0.03125 0.03125
1 0.2046875 0.19791666666666666 0.0609375 0.05416666666666667
1 0.31640625 0.21041666666666667 0.0375 0.04583333333333333
1 0.2546875 0.23125 0.0234375 0.03333333333333333
1 0.2140625 0.140625 0.021875 0.020833333333333332
1 0.15625 0.11979166666666667 0.015625 0.027083333333333334
1 0.05546875 0.103125 0.015625 0.020833333333333332
1 0.0109375 0.10625 0.021875 0.022916666666666665
1 0.16171875 0.005208333333333333 0.025 0.010416666666666666
1 0.1625 0.026041666666666668 0.025 0.01875
1 0.22109375 0.040625 0.028125 0.025
1 0.2296875 0.010416666666666666 0.0421875 0.020833333333333332
1 0.2578125 0.04479166666666667 0.015625 0.020833333333333332
1 0.26875 0.019791666666666666 0.015625 0.03333333333333333
1 0.35 0.021875 0.053125 0.04375
1 0.31484375 0.12395833333333334 0.025 0.04791666666666667
1 0.096875 0.26145833333333335 0.015625 0.027083333333333334
1 0.16875 0.29583333333333334 0.0171875 0.027083333333333334
1 0.16328125 0.3333333333333333 0.028125 0.029166666666666667
1 0.2890625 0.365625 0.0234375 0.03125
1 0.3828125 0.4083333333333333 0.0171875 0.025
1 0.33828125 0.3072916666666667 0.0265625 0.027083333333333334
1 0.58828125 0.14479166666666668 0.0265625 0.025
1 0.60234375 0.184375 0.03125 0.035416666666666666
1 0.61171875 0.2791666666666667 0.025 0.035416666666666666
1 0.7171875 0.20104166666666667 0.021875 0.029166666666666667
1 0.66171875 0.41875 0.0296875 0.03125
1 0.58671875 0.5354166666666667 0.078125 0.052083333333333336
1 0.64609375 0.55 0.0125 0.0375
1 0.45234375 0.5510416666666667 0.01875 0.03333333333333333
1 0.3171875 0.6072916666666667 0.015625 0.020833333333333332
1 0.28203125 0.5895833333333333 0.015625 0.025
1 0.63515625 0.7072916666666667 0.0109375 0.016666666666666666
1 0.87578125 0.8020833333333334 0.0140625 0.027083333333333334
1 0.85390625 0.8572916666666667 0.0078125 0.01875
1 0.4765625 0.3385416666666667 0.0046875 0.014583333333333334
1 0.1703125 0.5864583333333333 0.0140625 0.027083333333333334
1 0.45546875 0.60625 0.0140625 0.016666666666666666
1 0.50703125 0.37395833333333334 0.0125 0.014583333333333334
1 0.51875 0.010416666666666666 0.015625 0.020833333333333332
1 0.44296875 0.011458333333333333 0.025 0.022916666666666665
1 0.2828125 0.890625 0.01875 0.022916666666666665
1 0.78515625 0.9260416666666667 0.021875 0.014583333333333334
1 0.7328125 0.8864583333333333 0.0140625 0.020833333333333332
1 0.6875 0.9864583333333333 0.0265625 0.027083333333333334
1 0.8375 0.026041666666666668 0.028125 0.052083333333333336
1 0.696875 0.03333333333333333 0.0234375 0.03125
1 0.8875 0.15625 0.0296875 0.0375
1 0.83828125 0.13229166666666667 0.034375 0.041666666666666664
1 0.9125 0.5270833333333333 0.0234375 0.020833333333333332
1 0.73671875 0.5177083333333333 0.028125 0.03125
1 0.7375 0.565625 0.0296875 0.03333333333333333
1 0.70234375 0.5520833333333334 0.0140625 0.03125
1 0.6875 0.6604166666666667 0.025 0.04791666666666667
1 0.58671875 0.6520833333333333 0.028125 0.03125
1 0.6453125 0.7927083333333333 0.03125 0.04583333333333333
1 0.615625 0.7510416666666667 0.01875 0.035416666666666666
1 0.54375 0.7479166666666667 0.01875 0.025
1 0.4640625 0.85625 0.021875 0.020833333333333332
1 0.4875 0.9395833333333333 0.0296875 0.041666666666666664
1 0.36484375 0.93125 0.021875 0.03125
1 0.296875 0.9489583333333333 0.0234375 0.025
1 0.00859375 0.81875 0.0171875 0.04375
1 0.01171875 0.759375 0.0234375 0.03333333333333333
1 0.11328125 0.734375 0.028125 0.029166666666666667
1 0.10625 0.6333333333333333 0.01875 0.027083333333333334
1 0.02265625 0.5739583333333333 0.021875 0.027083333333333334
1 0.0609375 0.6822916666666666 0.025 0.020833333333333332
1 0.02109375 0.690625 0.0234375 0.022916666666666665
1 0.1453125 0.27291666666666664 0.0109375 0.0125
1 0.26953125 0.5322916666666667 0.0171875 0.022916666666666665
1 0.32421875 0.5114583333333333 0.0296875 0.029166666666666667
1 0.06875 0.48333333333333334 0.015625 0.020833333333333332
1 0.13828125 0.490625 0.0265625 0.020833333333333332
1 0.22890625 0.6416666666666667 0.0109375 0.01875
0 0.4515625 0.775 0.084375 0.33958333333333335
0 0.45625 0.43854166666666666 0.121875 0.275
0 0.4375 0.20520833333333333 0.046875 0.2875