0 0.0921875 0.6055555555555555 0.18046875 0.4791666666666667
0 0.113671875 0.10208333333333333 0.09296875 0.20416666666666666
1 0.596875 0.024305555555555556 0.025 0.04583333333333333
1 0.580078125 0.19791666666666666 0.0140625 0.019444444444444445
1 0.304296875 0.9909722222222223 0.02421875 0.016666666666666666
1 0.94375 0.22152777777777777 0.01328125 0.022222222222222223
1 0.855859375 0.9763888888888889 0.01328125 0.027777777777777776
1 0.854296875 0.5569444444444445 0.03671875 0.05
1 0.69375 0.21805555555555556 0.01171875 0.029166666666666667
1 0.8359375 0.02638888888888889 0.0265625 0.05
1 0.503125 0.94375 0.02578125 0.05
0 0.184375 0.9777777777777777 0.046875 0.041666666666666664
1 0.601171875 0.06388888888888888 0.01171875 0.018055555555555554
1 0.910546875 0.11805555555555555 0.04609375 0.05555555555555555
1 0.8 0.6590277777777778 0.03359375 0.03888888888888889
1 0.88671875 0.27569444444444446 0.02890625 0.05138888888888889
1 0.473828125 0.5826388888888889 0.0078125 0.020833333333333332
1 0.803125 0.5138888888888888 0.01796875 0.029166666666666667
1 0.883984375 0.018055555555555554 0.0359375 0.03611111111111111
1 0.806640625 0.20277777777777778 0.01484375 0.03194444444444444
1 0.923046875 0.46111111111111114 0.0125 0.018055555555555554
1 0.029296875 0.14791666666666667 0.05703125 0.1111111111111111
1 0.541015625 0.006944444444444444 0.0203125 0.013888888888888888
1 0.80390625 0.7986111111111112 0.02421875 0.044444444444444446
1 0.705859375 0.08402777777777778 0.01328125 0.022222222222222223
1 0.357421875 0.10277777777777777 0.025 0.04583333333333333
1 0.986328125 0.2520833333333333 0.02734375 0.04861111111111111
1 0.983203125 0.12430555555555556 0.03203125 0.0763888888888889
1 0.92109375 0.19166666666666668 0.0328125 0.08472222222222223
1 0.551953125 0.19583333333333333 0.0203125 0.034722222222222224
1 0.54140625 0.4756944444444444 0.0390625 0.10833333333333334
1 0.75546875 0.2659722222222222 0.01171875 0.019444444444444445
1 0.716015625 0.21805555555555556 0.00859375 0.009722222222222222
1 0.733984375 0.059722222222222225 0.021875 0.034722222222222224
1 0.588671875 0.9833333333333333 0.040625 0.03333333333333333
1 0.785546875 0.016666666666666666 0.0265625 0.03333333333333333
1 0.206640625 0.2604166666666667 0.01953125 0.05
1 0.616015625 0.8138888888888889 0.0171875 0.05
1 0.833984375 0.29097222222222224 0.015625 0.04027777777777778
1 0.99609375 0.4625 0.0078125 0.022222222222222223
1 0.88671875 0.33819444444444446 0.0171875 0.05
1 0.719140625 0.022222222222222223 0.05390625 0.044444444444444446
1 0.91875 0.5166666666666667 0.01796875 0.043055555555555555
1 0.9953125 0.41180555555555554 0.009375 0.05277777777777778
1 0.85859375 0.38333333333333336 0.0171875 0.02361111111111111
1 0.2375 0.7986111111111112 0.02265625 0.043055555555555555
1 0.2265625 0.5375 0.090625 0.14722222222222223
1 0.82421875 0.06597222222222222 0.01875 0.0125
1 0.858203125 0.32222222222222224 0.0203125 0.04583333333333333
1 0.864453125 0.13333333333333333 0.03359375 0.043055555555555555
1 0.80625 0.10833333333333334 0.0140625 0.025
1 0.779296875 0.3020833333333333 0.0140625 0.03611111111111111
1 0.87265625 0.4583333333333333 0.08515625 0.12638888888888888
1 0.09765625 0.9013888888888889 0.02578125 0.041666666666666664
1 0.299609375 0.7958333333333333 0.03125 0.08333333333333333
1 0.84296875 0.5305555555555556 0.01484375 0.030555555555555555
1 0.991796875 0.29375 0.01640625 0.027777777777777776
1 0.752734375 0.30625 0.025 0.034722222222222224
1 0.076953125 0.5090277777777777 0.040625 0.041666666666666664
1 0.96015625 0.049305555555555554 0.0796875 0.09861111111111111
1 0.382421875 0.6854166666666667 0.009375 0.008333333333333333
1 0.809375 0.4083333333333333 0.0203125 0.04861111111111111
1 0.081640625 0.27847222222222223 0.01328125 0.02361111111111111
1 0.2140625 0.35 0.01640625 0.034722222222222224
1 0.060546875 0.6680555555555555 0.01875 0.030555555555555555
1 0.478125 0.09097222222222222 0.02265625 0.04027777777777778
1 0.858203125 0.07569444444444444 0.0359375 0.05
1 0.31796875 0.6861111111111111 0.059375 0.08611111111111111
1 0.68203125 0.01597222222222222 0.0140625 0.03194444444444444
1 0.401171875 0.37777777777777777 0.0171875 0.015277777777777777
1 0.413671875 0.5534722222222223 0.0171875 0.03611111111111111
1 0.061328125 0.41875 0.02578125 0.025
1 0.04296875 0.24444444444444444 0.01328125 0.027777777777777776
1 0.176171875 0.2590277777777778 0.02578125 0.041666666666666664
1 0.31484375 0.8472222222222222 0.01328125 0.022222222222222223
1 0.341796875 0.9402777777777778 0.01640625 0.03611111111111111
1 0.04609375 0.005555555555555556 0.01875 0.011111111111111112
1 0.524609375 0.7604166666666666 0.01875 0.030555555555555555
1 0.986328125 0.7416666666666667 0.02109375 0.07083333333333333
1 0.125390625 0.18958333333333333 0.0140625 0.02638888888888889
1 0.056640625 0.7972222222222223 0.0265625 0.04583333333333333
1 0.924609375 0.3347222222222222 0.0109375 0.02361111111111111
1 0.09921875 0.16805555555555557 0.03125 0.07916666666666666
1 0.38203125 0.7284722222222222 0.01796875 0.0375
1 0.3296875 0.9784722222222222 0.02109375 0.0375
1 0.267578125 0.9756944444444444 0.0140625 0.022222222222222223
1 0.3015625 0.3715277777777778 0.01640625 0.02361111111111111
1 0.765234375 0.4888888888888889 0.01328125 0.02638888888888889
1 0.6734375 0.8388888888888889 0.0125 0.02361111111111111
1 0.501953125 0.03611111111111111 0.0125 0.019444444444444445
1 0.140625 0.7006944444444444 0.0484375 0.06666666666666667
1 0.631640625 0.8895833333333333 0.03359375 0.05694444444444444
1 0.23046875 0.8583333333333333 0.0140625 0.022222222222222223
1 0.016015625 0.0125 0.03203125 0.025
1 0.2484375 0.6798611111111111 0.0484375 0.06666666666666667
1 0.47890625 0.011805555555555555 0.015625 0.02361111111111111
1 0.921875 0.8409722222222222 0.02890625 0.043055555555555555
1 0.593359375 0.33611111111111114 0.0578125 0.1125
1 0.77109375 0.11597222222222223 0.0484375 0.10833333333333334
1 0.72421875 0.41180555555555554 0.015625 0.03333333333333333
1 0.230859375 0.11666666666666667 0.103125 0.23333333333333334
1 0.83984375 0.8152777777777778 0.021875 0.029166666666666667
1 0.16171875 0.7680555555555556 0.01640625 0.02638888888888889
1 0.705859375 0.8375 0.04453125 0.10416666666666667
1 0.527734375 0.9819444444444444 0.01953125 0.03333333333333333
1 0.535546875 0.08680555555555555 0.021875 0.03611111111111111
1 0.574609375 0.5013888888888889 0.02265625 0.027777777777777776
1 0.578515625 0.9305555555555556 0.02109375 0.03611111111111111
1 0.72421875 0.3486111111111111 0.01328125 0.029166666666666667
1 0.375 0.022222222222222223 0.0234375 0.044444444444444446
1 0.6609375 0.9909722222222223 0.0203125 0.018055555555555554
1 0.18828125 0.059027777777777776 0.01640625 0.041666666666666664
1 0.296875 0.11944444444444445 0.01796875 0.029166666666666667
1 0.5828125 0.5993055555555555 0.02265625 0.03333333333333333
1 0.561328125 0.6652777777777777 0.0265625 0.05138888888888889
1 0.50703125 0.9909722222222223 0.01640625 0.018055555555555554
1 0.14609375 0.43680555555555556 0.05234375 0.08055555555555556
1 0.291015625 0.33958333333333335 0.02109375 0.03611111111111111
1 0.619921875 0.6451388888888889 0.01171875 0.03611111111111111
1 0.672265625 0.5715277777777777 0.04140625 0.12361111111111112
1 0.77109375 0.39861111111111114 0.04921875 0.06666666666666667
1 0.5015625 0.17569444444444443 0.0390625 0.06388888888888888
1 0.459375 0.9645833333333333 0.03203125 0.029166666666666667
1 0.564453125 0.8666666666666667 0.03515625 0.04722222222222222
1 0.315234375 0.5423611111111111 0.0578125 0.1
1 0.784765625 0.7034722222222223 0.0359375 0.05694444444444444
1 0.019921875 0.4597222222222222 0.0359375 0.04861111111111111
1 0.92890625 0.8048611111111111 0.0078125 0.0125
1 0.2921875 0.2263888888888889 0.0140625 0.02361111111111111
1 0.9203125 0.7152777777777778 0.00703125 0.016666666666666666
1 0.6015625 0.49166666666666664 0.02578125 0.04027777777777778
1 0.915234375 0.6506944444444445 0.04140625 0.08333333333333333
1 0.5265625 0.35555555555555557 0.01328125 0.03888888888888889
1 0.71875 0.5034722222222222 0.05078125 0.09166666666666666
1 0.75859375 0.9159722222222222 0.021875 0.05
1 0.51953125 0.9069444444444444 0.01796875 0.034722222222222224
1 0.840234375 0.7145833333333333 0.02265625 0.041666666666666664
1 0.80859375 0.9020833333333333 0.021875 0.030555555555555555
1 0.984765625 0.5854166666666667 0.03046875 0.041666666666666664
1 0.490234375 0.13472222222222222 0.01953125 0.03333333333333333
1 0.905078125 0.7826388888888889 0.0359375 0.06111111111111111
1 0.699609375 0.31805555555555554 0.028125 0.0375
1 0.733203125 0.7 0.05390625 0.125
1 0.76875 0.9770833333333333 0.0140625 0.022222222222222223
1 0.706640625 0.3923611111111111 0.02734375 0.04722222222222222
1 0.881640625 0.7472222222222222 0.01484375 0.02361111111111111
1 0.691015625 0.7013888888888888 0.01484375 0.02638888888888889
1 0.85234375 0.6347222222222222 0.03828125 0.05694444444444444
1 0.77109375 0.5666666666666667 0.02421875 0.05138888888888889
1 0.468359375 0.7611111111111111 0.021875 0.05138888888888889
1 0.814453125 0.7027777777777777 0.021875 0.059722222222222225
1 0.663671875 0.46111111111111114 0.01953125 0.02361111111111111
1 0.520703125 0.8222222222222222 0.0234375 0.043055555555555555
1 0.906640625 0.9375 0.0515625 0.11388888888888889
1 0.618359375 0.5416666666666666 0.028125 0.043055555555555555
1 0.991796875 0.6326388888888889 0.015625 0.03611111111111111
1 0.52734375 0.2791666666666667 0.046875 0.06944444444444445
1 0.99140625 0.5354166666666667 0.01328125 0.029166666666666667
1 0.494921875 0.009027777777777777 0.01484375 0.018055555555555554
0 0.695703125 0.38958333333333334 0.11796875 0.1388888888888889
1 0.630859375 0.4340277777777778 0.028125 0.04722222222222222
1 0.604296875 0.7263888888888889 0.0234375 0.034722222222222224
0 0.1328125 0.3736111111111111 0.190625 0.11805555555555555
0 0.13125 0.8041666666666667 0.09375 0.39166666666666666
1 0.95546875 0.24861111111111112 0.0203125 0.03333333333333333
1 0.617578125 0.9340277777777778 0.0546875 0.09305555555555556
1 0.706640625 0.34375 0.0109375 0.013888888888888888
1 0.3359375 0.006944444444444444 0.0234375 0.013888888888888888
1 0.47578125 0.6930555555555555 0.028125 0.04861111111111111
1 0.616796875 0.14652777777777778 0.0796875 0.075
0 0.6734375 0.6229166666666667 0.1859375 0.275
0 0.63359375 0.05416666666666667 0.08984375 0.10833333333333334
1 0.640234375 0.059722222222222225 0.0203125 0.03194444444444444
0 0.676171875 0.8972222222222223 0.09375 0.20555555555555555