1 0.27265625 0.46770833333333334 0.0390625 0.052083333333333336
1 0.07734375 0.3489583333333333 0.01875 0.01875
1 0.16953125 0.378125 0.01875 0.03958333333333333
1 0.2859375 0.25 0.015625 0.022916666666666665
1 0.03515625 0.20208333333333334 0.015625 0.022916666666666665
1 0.20234375 0.011458333333333333 0.021875 0.020833333333333332
1 0.55 0.010416666666666666 0.025 0.01875
1 0.73671875 0.34791666666666665 0.0078125 0.0125
1 0.6984375 0.5979166666666667 0.009375 0.010416666666666666
1 0.51640625 0.7270833333333333 0.028125 0.05
0 0.5078125 0.2677083333333333 0.4984375 0.30833333333333335
0 0.51015625 0.06458333333333334 0.28125 0.12708333333333333
1 0.77890625 0.5645833333333333 0.028125 0.022916666666666665
1 0.52109375 0.234375 0.03125 0.035416666666666666
1 0.50390625 0.353125 0.0234375 0.029166666666666667
1 0.59140625 0.434375 0.0296875 0.025
1 0.71953125 0.48541666666666666 0.0234375 0.025
1 0.778125 0.4583333333333333 0.015625 0.022916666666666665
1 0.79375 0.39791666666666664 0.06875 0.07291666666666667
1 0.9078125 0.37916666666666665 0.0265625 0.035416666666666666
1 0.88671875 0.08958333333333333 0.025 0.03333333333333333
1 0.82421875 0.12708333333333333 0.0453125 0.052083333333333336
0 0.35078125 0.9145833333333333 0.103125 0.17083333333333334
0 0.403125 0.8010416666666667 0.0875 0.39791666666666664
0 0.32578125 0.5239583333333333 0.2546875 0.40208333333333335
1 0.81015625 0.48854166666666665 0.015625 0.01875
1 0.93984375 0.2947916666666667 0.0515625 0.07916666666666666
1 0.9609375 0.20729166666666668 0.0234375 0.025
1 0.99140625 0.17604166666666668 0.015625 0.027083333333333334
1 0.84921875 0.10625 0.0140625 0.027083333333333334
1 0.86484375 0.07604166666666666 0.021875 0.027083333333333334
1 0.709375 0.03854166666666667 0.0140625 0.014583333333333334
1 0.9921875 0.5458333333333333 0.0140625 0.06875
1 0.97265625 0.7697916666666667 0.0265625 0.035416666666666666
1 0.84375 0.703125 0.0140625 0.01875
1 0.79296875 0.7822916666666667 0.034375 0.05
1 0.66953125 0.7302083333333333 0.021875 0.022916666666666665
1 0.67421875 0.7885416666666667 0.0234375 0.03333333333333333
1 0.67578125 0.7552083333333334 0.01875 0.01875
1 0.5 0.7302083333333333 0.028125 0.022916666666666665
1 0.5609375 0.78125 0.0546875 0.06666666666666667
1 0.86875 0.8875 0.01875 0.025
1 0.821875 0.884375 0.01875 0.029166666666666667
1 0.85078125 0.790625 0.01875 0.016666666666666666
1 0.58984375 0.9635416666666666 0.0328125 0.041666666666666664
1 0.59765625 0.9927083333333333 0.0390625 0.014583333333333334
1 0.48984375 0.9854166666666667 0.0171875 0.020833333333333332
1 0.42734375 0.8791666666666667 0.025 0.03333333333333333
1 0.41015625 0.6489583333333333 0.0171875 0.022916666666666665
1 0.18828125 0.9479166666666666 0.0515625 0.05416666666666667
1 0.16171875 0.7510416666666667 0.021875 0.025