0 0.6046875 0.3236111111111111 0.0921875 0.39444444444444443
0 0.571875 0.13680555555555557 0.22578125 0.27361111111111114
0 0.069140625 0.9020833333333333 0.13828125 0.19583333333333333
0 0.078515625 0.8097222222222222 0.0921875 0.38055555555555554
0 0.066015625 0.5805555555555556 0.125 0.25277777777777777
0 0.063671875 0.32708333333333334 0.12734375 0.25555555555555554
0 0.06171875 0.09236111111111112 0.1234375 0.18055555555555555
1 0.140625 0.08263888888888889 0.02421875 0.03888888888888889
1 0.17421875 0.68125 0.03828125 0.07361111111111111
1 0.66953125 0.3840277777777778 0.03984375 0.05138888888888889
1 0.985546875 0.30069444444444443 0.02421875 0.11527777777777778
1 0.78671875 0.32708333333333334 0.0328125 0.075
1 0.945703125 0.19375 0.021875 0.034722222222222224
1 0.145703125 0.9576388888888889 0.0359375 0.04861111111111111
1 0.220703125 0.9381944444444444 0.02265625 0.043055555555555555
1 0.441796875 0.6833333333333333 0.01796875 0.03194444444444444
1 0.9015625 0.6916666666666667 0.04296875 0.05277777777777778
1 0.8796875 0.30486111111111114 0.0234375 0.05
1 0.785546875 0.4201388888888889 0.03515625 0.059722222222222225
1 0.930859375 0.09236111111111112 0.0328125 0.06805555555555555
1 0.51640625 0.6673611111111111 0.05234375 0.06805555555555555
1 0.19609375 0.22083333333333333 0.0234375 0.03611111111111111
1 0.07421875 0.4965277777777778 0.02421875 0.044444444444444446
1 0.619921875 0.46041666666666664 0.01953125 0.03611111111111111
1 0.873046875 0.7368055555555556 0.0171875 0.03611111111111111
1 0.940234375 0.03263888888888889 0.021875 0.041666666666666664
1 0.78671875 0.8277777777777777 0.02421875 0.044444444444444446
1 0.18515625 0.36527777777777776 0.025 0.04583333333333333
1 0.528125 0.6194444444444445 0.01875 0.029166666666666667
1 0.620703125 0.6465277777777778 0.02109375 0.03333333333333333
1 0.69140625 0.5555555555555556 0.0296875 0.04861111111111111
1 0.980859375 0.6541666666666667 0.0328125 0.06111111111111111
1 0.731640625 0.79375 0.0203125 0.04027777777777778
1 0.11640625 0.021527777777777778 0.0265625 0.043055555555555555
1 0.7640625 0.8902777777777777 0.0234375 0.04722222222222222
1 0.83203125 0.31666666666666665 0.01796875 0.03333333333333333
1 0.15078125 0.1986111111111111 0.0328125 0.04583333333333333
1 0.612890625 0.975 0.028125 0.04583333333333333
1 0.012890625 0.3458333333333333 0.025 0.08194444444444444
1 0.65703125 0.6555555555555556 0.02421875 0.06944444444444445
1 0.78203125 0.95625 0.0296875 0.05277777777777778
1 0.544140625 0.4361111111111111 0.02890625 0.041666666666666664
1 0.59921875 0.51875 0.02265625 0.03194444444444444
1 0.623046875 0.38819444444444445 0.021875 0.041666666666666664
1 0.208203125 0.0875 0.02421875 0.03194444444444444
1 0.89296875 0.21319444444444444 0.02109375 0.044444444444444446
1 0.344921875 0.027083333333333334 0.015625 0.02638888888888889
1 0.42265625 0.4222222222222222 0.01328125 0.04027777777777778
1 0.119140625 0.4736111111111111 0.015625 0.030555555555555555
1 0.937890625 0.4930555555555556 0.01796875 0.022222222222222223
1 0.5484375 0.017361111111111112 0.01484375 0.02361111111111111
1 0.976171875 0.1 0.02421875 0.03194444444444444
1 0.36484375 0.5576388888888889 0.0125 0.029166666666666667
1 0.1203125 0.38472222222222224 0.0171875 0.03194444444444444
1 0.19609375 0.9666666666666667 0.01875 0.027777777777777776
1 0.64375 0.6006944444444444 0.01953125 0.03611111111111111
1 0.06875 0.4305555555555556 0.01875 0.03888888888888889
1 0.71015625 0.9368055555555556 0.01640625 0.02361111111111111
1 0.5703125 0.9 0.0140625 0.02361111111111111
1 0.08828125 0.1986111111111111 0.01484375 0.022222222222222223
0 0.634375 0.64375 0.17265625 0.42083333333333334
0 0.653515625 0.7229166666666667 0.17265625 0.3625
1 0.534375 0.24027777777777778 0.03359375 0.058333333333333334
1 0.259375 0.9159722222222222 0.02578125 0.03888888888888889
1 0.896875 0.8145833333333333 0.0390625 0.059722222222222225