1 0.04140625 0.9145833333333333 0.028125 0.03333333333333333
1 0.1765625 0.8645833333333334 0.0140625 0.035416666666666666
1 0.165625 0.153125 0.0125 0.016666666666666666
1 0.26015625 0.21145833333333333 0.0125 0.020833333333333332
0 0.46875 0.5166666666666667 0.471875 0.2520833333333333
0 0.5703125 0.85625 0.5671875 0.28125
1 0.75703125 0.05416666666666667 0.0234375 0.0375
0 0.64765625 0.13541666666666666 0.15 0.2708333333333333
0 0.48046875 0.11770833333333333 0.453125 0.23541666666666666
0 0.62421875 0.9583333333333334 0.296875 0.08125
1 0.93515625 0.9072916666666667 0.01875 0.05416666666666667
1 0.9140625 0.896875 0.025 0.022916666666666665
1 0.9234375 0.965625 0.0125 0.020833333333333332
1 0.91015625 0.9552083333333333 0.0125 0.01875
1 0.9046875 0.978125 0.0546875 0.04375
1 0.87265625 0.9916666666666667 0.0234375 0.016666666666666666
1 0.91015625 0.925 0.0234375 0.025
1 0.87578125 0.8135416666666667 0.0453125 0.05
1 0.72734375 0.809375 0.0609375 0.075
1 0.6703125 0.7583333333333333 0.0421875 0.0375
1 0.8078125 0.74375 0.01875 0.03333333333333333
1 0.6234375 0.6302083333333334 0.0265625 0.01875
1 0.63359375 0.515625 0.028125 0.07083333333333333
1 0.653125 0.5114583333333333 0.0125 0.03333333333333333
1 0.6875 0.490625 0.040625 0.04791666666666667
1 0.6171875 0.484375 0.0078125 0.014583333333333334
1 0.6078125 0.5114583333333333 0.0125 0.01875
1 0.60390625 0.475 0.025 0.04791666666666667
1 0.575 0.490625 0.021875 0.03125
1 0.6171875 0.41354166666666664 0.0421875 0.041666666666666664
1 0.73984375 0.5052083333333334 0.0109375 0.016666666666666666
1 0.8875 0.5020833333333333 0.0140625 0.022916666666666665
1 0.74921875 0.459375 0.0421875 0.05
1 0.74765625 0.41770833333333335 0.0296875 0.020833333333333332
1 0.7203125 0.421875 0.0234375 0.03125
1 0.72734375 0.55625 0.021875 0.027083333333333334
1 0.77578125 0.6072916666666667 0.0171875 0.022916666666666665
1 0.76171875 0.6302083333333334 0.015625 0.025
1 0.7890625 0.48125 0.0140625 0.020833333333333332
1 0.8203125 0.4875 0.0296875 0.04375
1 0.8703125 0.421875 0.0546875 0.07083333333333333
1 0.92265625 0.278125 0.015625 0.025
1 0.903125 0.29583333333333334 0.03125 0.04375
1 0.896875 0.3375 0.015625 0.016666666666666666
1 0.86640625 0.309375 0.0328125 0.029166666666666667
1 0.8625 0.28125 0.034375 0.03125
1 0.51015625 0.23854166666666668 0.0140625 0.020833333333333332
1 0.4890625 0.240625 0.0140625 0.016666666666666666
1 0.47109375 0.234375 0.0203125 0.025
1 0.553125 0.23020833333333332 0.0296875 0.04375
1 0.78828125 0.27395833333333336 0.025 0.03333333333333333
1 0.93203125 0.3 0.01875 0.029166666666666667
1 0.934375 0.011458333333333333 0.028125 0.01875
1 0.97578125 0.234375 0.0265625 0.03125
1 0.946875 0.22395833333333334 0.0171875 0.020833333333333332
1 0.89296875 0.17291666666666666 0.025 0.014583333333333334
1 0.8140625 0.027083333333333334 0.0203125 0.0375
1 0.67265625 0.31979166666666664 0.0296875 0.020833333333333332
1 0.00859375 0.4583333333333333 0.0171875 0.022916666666666665
1 0.22109375 0.27708333333333335 0.06875 0.06875
1 0.11875 0.29791666666666666 0.021875 0.035416666666666666
1 0.2484375 0.08020833333333334 0.021875 0.029166666666666667
1 0.9484375 0.925 0.0171875 0.016666666666666666
1 0.96328125 0.9364583333333333 0.0171875 0.022916666666666665
1 0.41484375 0.5989583333333334 0.0265625 0.027083333333333334
1 0.42265625 0.7552083333333334 0.0234375 0.027083333333333334
1 0.40390625 0.7802083333333333 0.028125 0.027083333333333334
1 0.271875 0.7979166666666667 0.0328125 0.027083333333333334
1 0.25859375 0.83125 0.0234375 0.022916666666666665
1 0.278125 0.7166666666666667 0.021875 0.027083333333333334
1 0.265625 0.734375 0.0203125 0.022916666666666665
1 0.25 0.75625 0.0203125 0.029166666666666667
1 0.1734375 0.7229166666666667 0.01875 0.027083333333333334
1 0.27421875 0.940625 0.021875 0.05
1 0.28828125 0.9739583333333334 0.015625 0.027083333333333334
1 0.43046875 0.9572916666666667 0.0328125 0.0375
1 0.5703125 0.8614583333333333 0.025 0.04791666666666667
1 0.403125 0.034375 0.084375 0.06875