1 0.59140625 0.40520833333333334 0.0328125 0.041666666666666664
0 0.5296875 0.740625 0.390625 0.36666666666666664
0 0.60546875 0.9552083333333333 0.2625 0.08958333333333333
0 0.41953125 0.515625 0.2796875 0.4083333333333333
0 0.475 0.334375 0.5640625 0.44375
0 0.62578125 0.027083333333333334 0.25 0.05416666666666667
1 0.415625 0.9760416666666667 0.015625 0.016666666666666666
1 0.3859375 0.940625 0.028125 0.029166666666666667
1 0.89765625 0.9895833333333334 0.028125 0.020833333333333332
1 0.77109375 0.6614583333333334 0.0453125 0.05
1 0.84375 0.9864583333333333 0.01875 0.027083333333333334
1 0.83125 0.85 0.0265625 0.03333333333333333
1 0.91953125 0.76875 0.021875 0.03125
1 0.7828125 0.6229166666666667 0.01875 0.025
1 0.86640625 0.6729166666666667 0.01875 0.03958333333333333
1 0.8703125 0.47604166666666664 0.040625 0.03333333333333333
1 0.39921875 0.56875 0.015625 0.020833333333333332
1 0.50546875 0.64375 0.028125 0.03958333333333333
1 0.47578125 0.671875 0.0421875 0.03958333333333333
1 0.56796875 0.834375 0.03125 0.03958333333333333
1 0.02421875 0.8958333333333334 0.0140625 0.016666666666666666
1 0.00625 0.86875 0.0125 0.027083333333333334
1 0.40390625 0.9947916666666666 0.025 0.010416666666666666
1 0.32421875 0.020833333333333332 0.03125 0.041666666666666664
1 0.73515625 0.13541666666666666 0.01875 0.01875
1 0.60703125 0.30625 0.053125 0.06666666666666667
1 0.4265625 0.43645833333333334 0.0359375 0.0375
1 0.46484375 0.36875 0.05 0.06875
1 0.43203125 0.38125 0.0171875 0.022916666666666665
1 0.38515625 0.23958333333333334 0.0421875 0.03958333333333333
1 0.3421875 0.290625 0.0328125 0.03333333333333333
1 0.2875 0.215625 0.0359375 0.04375
1 0.21953125 0.23645833333333333 0.053125 0.04375