1 0.41015625 0.296875 0.0265625 0.025
1 0.50703125 0.2708333333333333 0.015625 0.0125
1 0.5484375 0.25833333333333336 0.0203125 0.016666666666666666
0 0.45546875 0.8927083333333333 0.1984375 0.21458333333333332
0 0.4890625 0.6677083333333333 0.103125 0.24791666666666667
0 0.50625 0.30104166666666665 0.296875 0.125
0 0.48828125 0.103125 0.053125 0.20625
1 0.4859375 0.278125 0.0140625 0.0125
1 0.39140625 0.690625 0.0296875 0.022916666666666665
1 0.3640625 0.759375 0.0140625 0.022916666666666665
1 0.33203125 0.8208333333333333 0.0203125 0.029166666666666667
1 0.27421875 0.8604166666666667 0.028125 0.022916666666666665
1 0.33671875 0.9125 0.028125 0.03333333333333333
1 0.36640625 0.93125 0.015625 0.0125
1 0.39609375 0.9625 0.009375 0.0125
1 0.43828125 0.9208333333333333 0.025 0.0125
1 0.190625 0.9427083333333334 0.0359375 0.029166666666666667
1 0.0953125 0.978125 0.0203125 0.027083333333333334
1 0.0828125 0.8208333333333333 0.01875 0.027083333333333334
1 0.16953125 0.7145833333333333 0.015625 0.027083333333333334
1 0.11640625 0.6875 0.0203125 0.027083333333333334
1 0.1703125 0.6479166666666667 0.04375 0.09791666666666667
1 0.13046875 0.38229166666666664 0.015625 0.0375
1 0.01328125 0.4739583333333333 0.0265625 0.05625
1 0.0796875 0.5135416666666667 0.028125 0.027083333333333334
1 0.2234375 0.503125 0.015625 0.01875
1 0.08046875 0.7666666666666667 0.015625 0.03333333333333333
1 0.853125 0.23645833333333333 0.0234375 0.027083333333333334
1 0.18984375 0.565625 0.0546875 0.07083333333333333
1 0.06015625 0.20104166666666667 0.0265625 0.035416666666666666
1 0.11484375 0.08333333333333333 0.0234375 0.025
1 0.18125 0.06979166666666667 0.0171875 0.029166666666666667
1 0.16796875 0.020833333333333332 0.034375 0.041666666666666664
1 0.025 0.008333333333333333 0.0203125 0.016666666666666666
1 0.2109375 0.11666666666666667 0.028125 0.03958333333333333
1 0.246875 0.08854166666666667 0.0484375 0.04583333333333333
1 0.24921875 0.1625 0.05 0.07708333333333334
1 0.309375 0.15729166666666666 0.06875 0.052083333333333336
1 0.309375 0.052083333333333336 0.021875 0.0375
1 0.04375 0.15833333333333333 0.0140625 0.01875
1 0.0859375 0.24270833333333333 0.0203125 0.027083333333333334
1 0.109375 0.04479166666666667 0.0234375 0.020833333333333332
1 0.51875 0.18229166666666666 0.0140625 0.020833333333333332
1 0.97578125 0.584375 0.0296875 0.0375
1 0.10546875 0.80625 0.0140625 0.022916666666666665
1 0.68828125 0.115625 0.025 0.022916666666666665
1 0.2734375 0.6385416666666667 0.0484375 0.04583333333333333
1 0.31953125 0.6572916666666667 0.0125 0.01875
1 0.30625 0.5822916666666667 0.0390625 0.03958333333333333
1 0.4109375 0.6145833333333334 0.028125 0.03125
1 0.44921875 0.4895833333333333 0.0546875 0.052083333333333336
1 0.3609375 0.4739583333333333 0.028125 0.0375
1 0.50234375 0.5239583333333333 0.046875 0.05
1 0.50078125 0.4375 0.0484375 0.05
1 0.3609375 0.4166666666666667 0.028125 0.0375
1 0.21171875 0.2677083333333333 0.034375 0.03125
1 0.9140625 0.34479166666666666 0.0234375 0.022916666666666665
1 0.96953125 0.33645833333333336 0.025 0.027083333333333334
1 0.0515625 0.28020833333333334 0.034375 0.03958333333333333
1 0.5984375 0.7697916666666667 0.0796875 0.12708333333333333
1 0.0578125 0.3125 0.021875 0.027083333333333334
1 0.66953125 0.596875 0.0671875 0.06458333333333334
1 0.66015625 0.490625 0.0578125 0.04791666666666667
1 0.64765625 0.5333333333333333 0.0109375 0.020833333333333332
1 0.5703125 0.49166666666666664 0.0453125 0.052083333333333336
1 0.6328125 0.4354166666666667 0.01875 0.04583333333333333
1 0.71640625 0.40625 0.0171875 0.01875
1 0.75625 0.471875 0.025 0.027083333333333334
1 0.80390625 0.4822916666666667 0.0640625 0.08125
1 0.7375 0.5208333333333334 0.0265625 0.03333333333333333
1 0.76171875 0.6010416666666667 0.028125 0.0375
1 0.81171875 0.715625 0.025 0.0375
1 0.6171875 0.853125 0.01875 0.027083333333333334
1 0.54296875 0.8364583333333333 0.0125 0.0125
1 0.521875 0.7072916666666667 0.0359375 0.025
1 0.40078125 0.734375 0.0375 0.0375
1 0.4546875 0.04583333333333333 0.0421875 0.04375
1 0.503125 0.11666666666666667 0.028125 0.0375
1 0.675 0.26875 0.0203125 0.03958333333333333
1 0.63203125 0.2947916666666667 0.015625 0.014583333333333334
1 0.76171875 0.171875 0.0265625 0.03125
1 0.9875 0.025 0.025 0.025
1 0.77421875 0.3614583333333333 0.01875 0.016666666666666666
1 0.9359375 0.9041666666666667 0.021875 0.04791666666666667
1 0.8921875 0.9260416666666667 0.0203125 0.01875
1 0.865625 0.975 0.01875 0.020833333333333332
1 0.93984375 0.8197916666666667 0.0234375 0.03125
1 0.20625 0.8510416666666667 0.015625 0.035416666666666666
1 0.2140625 0.8052083333333333 0.0203125 0.027083333333333334