1 0.57578125 0.6822916666666666 0.0234375 0.03333333333333333
1 0.4875 0.07604166666666666 0.01875 0.01875
1 0.65390625 0.13125 0.0109375 0.020833333333333332
1 0.67109375 0.790625 0.0078125 0.014583333333333334
1 0.66953125 0.490625 0.0640625 0.08958333333333333
1 0.54921875 0.5614583333333333 0.03125 0.04791666666666667
1 0.3390625 0.63125 0.0203125 0.03125
0 0.42734375 0.128125 0.059375 0.25625
0 0.3578125 0.38333333333333336 0.365625 0.10416666666666667
0 0.415625 0.6854166666666667 0.16875 0.2375
0 0.34765625 0.9041666666666667 0.20625 0.19166666666666668
1 0.29609375 0.06145833333333333 0.015625 0.025
1 0.38359375 0.53125 0.025 0.03125
1 0.3703125 0.5697916666666667 0.0265625 0.03958333333333333
1 0.25703125 0.6072916666666667 0.0203125 0.025
1 0.3390625 0.728125 0.0234375 0.035416666666666666