1 0.826953125 0.009722222222222222 0.01875 0.019444444444444445
0 0.17890625 0.17083333333333334 0.17734375 0.3375
0 0.177734375 0.36875 0.13046875 0.33055555555555555
0 0.11953125 0.5888888888888889 0.2390625 0.2125
0 0.171484375 0.8534722222222222 0.1296875 0.2916666666666667
0 0.6609375 0.1736111111111111 0.19140625 0.3458333333333333
0 0.76015625 0.3736111111111111 0.23671875 0.4597222222222222
0 0.6921875 0.54375 0.228125 0.2791666666666667
0 0.737890625 0.8555555555555555 0.21796875 0.2833333333333333
1 0.746484375 0.15 0.028125 0.04722222222222222
1 0.96328125 0.25833333333333336 0.021875 0.041666666666666664
1 0.933203125 0.2916666666666667 0.03125 0.05
1 0.905078125 0.3680555555555556 0.0359375 0.059722222222222225
1 0.973046875 0.4861111111111111 0.021875 0.03888888888888889
1 0.951171875 0.4548611111111111 0.02734375 0.05138888888888889
1 0.770703125 0.7875 0.0359375 0.044444444444444446
1 0.655859375 0.9625 0.02421875 0.03888888888888889
1 0.848828125 0.9777777777777777 0.015625 0.027777777777777776
1 0.9140625 0.9715277777777778 0.0234375 0.03194444444444444
1 0.976953125 0.9673611111111111 0.0421875 0.06527777777777778
1 0.917578125 0.8701388888888889 0.01640625 0.030555555555555555
1 0.879296875 0.8395833333333333 0.02421875 0.04583333333333333
1 0.97421875 0.8340277777777778 0.05 0.10555555555555556
1 0.984375 0.6513888888888889 0.03125 0.05555555555555555
1 0.9453125 0.5625 0.03125 0.05
1 0.875390625 0.5694444444444444 0.02421875 0.03888888888888889
1 0.905859375 0.6715277777777777 0.03046875 0.04722222222222222
1 0.845703125 0.7347222222222223 0.0296875 0.05277777777777778
1 0.805859375 0.6916666666666667 0.01640625 0.041666666666666664
1 0.635546875 0.8770833333333333 0.0203125 0.03194444444444444
1 0.623828125 0.8159722222222222 0.0328125 0.059722222222222225
1 0.583203125 0.8194444444444444 0.009375 0.0375
1 0.568359375 0.7298611111111111 0.0203125 0.044444444444444446
1 0.59140625 0.6972222222222222 0.01484375 0.03333333333333333
1 0.619921875 0.6590277777777778 0.02265625 0.043055555555555555
1 0.732421875 0.6048611111111111 0.0296875 0.03611111111111111
1 0.771875 0.5854166666666667 0.0203125 0.05
1 0.69765625 0.5138888888888888 0.02109375 0.04861111111111111
1 0.6421875 0.55 0.01875 0.03194444444444444
1 0.742578125 0.4013888888888889 0.0203125 0.041666666666666664
1 0.63046875 0.43472222222222223 0.04921875 0.10416666666666667
1 0.611328125 0.3284722222222222 0.0234375 0.04861111111111111
1 0.8125 0.24791666666666667 0.02578125 0.0625
1 0.7875 0.19375 0.0328125 0.04583333333333333
1 0.7625 0.22430555555555556 0.02734375 0.04722222222222222
1 0.80546875 0.03611111111111111 0.02109375 0.022222222222222223
1 0.7734375 0.13194444444444445 0.01640625 0.043055555555555555
1 0.709765625 0.21388888888888888 0.02734375 0.06666666666666667
1 0.28671875 0.05763888888888889 0.0265625 0.05555555555555555
1 0.32578125 0.09444444444444444 0.021875 0.041666666666666664
1 0.2546875 0.14166666666666666 0.0515625 0.0625
1 0.221484375 0.17152777777777778 0.021875 0.04027777777777778
1 0.065625 0.2388888888888889 0.03203125 0.0875
1 0.197265625 0.3145833333333333 0.0375 0.08472222222222223
1 0.247265625 0.29375 0.03984375 0.07083333333333333
1 0.2453125 0.48333333333333334 0.01875 0.03333333333333333
1 0.12265625 0.37916666666666665 0.03125 0.05555555555555555
1 0.188671875 0.5465277777777777 0.03359375 0.041666666666666664
1 0.21015625 0.6229166666666667 0.02265625 0.0375
1 0.22265625 0.5597222222222222 0.015625 0.030555555555555555
1 0.25234375 0.6118055555555556 0.0390625 0.1625
1 0.175 0.775 0.01953125 0.04861111111111111
1 0.219140625 0.7895833333333333 0.01484375 0.025
1 0.0890625 0.6125 0.0265625 0.04027777777777778
1 0.09296875 0.7055555555555556 0.01484375 0.02638888888888889
1 0.13203125 0.7402777777777778 0.021875 0.043055555555555555
1 0.25078125 0.7930555555555555 0.01640625 0.04027777777777778
1 0.274609375 0.7986111111111112 0.0234375 0.041666666666666664
1 0.2 0.9701388888888889 0.0109375 0.02638888888888889
1 0.209375 0.9076388888888889 0.0203125 0.03194444444444444
1 0.05625 0.9416666666666667 0.01328125 0.03194444444444444
1 0.0859375 0.9458333333333333 0.028125 0.044444444444444446
1 0.078515625 0.12152777777777778 0.01484375 0.027777777777777776
1 0.137109375 0.12013888888888889 0.015625 0.03333333333333333
1 0.1359375 0.011111111111111112 0.0265625 0.019444444444444445
1 0.05859375 0.00625 0.0109375 0.011111111111111112
1 0.05 0.5708333333333333 0.0171875 0.020833333333333332
1 0.362109375 0.9125 0.0328125 0.04027777777777778
1 0.9421875 0.8368055555555556 0.0125 0.025
1 0.9953125 0.9138888888888889 0.009375 0.034722222222222224
1 0.869921875 0.7659722222222223 0.0140625 0.019444444444444445
1 0.994140625 0.43819444444444444 0.01171875 0.02361111111111111
1 0.9890625 0.23819444444444443 0.0171875 0.025
1 0.973046875 0.008333333333333333 0.01953125 0.016666666666666666