1 0.212890625 0.5090277777777777 0.0203125 0.029166666666666667
1 0.85625 0.47708333333333336 0.03125 0.05
1 0.329296875 0.19236111111111112 0.0109375 0.02638888888888889
1 0.05546875 0.9305555555555556 0.0203125 0.022222222222222223
1 0.844140625 0.6076388888888888 0.01484375 0.0375
1 0.988671875 0.7444444444444445 0.02265625 0.04583333333333333
1 0.53828125 0.275 0.01484375 0.027777777777777776
1 0.04921875 0.9868055555555556 0.015625 0.02638888888888889
0 0.67109375 0.4791666666666667 0.1640625 0.1763888888888889
1 0.60625 0.8965277777777778 0.01484375 0.02638888888888889
1 0.565625 0.1951388888888889 0.01015625 0.02361111111111111
1 0.80703125 0.9479166666666666 0.01484375 0.02361111111111111
1 0.569140625 0.2548611111111111 0.01875 0.03611111111111111
1 0.044140625 0.5993055555555555 0.01875 0.03194444444444444
1 0.712890625 0.12430555555555556 0.0203125 0.03194444444444444
1 0.78984375 0.3326388888888889 0.01796875 0.03333333333333333
1 0.643359375 0.5631944444444444 0.0171875 0.03194444444444444
1 0.79140625 0.013888888888888888 0.01484375 0.02638888888888889
1 0.762109375 0.3215277777777778 0.02109375 0.0375
1 0.9140625 0.04652777777777778 0.021875 0.05416666666666667
1 0.20859375 0.06875 0.01796875 0.025
1 0.41484375 0.8493055555555555 0.01640625 0.03194444444444444
1 0.258203125 0.44513888888888886 0.01640625 0.03333333333333333
1 0.055078125 0.075 0.01875 0.029166666666666667
1 0.874609375 0.5986111111111111 0.0234375 0.05416666666666667
1 0.824609375 0.34930555555555554 0.0171875 0.027777777777777776
1 0.630859375 0.13472222222222222 0.0265625 0.04027777777777778
1 0.15546875 0.38263888888888886 0.0265625 0.05694444444444444
1 0.888671875 0.6784722222222223 0.02265625 0.03888888888888889
1 0.859765625 0.6819444444444445 0.0125 0.019444444444444445
1 0.5828125 0.14444444444444443 0.021875 0.04861111111111111
1 0.88359375 0.2701388888888889 0.0140625 0.029166666666666667
1 0.11015625 0.9590277777777778 0.021875 0.041666666666666664
1 0.05625 0.1701388888888889 0.02734375 0.03333333333333333
1 0.71171875 0.7340277777777777 0.0328125 0.043055555555555555
1 0.47265625 0.08888888888888889 0.01875 0.043055555555555555
1 0.23828125 0.16111111111111112 0.0171875 0.04027777777777778
1 0.440234375 0.6451388888888889 0.021875 0.03888888888888889
1 0.926953125 0.7159722222222222 0.015625 0.022222222222222223
1 0.634375 0.5208333333333334 0.021875 0.034722222222222224
1 0.099609375 0.35625 0.0421875 0.041666666666666664
1 0.239453125 0.7263888888888889 0.0171875 0.027777777777777776
1 0.122265625 0.22152777777777777 0.0546875 0.07222222222222222
1 0.7375 0.15069444444444444 0.03046875 0.044444444444444446
1 0.08359375 0.5680555555555555 0.0203125 0.04027777777777778
1 0.04375 0.8055555555555556 0.021875 0.041666666666666664
1 0.1328125 0.45069444444444445 0.015625 0.027777777777777776
1 0.098046875 0.41041666666666665 0.028125 0.044444444444444446
1 0.929296875 0.9034722222222222 0.01640625 0.030555555555555555
1 0.18515625 0.7736111111111111 0.0171875 0.07361111111111111
1 0.7609375 0.7520833333333333 0.02734375 0.03888888888888889
1 0.991015625 0.38472222222222224 0.01328125 0.04861111111111111
0 0.684765625 0.8875 0.23671875 0.15416666666666667
1 0.926953125 0.8180555555555555 0.05 0.05416666666666667
1 0.78828125 0.27708333333333335 0.03046875 0.06944444444444445
1 0.459765625 0.11458333333333333 0.01640625 0.034722222222222224
1 0.7109375 0.4375 0.0203125 0.044444444444444446
1 0.15234375 0.2833333333333333 0.02734375 0.05
1 0.426953125 0.5888888888888889 0.04453125 0.06111111111111111
1 0.692578125 0.06597222222222222 0.028125 0.075
1 0.648046875 0.7486111111111111 0.02421875 0.034722222222222224
1 0.85859375 0.5618055555555556 0.01953125 0.04027777777777778
0 0.6734375 0.6631944444444444 0.22890625 0.2152777777777778
0 0.1328125 0.9027777777777778 0.0734375 0.19444444444444445
0 0.640625 0.04513888888888889 0.0671875 0.09027777777777778
1 0.283984375 0.4236111111111111 0.0125 0.04027777777777778
1 0.0828125 0.16180555555555556 0.03984375 0.11388888888888889
0 0.137890625 0.44375 0.27578125 0.21805555555555556
1 0.666015625 0.9763888888888889 0.02109375 0.04722222222222222
1 0.757421875 0.05 0.025 0.03888888888888889
1 0.893359375 0.31180555555555556 0.040625 0.05138888888888889
1 0.79140625 0.8194444444444444 0.0234375 0.04861111111111111
1 0.715625 0.3486111111111111 0.065625 0.06111111111111111
1 0.896875 0.09166666666666666 0.02578125 0.043055555555555555
0 0.109765625 0.2798611111111111 0.21953125 0.1597222222222222
1 0.959375 0.3590277777777778 0.0234375 0.03611111111111111
1 0.896875 0.6256944444444444 0.02265625 0.04861111111111111
1 0.083984375 0.8958333333333334 0.02265625 0.043055555555555555
1 0.7828125 0.5819444444444445 0.01875 0.034722222222222224
1 0.951953125 0.5875 0.05546875 0.12083333333333333
1 0.121875 0.5909722222222222 0.04140625 0.06527777777777778
0 0.63984375 0.30625 0.2046875 0.4375
0 0.14140625 0.059027777777777776 0.14609375 0.11805555555555555
1 0.939453125 0.0375 0.01875 0.030555555555555555
1 0.190625 0.20347222222222222 0.02421875 0.05555555555555555
1 0.98515625 0.04236111111111111 0.0296875 0.075
0 0.1140625 0.8284722222222223 0.228125 0.3416666666666667
1 0.394140625 0.14375 0.01015625 0.02638888888888889
1 0.944921875 0.9916666666666667 0.0203125 0.016666666666666666
1 0.66875 0.9256944444444445 0.01796875 0.03333333333333333
1 0.5765625 0.8125 0.01484375 0.025
1 0.718359375 0.08888888888888889 0.01484375 0.018055555555555554
1 0.206640625 0.65 0.05390625 0.14583333333333334
1 0.338671875 0.38958333333333334 0.0265625 0.0763888888888889
1 0.447265625 0.13472222222222222 0.01171875 0.022222222222222223
1 0.20859375 0.00625 0.01640625 0.0125
1 0.05234375 0.00625 0.0109375 0.0125
1 0.135546875 0.8680555555555556 0.01875 0.029166666666666667
1 0.25234375 0.675 0.00859375 0.016666666666666666
1 0.076953125 0.6104166666666667 0.0140625 0.022222222222222223
1 0.846484375 0.6611111111111111 0.009375 0.015277777777777777
1 0.730078125 0.4888888888888889 0.01640625 0.020833333333333332
1 0.118359375 0.8284722222222223 0.01484375 0.025
1 0.055078125 0.33819444444444446 0.01640625 0.027777777777777776
1 0.87109375 0.5361111111111111 0.01484375 0.022222222222222223
1 0.58828125 0.9458333333333333 0.015625 0.02361111111111111
1 0.807421875 0.6229166666666667 0.01484375 0.02638888888888889
1 0.68828125 0.4576388888888889 0.0203125 0.034722222222222224
1 0.015234375 0.15416666666666667 0.0140625 0.02638888888888889
1 0.382421875 0.9215277777777777 0.01484375 0.030555555555555555