1 0.467578125 0.011805555555555555 0.0234375 0.02361111111111111
1 0.637890625 0.19722222222222222 0.0140625 0.027777777777777776
1 0.47265625 0.43194444444444446 0.02109375 0.05555555555555555
1 0.428125 0.4826388888888889 0.0078125 0.0125
1 0.518359375 0.6472222222222223 0.0140625 0.03888888888888889
1 0.553125 0.7048611111111112 0.01640625 0.03611111111111111
1 0.58984375 0.8527777777777777 0.02734375 0.05277777777777778
1 0.625390625 0.8465277777777778 0.0140625 0.03611111111111111
1 0.71640625 0.8493055555555555 0.01953125 0.0375
1 0.73515625 0.8201388888888889 0.025 0.06111111111111111
1 0.869921875 0.9881944444444445 0.01171875 0.02361111111111111
1 0.993359375 0.8611111111111112 0.00546875 0.011111111111111112
1 0.993359375 0.7236111111111111 0.01328125 0.022222222222222223
0 0.656640625 0.9631944444444445 0.0875 0.07361111111111111
0 0.7265625 0.8131944444444444 0.2078125 0.2
0 0.666015625 0.6625 0.090625 0.25555555555555554
0 0.708203125 0.32222222222222224 0.09609375 0.6444444444444445
0 0.666015625 0.07847222222222222 0.15703125 0.15694444444444444
0 0.09375 0.13194444444444445 0.16171875 0.24583333333333332
0 0.0921875 0.06458333333333334 0.10390625 0.12916666666666668
0 0.12734375 0.45625 0.05078125 0.029166666666666667
0 0.08046875 0.7583333333333333 0.14140625 0.36666666666666664
0 0.108984375 0.8215277777777777 0.21796875 0.35694444444444445
1 0.515625 0.9722222222222222 0.01953125 0.05555555555555555
1 0.008203125 0.36736111111111114 0.01640625 0.027777777777777776
1 0.08125 0.9055555555555556 0.0125 0.015277777777777777
1 0.106640625 0.9479166666666666 0.0234375 0.06111111111111111
1 0.20625 0.5895833333333333 0.0125 0.02638888888888889
1 0.116796875 0.6819444444444445 0.0125 0.030555555555555555
1 0.053125 0.6375 0.02109375 0.04861111111111111
1 0.033203125 0.6111111111111112 0.01171875 0.02638888888888889
1 0.190234375 0.5319444444444444 0.02109375 0.043055555555555555
1 0.115234375 0.5006944444444444 0.015625 0.025
1 0.13125 0.015277777777777777 0.01484375 0.018055555555555554
1 0.051953125 0.058333333333333334 0.00859375 0.013888888888888888
1 0.035546875 0.2652777777777778 0.0359375 0.08888888888888889
1 0.769140625 0.029166666666666667 0.02578125 0.058333333333333334
1 0.825 0.14583333333333334 0.021875 0.044444444444444446
1 0.919921875 0.1388888888888889 0.0171875 0.034722222222222224
1 0.93671875 0.30625 0.01640625 0.03194444444444444
1 0.84765625 0.4583333333333333 0.02109375 0.03888888888888889
1 0.837109375 0.4215277777777778 0.02578125 0.041666666666666664
1 0.744921875 0.5090277777777777 0.01875 0.04027777777777778
1 0.649609375 0.5451388888888888 0.015625 0.027777777777777776
1 0.741796875 0.6715277777777777 0.01875 0.04861111111111111
1 0.993359375 0.6090277777777777 0.01328125 0.02638888888888889
1 0.959375 0.6555555555555556 0.01015625 0.025
1 0.851953125 0.6333333333333333 0.025 0.05
1 0.91953125 0.6826388888888889 0.01875 0.04027777777777778
1 0.406640625 0.21597222222222223 0.02265625 0.05694444444444444
1 0.43984375 0.26319444444444445 0.0234375 0.03888888888888889
1 0.457421875 0.15138888888888888 0.0203125 0.03611111111111111
1 0.584765625 0.3090277777777778 0.0234375 0.044444444444444446