1 0.11171875 0.3145833333333333 0.028125 0.035416666666666666
0 0.58828125 0.8760416666666667 0.2296875 0.19166666666666668
0 0.60703125 0.471875 0.2078125 0.16666666666666666
0 0.64453125 0.15625 0.175 0.3125
1 0.3421875 0.30625 0.040625 0.05625
1 0.26328125 0.38333333333333336 0.028125 0.03333333333333333
1 0.525 0.25416666666666665 0.0234375 0.035416666666666666
1 0.49921875 0.190625 0.0265625 0.027083333333333334
1 0.54140625 0.225 0.021875 0.03333333333333333
1 0.59609375 0.34791666666666665 0.0328125 0.0375
1 0.7359375 0.5322916666666667 0.0171875 0.025
1 0.71875 0.5791666666666667 0.0203125 0.035416666666666666
1 0.4625 0.703125 0.028125 0.035416666666666666
1 0.5109375 0.9833333333333333 0.028125 0.03333333333333333
1 0.33359375 0.9802083333333333 0.0171875 0.022916666666666665
1 0.30390625 0.8489583333333334 0.0125 0.03333333333333333
1 0.00625 0.740625 0.0125 0.020833333333333332
1 0.08515625 0.615625 0.025 0.03333333333333333
1 0.0625 0.475 0.0234375 0.020833333333333332
1 0.025 0.36666666666666664 0.0265625 0.041666666666666664
1 0.0046875 0.25104166666666666 0.009375 0.03333333333333333
1 0.05 0.2625 0.0515625 0.08333333333333333
1 0.109375 0.196875 0.025 0.027083333333333334
1 0.18046875 0.18541666666666667 0.040625 0.052083333333333336
1 0.16875 0.08125 0.04375 0.10416666666666667
1 0.215625 0.13125 0.0703125 0.07291666666666667
1 0.3234375 0.6145833333333334 0.03125 0.0375
1 0.03046875 0.890625 0.01875 0.022916666666666665
1 0.9015625 0.596875 0.034375 0.06458333333333334
1 0.9375 0.5375 0.0265625 0.04791666666666667
1 0.85234375 0.35104166666666664 0.028125 0.035416666666666666
1 0.89375 0.36770833333333336 0.0390625 0.05416666666666667
1 0.884375 0.2552083333333333 0.021875 0.029166666666666667
1 0.93515625 0.09166666666666666 0.0484375 0.08541666666666667
1 0.68125 0.06354166666666666 0.0203125 0.027083333333333334
1 0.56015625 0.027083333333333334 0.0796875 0.05416666666666667
1 0.6453125 0.015625 0.03125 0.03125
1 0.4375 0.017708333333333333 0.0265625 0.035416666666666666