1 0.428515625 0.7263888888888889 0.01171875 0.030555555555555555
1 0.62265625 0.1736111111111111 0.03125 0.05555555555555555
1 0.50390625 0.20208333333333334 0.040625 0.0625
1 0.712890625 0.26319444444444445 0.0421875 0.08888888888888889
1 0.465625 0.5409722222222222 0.01953125 0.03333333333333333
1 0.209765625 0.4527777777777778 0.01796875 0.04027777777777778
1 0.434375 0.3548611111111111 0.03359375 0.06805555555555555
1 0.228125 0.25763888888888886 0.021875 0.03194444444444444
1 0.459375 0.49722222222222223 0.015625 0.030555555555555555
1 0.1578125 0.9048611111111111 0.01953125 0.04861111111111111
1 0.16640625 0.03611111111111111 0.0140625 0.025
1 0.575390625 0.40347222222222223 0.01640625 0.030555555555555555
1 0.3984375 0.8465277777777778 0.01484375 0.025
1 0.40703125 0.009722222222222222 0.02109375 0.019444444444444445
1 0.981640625 0.10069444444444445 0.03203125 0.05416666666666667
1 0.45625 0.26875 0.02109375 0.058333333333333334
1 0.184765625 0.6479166666666667 0.01640625 0.03333333333333333
1 0.19453125 0.7173611111111111 0.028125 0.025
1 0.43203125 0.5423611111111111 0.01640625 0.027777777777777776
1 0.419140625 0.43819444444444444 0.0109375 0.025
1 0.587890625 0.2902777777777778 0.0203125 0.03611111111111111
1 0.55 0.8875 0.0109375 0.015277777777777777
1 0.843359375 0.9173611111111111 0.0109375 0.018055555555555554
1 0.13671875 0.11944444444444445 0.01015625 0.02638888888888889
0 0.718359375 0.04513888888888889 0.0375 0.09027777777777778
0 0.653515625 0.03680555555555556 0.01484375 0.07361111111111111
1 0.895703125 0.6291666666666667 0.01484375 0.02638888888888889
1 0.38515625 0.46111111111111114 0.01640625 0.04583333333333333
1 0.95625 0.10625 0.015625 0.02361111111111111
1 0.490625 0.81875 0.015625 0.029166666666666667
1 0.655859375 0.83125 0.0203125 0.04722222222222222
1 0.75703125 0.03333333333333333 0.0234375 0.04583333333333333
1 0.8671875 0.3784722222222222 0.0234375 0.05277777777777778
1 0.572265625 0.4826388888888889 0.04296875 0.07083333333333333
0 0.690625 0.30416666666666664 0.125 0.4125
1 0.5671875 0.16458333333333333 0.03359375 0.0875
1 0.794921875 0.6965277777777777 0.02421875 0.0625
1 0.90703125 0.7479166666666667 0.03671875 0.05416666666666667
0 0.08984375 0.16041666666666668 0.1765625 0.32083333333333336
1 0.50390625 0.4173611111111111 0.0453125 0.0625
1 0.714453125 0.90625 0.01796875 0.041666666666666664
1 0.94453125 0.025694444444444443 0.0453125 0.05
1 0.905078125 0.5555555555555556 0.01953125 0.043055555555555555
1 0.427734375 0.2916666666666667 0.01640625 0.03333333333333333
1 0.75625 0.8416666666666667 0.021875 0.027777777777777776
0 0.130078125 0.5326388888888889 0.11484375 0.29305555555555557
0 0.669140625 0.9222222222222223 0.06328125 0.15555555555555556
1 0.759375 0.5402777777777777 0.0140625 0.022222222222222223
0 0.187109375 0.9833333333333333 0.06015625 0.03333333333333333
0 0.70859375 0.11319444444444444 0.19609375 0.22361111111111112
1 0.212890625 0.3763888888888889 0.01796875 0.04583333333333333
1 0.56171875 0.03333333333333333 0.040625 0.06388888888888888
1 0.4875 0.4840277777777778 0.04296875 0.06666666666666667
1 0.812890625 0.18541666666666667 0.04453125 0.06111111111111111
1 0.734375 0.8652777777777778 0.02109375 0.0763888888888889
1 0.43984375 0.9854166666666667 0.02109375 0.029166666666666667
1 0.22578125 0.9798611111111111 0.0203125 0.022222222222222223
1 0.987890625 0.044444444444444446 0.0171875 0.034722222222222224
1 0.95390625 0.6826388888888889 0.01484375 0.02361111111111111
1 0.551171875 0.3215277777777778 0.01640625 0.027777777777777776
1 0.61796875 0.08055555555555556 0.0203125 0.04861111111111111
1 0.2390625 0.17847222222222223 0.03515625 0.08888888888888889
1 0.5546875 0.08958333333333333 0.01796875 0.03611111111111111
1 0.59453125 0.08819444444444445 0.02578125 0.0375
1 0.62890625 0.94375 0.01484375 0.030555555555555555
1 0.903515625 0.34930555555555554 0.02578125 0.03333333333333333
1 0.2578125 0.9618055555555556 0.03046875 0.059722222222222225
1 0.564453125 0.5986111111111111 0.025 0.03611111111111111
1 0.422265625 0.6618055555555555 0.01796875 0.03194444444444444
1 0.82578125 0.8104166666666667 0.0109375 0.022222222222222223
1 0.486328125 0.009722222222222222 0.0140625 0.019444444444444445
1 0.987890625 0.7645833333333333 0.01953125 0.025
1 0.520703125 0.7256944444444444 0.01328125 0.019444444444444445
1 0.09765625 0.8090277777777778 0.01328125 0.02638888888888889
0 0.13671875 0.3076388888888889 0.1171875 0.3875
1 0.63203125 0.4326388888888889 0.0234375 0.041666666666666664
1 0.551953125 0.8395833333333333 0.00703125 0.011111111111111112
1 0.320703125 0.4861111111111111 0.0234375 0.05138888888888889
1 0.239453125 0.7388888888888889 0.0265625 0.03611111111111111
1 0.46015625 0.9215277777777777 0.03125 0.059722222222222225
1 0.253515625 0.5159722222222223 0.02109375 0.04583333333333333
1 0.578515625 0.9826388888888888 0.0203125 0.034722222222222224