1 0.57109375 0.8555555555555555 0.03046875 0.05416666666666667
0 0.5890625 0.07361111111111111 0.17890625 0.14722222222222223
1 0.910546875 0.10694444444444444 0.01640625 0.02638888888888889
1 0.8953125 0.0763888888888889 0.0203125 0.03194444444444444
1 0.529296875 0.3472222222222222 0.04453125 0.10694444444444444
1 0.078515625 0.9402777777777778 0.015625 0.019444444444444445
1 0.699609375 0.06319444444444444 0.01875 0.044444444444444446
1 0.971875 0.20694444444444443 0.01953125 0.0375
0 0.60625 0.29791666666666666 0.1359375 0.4597222222222222
1 0.7234375 0.5472222222222223 0.015625 0.02361111111111111
1 0.82265625 0.2972222222222222 0.05 0.06111111111111111
1 0.9546875 0.9611111111111111 0.0203125 0.03333333333333333
1 0.41484375 0.7979166666666667 0.0140625 0.02638888888888889
0 0.090234375 0.043055555555555555 0.1546875 0.08611111111111111
1 0.3078125 0.05486111111111111 0.025 0.029166666666666667
1 0.80625 0.6298611111111111 0.02578125 0.06388888888888888
1 0.18046875 0.37569444444444444 0.0234375 0.075
1 0.506640625 0.9319444444444445 0.02578125 0.05138888888888889
1 0.380078125 0.3770833333333333 0.015625 0.022222222222222223
1 0.912109375 0.6006944444444444 0.02109375 0.04722222222222222
1 0.71015625 0.9180555555555555 0.01484375 0.02638888888888889
1 0.0609375 0.20902777777777778 0.0203125 0.044444444444444446
1 0.547265625 0.6715277777777777 0.040625 0.06666666666666667
0 0.127734375 0.6923611111111111 0.159375 0.40694444444444444
0 0.0796875 0.9583333333333334 0.159375 0.07777777777777778
1 0.79921875 0.5173611111111112 0.025 0.03888888888888889
1 0.546875 0.9152777777777777 0.02578125 0.041666666666666664
1 0.8734375 0.5118055555555555 0.01953125 0.03333333333333333
1 0.664453125 0.41875 0.009375 0.016666666666666666
1 0.955859375 0.48680555555555555 0.025 0.044444444444444446
1 0.981640625 0.1486111111111111 0.02265625 0.04027777777777778
1 0.853515625 0.7076388888888889 0.025 0.04722222222222222
1 0.3921875 0.3194444444444444 0.01796875 0.03611111111111111
1 0.795703125 0.14375 0.02265625 0.0375
1 0.1828125 0.3125 0.01328125 0.02638888888888889
1 0.6984375 0.8513888888888889 0.01484375 0.02638888888888889
1 0.989453125 0.6618055555555555 0.015625 0.05277777777777778
1 0.54921875 0.0798611111111111 0.02421875 0.034722222222222224
1 0.23515625 0.9736111111111111 0.0125 0.029166666666666667
1 0.167578125 0.15 0.03359375 0.05277777777777778
1 0.603125 0.34930555555555554 0.025 0.09166666666666666
1 0.680859375 0.575 0.015625 0.030555555555555555
0 0.584375 0.49444444444444446 0.2953125 0.23055555555555557
1 0.205859375 0.33541666666666664 0.0171875 0.02361111111111111
0 0.0765625 0.45 0.15078125 0.5236111111111111
1 0.605078125 0.44375 0.01875 0.03333333333333333
1 0.481640625 0.09027777777777778 0.03046875 0.05416666666666667
1 0.769921875 0.7416666666666667 0.0171875 0.034722222222222224
1 0.662109375 0.7270833333333333 0.0203125 0.034722222222222224
1 0.303125 0.020833333333333332 0.028125 0.0375
1 0.63828125 0.15347222222222223 0.01484375 0.0375
0 0.566796875 0.9486111111111111 0.04453125 0.1
1 0.815625 0.4673611111111111 0.03984375 0.043055555555555555
1 0.740234375 0.07083333333333333 0.040625 0.14166666666666666
1 0.595703125 0.8388888888888889 0.01640625 0.04861111111111111
1 0.70390625 0.5881944444444445 0.01328125 0.025
1 0.212890625 0.6958333333333333 0.01484375 0.02638888888888889
1 0.7640625 0.14444444444444443 0.01484375 0.029166666666666667
1 0.7234375 0.3576388888888889 0.0140625 0.020833333333333332
1 0.31953125 0.9381944444444444 0.01953125 0.05555555555555555
1 0.83203125 0.004861111111111111 0.02421875 0.009722222222222222
1 0.401953125 0.9166666666666666 0.01484375 0.03194444444444444
1 0.926171875 0.06527777777777778 0.02421875 0.041666666666666664
1 0.798046875 0.4423611111111111 0.03671875 0.0375
1 0.31953125 0.8715277777777778 0.0125 0.027777777777777776
1 0.7625 0.33611111111111114 0.02734375 0.04583333333333333
1 0.759765625 0.7993055555555556 0.02109375 0.04027777777777778
1 0.897265625 0.40555555555555556 0.02109375 0.03888888888888889
1 0.827734375 0.8784722222222222 0.04453125 0.059722222222222225
1 0.337890625 0.39375 0.0140625 0.020833333333333332
1 0.757421875 0.40902777777777777 0.01640625 0.02361111111111111
1 0.742578125 0.6291666666666667 0.0390625 0.08055555555555556
1 0.070703125 0.7868055555555555 0.0171875 0.04583333333333333
1 0.418359375 0.39652777777777776 0.01328125 0.020833333333333332
1 0.134375 0.1951388888888889 0.02578125 0.04027777777777778
1 0.178515625 0.27569444444444446 0.015625 0.030555555555555555
1 0.163671875 0.2326388888888889 0.01484375 0.030555555555555555
1 0.294140625 0.6222222222222222 0.01484375 0.025
1 0.197265625 0.022916666666666665 0.02421875 0.041666666666666664
1 0.909375 0.16319444444444445 0.02109375 0.027777777777777776
1 0.5359375 0.8611111111111112 0.0140625 0.025
0 0.637109375 0.7305555555555555 0.1390625 0.5166666666666667
1 0.797265625 0.7659722222222223 0.0359375 0.05555555555555555
1 0.551953125 0.8986111111111111 0.028125 0.043055555555555555
1 0.173046875 0.5222222222222223 0.0109375 0.02638888888888889