0 0.194921875 0.02847222222222222 0.1109375 0.05694444444444444
0 0.08515625 0.26180555555555557 0.1703125 0.2972222222222222
0 0.09921875 0.6645833333333333 0.1984375 0.11666666666666667
0 0.09609375 0.85 0.1921875 0.25
0 0.72890625 0.059722222222222225 0.14375 0.11527777777777778
0 0.6984375 0.2673611111111111 0.25078125 0.10416666666666667
0 0.726953125 0.7736111111111111 0.2 0.43194444444444446
0 0.712890625 0.8902777777777777 0.17421875 0.21666666666666667
1 0.439453125 0.32430555555555557 0.02890625 0.05555555555555555
1 0.443359375 0.2298611111111111 0.01484375 0.030555555555555555
1 0.553515625 0.15833333333333333 0.0171875 0.03194444444444444
1 0.616015625 0.24444444444444444 0.0296875 0.044444444444444446
1 0.677734375 0.3333333333333333 0.03828125 0.05555555555555555
1 0.80078125 0.37222222222222223 0.02578125 0.03333333333333333
1 0.8875 0.29583333333333334 0.01015625 0.019444444444444445
1 0.973046875 0.4041666666666667 0.01328125 0.02361111111111111
1 0.571875 0.5201388888888889 0.0140625 0.03611111111111111
1 0.523828125 0.5041666666666667 0.02578125 0.03888888888888889
1 0.465625 0.4479166666666667 0.02890625 0.05
1 0.544921875 0.3111111111111111 0.01171875 0.03194444444444444
1 0.65703125 0.4270833333333333 0.03984375 0.04027777777777778
1 0.559375 0.73125 0.01484375 0.02361111111111111
1 0.468359375 0.6451388888888889 0.01328125 0.027777777777777776
1 0.592578125 0.8902777777777777 0.040625 0.1
1 0.496484375 0.9875 0.02265625 0.020833333333333332
1 0.16015625 0.49236111111111114 0.01171875 0.03194444444444444
1 0.061328125 0.5152777777777777 0.02421875 0.06388888888888888
1 0.05 0.23541666666666666 0.01875 0.04861111111111111
1 0.184375 0.06944444444444445 0.04375 0.059722222222222225
1 0.461328125 0.021527777777777778 0.01484375 0.025
1 0.81953125 0.03888888888888889 0.05 0.075
1 0.097265625 0.7777777777777778 0.0578125 0.08194444444444444
1 0.230859375 0.9847222222222223 0.03671875 0.030555555555555555
1 0.229296875 0.89375 0.015625 0.03194444444444444