1 0.77421875 0.59375 0.040625 0.04375
1 0.84921875 0.5041666666666667 0.0515625 0.058333333333333334
1 0.86328125 0.603125 0.0328125 0.03333333333333333
1 0.92265625 0.5958333333333333 0.0421875 0.05625
1 0.96875 0.571875 0.0328125 0.03125
1 0.990625 0.609375 0.01875 0.029166666666666667
1 0.8109375 0.7614583333333333 0.021875 0.027083333333333334
1 0.82265625 0.8239583333333333 0.0390625 0.041666666666666664
1 0.95 0.23125 0.015625 0.01875
1 0.2734375 0.03958333333333333 0.021875 0.025
1 0.16328125 0.005208333333333333 0.0234375 0.010416666666666666
1 0.08828125 0.017708333333333333 0.01875 0.020833333333333332
1 0.02734375 0.20520833333333333 0.0203125 0.029166666666666667
1 0.00390625 0.18541666666666667 0.0078125 0.0625
1 0.096875 0.20104166666666667 0.034375 0.04375
1 0.20078125 0.08541666666666667 0.0328125 0.052083333333333336
1 0.24140625 0.17083333333333334 0.0546875 0.05416666666666667
1 0.18359375 0.16041666666666668 0.040625 0.0375
1 0.38984375 0.15729166666666666 0.0328125 0.035416666666666666
1 0.52578125 0.20416666666666666 0.0484375 0.07708333333333334
1 0.36015625 0.046875 0.034375 0.04791666666666667
1 0.6265625 0.06770833333333333 0.0328125 0.035416666666666666
1 0.70859375 0.05625 0.021875 0.0375
1 0.6953125 0.01875 0.028125 0.022916666666666665
1 0.67109375 0.051041666666666666 0.046875 0.058333333333333334
1 0.95390625 0.03229166666666667 0.0359375 0.05
1 0.87890625 0.12916666666666668 0.021875 0.029166666666666667
1 0.83671875 0.08333333333333333 0.04375 0.052083333333333336
1 0.96640625 0.36875 0.0671875 0.07916666666666666
1 0.7515625 0.9645833333333333 0.0484375 0.07083333333333333
0 0.6328125 0.029166666666666667 0.1078125 0.058333333333333334
0 0.7734375 0.17291666666666666 0.4515625 0.3458333333333333
0 0.715625 0.771875 0.54375 0.39791666666666664
0 0.684375 0.878125 0.1140625 0.24375
1 0.23046875 0.9197916666666667 0.0265625 0.0375
1 0.29375 0.9354166666666667 0.0796875 0.06666666666666667
1 0.3296875 0.8229166666666666 0.0453125 0.06666666666666667
1 0.41484375 0.8760416666666667 0.0453125 0.0625
1 0.46953125 0.7229166666666667 0.0390625 0.035416666666666666
1 0.55390625 0.7458333333333333 0.05 0.0375
1 0.384375 0.6291666666666667 0.0578125 0.029166666666666667
1 0.3265625 0.5489583333333333 0.0421875 0.058333333333333334
1 0.3578125 0.515625 0.0296875 0.04375
1 0.215625 0.59375 0.1 0.10208333333333333
1 0.25546875 0.4 0.0265625 0.03125
1 0.321875 0.43333333333333335 0.0234375 0.0375
1 0.37578125 0.38125 0.0203125 0.025
1 0.41484375 0.384375 0.034375 0.022916666666666665
1 0.49765625 0.4739583333333333 0.034375 0.0375
1 0.5375 0.4114583333333333 0.0265625 0.025
1 0.70234375 0.5979166666666667 0.046875 0.06875
1 0.7765625 0.5114583333333333 0.0359375 0.041666666666666664