1 0.888671875 0.8875 0.01015625 0.016666666666666666
1 0.81875 0.7819444444444444 0.0140625 0.016666666666666666
1 0.849609375 0.7541666666666667 0.01640625 0.03194444444444444
1 0.869140625 0.7854166666666667 0.015625 0.027777777777777776
1 0.071484375 0.4423611111111111 0.01328125 0.020833333333333332
1 0.06328125 0.6555555555555556 0.04296875 0.09027777777777778
1 0.096875 0.6166666666666667 0.0171875 0.034722222222222224
1 0.0984375 0.5930555555555556 0.0078125 0.0125
1 0.10703125 0.7118055555555556 0.03359375 0.07361111111111111
1 0.06875 0.7993055555555556 0.02890625 0.034722222222222224
1 0.127734375 0.8166666666666667 0.040625 0.09583333333333334
1 0.154296875 0.8701388888888889 0.028125 0.043055555555555555
1 0.158984375 0.7736111111111111 0.04375 0.09166666666666666
1 0.180859375 0.7090277777777778 0.02421875 0.05416666666666667
1 0.194140625 0.7590277777777777 0.025 0.0375
1 0.21875 0.7215277777777778 0.02734375 0.04861111111111111
1 0.253125 0.6694444444444444 0.01953125 0.04027777777777778
1 0.218359375 0.6020833333333333 0.01484375 0.027777777777777776
1 0.290234375 0.5569444444444445 0.02578125 0.034722222222222224
1 0.003125 0.9798611111111111 0.00625 0.02638888888888889
1 0.23515625 0.9909722222222223 0.02421875 0.018055555555555554
1 0.216015625 0.8576388888888888 0.02265625 0.04861111111111111
1 0.40234375 0.8798611111111111 0.0171875 0.03333333333333333
1 0.439453125 0.90625 0.02265625 0.05
1 0.458984375 0.9944444444444445 0.02109375 0.011111111111111112
1 0.5109375 0.8909722222222223 0.04609375 0.08333333333333333
1 0.536328125 0.8291666666666667 0.01953125 0.04027777777777778
1 0.551171875 0.8673611111111111 0.01796875 0.03888888888888889
1 0.565234375 0.8298611111111112 0.0328125 0.05277777777777778
1 0.552734375 0.7854166666666667 0.01015625 0.025
1 0.93046875 0.8097222222222222 0.02578125 0.03611111111111111
1 0.97734375 0.8118055555555556 0.02265625 0.04027777777777778
1 0.875390625 0.6333333333333333 0.0125 0.027777777777777776
1 0.831640625 0.6319444444444444 0.0125 0.022222222222222223
1 0.8203125 0.6861111111111111 0.0109375 0.030555555555555555
1 0.868359375 0.7131944444444445 0.009375 0.025
1 0.918359375 0.5618055555555556 0.01875 0.03194444444444444
1 0.95546875 0.5472222222222223 0.01171875 0.022222222222222223
1 0.883984375 0.5659722222222222 0.0171875 0.03194444444444444
1 0.78359375 0.13055555555555556 0.01015625 0.013888888888888888
1 0.270703125 0.6381944444444444 0.00859375 0.009722222222222222
1 0.19375 0.8854166666666666 0.009375 0.015277777777777777
0 0.62265625 0.02361111111111111 0.06640625 0.04722222222222222
0 0.6328125 0.14305555555555555 0.25234375 0.16666666666666666
0 0.666796875 0.30416666666666664 0.17421875 0.5236111111111111
0 0.6203125 0.5965277777777778 0.1078125 0.33055555555555555
0 0.645703125 0.8958333333333334 0.08671875 0.20833333333333334
0 0.11953125 0.9569444444444445 0.1609375 0.08611111111111111
0 0.137890625 0.7965277777777777 0.1515625 0.40555555555555556
0 0.1390625 0.5631944444444444 0.1484375 0.45
0 0.112109375 0.38680555555555557 0.1515625 0.24305555555555555
0 0.09609375 0.06875 0.1921875 0.1375
0 0.107421875 0.08125 0.05625 0.1625
1 0.4984375 0.7625 0.04140625 0.05277777777777778
1 0.453515625 0.7326388888888888 0.0484375 0.0763888888888889
1 0.43671875 0.7916666666666666 0.02109375 0.03888888888888889
1 0.471484375 0.8541666666666666 0.0171875 0.034722222222222224
1 0.48359375 0.6395833333333333 0.0125 0.022222222222222223
1 0.9828125 0.9972222222222222 0.00859375 0.005555555555555556
1 0.49765625 0.6548611111111111 0.015625 0.027777777777777776
1 0.5171875 0.6805555555555556 0.03046875 0.06666666666666667
1 0.548828125 0.6951388888888889 0.03125 0.041666666666666664
1 0.577734375 0.7152777777777778 0.0171875 0.027777777777777776
1 0.433984375 0.6402777777777777 0.02578125 0.05
1 0.446875 0.5916666666666667 0.015625 0.02638888888888889
1 0.500390625 0.5458333333333333 0.02265625 0.041666666666666664
1 0.507421875 0.5951388888888889 0.02421875 0.04027777777777778
1 0.540625 0.5805555555555556 0.0140625 0.025
1 0.57265625 0.6125 0.03828125 0.05
1 0.454296875 0.5618055555555556 0.0140625 0.019444444444444445
1 0.46796875 0.4930555555555556 0.0265625 0.041666666666666664
1 0.400390625 0.43680555555555556 0.01484375 0.02361111111111111
1 0.412109375 0.3902777777777778 0.02109375 0.034722222222222224
1 0.4390625 0.3763888888888889 0.02109375 0.03888888888888889
1 0.523046875 0.3277777777777778 0.0984375 0.10972222222222222
1 0.533984375 0.20347222222222222 0.0625 0.06944444444444445
1 0.547265625 0.2604166666666667 0.02421875 0.041666666666666664
1 0.4671875 0.25416666666666665 0.0640625 0.10277777777777777
1 0.49140625 0.1909722222222222 0.0140625 0.034722222222222224
1 0.930859375 0.25833333333333336 0.015625 0.034722222222222224
1 0.047265625 0.2375 0.05546875 0.09861111111111111
1 0.061328125 0.17430555555555555 0.02734375 0.018055555555555554
1 0.101171875 0.1388888888888889 0.01796875 0.03194444444444444
1 0.857421875 0.9770833333333333 0.04609375 0.04583333333333333
1 0.797265625 0.9395833333333333 0.015625 0.022222222222222223
1 0.776171875 0.9263888888888889 0.01875 0.043055555555555555
1 0.819140625 0.11736111111111111 0.0078125 0.0125
1 0.699609375 0.19166666666666668 0.0140625 0.019444444444444445
1 0.36328125 0.32013888888888886 0.01171875 0.029166666666666667
1 0.33359375 0.3590277777777778 0.0125 0.030555555555555555
1 0.44296875 0.47152777777777777 0.01171875 0.019444444444444445
1 0.38125 0.45 0.0078125 0.0125
1 0.355078125 0.375 0.0171875 0.029166666666666667
1 0.33046875 0.41180555555555554 0.015625 0.043055555555555555
1 0.1921875 0.39375 0.01171875 0.019444444444444445
1 0.6515625 0.5256944444444445 0.01953125 0.034722222222222224
1 0.757421875 0.46805555555555556 0.02265625 0.0375
1 0.729296875 0.4895833333333333 0.01484375 0.02361111111111111
1 0.7140625 0.49583333333333335 0.0140625 0.02638888888888889
1 0.73125 0.3729166666666667 0.02109375 0.03194444444444444
1 0.68046875 0.34375 0.03203125 0.05416666666666667
1 0.666015625 0.2875 0.02421875 0.043055555555555555
1 0.64765625 0.2791666666666667 0.0109375 0.015277777777777777
1 0.72578125 0.2833333333333333 0.01171875 0.03194444444444444
1 0.7359375 0.25625 0.01796875 0.03611111111111111
1 0.91875 0.7694444444444445 0.02109375 0.04583333333333333
1 0.7109375 0.28194444444444444 0.01015625 0.025
1 0.67734375 0.2361111111111111 0.02578125 0.044444444444444446
1 0.991796875 0.15694444444444444 0.01640625 0.044444444444444446
1 0.91015625 0.2708333333333333 0.009375 0.016666666666666666
1 0.9140625 0.2361111111111111 0.01640625 0.015277777777777777
1 0.869140625 0.125 0.01640625 0.04722222222222222
1 0.936328125 0.15347222222222223 0.0234375 0.0763888888888889
1 0.8984375 0.16111111111111112 0.03359375 0.07083333333333333
1 0.991796875 0.3402777777777778 0.01640625 0.03333333333333333
1 0.973046875 0.28194444444444444 0.0171875 0.030555555555555555
1 0.015625 0.09097222222222222 0.03125 0.05138888888888889
1 0.21640625 0.15208333333333332 0.0234375 0.044444444444444446
1 0.180078125 0.21736111111111112 0.0296875 0.05138888888888889
1 0.1734375 0.27291666666666664 0.02890625 0.04583333333333333
1 0.158984375 0.10347222222222222 0.0421875 0.06805555555555555
1 0.149609375 0.044444444444444446 0.01796875 0.0375
1 0.346484375 0.059722222222222225 0.0203125 0.059722222222222225
1 0.337890625 0.11458333333333333 0.0203125 0.03611111111111111
1 0.289453125 0.20277777777777778 0.0171875 0.03888888888888889
1 0.3171875 0.27847222222222223 0.01015625 0.025
1 0.235546875 0.35694444444444445 0.015625 0.027777777777777776
1 0.233203125 0.45208333333333334 0.0265625 0.041666666666666664
1 0.099609375 0.4222222222222222 0.0234375 0.043055555555555555
1 0.141015625 0.4166666666666667 0.05625 0.07083333333333333
1 0.186328125 0.46944444444444444 0.02890625 0.044444444444444446
1 0.190234375 0.5180555555555556 0.028125 0.044444444444444446
1 0.94296875 0.9423611111111111 0.0265625 0.044444444444444446
1 0.838671875 0.29583333333333334 0.0171875 0.03194444444444444
1 0.83828125 0.25833333333333336 0.02578125 0.04027777777777778
1 0.8484375 0.32083333333333336 0.0234375 0.027777777777777776
1 0.853515625 0.4222222222222222 0.03125 0.05416666666666667
1 0.9015625 0.43125 0.0515625 0.07222222222222222
1 0.883203125 0.49722222222222223 0.05 0.0625
1 0.83671875 0.5618055555555556 0.028125 0.04583333333333333
1 0.810546875 0.6069444444444444 0.01953125 0.03888888888888889
1 0.793359375 0.6319444444444444 0.03125 0.07083333333333333
1 0.7515625 0.6451388888888889 0.0328125 0.07777777777777778
1 0.72421875 0.6118055555555556 0.02890625 0.09444444444444444
1 0.73984375 0.69375 0.02890625 0.05694444444444444
1 0.708203125 0.6784722222222223 0.01875 0.05
1 0.6984375 0.6354166666666666 0.02109375 0.03333333333333333
1 0.628125 0.7076388888888889 0.0109375 0.022222222222222223
1 0.59453125 0.8083333333333333 0.0171875 0.02638888888888889
1 0.583203125 0.8722222222222222 0.02109375 0.029166666666666667
1 0.6171875 0.9152777777777777 0.0234375 0.03888888888888889
1 0.610546875 0.875 0.0203125 0.03888888888888889
1 0.68203125 0.9958333333333333 0.01640625 0.008333333333333333
1 0.691796875 0.9611111111111111 0.0203125 0.03611111111111111
1 0.662890625 0.8916666666666667 0.0515625 0.1111111111111111
1 0.627734375 0.8118055555555556 0.04765625 0.09027777777777778
1 0.57109375 0.5097222222222222 0.01015625 0.025
1 0.556640625 0.4270833333333333 0.02890625 0.07083333333333333
1 0.521875 0.40902777777777777 0.046875 0.1
1 0.475 0.3993055555555556 0.0484375 0.08472222222222223
1 0.941015625 0.21944444444444444 0.03125 0.05277777777777778
1 0.58671875 0.39444444444444443 0.0484375 0.07222222222222222
1 0.590625 0.19930555555555557 0.0171875 0.03194444444444444
1 0.66484375 0.08125 0.009375 0.011111111111111112
1 0.6671875 0.052083333333333336 0.0125 0.025
1 0.68359375 0.013888888888888888 0.040625 0.027777777777777776
1 0.603515625 0.03819444444444445 0.01953125 0.041666666666666664
1 0.525390625 0.05416666666666667 0.03046875 0.10833333333333334
1 0.355859375 0.022222222222222223 0.0125 0.011111111111111112
1 0.4140625 0.09097222222222222 0.02421875 0.04583333333333333
1 0.413671875 0.034027777777777775 0.046875 0.06805555555555555
1 0.45859375 0.08680555555555555 0.0390625 0.06944444444444445
1 0.4328125 0.14791666666666667 0.03125 0.06111111111111111
1 0.89765625 0.8472222222222222 0.015625 0.027777777777777776
1 0.851953125 0.8472222222222222 0.01015625 0.025