1 0.22578125 0.019791666666666666 0.059375 0.03958333333333333
0 0.46484375 0.8947916666666667 0.2296875 0.20625
0 0.4015625 0.6489583333333333 0.4640625 0.18958333333333333
0 0.44609375 0.35208333333333336 0.3109375 0.3729166666666667
0 0.4515625 0.165625 0.284375 0.3229166666666667
1 0.515625 0.020833333333333332 0.01875 0.027083333333333334
1 0.84609375 0.803125 0.04375 0.03125
1 0.840625 0.7010416666666667 0.0140625 0.016666666666666666
1 0.7234375 0.934375 0.0203125 0.035416666666666666
1 0.77109375 0.9489583333333333 0.025 0.025
1 0.80390625 0.9270833333333334 0.0265625 0.0375
1 0.8265625 0.95 0.01875 0.022916666666666665
1 0.8859375 0.9364583333333333 0.0390625 0.05
1 0.29140625 0.9072916666666667 0.025 0.016666666666666666
1 0.54140625 0.9552083333333333 0.0125 0.01875
1 0.52265625 0.9645833333333333 0.01875 0.027083333333333334
1 0.26484375 0.8375 0.0171875 0.03333333333333333
1 0.24453125 0.846875 0.034375 0.03958333333333333
1 0.028125 0.3729166666666667 0.0140625 0.025
1 0.13046875 0.17708333333333334 0.0171875 0.01875
1 0.26015625 0.25833333333333336 0.0234375 0.03958333333333333
1 0.41171875 0.2625 0.0296875 0.03333333333333333
1 0.240625 0.4239583333333333 0.0140625 0.022916666666666665
1 0.2515625 0.5166666666666667 0.03125 0.04583333333333333
1 0.46875 0.903125 0.021875 0.022916666666666665
1 0.5578125 0.8520833333333333 0.0203125 0.022916666666666665
1 0.67890625 0.684375 0.0171875 0.022916666666666665
1 0.725 0.665625 0.0625 0.05625
1 0.81015625 0.6770833333333334 0.021875 0.025
1 0.8359375 0.5177083333333333 0.0140625 0.014583333333333334
1 0.75859375 0.5604166666666667 0.03125 0.029166666666666667
1 0.7296875 0.5416666666666666 0.0140625 0.022916666666666665
1 0.7078125 0.503125 0.0171875 0.029166666666666667
1 0.77890625 0.4510416666666667 0.01875 0.029166666666666667
1 0.7 0.3145833333333333 0.0296875 0.041666666666666664
1 0.68359375 0.284375 0.0265625 0.04375
1 0.625 0.059375 0.0171875 0.020833333333333332
1 0.834375 0.042708333333333334 0.0171875 0.022916666666666665
1 0.71171875 0.15208333333333332 0.0203125 0.029166666666666667
1 0.62265625 0.10729166666666666 0.03125 0.041666666666666664
1 0.3328125 0.051041666666666666 0.028125 0.025
1 0.41640625 0.19375 0.0328125 0.035416666666666666