1 0.7046875 0.9052083333333333 0.0515625 0.041666666666666664
0 0.34140625 0.16875 0.2234375 0.175
0 0.38046875 0.4583333333333333 0.2640625 0.08125
0 0.415625 0.696875 0.29375 0.1875
0 0.3625 0.946875 0.115625 0.10625
1 0.23125 0.653125 0.05 0.04375
1 0.640625 0.5697916666666667 0.028125 0.0375
1 0.53515625 0.590625 0.0328125 0.04375
1 0.5671875 0.3 0.0171875 0.01875
1 0.63359375 0.3645833333333333 0.0296875 0.03125
1 0.62734375 0.27708333333333335 0.025 0.025
1 0.71015625 0.33125 0.0109375 0.01875
1 0.8484375 0.5125 0.0203125 0.03333333333333333
1 0.77578125 0.603125 0.0109375 0.016666666666666666
1 0.6546875 0.8510416666666667 0.0234375 0.04583333333333333
1 0.696875 0.7947916666666667 0.04375 0.04375
1 0.840625 0.8791666666666667 0.021875 0.020833333333333332
1 0.61953125 0.93125 0.0203125 0.03125
1 0.46875 0.9166666666666666 0.046875 0.04583333333333333
1 0.415625 0.846875 0.0390625 0.06666666666666667
1 0.46640625 0.9875 0.03125 0.025
1 0.5296875 0.9770833333333333 0.0453125 0.029166666666666667
1 0.08671875 0.6166666666666667 0.028125 0.029166666666666667
1 0.02109375 0.9208333333333333 0.0171875 0.04791666666666667
1 0.10234375 0.06979166666666667 0.021875 0.035416666666666666
1 0.62421875 0.013541666666666667 0.0234375 0.01875
1 0.93984375 0.3375 0.0296875 0.025
1 0.203125 0.5583333333333333 0.015625 0.029166666666666667
1 0.14921875 0.4979166666666667 0.0171875 0.03125
1 0.4765625 0.4666666666666667 0.0203125 0.022916666666666665
1 0.17578125 0.265625 0.0203125 0.01875
1 0.30078125 0.9229166666666667 0.0359375 0.0625
1 0.0078125 0.4864583333333333 0.0140625 0.025
1 0.00859375 0.0125 0.0171875 0.020833333333333332
1 0.11640625 0.00625 0.0375 0.0125