1 0.81171875 0.89375 0.0203125 0.027083333333333334
1 0.8359375 0.8739583333333333 0.01875 0.01875
1 0.884375 0.85 0.03125 0.0375
1 0.65625 0.596875 0.028125 0.035416666666666666
1 0.521875 0.6583333333333333 0.021875 0.03125
1 0.3640625 0.7854166666666667 0.0328125 0.025
1 0.13125 0.8625 0.0171875 0.041666666666666664
1 0.15234375 0.94375 0.0296875 0.022916666666666665
1 0.19375 0.56875 0.025 0.03333333333333333
1 0.0453125 0.48125 0.0234375 0.035416666666666666
1 0.01875 0.33645833333333336 0.0296875 0.03125
1 0.03828125 0.2791666666666667 0.015625 0.020833333333333332
1 0.18671875 0.25729166666666664 0.025 0.035416666666666666
1 0.28828125 0.4666666666666667 0.0234375 0.041666666666666664
1 0.4140625 0.55625 0.009375 0.0125
1 0.44609375 0.35520833333333335 0.0296875 0.0375
1 0.6359375 0.20833333333333334 0.01875 0.029166666666666667
1 0.6671875 0.22708333333333333 0.021875 0.029166666666666667
1 0.68046875 0.26875 0.0234375 0.020833333333333332
1 0.7734375 0.209375 0.021875 0.027083333333333334
1 0.821875 0.16354166666666667 0.0328125 0.0375
1 0.8640625 0.11041666666666666 0.0125 0.014583333333333334
1 0.6796875 0.153125 0.0296875 0.035416666666666666
1 0.140625 0.04479166666666667 0.0328125 0.041666666666666664
1 0.2421875 0.29270833333333335 0.015625 0.01875
1 0.27421875 0.7697916666666667 0.015625 0.022916666666666665
1 0.7484375 0.022916666666666665 0.01875 0.020833333333333332
1 0.90703125 0.36354166666666665 0.0140625 0.016666666666666666
0 0.55703125 0.5729166666666666 0.1046875 0.25
0 0.59296875 0.35625 0.2234375 0.15416666666666667
0 0.5859375 0.06041666666666667 0.0453125 0.12083333333333333
1 0.45625 0.8479166666666667 0.03125 0.03333333333333333
1 0.52109375 0.7458333333333333 0.0359375 0.04791666666666667
1 0.61796875 0.765625 0.025 0.035416666666666666
1 0.6703125 0.7875 0.0265625 0.035416666666666666
0 0.590625 0.8739583333333333 0.1359375 0.2520833333333333