1 0.846875 0.39444444444444443 0.02265625 0.03611111111111111
1 0.60390625 0.7076388888888889 0.034375 0.05
1 0.764453125 0.4173611111111111 0.04453125 0.07083333333333333
0 0.68828125 0.9680555555555556 0.15625 0.06111111111111111
0 0.659765625 0.4166666666666667 0.26015625 0.22361111111111112
0 0.136328125 0.8263888888888888 0.27265625 0.18888888888888888
0 0.676171875 0.11736111111111111 0.10546875 0.23472222222222222
0 0.13515625 0.25972222222222224 0.23515625 0.2
1 0.6328125 0.8666666666666667 0.0484375 0.09444444444444444
1 0.96484375 0.9395833333333333 0.01484375 0.027777777777777776
1 0.98125 0.14097222222222222 0.0375 0.10277777777777777
0 0.718359375 0.5770833333333333 0.21484375 0.39166666666666666
1 0.912109375 0.27152777777777776 0.0328125 0.06805555555555555
1 0.598046875 0.2152777777777778 0.01875 0.025
1 0.168359375 0.14652777777777778 0.06640625 0.08055555555555556
1 0.13515625 0.6576388888888889 0.0203125 0.04027777777777778
1 0.875390625 0.3611111111111111 0.02890625 0.06944444444444445
1 0.732421875 0.7590277777777777 0.02265625 0.06111111111111111
1 0.9484375 0.15 0.01875 0.08333333333333333
1 0.299609375 0.675 0.02578125 0.05
1 0.896484375 0.09791666666666667 0.015625 0.029166666666666667
1 0.87421875 0.19305555555555556 0.0171875 0.03333333333333333
1 0.410546875 0.7972222222222223 0.015625 0.03611111111111111
1 0.300390625 0.9625 0.01875 0.034722222222222224
1 0.646875 0.3111111111111111 0.0234375 0.034722222222222224
1 0.044921875 0.15902777777777777 0.0171875 0.027777777777777776
1 0.78046875 0.8763888888888889 0.021875 0.041666666666666664
1 0.244140625 0.3951388888888889 0.01640625 0.027777777777777776
1 0.463671875 0.74375 0.0203125 0.04027777777777778
1 0.887890625 0.8881944444444444 0.0265625 0.041666666666666664
1 0.562890625 0.06597222222222222 0.02421875 0.041666666666666664
1 0.893359375 0.17430555555555555 0.01484375 0.02638888888888889
1 0.747265625 0.9798611111111111 0.02734375 0.03611111111111111
1 0.28046875 0.3111111111111111 0.01875 0.0375
1 0.18515625 0.8243055555555555 0.0203125 0.030555555555555555
0 0.195703125 0.9458333333333333 0.06171875 0.10694444444444444
1 0.0625 0.12361111111111112 0.015625 0.025
1 0.7078125 0.74375 0.01484375 0.025
1 0.690625 0.7826388888888889 0.021875 0.02361111111111111
1 0.237109375 0.009027777777777777 0.02265625 0.018055555555555554
1 0.8296875 0.4986111111111111 0.01171875 0.025
1 0.115234375 0.24375 0.0125 0.03194444444444444
1 0.07109375 0.7472222222222222 0.01640625 0.029166666666666667
1 0.153515625 0.6368055555555555 0.01171875 0.02638888888888889
1 0.391015625 0.9402777777777778 0.01796875 0.03611111111111111
1 0.22890625 0.20208333333333334 0.04375 0.0625
1 0.61015625 0.17152777777777778 0.01875 0.03194444444444444
0 0.13125 0.5958333333333333 0.17265625 0.12361111111111112
1 0.287890625 0.24861111111111112 0.05 0.06805555555555555
0 0.6625 0.7930555555555555 0.1390625 0.3055555555555556
1 0.208984375 0.7055555555555556 0.021875 0.03611111111111111