0 0.4625 0.3625 0.25 0.16458333333333333
1 0.61328125 0.49583333333333335 0.0546875 0.06666666666666667
1 0.71328125 0.65 0.0234375 0.035416666666666666
1 0.76171875 0.65625 0.01875 0.020833333333333332
1 0.83671875 0.596875 0.025 0.035416666666666666
1 0.73125 0.771875 0.0453125 0.04791666666666667
1 0.7109375 0.8666666666666667 0.03125 0.041666666666666664
1 0.7828125 0.875 0.0375 0.04375
1 0.5578125 0.8583333333333333 0.01875 0.025
1 0.71328125 0.915625 0.021875 0.020833333333333332
1 0.965625 0.4979166666666667 0.021875 0.03333333333333333
0 0.50703125 0.08645833333333333 0.0953125 0.17291666666666666
1 0.9640625 0.334375 0.0203125 0.03125
1 0.9625 0.24375 0.025 0.03333333333333333
1 0.88046875 0.24895833333333334 0.0171875 0.035416666666666666
1 0.7984375 0.22708333333333333 0.0171875 0.025
1 0.85703125 0.19166666666666668 0.015625 0.01875
1 0.965625 0.06770833333333333 0.0234375 0.025
1 0.9921875 0.078125 0.015625 0.022916666666666665
1 0.91796875 0.008333333333333333 0.0140625 0.016666666666666666
1 0.79140625 0.06458333333333334 0.0359375 0.08541666666666667
1 0.4921875 0.24479166666666666 0.0296875 0.03125
1 0.6046875 0.2552083333333333 0.0125 0.025
1 0.375 0.46770833333333334 0.046875 0.05
1 0.484375 0.721875 0.03125 0.03125
1 0.2984375 0.75625 0.0234375 0.022916666666666665
1 0.3421875 0.7291666666666666 0.0203125 0.025
1 0.21796875 0.7510416666666667 0.0171875 0.01875
1 0.01953125 0.9479166666666666 0.0390625 0.08333333333333333
1 0.3609375 0.9791666666666666 0.0265625 0.03125
1 0.16875 0.95 0.0140625 0.035416666666666666
1 0.1546875 0.8083333333333333 0.0125 0.01875
1 0.16171875 0.184375 0.0265625 0.03333333333333333
1 0.18359375 0.12083333333333333 0.034375 0.04375
1 0.003125 0.225 0.00625 0.025
1 0.23984375 0.034375 0.0234375 0.035416666666666666
1 0.3203125 0.07395833333333333 0.0125 0.025
1 0.50546875 0.026041666666666668 0.015625 0.022916666666666665
1 0.4859375 0.10833333333333334 0.015625 0.020833333333333332
0 0.50078125 0.8708333333333333 0.1046875 0.24791666666666667
0 0.45234375 0.6083333333333333 0.1609375 0.17708333333333334