1 0.61796875 0.6916666666666667 0.0140625 0.022916666666666665
1 0.53125 0.6364583333333333 0.015625 0.027083333333333334
1 0.38515625 0.5572916666666666 0.021875 0.027083333333333334
1 0.20859375 0.48854166666666665 0.01875 0.020833333333333332
1 0.31875 0.50625 0.0140625 0.020833333333333332
1 0.015625 0.990625 0.0171875 0.01875
1 0.00546875 0.38333333333333336 0.0109375 0.0375
1 0.58046875 0.3885416666666667 0.015625 0.052083333333333336
1 0.58203125 0.440625 0.01875 0.020833333333333332
1 0.1875 0.08854166666666667 0.0265625 0.020833333333333332
1 0.38125 0.44895833333333335 0.015625 0.01875
1 0.23515625 0.5416666666666666 0.021875 0.020833333333333332
0 0.496875 0.4552083333333333 0.2578125 0.08958333333333333
1 0.35625 0.4791666666666667 0.015625 0.027083333333333334
1 0.3234375 0.4625 0.03125 0.035416666666666666
1 0.1796875 0.4395833333333333 0.0171875 0.01875
1 0.11015625 0.359375 0.009375 0.010416666666666666
1 0.11171875 0.321875 0.03125 0.029166666666666667
1 0.02578125 0.3 0.0359375 0.04791666666666667
1 0.0140625 0.23854166666666668 0.028125 0.05
1 0.2671875 0.35 0.025 0.035416666666666666
1 0.1671875 0.33229166666666665 0.0421875 0.07083333333333333
1 0.41953125 0.36666666666666664 0.0375 0.0375
1 0.475 0.32083333333333336 0.05 0.1
1 0.3296875 0.31354166666666666 0.0921875 0.15
1 0.2484375 0.19583333333333333 0.04375 0.06458333333333334
1 0.284375 0.15729166666666666 0.0265625 0.022916666666666665
1 0.2875 0.11458333333333333 0.028125 0.03333333333333333
1 0.2390625 0.13958333333333334 0.0125 0.025
1 0.28359375 0.075 0.01875 0.020833333333333332
1 0.56328125 0.290625 0.025 0.022916666666666665
1 0.72109375 0.6604166666666667 0.0140625 0.016666666666666666
1 0.46171875 0.06041666666666667 0.028125 0.04791666666666667
1 0.64140625 0.22395833333333334 0.01875 0.029166666666666667
1 0.5875 0.20729166666666668 0.03125 0.020833333333333332
1 0.58984375 0.065625 0.028125 0.027083333333333334
1 0.6078125 0.017708333333333333 0.053125 0.035416666666666666
1 0.73671875 0.026041666666666668 0.0265625 0.052083333333333336
1 0.99375 0.013541666666666667 0.0125 0.025
1 0.96015625 0.016666666666666666 0.025 0.03333333333333333
1 0.99140625 0.06979166666666667 0.0171875 0.025
1 0.96328125 0.090625 0.05625 0.052083333333333336
1 0.88359375 0.121875 0.0203125 0.027083333333333334
1 0.7921875 0.15416666666666667 0.0421875 0.0625
1 0.7375 0.16458333333333333 0.028125 0.035416666666666666
1 0.68828125 0.17708333333333334 0.028125 0.041666666666666664
1 0.6484375 0.14895833333333333 0.046875 0.06666666666666667
1 0.7234375 0.228125 0.028125 0.052083333333333336
1 0.6828125 0.32083333333333336 0.034375 0.05416666666666667
1 0.66171875 0.2635416666666667 0.03125 0.027083333333333334
1 0.99140625 0.25104166666666666 0.0171875 0.035416666666666666
1 0.93984375 0.325 0.0234375 0.052083333333333336
1 0.89921875 0.265625 0.053125 0.04791666666666667
1 0.840625 0.2791666666666667 0.0265625 0.03125
1 0.79921875 0.27708333333333335 0.053125 0.10625
1 0.9 0.5010416666666667 0.0265625 0.03125
1 0.8796875 0.44895833333333335 0.040625 0.0375
1 0.74296875 0.41458333333333336 0.0171875 0.0375
1 0.85234375 0.54375 0.0296875 0.03958333333333333
1 0.6625 0.5052083333333334 0.028125 0.05416666666666667
1 0.6984375 0.6447916666666667 0.0296875 0.029166666666666667
1 0.815625 0.6864583333333333 0.021875 0.03125
1 0.796875 0.5979166666666667 0.03125 0.03958333333333333
1 0.9296875 0.7520833333333333 0.028125 0.035416666666666666
1 0.96875 0.809375 0.0390625 0.022916666666666665
1 0.6796875 0.9145833333333333 0.01875 0.027083333333333334
1 0.8125 0.9864583333333333 0.015625 0.027083333333333334
1 0.97890625 0.9614583333333333 0.0109375 0.0125
1 0.94296875 0.96875 0.040625 0.03333333333333333
1 0.85859375 0.909375 0.0625 0.08958333333333333
1 0.7875 0.8416666666666667 0.01875 0.022916666666666665
1 0.809375 0.8 0.0546875 0.06458333333333334
1 0.73203125 0.7364583333333333 0.090625 0.058333333333333334
1 0.67421875 0.7166666666666667 0.028125 0.041666666666666664
1 0.6640625 0.625 0.0328125 0.06041666666666667
1 0.6125 0.603125 0.0515625 0.0625
1 0.54765625 0.5635416666666667 0.0578125 0.05625
1 0.43828125 0.5697916666666667 0.028125 0.04583333333333333
1 0.26640625 0.5760416666666667 0.01875 0.027083333333333334
1 0.31875 0.615625 0.0234375 0.027083333333333334
1 0.1171875 0.628125 0.0203125 0.01875
1 0.15078125 0.5989583333333334 0.05625 0.03333333333333333
1 0.23828125 0.6239583333333333 0.0328125 0.027083333333333334
1 0.38125 0.6645833333333333 0.040625 0.06458333333333334
1 0.34140625 0.6583333333333333 0.0390625 0.035416666666666666
1 0.42421875 0.7625 0.0390625 0.04583333333333333
1 0.46015625 0.6770833333333334 0.0765625 0.08958333333333333
1 0.31875 0.7864583333333334 0.0515625 0.05416666666666667
1 0.27421875 0.7177083333333333 0.05625 0.10625
1 0.5609375 0.8760416666666667 0.0171875 0.020833333333333332
1 0.54296875 0.98125 0.0171875 0.0375
1 0.58125 0.940625 0.0640625 0.05625
1 0.47734375 0.9385416666666667 0.0609375 0.04791666666666667
1 0.36171875 0.9260416666666667 0.01875 0.020833333333333332
1 0.41640625 0.9697916666666667 0.021875 0.020833333333333332
1 0.3890625 0.9760416666666667 0.021875 0.027083333333333334
1 0.4015625 0.8885416666666667 0.053125 0.11875
1 0.31640625 0.9083333333333333 0.0375 0.05
1 0.29921875 0.9447916666666667 0.0296875 0.035416666666666666
1 0.21640625 0.8885416666666667 0.09375 0.09583333333333334
1 0.16953125 0.9635416666666666 0.065625 0.07291666666666667
1 0.0453125 0.84375 0.090625 0.15416666666666667
1 0.00546875 0.7177083333333333 0.0109375 0.022916666666666665
1 0.90390625 0.15833333333333333 0.0140625 0.01875
0 0.54375 0.0375 0.0453125 0.075
0 0.57421875 0.7666666666666667 0.1578125 0.3854166666666667
0 0.53984375 0.27708333333333335 0.2796875 0.19166666666666668
1 0.4375 0.515625 0.0296875 0.029166666666666667
1 0.48125 0.146875 0.0390625 0.027083333333333334
1 0.41328125 0.225 0.0296875 0.022916666666666665
1 0.3265625 0.21979166666666666 0.0234375 0.03125
1 0.30078125 0.022916666666666665 0.028125 0.04583333333333333
1 0.23359375 0.090625 0.040625 0.052083333333333336
1 0.26171875 0.090625 0.015625 0.022916666666666665
1 0.34921875 0.011458333333333333 0.0359375 0.022916666666666665
1 0.43671875 0.010416666666666666 0.028125 0.020833333333333332
1 0.3875 0.015625 0.028125 0.022916666666666665
1 0.053125 0.01875 0.04375 0.0375
1 0.10390625 0.027083333333333334 0.0453125 0.05416666666666667
1 0.13828125 0.11354166666666667 0.0328125 0.05
1 0.096875 0.21666666666666667 0.03125 0.0375
1 0.2078125 0.23854166666666668 0.0171875 0.027083333333333334
1 0.1859375 0.15833333333333333 0.028125 0.04791666666666667
1 0.7359375 0.5302083333333333 0.0265625 0.03125
1 0.4890625 0.7635416666666667 0.028125 0.035416666666666666
1 0.54375 0.7708333333333334 0.021875 0.027083333333333334
1 0.74296875 0.9572916666666667 0.015625 0.022916666666666665