1 0.83359375 0.49166666666666664 0.009375 0.008333333333333333
1 0.9359375 0.54375 0.015625 0.029166666666666667
1 0.97734375 0.5541666666666667 0.0453125 0.03125
1 0.9921875 0.51875 0.015625 0.020833333333333332
1 0.95703125 0.48333333333333334 0.0125 0.01875
1 0.8109375 0.28541666666666665 0.0125 0.014583333333333334
1 0.89921875 0.35625 0.009375 0.010416666666666666
1 0.86015625 0.7114583333333333 0.028125 0.029166666666666667
1 0.9765625 0.6260416666666667 0.0125 0.020833333333333332
1 0.7578125 0.7072916666666667 0.0359375 0.03125
1 0.3171875 0.09583333333333334 0.015625 0.022916666666666665
1 0.1625 0.190625 0.046875 0.06666666666666667
1 0.31640625 0.23958333333333334 0.0140625 0.014583333333333334
1 0.2453125 0.421875 0.0265625 0.022916666666666665
1 0.2140625 0.3229166666666667 0.015625 0.029166666666666667
1 0.4078125 0.49166666666666664 0.040625 0.0375
1 0.36796875 0.4947916666666667 0.0109375 0.016666666666666666
1 0.34296875 0.5229166666666667 0.0265625 0.027083333333333334
1 0.31171875 0.5416666666666666 0.0359375 0.04375
1 0.28984375 0.5270833333333333 0.0421875 0.041666666666666664
1 0.4703125 0.44583333333333336 0.0203125 0.025
1 0.0078125 0.778125 0.015625 0.041666666666666664
1 0.04296875 0.81875 0.0203125 0.022916666666666665
1 0.10234375 0.8208333333333333 0.0984375 0.14375
1 0.27890625 0.6270833333333333 0.0953125 0.10625
1 0.31484375 0.69375 0.0171875 0.027083333333333334
1 0.271875 0.7260416666666667 0.06875 0.052083333333333336
1 0.19765625 0.56875 0.009375 0.020833333333333332
1 0.21328125 0.54375 0.028125 0.041666666666666664
1 0.484375 0.7166666666666667 0.028125 0.03333333333333333
1 0.4453125 0.765625 0.0625 0.13541666666666666
1 0.4015625 0.715625 0.021875 0.022916666666666665
1 0.97109375 0.26979166666666665 0.021875 0.035416666666666666
1 0.9828125 0.23541666666666666 0.028125 0.04791666666666667
1 0.94453125 0.21770833333333334 0.0203125 0.01875
1 0.8859375 0.13958333333333334 0.0125 0.01875
1 0.934375 0.371875 0.0203125 0.020833333333333332
1 0.98125 0.14895833333333333 0.0125 0.022916666666666665
1 0.93671875 0.11770833333333333 0.015625 0.022916666666666665
1 0.984375 0.07916666666666666 0.021875 0.03125
1 0.98359375 0.016666666666666666 0.0328125 0.03333333333333333
1 0.96328125 0.040625 0.01875 0.027083333333333334
1 0.8921875 0.057291666666666664 0.01875 0.025
1 0.8765625 0.019791666666666666 0.0484375 0.03958333333333333
1 0.85859375 0.09270833333333334 0.0171875 0.020833333333333332
1 0.94375 0.321875 0.0125 0.016666666666666666
1 0.86484375 0.4552083333333333 0.0234375 0.025
1 0.8296875 0.39895833333333336 0.025 0.03333333333333333
1 0.74453125 0.39895833333333336 0.0234375 0.016666666666666666
1 0.7078125 0.38229166666666664 0.028125 0.0375
1 0.625 0.39791666666666664 0.0234375 0.035416666666666666
1 0.68515625 0.0125 0.0328125 0.025
1 0.6296875 0.06354166666666666 0.028125 0.0375
1 0.65 0.09895833333333333 0.021875 0.03125
1 0.7296875 0.10625 0.0234375 0.027083333333333334
1 0.753125 0.1875 0.0265625 0.029166666666666667
1 0.71796875 0.18958333333333333 0.0390625 0.035416666666666666
1 0.6609375 0.24166666666666667 0.04375 0.04791666666666667
1 0.5296875 0.31666666666666665 0.0375 0.07916666666666666
1 0.2765625 0.2708333333333333 0.0390625 0.03333333333333333
1 0.43515625 0.24375 0.0375 0.035416666666666666
1 0.490625 0.13229166666666667 0.025 0.027083333333333334
1 0.490625 0.075 0.0140625 0.029166666666666667
1 0.4109375 0.05625 0.0359375 0.04583333333333333
1 0.434375 0.023958333333333335 0.040625 0.04583333333333333
1 0.29765625 0.20416666666666666 0.025 0.0375
1 0.2703125 0.10833333333333334 0.01875 0.029166666666666667
1 0.128125 0.284375 0.021875 0.03333333333333333
0 0.6875 0.9666666666666667 0.0578125 0.06666666666666667
0 0.58828125 0.9854166666666667 0.0140625 0.027083333333333334
0 0.55625 0.76875 0.1921875 0.46041666666666664
0 0.66171875 0.48125 0.396875 0.17291666666666666
0 0.68828125 0.203125 0.29375 0.40208333333333335
0 0.796875 0.0375 0.2265625 0.075
1 0.52890625 0.7729166666666667 0.0265625 0.035416666666666666
1 0.4984375 0.75625 0.021875 0.027083333333333334
1 0.48828125 0.8052083333333333 0.0265625 0.041666666666666664
1 0.27734375 0.971875 0.0484375 0.05416666666666667
1 0.33515625 0.8979166666666667 0.021875 0.020833333333333332
1 0.3875 0.878125 0.0359375 0.03958333333333333
1 0.53125 0.8635416666666667 0.0265625 0.035416666666666666
1 0.64921875 0.7791666666666667 0.0359375 0.0375
1 0.6875 0.7541666666666667 0.0296875 0.03333333333333333
1 0.66171875 0.7354166666666667 0.0234375 0.035416666666666666
1 0.56875 0.74375 0.0171875 0.0375
1 0.47265625 0.98125 0.028125 0.03333333333333333
1 0.80390625 0.7822916666666667 0.01875 0.029166666666666667
1 0.7609375 0.796875 0.0296875 0.041666666666666664
1 0.62109375 0.9875 0.025 0.022916666666666665
1 0.8296875 0.9302083333333333 0.05 0.07291666666666667
1 0.79296875 0.9270833333333334 0.021875 0.03125
1 0.71328125 0.9729166666666667 0.0140625 0.025
1 0.73671875 0.971875 0.0171875 0.025
1 0.75234375 0.9458333333333333 0.0203125 0.027083333333333334
1 0.67734375 0.9354166666666667 0.0328125 0.06458333333333334
1 0.7015625 0.8916666666666667 0.021875 0.027083333333333334
1 0.85703125 0.990625 0.0265625 0.016666666666666666
1 0.87421875 0.9291666666666667 0.015625 0.016666666666666666
1 0.94375 0.9302083333333333 0.0171875 0.01875
1 0.86171875 0.840625 0.0109375 0.029166666666666667
1 0.97578125 0.871875 0.034375 0.03958333333333333
1 0.846875 0.8385416666666666 0.01875 0.029166666666666667
1 0.82109375 0.8291666666666667 0.0328125 0.04375
1 0.890625 0.7666666666666667 0.01875 0.025
1 0.940625 0.7854166666666667 0.0078125 0.0125
1 0.946875 0.7604166666666666 0.015625 0.014583333333333334
1 0.97890625 0.728125 0.0203125 0.022916666666666665
1 0.95390625 0.696875 0.015625 0.01875
1 0.90625 0.6729166666666667 0.0078125 0.010416666666666666
1 0.990625 0.671875 0.015625 0.029166666666666667
1 0.91796875 0.6104166666666667 0.0484375 0.05416666666666667
1 0.67734375 0.59375 0.06875 0.07291666666666667
1 0.7421875 0.615625 0.0375 0.03958333333333333
1 0.6515625 0.5135416666666667 0.028125 0.0375
1 0.7265625 0.49270833333333336 0.0234375 0.0375
1 0.8171875 0.5770833333333333 0.0296875 0.0375
1 0.83359375 0.55625 0.015625 0.01875