1 0.8375 0.49375 0.025 0.0375
1 0.176953125 0.46944444444444444 0.01640625 0.025
1 0.194140625 0.49166666666666664 0.01640625 0.03333333333333333
1 0.3015625 0.48333333333333334 0.0234375 0.058333333333333334
1 0.26484375 0.4388888888888889 0.02265625 0.0375
1 0.276171875 0.39652777777777776 0.02890625 0.04861111111111111
1 0.21875 0.2826388888888889 0.02109375 0.03333333333333333
1 0.264453125 0.32708333333333334 0.03828125 0.04583333333333333
1 0.247265625 0.3625 0.02421875 0.0375
1 0.198828125 0.375 0.034375 0.043055555555555555
1 0.177734375 0.3229166666666667 0.03671875 0.05694444444444444
1 0.1421875 0.33541666666666664 0.02265625 0.04027777777777778
1 0.0296875 0.2847222222222222 0.0140625 0.025
1 0.17109375 0.2298611111111111 0.02578125 0.0375
1 0.283984375 0.07777777777777778 0.01484375 0.02638888888888889
1 0.25859375 0.12638888888888888 0.01875 0.05416666666666667
1 0.21328125 0.17777777777777778 0.02890625 0.03888888888888889
1 0.1625 0.11944444444444445 0.02890625 0.02638888888888889
1 0.112109375 0.10069444444444445 0.02578125 0.04722222222222222
1 0.14609375 0.17847222222222223 0.02265625 0.04583333333333333
1 0.084375 0.2048611111111111 0.01875 0.027777777777777776
1 0.675390625 0.2833333333333333 0.015625 0.020833333333333332
1 0.677734375 0.3486111111111111 0.01953125 0.034722222222222224
1 0.70859375 0.3458333333333333 0.01171875 0.02638888888888889
1 0.701953125 0.41180555555555554 0.0171875 0.029166666666666667
1 0.7234375 0.45208333333333334 0.01171875 0.03333333333333333
1 0.7 0.4777777777777778 0.01953125 0.03611111111111111
1 0.781640625 0.425 0.04375 0.05694444444444444
1 0.755859375 0.26805555555555555 0.01484375 0.02638888888888889
1 0.766015625 0.2965277777777778 0.0125 0.027777777777777776
1 0.639453125 0.19583333333333333 0.01953125 0.04722222222222222
1 0.619921875 0.2111111111111111 0.02109375 0.04722222222222222
1 0.60390625 0.225 0.0109375 0.019444444444444445
1 0.615234375 0.09861111111111111 0.015625 0.029166666666666667
1 0.44296875 0.006944444444444444 0.01328125 0.013888888888888888
1 0.462890625 0.01597222222222222 0.02421875 0.03194444444444444
1 0.471875 0.08611111111111111 0.025 0.05555555555555555
1 0.49453125 0.12222222222222222 0.01953125 0.019444444444444445
1 0.490234375 0.09791666666666667 0.00859375 0.0125
1 0.5640625 0.04583333333333333 0.01640625 0.027777777777777776
1 0.406640625 0.08194444444444444 0.0265625 0.04722222222222222
1 0.425 0.15902777777777777 0.03515625 0.044444444444444446
1 0.4703125 0.175 0.01875 0.041666666666666664
1 0.498828125 0.21458333333333332 0.025 0.04583333333333333
1 0.381640625 0.1111111111111111 0.0171875 0.03194444444444444
1 0.3875 0.07430555555555556 0.00859375 0.015277777777777777
1 0.678125 0.5090277777777777 0.01796875 0.02361111111111111
1 0.721875 0.5930555555555556 0.021875 0.041666666666666664
1 0.653125 0.6631944444444444 0.015625 0.027777777777777776
1 0.673828125 0.6923611111111111 0.01484375 0.020833333333333332
1 0.590234375 0.7173611111111111 0.01875 0.030555555555555555
1 0.594140625 0.6930555555555555 0.00703125 0.011111111111111112
1 0.59609375 0.8180555555555555 0.0234375 0.05
1 0.55546875 0.8375 0.01875 0.04027777777777778
1 0.55625 0.8694444444444445 0.01796875 0.018055555555555554
1 0.539453125 0.9118055555555555 0.01875 0.034722222222222224
1 0.5765625 0.95 0.0421875 0.058333333333333334
1 0.6921875 0.8576388888888888 0.02109375 0.04027777777777778
1 0.703515625 0.8902777777777777 0.0203125 0.03611111111111111
1 0.724609375 0.8361111111111111 0.009375 0.019444444444444445
1 0.8078125 0.8458333333333333 0.009375 0.022222222222222223
1 0.848046875 0.8756944444444444 0.01640625 0.041666666666666664
1 0.873046875 0.9291666666666667 0.0234375 0.04583333333333333
1 0.90234375 0.9555555555555556 0.01796875 0.03333333333333333
1 0.86953125 0.8 0.0109375 0.025
1 0.969921875 0.8111111111111111 0.0140625 0.013888888888888888
1 0.786328125 0.6965277777777777 0.015625 0.030555555555555555
1 0.756640625 0.70625 0.01953125 0.030555555555555555
1 0.555078125 0.28194444444444444 0.03046875 0.0375
1 0.712890625 0.7375 0.015625 0.025
1 0.235546875 0.5694444444444444 0.07109375 0.14166666666666666
1 0.93203125 0.5534722222222223 0.02265625 0.04861111111111111
1 0.842578125 0.41180555555555554 0.01484375 0.02361111111111111
1 0.915625 0.3423611111111111 0.0140625 0.03194444444444444
1 0.946875 0.4270833333333333 0.015625 0.041666666666666664
1 0.9671875 0.4847222222222222 0.00859375 0.019444444444444445
1 0.996875 0.3527777777777778 0.00625 0.025
1 0.815234375 0.31805555555555554 0.0203125 0.04027777777777778
1 0.84453125 0.17152777777777778 0.02421875 0.043055555555555555
1 0.8359375 0.09027777777777778 0.01875 0.03333333333333333
1 0.853125 0.10138888888888889 0.0140625 0.034722222222222224
1 0.8734375 0.1361111111111111 0.015625 0.0375
1 0.96953125 0.18819444444444444 0.02265625 0.03194444444444444
1 0.994921875 0.15347222222222223 0.01015625 0.029166666666666667
1 0.921484375 0.06666666666666667 0.01328125 0.02361111111111111
1 0.931640625 0.004166666666666667 0.0140625 0.008333333333333333
1 0.708203125 0.015277777777777777 0.01953125 0.030555555555555555
1 0.72890625 0.011111111111111112 0.0203125 0.022222222222222223
1 0.661328125 0.04722222222222222 0.0359375 0.06388888888888888
1 0.829296875 0.22013888888888888 0.01015625 0.019444444444444445
0 0.08359375 0.18263888888888888 0.11484375 0.36527777777777776
0 0.096484375 0.43333333333333335 0.1203125 0.2625
0 0.07890625 0.6034722222222222 0.1578125 0.30833333333333335
0 0.109765625 0.7763888888888889 0.1109375 0.44722222222222224
0 0.122265625 0.9625 0.08671875 0.075
0 0.596875 0.9409722222222222 0.0515625 0.11805555555555555
0 0.68046875 0.8229166666666666 0.1734375 0.35138888888888886
0 0.615234375 0.33611111111111114 0.17421875 0.1125
0 0.616015625 0.1527777777777778 0.290625 0.18611111111111112
1 0.717578125 0.21041666666666667 0.00703125 0.011111111111111112
1 0.069921875 0.5284722222222222 0.0234375 0.04583333333333333
1 0.087109375 0.5784722222222223 0.0203125 0.027777777777777776
1 0.08203125 0.46319444444444446 0.0078125 0.018055555555555554
1 0.134375 0.9208333333333333 0.0125 0.025
1 0.72890625 0.2881944444444444 0.00703125 0.009722222222222222
1 0.441015625 0.40347222222222223 0.0234375 0.034722222222222224
1 0.5203125 0.35555555555555557 0.034375 0.06388888888888888
1 0.55234375 0.40347222222222223 0.01875 0.03333333333333333
1 0.61171875 0.4284722222222222 0.025 0.03333333333333333
1 0.594140625 0.5333333333333333 0.01640625 0.030555555555555555
1 0.571875 0.47430555555555554 0.02109375 0.029166666666666667
1 0.548046875 0.4979166666666667 0.03359375 0.05555555555555555
1 0.51953125 0.5388888888888889 0.03046875 0.07222222222222222
1 0.469921875 0.475 0.03125 0.06666666666666667
1 0.37265625 0.4909722222222222 0.0234375 0.03888888888888889
1 0.44140625 0.6847222222222222 0.02109375 0.030555555555555555
1 0.475390625 0.7583333333333333 0.03828125 0.05277777777777778
1 0.452734375 0.8576388888888888 0.0203125 0.03333333333333333
1 0.48359375 0.9368055555555556 0.0109375 0.020833333333333332
1 0.4421875 0.9208333333333333 0.0125 0.027777777777777776
1 0.446484375 0.9958333333333333 0.01328125 0.008333333333333333
1 0.4203125 0.9611111111111111 0.01171875 0.02638888888888889
1 0.271875 0.9847222222222223 0.0109375 0.020833333333333332
1 0.297265625 0.9722222222222222 0.02109375 0.04583333333333333
1 0.3078125 0.8104166666666667 0.01953125 0.05277777777777778
1 0.26484375 0.7951388888888888 0.0265625 0.04027777777777778
1 0.261328125 0.88125 0.0140625 0.027777777777777776
1 0.0453125 0.9145833333333333 0.01484375 0.02638888888888889
1 0.147265625 0.8902777777777777 0.02109375 0.044444444444444446
1 0.176953125 0.8868055555555555 0.03359375 0.06527777777777778
1 0.167578125 0.7090277777777778 0.0140625 0.030555555555555555
1 0.2484375 0.7513888888888889 0.0171875 0.02361111111111111
1 0.23125 0.6965277777777777 0.04140625 0.10138888888888889