1 0.192578125 0.65625 0.0703125 0.0763888888888889
1 0.716015625 0.15069444444444444 0.015625 0.03333333333333333
1 0.81875 0.09791666666666667 0.06171875 0.07222222222222222
1 0.68515625 0.19027777777777777 0.0265625 0.04027777777777778
1 0.5625 0.50625 0.025 0.058333333333333334
1 0.21796875 0.475 0.03359375 0.04027777777777778
1 0.675390625 0.8527777777777777 0.0328125 0.06111111111111111
1 0.076171875 0.13402777777777777 0.0359375 0.08055555555555556
1 0.11328125 0.18680555555555556 0.0234375 0.058333333333333334
1 0.7953125 0.59375 0.01640625 0.027777777777777776
1 0.866015625 0.5569444444444445 0.01953125 0.0375
1 0.1984375 0.1625 0.01640625 0.03194444444444444
1 0.91171875 0.5493055555555556 0.02578125 0.058333333333333334
1 0.945703125 0.02847222222222222 0.01484375 0.03194444444444444
1 0.5546875 0.46041666666666664 0.01796875 0.03611111111111111
1 0.6375 0.175 0.04375 0.09027777777777778
1 0.898828125 0.9152777777777777 0.03828125 0.06666666666666667
1 0.66875 0.3888888888888889 0.0140625 0.022222222222222223
1 0.26171875 0.6326388888888889 0.0171875 0.025
1 0.82421875 0.9611111111111111 0.0359375 0.06111111111111111
1 0.830078125 0.7333333333333333 0.01640625 0.025
1 0.54375 0.4 0.01640625 0.034722222222222224
1 0.525 0.04236111111111111 0.015625 0.029166666666666667
1 0.462890625 0.7 0.01875 0.030555555555555555
1 0.349609375 0.2652777777777778 0.01875 0.03194444444444444
1 0.25 0.30972222222222223 0.01796875 0.0375
1 0.383203125 0.6798611111111111 0.01484375 0.025
1 0.7796875 0.9604166666666667 0.0234375 0.0375
1 0.9765625 0.6243055555555556 0.01484375 0.027777777777777776
1 0.986328125 0.45694444444444443 0.02265625 0.04861111111111111
1 0.825 0.9763888888888889 0.03359375 0.043055555555555555
1 0.225 0.5888888888888889 0.021875 0.04861111111111111
1 0.985546875 0.21319444444444444 0.0171875 0.030555555555555555
1 0.227734375 0.4326388888888889 0.01640625 0.03333333333333333
1 0.98984375 0.6729166666666667 0.0125 0.025
1 0.72578125 0.6881944444444444 0.02265625 0.03888888888888889
1 0.786328125 0.1111111111111111 0.02265625 0.04861111111111111
1 0.98984375 0.5090277777777777 0.01484375 0.05138888888888889
1 0.555078125 0.12291666666666666 0.021875 0.041666666666666664
1 0.74921875 0.3875 0.02421875 0.03888888888888889
1 0.562109375 0.8048611111111111 0.0203125 0.03888888888888889
1 0.81796875 0.94375 0.0328125 0.04583333333333333
1 0.3453125 0.39166666666666666 0.01796875 0.030555555555555555
1 0.695703125 0.4777777777777778 0.0203125 0.043055555555555555
1 0.788671875 0.3090277777777778 0.02109375 0.0375
1 0.859765625 0.3993055555555556 0.021875 0.03333333333333333
1 0.779296875 0.18125 0.02578125 0.04027777777777778
1 0.74453125 0.5298611111111111 0.0203125 0.044444444444444446
1 0.83984375 0.2013888888888889 0.0234375 0.044444444444444446
0 0.126953125 0.2423611111111111 0.25390625 0.2361111111111111
0 0.11796875 0.5541666666666667 0.23515625 0.24444444444444444
0 0.1171875 0.8 0.234375 0.19305555555555556
0 0.121484375 0.8944444444444445 0.11171875 0.2111111111111111
0 0.641015625 0.1361111111111111 0.1859375 0.26805555555555555
0 0.633984375 0.6791666666666667 0.1421875 0.4638888888888889
0 0.661328125 0.7701388888888889 0.125 0.4527777777777778
0 0.664453125 0.9541666666666667 0.2390625 0.08888888888888889
1 0.808984375 0.23958333333333334 0.05859375 0.075
1 0.015625 0.12708333333333333 0.0265625 0.05277777777777778
1 0.87265625 0.9840277777777777 0.0296875 0.027777777777777776
1 0.74609375 0.8263888888888888 0.03046875 0.04583333333333333