1 0.25078125 0.6677083333333333 0.0125 0.010416666666666666
1 0.5125 0.36041666666666666 0.0203125 0.029166666666666667
1 0.68828125 0.18645833333333334 0.0203125 0.025
1 0.13125 0.090625 0.01875 0.035416666666666666
1 0.00625 0.37083333333333335 0.0125 0.03333333333333333
1 0.55546875 0.9895833333333334 0.025 0.020833333333333332
1 0.490625 0.9010416666666666 0.0234375 0.03333333333333333
1 0.45234375 0.6708333333333333 0.021875 0.029166666666666667
1 0.53359375 0.6114583333333333 0.021875 0.025
1 0.00625 0.009375 0.0125 0.014583333333333334
1 0.6734375 0.784375 0.0234375 0.027083333333333334
1 0.5890625 0.6302083333333334 0.01875 0.020833333333333332
1 0.6875 0.47708333333333336 0.0203125 0.03125
0 0.415625 0.071875 0.096875 0.14375
0 0.45078125 0.3572916666666667 0.1171875 0.35625
0 0.3984375 0.8395833333333333 0.096875 0.28541666666666665
1 0.1953125 0.5520833333333334 0.025 0.01875
1 0.16484375 0.559375 0.0328125 0.03958333333333333
1 0.615625 0.18958333333333333 0.03125 0.0375
1 0.26171875 0.13020833333333334 0.0265625 0.04375
1 0.0625 0.3885416666666667 0.025 0.027083333333333334
1 0.01875 0.6541666666666667 0.0375 0.06875
1 0.1625 0.6270833333333333 0.028125 0.01875