1 0.33125 0.703125 0.04375 0.05
1 0.31171875 0.3625 0.0328125 0.04583333333333333
1 0.35703125 0.43125 0.0234375 0.03125
1 0.34765625 0.5177083333333333 0.0375 0.03958333333333333
1 0.2171875 0.6291666666666667 0.025 0.0375
1 0.29609375 0.6677083333333333 0.01875 0.03125
1 0.2046875 0.6791666666666667 0.0234375 0.03125
1 0.3703125 0.31666666666666665 0.046875 0.058333333333333334
1 0.271875 0.12083333333333333 0.01875 0.03333333333333333
1 0.28359375 0.15625 0.034375 0.03333333333333333
1 0.803125 0.34791666666666665 0.028125 0.03125
1 0.7734375 0.38333333333333336 0.0234375 0.03125
1 0.9671875 0.3958333333333333 0.0171875 0.029166666666666667
1 0.94375 0.3875 0.01875 0.035416666666666666
1 0.87109375 0.4875 0.021875 0.022916666666666665
1 0.86953125 0.5239583333333333 0.0234375 0.041666666666666664
1 0.85625 0.6260416666666667 0.0140625 0.025
1 0.88828125 0.6541666666666667 0.01875 0.020833333333333332
1 0.821875 0.5927083333333333 0.028125 0.03333333333333333
1 0.77734375 0.6552083333333333 0.03125 0.03125
1 0.73984375 0.459375 0.01875 0.025
1 0.87734375 0.784375 0.0546875 0.06458333333333334
1 0.88125 0.9083333333333333 0.0171875 0.025
1 0.890625 0.884375 0.01875 0.020833333333333332
1 0.5265625 0.6291666666666667 0.021875 0.025
1 0.478125 0.7385416666666667 0.025 0.03333333333333333
1 0.28828125 0.9125 0.0359375 0.05
1 0.96015625 0.24166666666666667 0.025 0.0375
1 0.9578125 0.34791666666666665 0.0203125 0.029166666666666667
0 0.56484375 0.10833333333333334 0.1859375 0.21666666666666667
0 0.55703125 0.24895833333333334 0.5140625 0.2708333333333333
1 0.00859375 0.2677083333333333 0.0171875 0.025
0 0.5296875 0.6385416666666667 0.19375 0.31875
0 0.5046875 0.8760416666666667 0.3765625 0.24791666666666667