1 0.69453125 0.5447916666666667 0.025 0.09166666666666666
0 0.68125 0.8614583333333333 0.165625 0.27708333333333335
0 0.6109375 0.6395833333333333 0.1390625 0.23541666666666666
1 0.5890625 0.8333333333333334 0.0203125 0.029166666666666667
1 0.246875 0.63125 0.0265625 0.035416666666666666
1 0.7484375 0.5510416666666667 0.0328125 0.0375
1 0.6796875 0.18020833333333333 0.03125 0.04375
1 0.46796875 0.021875 0.0140625 0.022916666666666665
1 0.89140625 0.21979166666666666 0.0265625 0.029166666666666667
1 0.34375 0.9364583333333333 0.015625 0.027083333333333334
1 0.6953125 0.859375 0.0171875 0.01875
1 0.665625 0.5979166666666667 0.015625 0.022916666666666665
1 0.4234375 0.6791666666666667 0.01875 0.03333333333333333
0 0.6375 0.121875 0.15625 0.0875
0 0.6421875 0.4125 0.078125 0.1625
1 0.86953125 0.78125 0.046875 0.035416666666666666
1 0.8375 0.659375 0.0421875 0.0375