1 0.16875 0.9854166666666667 0.0140625 0.029166666666666667
1 0.12265625 0.5572916666666666 0.0171875 0.01875
1 0.88828125 0.7145833333333333 0.0203125 0.03333333333333333
1 0.69609375 0.41875 0.0140625 0.022916666666666665
1 0.3578125 0.13020833333333334 0.0328125 0.06666666666666667
1 0.64921875 0.578125 0.0140625 0.022916666666666665
1 0.1984375 0.8145833333333333 0.0140625 0.027083333333333334
1 0.06484375 0.5552083333333333 0.0125 0.027083333333333334
1 0.025 0.052083333333333336 0.03125 0.04791666666666667
0 0.38828125 0.8604166666666667 0.2953125 0.11875
0 0.40625 0.6145833333333334 0.3296875 0.14166666666666666
0 0.37421875 0.325 0.1078125 0.2125
0 0.40234375 0.09270833333333334 0.065625 0.175
0 0.36875 0.9645833333333333 0.04375 0.07083333333333333
1 0.55078125 0.190625 0.053125 0.06666666666666667
1 0.6796875 0.13125 0.034375 0.04583333333333333
1 0.7015625 0.06666666666666667 0.0359375 0.041666666666666664
1 0.553125 0.325 0.034375 0.04583333333333333
1 0.60625 0.5364583333333334 0.0421875 0.075
1 0.57734375 0.596875 0.01875 0.03125
1 0.15859375 0.10729166666666666 0.040625 0.041666666666666664
1 0.21796875 0.15833333333333333 0.021875 0.029166666666666667
1 0.24140625 0.12291666666666666 0.021875 0.014583333333333334
1 0.1390625 0.5166666666666667 0.034375 0.05416666666666667
1 0.20625 0.6760416666666667 0.021875 0.029166666666666667
1 0.1953125 0.5875 0.03125 0.07708333333333334
1 0.2171875 0.46770833333333334 0.025 0.01875
1 0.421875 0.7447916666666666 0.04375 0.058333333333333334
1 0.70703125 0.746875 0.021875 0.041666666666666664
1 0.70234375 0.853125 0.01875 0.03125
1 0.27109375 0.9885416666666667 0.021875 0.022916666666666665
1 0.26015625 0.8895833333333333 0.034375 0.041666666666666664
1 0.95 0.35208333333333336 0.021875 0.01875
1 0.80625 0.33541666666666664 0.0234375 0.01875
1 0.98359375 0.07083333333333333 0.021875 0.020833333333333332
1 0.50859375 0.040625 0.0203125 0.03125
1 0.64921875 0.0125 0.0296875 0.025
1 0.1046875 0.084375 0.0203125 0.022916666666666665
1 0.09140625 0.6302083333333334 0.021875 0.03125
1 0.15 0.3104166666666667 0.0140625 0.020833333333333332
1 0.25234375 0.359375 0.01875 0.027083333333333334
1 0.3734375 0.2552083333333333 0.01875 0.029166666666666667
1 0.12421875 0.9333333333333333 0.015625 0.022916666666666665
1 0.20234375 0.9760416666666667 0.0140625 0.016666666666666666