1 0.71171875 0.665625 0.021875 0.029166666666666667
1 0.9671875 0.5822916666666667 0.025 0.035416666666666666
1 0.89375 0.058333333333333334 0.0359375 0.035416666666666666
1 0.79375 0.058333333333333334 0.025 0.0375
1 0.5828125 0.5541666666666667 0.0265625 0.03125
0 0.63359375 0.042708333333333334 0.0609375 0.07916666666666666
0 0.6390625 0.23958333333333334 0.1609375 0.19791666666666666
0 0.64921875 0.47708333333333336 0.2390625 0.1875
1 0.79609375 0.13645833333333332 0.021875 0.03125
0 0.64609375 0.7770833333333333 0.1859375 0.20416666666666666
0 0.6125 0.9541666666666667 0.046875 0.09166666666666666
1 0.57109375 0.509375 0.0140625 0.029166666666666667
1 0.215625 0.503125 0.0140625 0.020833333333333332
1 0.67109375 0.821875 0.0171875 0.01875
1 0.70859375 0.275 0.021875 0.035416666666666666
1 0.47734375 0.23854166666666668 0.0140625 0.020833333333333332
1 0.684375 0.61875 0.0203125 0.016666666666666666
1 0.54609375 0.6416666666666667 0.0171875 0.020833333333333332
1 0.41796875 0.6927083333333334 0.0171875 0.025
1 0.459375 0.9260416666666667 0.0328125 0.05
1 0.3484375 0.6510416666666666 0.0203125 0.022916666666666665
1 0.515625 0.7302083333333333 0.01875 0.035416666666666666
1 0.525 0.5760416666666667 0.0109375 0.027083333333333334
1 0.78359375 0.46145833333333336 0.0234375 0.029166666666666667
1 0.51171875 0.028125 0.021875 0.022916666666666665
1 0.44921875 0.09166666666666666 0.0234375 0.041666666666666664
1 0.2984375 0.3489583333333333 0.0171875 0.027083333333333334
1 0.10859375 0.11875 0.0296875 0.029166666666666667
1 0.040625 0.553125 0.034375 0.03333333333333333
1 0.4046875 0.421875 0.03125 0.01875