0 0.119140625 0.06597222222222222 0.23828125 0.12777777777777777
1 0.918359375 0.9138888888888889 0.02265625 0.03194444444444444
1 0.50546875 0.6527777777777778 0.05 0.05555555555555555
1 0.98046875 0.1 0.01640625 0.03333333333333333
1 0.817578125 0.6944444444444444 0.02734375 0.03611111111111111
1 0.7625 0.029166666666666667 0.02421875 0.030555555555555555
1 0.511328125 0.0375 0.0390625 0.06805555555555555
1 0.258203125 0.9173611111111111 0.0265625 0.03888888888888889
1 0.866015625 0.4652777777777778 0.02265625 0.05138888888888889
1 0.64140625 0.9826388888888888 0.03515625 0.03333333333333333
1 0.2453125 0.7986111111111112 0.015625 0.03611111111111111
1 0.21171875 0.7027777777777777 0.02421875 0.04861111111111111
1 0.245703125 0.8493055555555555 0.02109375 0.0375
1 0.726953125 0.3229166666666667 0.02578125 0.04861111111111111
1 0.446484375 0.23125 0.0265625 0.058333333333333334
1 0.580078125 0.027777777777777776 0.01796875 0.03611111111111111
0 0.741796875 0.2361111111111111 0.2875 0.46944444444444444
1 0.14765625 0.23055555555555557 0.0375 0.08472222222222223
0 0.0984375 0.8777777777777778 0.196875 0.24444444444444444
1 0.344140625 0.24861111111111112 0.0140625 0.025
1 0.8140625 0.5451388888888888 0.0328125 0.059722222222222225
1 0.59453125 0.8958333333333334 0.021875 0.044444444444444446
1 0.798828125 0.3368055555555556 0.04921875 0.11527777777777778
1 0.703515625 0.5416666666666666 0.01796875 0.05694444444444444
1 0.259375 0.09375 0.025 0.07222222222222222
1 0.25078125 0.3770833333333333 0.034375 0.06805555555555555
1 0.2265625 0.9194444444444444 0.01875 0.044444444444444446
0 0.716796875 0.6555555555555556 0.15546875 0.6222222222222222
1 0.60625 0.37430555555555556 0.0234375 0.03333333333333333
1 0.224609375 0.8118055555555556 0.01953125 0.034722222222222224
1 0.914453125 0.35555555555555557 0.0265625 0.04027777777777778
1 0.138671875 0.9 0.0203125 0.03611111111111111
1 0.780078125 0.07777777777777778 0.0125 0.02361111111111111
1 0.748046875 0.7763888888888889 0.02109375 0.03333333333333333
1 0.88203125 0.02847222222222222 0.04921875 0.05555555555555555
1 0.237890625 0.8722222222222222 0.01953125 0.03194444444444444
1 0.591796875 0.25416666666666665 0.02578125 0.08888888888888889
1 0.422265625 0.01597222222222222 0.03828125 0.030555555555555555
1 0.1828125 0.7743055555555556 0.02109375 0.03333333333333333
0 0.718359375 0.8527777777777777 0.13515625 0.29444444444444445
1 0.297265625 0.9076388888888889 0.01953125 0.03611111111111111
1 0.241015625 0.14722222222222223 0.01796875 0.04861111111111111
1 0.61015625 0.059027777777777776 0.015625 0.02361111111111111
1 0.228125 0.5798611111111112 0.02265625 0.03888888888888889
1 0.151171875 0.5986111111111111 0.01796875 0.03194444444444444
1 0.421875 0.06458333333333334 0.02734375 0.030555555555555555
1 0.19453125 0.4486111111111111 0.046875 0.08194444444444444
1 0.968359375 0.7534722222222222 0.0375 0.04583333333333333
0 0.09453125 0.5118055555555555 0.165625 0.4625
0 0.6234375 0.08680555555555555 0.1046875 0.1736111111111111
1 0.47265625 0.09861111111111111 0.015625 0.029166666666666667
1 0.965234375 0.2111111111111111 0.025 0.04861111111111111
1 0.403515625 0.40902777777777777 0.02421875 0.04861111111111111
1 0.323046875 0.16597222222222222 0.021875 0.0375
1 0.183984375 0.08055555555555556 0.02578125 0.03333333333333333
1 0.615234375 0.3388888888888889 0.021875 0.05
1 0.430078125 0.9840277777777777 0.0109375 0.029166666666666667
1 0.58515625 0.6069444444444444 0.02109375 0.03611111111111111
1 0.494140625 0.8986111111111111 0.0171875 0.034722222222222224
1 0.43203125 0.6513888888888889 0.05390625 0.06388888888888888
0 0.67734375 0.4395833333333333 0.26640625 0.25
1 0.218359375 0.9597222222222223 0.0140625 0.03194444444444444