1 0.93203125 0.017361111111111112 0.02421875 0.034722222222222224
1 0.68125 0.7430555555555556 0.01953125 0.034722222222222224
1 0.4796875 0.99375 0.0140625 0.0125
1 0.47890625 0.9715277777777778 0.015625 0.029166666666666667
1 0.64765625 0.9118055555555555 0.01640625 0.020833333333333332
1 0.938671875 0.9895833333333334 0.0171875 0.020833333333333332
1 0.958984375 0.9513888888888888 0.00859375 0.019444444444444445
1 0.958984375 0.9854166666666667 0.0171875 0.022222222222222223
1 0.921875 0.9145833333333333 0.01953125 0.027777777777777776
1 0.792578125 0.8680555555555556 0.01796875 0.044444444444444446
1 0.830859375 0.7430555555555556 0.015625 0.03611111111111111
1 0.922265625 0.7534722222222222 0.0125 0.02638888888888889
1 0.94296875 0.6333333333333333 0.0203125 0.02638888888888889
1 0.898828125 0.6319444444444444 0.02109375 0.02638888888888889
1 0.897265625 0.5993055555555555 0.01640625 0.027777777777777776
1 0.86875 0.51875 0.021875 0.03888888888888889
1 0.909765625 0.46597222222222223 0.01796875 0.016666666666666666
1 0.776171875 0.2375 0.06171875 0.06388888888888888
1 0.04296875 0.05 0.03046875 0.03888888888888889
1 0.408203125 0.15 0.04296875 0.13472222222222222
1 0.85703125 0.19305555555555556 0.0546875 0.08611111111111111
1 0.39609375 0.6166666666666667 0.01953125 0.04027777777777778
0 0.127734375 0.5034722222222222 0.153125 0.4013888888888889
1 0.10390625 0.6694444444444444 0.02734375 0.04583333333333333
1 0.475 0.1375 0.0375 0.08333333333333333
1 0.846484375 0.11944444444444445 0.03125 0.05
1 0.14609375 0.31666666666666665 0.01796875 0.03333333333333333
1 0.71953125 0.9034722222222222 0.0375 0.06111111111111111
1 0.578125 0.9048611111111111 0.01640625 0.041666666666666664
1 0.846875 0.8402777777777778 0.01484375 0.02638888888888889
1 0.93515625 0.06319444444444444 0.01640625 0.03333333333333333
1 0.04765625 0.12986111111111112 0.01875 0.041666666666666664
1 0.74140625 0.3854166666666667 0.021875 0.04027777777777778
1 0.7015625 0.2743055555555556 0.0515625 0.08472222222222223
1 0.2640625 0.9833333333333333 0.02421875 0.030555555555555555
1 0.68359375 0.6777777777777778 0.03046875 0.07361111111111111
1 0.23984375 0.47847222222222224 0.02421875 0.08472222222222223
1 0.7609375 0.9618055555555556 0.021875 0.034722222222222224
0 0.642578125 0.9618055555555556 0.01875 0.0763888888888889
1 0.852734375 0.4423611111111111 0.02265625 0.059722222222222225
1 0.0828125 0.3506944444444444 0.0234375 0.029166666666666667
1 0.89375 0.125 0.0546875 0.08472222222222223
1 0.9734375 0.3854166666666667 0.025 0.041666666666666664
1 0.415234375 0.9715277777777778 0.01796875 0.034722222222222224
1 0.76640625 0.5152777777777777 0.01640625 0.030555555555555555
1 0.45234375 0.8034722222222223 0.02890625 0.041666666666666664
1 0.726171875 0.1798611111111111 0.02734375 0.1
1 0.25859375 0.7513888888888889 0.0171875 0.03333333333333333
1 0.807421875 0.5305555555555556 0.02578125 0.04722222222222222
1 0.897265625 0.73125 0.03203125 0.044444444444444446
1 0.430078125 0.07430555555555556 0.0203125 0.08333333333333333
1 0.861328125 0.6597222222222222 0.0203125 0.041666666666666664
1 0.797265625 0.5701388888888889 0.0140625 0.030555555555555555
0 0.655078125 0.5375 0.1375 0.2916666666666667
0 0.6328125 0.22708333333333333 0.22109375 0.45416666666666666
0 0.61484375 0.8666666666666667 0.25390625 0.16111111111111112
1 0.765625 0.7506944444444444 0.03359375 0.10416666666666667
1 0.858984375 0.7159722222222222 0.0359375 0.04861111111111111
1 0.871875 0.5743055555555555 0.02421875 0.044444444444444446
1 0.647265625 0.8277777777777777 0.0296875 0.05
1 0.804296875 0.17569444444444443 0.0375 0.07777777777777778
1 0.965234375 0.2847222222222222 0.021875 0.05138888888888889
1 0.83984375 0.06319444444444444 0.02578125 0.059722222222222225
0 0.1 0.8763888888888889 0.12109375 0.24444444444444444
1 0.633984375 0.41805555555555557 0.0203125 0.044444444444444446
1 0.55390625 0.58125 0.0359375 0.05138888888888889
1 0.598046875 0.5388888888888889 0.0359375 0.08055555555555556
0 0.1953125 0.7888888888888889 0.1296875 0.4222222222222222
1 0.2015625 0.035416666666666666 0.0109375 0.022222222222222223
1 0.217578125 0.08263888888888889 0.02265625 0.03888888888888889
1 0.126953125 0.0798611111111111 0.00859375 0.018055555555555554
1 0.220703125 0.9111111111111111 0.01796875 0.03888888888888889
1 0.189453125 0.8291666666666667 0.0140625 0.043055555555555555
1 0.23359375 0.7798611111111111 0.028125 0.03611111111111111
1 0.20703125 0.9513888888888888 0.009375 0.020833333333333332
1 0.23125 0.9979166666666667 0.01015625 0.004166666666666667
1 0.180078125 0.9083333333333333 0.0171875 0.05
1 0.159375 0.21388888888888888 0.03671875 0.043055555555555555
1 0.930078125 0.56875 0.0390625 0.09027777777777778
0 0.6125 0.08263888888888889 0.06328125 0.16527777777777777
1 0.433984375 0.8777777777777778 0.021875 0.05694444444444444
1 0.383203125 0.23125 0.028125 0.058333333333333334
1 0.938671875 0.34791666666666665 0.03671875 0.05138888888888889
1 0.7828125 0.5479166666666667 0.01796875 0.03611111111111111
1 0.671875 0.7875 0.01640625 0.034722222222222224
1 0.96015625 0.6756944444444445 0.0203125 0.034722222222222224
1 0.354296875 0.6479166666666667 0.0171875 0.025
1 0.06484375 0.4638888888888889 0.01953125 0.027777777777777776
1 0.23046875 0.6166666666666667 0.01640625 0.0625
1 0.891015625 0.3611111111111111 0.025 0.034722222222222224
1 0.989453125 0.2298611111111111 0.01640625 0.034722222222222224
1 0.438671875 0.25972222222222224 0.01875 0.025
1 0.458203125 0.9305555555555556 0.01640625 0.029166666666666667
1 0.91015625 0.8645833333333334 0.01328125 0.03194444444444444
1 0.2625 0.14375 0.02890625 0.0625
1 0.193359375 0.9381944444444444 0.01796875 0.034722222222222224
0 0.178125 0.044444444444444446 0.09453125 0.08888888888888889
1 0.8734375 0.61875 0.01640625 0.027777777777777776
1 0.7765625 0.6125 0.02265625 0.0375
1 0.04375 0.33541666666666664 0.0265625 0.044444444444444446
0 0.616796875 0.64375 0.1578125 0.10416666666666667
1 0.812109375 0.8416666666666667 0.02109375 0.04027777777777778
1 0.840234375 0.3034722222222222 0.0625 0.13472222222222222
1 0.62890625 0.5131944444444444 0.0125 0.03194444444444444
1 0.98671875 0.5048611111111111 0.0171875 0.04027777777777778
1 0.539453125 0.9798611111111111 0.0140625 0.034722222222222224
1 0.594921875 0.9861111111111112 0.02578125 0.025
1 0.79921875 0.3215277777777778 0.01953125 0.04722222222222222
1 0.83828125 0.6541666666666667 0.021875 0.04583333333333333
1 0.954296875 0.7631944444444444 0.0125 0.022222222222222223
1 0.937890625 0.3902777777777778 0.0203125 0.04861111111111111
1 0.9875 0.8486111111111111 0.0171875 0.044444444444444446
1 0.75625 0.5395833333333333 0.0171875 0.034722222222222224
1 0.731640625 0.7513888888888889 0.0171875 0.03611111111111111
1 0.475 0.6715277777777777 0.0171875 0.027777777777777776
1 0.43203125 0.5652777777777778 0.015625 0.06805555555555555
1 0.718359375 0.5486111111111112 0.0171875 0.03194444444444444
1 0.486328125 0.7131944444444445 0.01875 0.030555555555555555
1 0.851953125 0.5104166666666666 0.01953125 0.03611111111111111
1 0.194140625 0.14791666666666667 0.01875 0.03333333333333333
1 0.990625 0.7708333333333334 0.01171875 0.02361111111111111
1 0.418359375 0.8208333333333333 0.0234375 0.0375
1 0.56328125 0.51875 0.021875 0.030555555555555555
1 0.451953125 0.43680555555555556 0.01015625 0.025
1 0.39921875 0.021527777777777778 0.01875 0.041666666666666664
1 0.11328125 0.059027777777777776 0.0125 0.03194444444444444
1 0.61171875 0.31319444444444444 0.02109375 0.05
1 0.6234375 0.3597222222222222 0.02265625 0.041666666666666664
1 0.600390625 0.36666666666666664 0.021875 0.034722222222222224
1 0.65 0.35208333333333336 0.015625 0.029166666666666667
1 0.75078125 0.3326388888888889 0.01796875 0.020833333333333332
1 0.526953125 0.2652777777777778 0.02109375 0.044444444444444446
1 0.558984375 0.44513888888888886 0.01015625 0.022222222222222223
1 0.569140625 0.46875 0.01328125 0.04027777777777778
1 0.68046875 0.4888888888888889 0.01328125 0.029166666666666667
1 0.45546875 0.2902777777777778 0.01328125 0.03194444444444444
1 0.413671875 0.2881944444444444 0.0203125 0.0375
1 0.39609375 0.34930555555555554 0.01171875 0.029166666666666667
1 0.567578125 0.13541666666666666 0.0171875 0.029166666666666667
1 0.576171875 0.041666666666666664 0.025 0.05416666666666667
1 0.50703125 0.014583333333333334 0.03203125 0.029166666666666667
1 0.90859375 0.34791666666666665 0.01171875 0.030555555555555555
1 0.8453125 0.39791666666666664 0.0203125 0.034722222222222224
1 0.813671875 0.4354166666666667 0.02109375 0.04722222222222222
1 0.9078125 0.41944444444444445 0.01015625 0.030555555555555555
1 0.903515625 0.4423611111111111 0.00859375 0.016666666666666666
1 0.183984375 0.035416666666666666 0.01171875 0.041666666666666664
1 0.163671875 0.06944444444444445 0.0109375 0.02638888888888889
1 0.153515625 0.09791666666666667 0.01171875 0.030555555555555555
1 0.108203125 0.1527777777777778 0.021875 0.044444444444444446
1 0.131640625 0.21388888888888888 0.0140625 0.03333333333333333
1 0.11328125 0.30972222222222223 0.01640625 0.027777777777777776
1 0.13046875 0.5 0.02265625 0.0375
1 0.364453125 0.6791666666666667 0.0125 0.029166666666666667
1 0.404296875 0.6493055555555556 0.01484375 0.016666666666666666
1 0.4140625 0.6256944444444444 0.00859375 0.025
1 0.41953125 0.5958333333333333 0.0140625 0.02361111111111111
1 0.353515625 0.45069444444444445 0.01171875 0.016666666666666666
1 0.467578125 0.27361111111111114 0.021875 0.03888888888888889
1 0.43125 0.4979166666666667 0.02265625 0.0375
1 0.502734375 0.5763888888888888 0.02109375 0.03611111111111111
1 0.515234375 0.5625 0.01484375 0.02361111111111111