1 0.5046875 0.45208333333333334 0.0140625 0.0125
1 0.1265625 0.21458333333333332 0.0484375 0.0625
0 0.74609375 0.19791666666666666 0.334375 0.25625
0 0.690625 0.48854166666666665 0.33125 0.2875
0 0.746875 0.6208333333333333 0.196875 0.5645833333333333
0 0.8515625 0.909375 0.296875 0.18125
1 0.2421875 0.9770833333333333 0.0453125 0.04583333333333333
1 0.27109375 0.8666666666666667 0.0328125 0.03958333333333333
1 0.303125 0.8739583333333333 0.03125 0.05
1 0.4703125 0.9760416666666667 0.09375 0.04791666666666667
1 0.6 0.9854166666666667 0.0765625 0.029166666666666667
1 0.61875 0.8375 0.0921875 0.1
1 0.43125 0.7604166666666666 0.0265625 0.022916666666666665
1 0.3828125 0.66875 0.028125 0.029166666666666667
1 0.2390625 0.609375 0.0359375 0.04791666666666667
1 0.1125 0.5322916666666667 0.0453125 0.03125
1 0.25 0.44166666666666665 0.021875 0.03125
1 0.259375 0.3729166666666667 0.0453125 0.07083333333333333
1 0.196875 0.22916666666666666 0.03125 0.041666666666666664
1 0.31015625 0.2916666666666667 0.046875 0.05
1 0.32421875 0.34479166666666666 0.015625 0.03333333333333333
1 0.328125 0.22604166666666667 0.0296875 0.0375
1 0.4046875 0.21666666666666667 0.109375 0.12291666666666666
1 0.3421875 0.19583333333333333 0.015625 0.020833333333333332
1 0.25234375 0.096875 0.028125 0.04375
1 0.2671875 0.03229166666666667 0.0546875 0.05
1 0.3453125 0.042708333333333334 0.0390625 0.03958333333333333
1 0.425 0.023958333333333335 0.0421875 0.04791666666666667
1 0.50078125 0.020833333333333332 0.0359375 0.041666666666666664
1 0.54765625 0.16666666666666666 0.04375 0.06875
1 0.60078125 0.21666666666666667 0.0875 0.09791666666666667
1 0.4671875 0.3072916666666667 0.01875 0.025
1 0.48125 0.34479166666666666 0.034375 0.052083333333333336
1 0.51328125 0.3260416666666667 0.01875 0.016666666666666666
1 0.515625 0.36041666666666666 0.0140625 0.022916666666666665
1 0.56484375 0.30625 0.0359375 0.041666666666666664
1 0.5828125 0.31666666666666665 0.0140625 0.014583333333333334
1 0.62890625 0.3145833333333333 0.040625 0.05625
1 0.67734375 0.17916666666666667 0.084375 0.08958333333333333
1 0.73671875 0.171875 0.03125 0.04791666666666667
1 0.64453125 0.01875 0.0234375 0.027083333333333334
1 0.6765625 0.06458333333333334 0.0328125 0.04791666666666667
1 0.6015625 0.004166666666666667 0.0125 0.008333333333333333
1 0.8921875 0.175 0.05 0.08333333333333333
1 0.7234375 0.28125 0.065625 0.0625
1 0.8328125 0.07604166666666666 0.13125 0.15208333333333332
1 0.8046875 0.35208333333333336 0.0703125 0.06666666666666667
1 0.82890625 0.29375 0.021875 0.022916666666666665
1 0.9609375 0.2916666666666667 0.053125 0.05416666666666667
1 0.57890625 0.008333333333333333 0.0125 0.016666666666666666
1 0.94140625 0.08333333333333333 0.03125 0.06458333333333334
1 0.9875 0.13541666666666666 0.025 0.07708333333333334
1 0.90390625 0.6020833333333333 0.04375 0.05416666666666667
1 0.95234375 0.6291666666666667 0.0578125 0.06041666666666667
1 0.97265625 0.55625 0.0203125 0.020833333333333332
1 0.92109375 0.5625 0.0171875 0.0125
1 0.85078125 0.66875 0.0515625 0.05416666666666667
1 0.8671875 0.8260416666666667 0.034375 0.04583333333333333
1 0.95 0.95625 0.0296875 0.03958333333333333
1 0.8171875 0.946875 0.0296875 0.020833333333333332
1 0.69375 0.6791666666666667 0.0265625 0.03333333333333333
1 0.64140625 0.5 0.05 0.05
1 0.67890625 0.5791666666666667 0.0546875 0.07083333333333333
1 0.29140625 0.48854166666666665 0.0296875 0.04375
1 0.32109375 0.559375 0.03125 0.05416666666666667
1 0.29453125 0.5947916666666667 0.0140625 0.03125
1 0.47265625 0.5989583333333334 0.046875 0.06041666666666667
1 0.009375 0.8083333333333333 0.01875 0.03125
1 0.040625 0.8260416666666667 0.0296875 0.041666666666666664
1 0.215625 0.7552083333333334 0.040625 0.05
1 0.6875 0.7791666666666667 0.01875 0.027083333333333334
1 0.70234375 0.725 0.0140625 0.022916666666666665
1 0.746875 0.840625 0.0140625 0.010416666666666666
1 0.9859375 0.44479166666666664 0.028125 0.03958333333333333