1 0.27421875 0.9635416666666666 0.0578125 0.07291666666666667
1 0.41640625 0.9833333333333333 0.0390625 0.03333333333333333
1 0.5953125 0.8677083333333333 0.0328125 0.04791666666666667
1 0.6234375 0.9166666666666666 0.034375 0.03333333333333333
1 0.64609375 0.96875 0.0265625 0.03125
1 0.7515625 0.9479166666666666 0.0265625 0.03333333333333333
1 0.6828125 0.8958333333333334 0.0171875 0.03125
1 0.8078125 0.8510416666666667 0.0390625 0.025
1 0.75859375 0.8802083333333334 0.06875 0.06666666666666667
1 0.72109375 0.6041666666666666 0.0546875 0.03333333333333333
1 0.74296875 0.75625 0.01875 0.020833333333333332
1 0.703125 0.7010416666666667 0.03125 0.035416666666666666
1 0.63046875 0.6583333333333333 0.01875 0.020833333333333332
1 0.85625 0.6052083333333333 0.0203125 0.027083333333333334
1 0.77421875 0.4895833333333333 0.0765625 0.05625
1 0.84921875 0.5125 0.0515625 0.07708333333333334
1 0.9609375 0.51875 0.0765625 0.17291666666666666
1 0.8265625 0.6739583333333333 0.034375 0.035416666666666666
1 0.2828125 0.90625 0.01875 0.01875
1 0.0453125 0.8604166666666667 0.0140625 0.01875
1 0.7703125 0.8145833333333333 0.0140625 0.025
1 0.36875 0.5270833333333333 0.01875 0.016666666666666666
1 0.4671875 0.7322916666666667 0.0875 0.07291666666666667
0 0.51640625 0.16458333333333333 0.340625 0.18333333333333332
0 0.58359375 0.45729166666666665 0.209375 0.06458333333333334
0 0.5890625 0.703125 0.21875 0.13541666666666666
0 0.5390625 0.9614583333333333 0.175 0.07708333333333334
1 0.4171875 0.88125 0.0390625 0.041666666666666664
1 0.38515625 0.18229166666666666 0.0203125 0.027083333333333334
1 0.34609375 0.08541666666666667 0.0109375 0.022916666666666665
1 0.4984375 0.036458333333333336 0.015625 0.025
1 0.4640625 0.08541666666666667 0.028125 0.0375
1 0.3109375 0.13229166666666667 0.06875 0.06875
1 0.36484375 0.008333333333333333 0.015625 0.014583333333333334
1 0.278125 0.03333333333333333 0.0484375 0.06666666666666667
1 0.015625 0.15729166666666666 0.0234375 0.01875
1 0.015625 0.34270833333333334 0.03125 0.09166666666666666
1 0.28125 0.23645833333333333 0.0125 0.020833333333333332
1 0.38125 0.26979166666666665 0.053125 0.020833333333333332
1 0.4453125 0.31354166666666666 0.0359375 0.03333333333333333
1 0.65 0.28125 0.04375 0.03125
1 0.71328125 0.19270833333333334 0.0359375 0.03958333333333333
1 0.759375 0.015625 0.034375 0.03125
1 0.59140625 0.04479166666666667 0.0265625 0.03333333333333333
1 0.63359375 0.08125 0.0390625 0.08333333333333333
1 0.70625 0.08645833333333333 0.0359375 0.06041666666666667
1 0.634375 0.225 0.025 0.04791666666666667
1 0.37734375 0.390625 0.0203125 0.03333333333333333
1 0.5328125 0.5072916666666667 0.04375 0.05
1 0.48203125 0.6520833333333333 0.01875 0.029166666666666667
1 0.31328125 0.6416666666666667 0.0265625 0.029166666666666667
1 0.2828125 0.5916666666666667 0.0234375 0.05625
1 0.36875 0.7020833333333333 0.0234375 0.029166666666666667
1 0.51875 0.7979166666666667 0.021875 0.03958333333333333