1 0.93359375 0.965625 0.025 0.03125
1 0.44453125 0.9229166666666667 0.01875 0.020833333333333332
1 0.45390625 0.8739583333333333 0.0203125 0.025
1 0.775 0.016666666666666666 0.021875 0.03333333333333333
1 0.83515625 0.028125 0.0421875 0.027083333333333334
1 0.09609375 0.9239583333333333 0.015625 0.025
1 0.4484375 0.7854166666666667 0.01875 0.020833333333333332
1 0.48671875 0.8802083333333334 0.028125 0.07916666666666666
1 0.71796875 0.7 0.0328125 0.04583333333333333
1 0.93203125 0.5260416666666666 0.0625 0.05
1 0.946875 0.23125 0.025 0.020833333333333332
1 0.353125 0.08229166666666667 0.0171875 0.025
1 0.52265625 0.16145833333333334 0.0296875 0.04583333333333333
1 0.5 0.20416666666666666 0.025 0.05416666666666667
1 0.52421875 0.5135416666666667 0.0234375 0.027083333333333334
1 0.40234375 0.4322916666666667 0.03125 0.041666666666666664
0 0.6796875 0.146875 0.1796875 0.06458333333333334
0 0.68671875 0.3854166666666667 0.2203125 0.15416666666666667
0 0.63125 0.6364583333333333 0.1046875 0.27291666666666664
0 0.63359375 0.9083333333333333 0.13125 0.16458333333333333
1 0.99375 0.051041666666666666 0.0125 0.01875
1 0.09765625 0.49166666666666664 0.015625 0.01875
1 0.11875 0.375 0.01875 0.01875
1 0.05703125 0.45208333333333334 0.01875 0.022916666666666665