1 0.62421875 0.6385416666666667 0.034375 0.05416666666666667
0 0.41953125 0.8708333333333333 0.1234375 0.25833333333333336
0 0.390625 0.5572916666666666 0.240625 0.25
0 0.41484375 0.3385416666666667 0.075 0.27708333333333335
0 0.4203125 0.06979166666666667 0.20625 0.13958333333333334
1 0.06015625 0.24895833333333334 0.0140625 0.03333333333333333
1 0.95625 0.115625 0.015625 0.01875
1 0.89140625 0.21458333333333332 0.0140625 0.029166666666666667
1 0.77109375 0.7729166666666667 0.0109375 0.025
1 0.38046875 0.4375 0.0140625 0.014583333333333334
1 0.3125 0.42291666666666666 0.0265625 0.03333333333333333
1 0.28984375 0.3697916666666667 0.0734375 0.05416666666666667
1 0.65546875 0.6510416666666666 0.0125 0.035416666666666666
1 0.87109375 0.728125 0.0390625 0.027083333333333334
1 0.8625 0.6885416666666667 0.0296875 0.029166666666666667
1 0.94375 0.9760416666666667 0.0171875 0.020833333333333332
1 0.803125 0.8833333333333333 0.009375 0.01875
1 0.559375 0.81875 0.0234375 0.029166666666666667
1 0.66796875 0.9854166666666667 0.01875 0.025
1 0.1796875 0.8916666666666667 0.015625 0.022916666666666665
1 0.325 0.95 0.0203125 0.03125
1 0.484375 0.9947916666666666 0.01875 0.010416666666666666
1 0.58671875 0.9354166666666667 0.034375 0.04791666666666667
1 0.396875 0.7895833333333333 0.0203125 0.04583333333333333
1 0.36640625 0.8416666666666667 0.0375 0.05416666666666667
1 0.5296875 0.6177083333333333 0.0125 0.016666666666666666
1 0.49375 0.7322916666666667 0.015625 0.027083333333333334
1 0.39375 0.6239583333333333 0.0140625 0.020833333333333332
1 0.4578125 0.6395833333333333 0.028125 0.041666666666666664
1 0.60703125 0.18645833333333334 0.01875 0.029166666666666667
1 0.61171875 0.00625 0.028125 0.0125
1 0.52265625 0.025 0.028125 0.0375
1 0.55625 0.04895833333333333 0.01875 0.035416666666666666
1 0.7453125 0.096875 0.034375 0.0375
1 0.66015625 0.09166666666666666 0.0484375 0.04791666666666667
1 0.83671875 0.1625 0.025 0.03333333333333333
1 0.8265625 0.30104166666666665 0.015625 0.03125
1 0.84921875 0.346875 0.028125 0.03125
1 0.78671875 0.40208333333333335 0.01875 0.03125
1 0.68828125 0.32083333333333336 0.0203125 0.025
1 0.7875 0.46875 0.0296875 0.041666666666666664
1 0.7359375 0.4427083333333333 0.0265625 0.022916666666666665
1 0.6515625 0.5083333333333333 0.025 0.022916666666666665
1 0.575 0.5104166666666666 0.025 0.05
1 0.56484375 0.5708333333333333 0.021875 0.03125
1 0.52421875 0.5104166666666666 0.028125 0.027083333333333334
1 0.48671875 0.5458333333333333 0.0171875 0.029166666666666667
1 0.63671875 0.46458333333333335 0.028125 0.03958333333333333
1 0.5703125 0.34479166666666666 0.0171875 0.027083333333333334
1 0.51328125 0.31145833333333334 0.034375 0.03958333333333333
1 0.56484375 0.39479166666666665 0.0546875 0.04791666666666667
1 0.496875 0.35520833333333335 0.0484375 0.029166666666666667
1 0.47421875 0.240625 0.028125 0.020833333333333332
1 0.503125 0.15625 0.009375 0.020833333333333332
1 0.4984375 0.08541666666666667 0.01875 0.035416666666666666
1 0.3984375 0.04583333333333333 0.0265625 0.03125
1 0.32421875 0.07395833333333333 0.021875 0.022916666666666665
1 0.28671875 0.22708333333333333 0.0296875 0.05
1 0.33828125 0.12604166666666666 0.025 0.05
1 0.2734375 0.0125 0.0515625 0.025
1 0.265625 0.04895833333333333 0.0203125 0.04375
1 0.25078125 0.121875 0.0484375 0.05625
1 0.1765625 0.171875 0.0359375 0.03958333333333333
1 0.08203125 0.13541666666666666 0.0234375 0.03333333333333333
1 0.06953125 0.090625 0.040625 0.05
1 0.009375 0.21666666666666667 0.01875 0.03333333333333333
1 0.1125 0.29791666666666666 0.0296875 0.022916666666666665
1 0.05546875 0.31875 0.0171875 0.029166666666666667
1 0.0390625 0.2760416666666667 0.015625 0.029166666666666667
1 0.06953125 0.44166666666666665 0.0140625 0.020833333333333332
1 0.02578125 0.38125 0.0515625 0.07291666666666667
1 0.18125 0.415625 0.065625 0.06875
1 0.16484375 0.49583333333333335 0.025 0.03958333333333333
1 0.11328125 0.490625 0.0296875 0.020833333333333332
1 0.18125 0.55625 0.0171875 0.029166666666666667
1 0.15 0.546875 0.0265625 0.03958333333333333
1 0.15859375 0.6145833333333334 0.0234375 0.035416666666666666
1 0.125 0.65 0.0265625 0.0375
1 0.06953125 0.56875 0.0578125 0.058333333333333334
1 0.01328125 0.7635416666666667 0.0265625 0.0375
1 0.09375 0.83125 0.0265625 0.041666666666666664
1 0.06875 0.98125 0.01875 0.0375
1 0.040625 0.8916666666666667 0.08125 0.125
1 0.14375 0.778125 0.015625 0.022916666666666665
1 0.3765625 0.75 0.0234375 0.029166666666666667
1 0.3515625 0.6614583333333334 0.053125 0.10625
1 0.290625 0.5489583333333333 0.096875 0.08958333333333333
1 0.2421875 0.6375 0.0328125 0.04583333333333333
1 0.221875 0.5625 0.053125 0.06458333333333334
1 0.209375 0.625 0.028125 0.027083333333333334
1 0.29921875 0.7583333333333333 0.075 0.05416666666666667
1 0.2 0.7166666666666667 0.103125 0.10625