1 0.80859375 0.025 0.0296875 0.05
1 0.82265625 0.75 0.03125 0.0375
1 0.76640625 0.0625 0.021875 0.04375
1 0.921875 0.065625 0.0453125 0.05416666666666667
1 0.91796875 0.17291666666666666 0.0171875 0.01875
1 0.9375 0.215625 0.028125 0.020833333333333332
1 0.97109375 0.28854166666666664 0.0296875 0.04375
1 0.79375 0.29270833333333335 0.015625 0.020833333333333332
1 0.73984375 0.21979166666666666 0.0234375 0.03125
1 0.60390625 0.19166666666666668 0.015625 0.020833333333333332
1 0.81328125 0.7989583333333333 0.0234375 0.027083333333333334
1 0.78203125 0.7135416666666666 0.0171875 0.027083333333333334
1 0.80859375 0.6791666666666667 0.0234375 0.027083333333333334
1 0.84296875 0.7166666666666667 0.0171875 0.016666666666666666
1 0.74140625 0.8854166666666666 0.0359375 0.035416666666666666
1 0.80078125 0.8979166666666667 0.0484375 0.07708333333333334
1 0.8625 0.91875 0.0234375 0.03333333333333333
1 0.71328125 0.9416666666666667 0.0171875 0.01875
1 0.59375 0.9416666666666667 0.0421875 0.05416666666666667
1 0.5390625 0.9677083333333333 0.025 0.06041666666666667
1 0.3546875 0.9604166666666667 0.0421875 0.07916666666666666
1 0.415625 0.9677083333333333 0.0421875 0.06458333333333334
1 0.43984375 0.9239583333333333 0.0203125 0.01875
1 0.39140625 0.9166666666666666 0.0203125 0.029166666666666667
1 0.40703125 0.853125 0.034375 0.07916666666666666
1 0.23046875 0.940625 0.0421875 0.052083333333333336
1 0.2875 0.9833333333333333 0.0234375 0.03333333333333333
1 0.1375 0.9447916666666667 0.0296875 0.03333333333333333
1 0.15390625 0.975 0.0109375 0.01875
1 0.18203125 0.9625 0.015625 0.035416666666666666
1 0.25390625 0.89375 0.0265625 0.020833333333333332
1 0.09765625 0.853125 0.059375 0.075
1 0.05859375 0.9510416666666667 0.0390625 0.0375
1 0.103125 0.7354166666666667 0.0203125 0.04375
1 0.225 0.809375 0.01875 0.027083333333333334
1 0.25703125 0.6354166666666666 0.090625 0.13333333333333333
1 0.2828125 0.7395833333333334 0.0375 0.058333333333333334
1 0.3421875 0.840625 0.01875 0.020833333333333332
1 0.37890625 0.7166666666666667 0.0328125 0.041666666666666664
1 0.38671875 0.66875 0.0296875 0.03333333333333333
1 0.51796875 0.378125 0.015625 0.029166666666666667
1 0.45234375 0.3958333333333333 0.04375 0.058333333333333334
1 0.50390625 0.44479166666666664 0.0296875 0.027083333333333334
1 0.67578125 0.4354166666666667 0.03125 0.04375
1 0.60234375 0.4 0.034375 0.06875
1 0.71484375 0.3489583333333333 0.025 0.035416666666666666
1 0.71328125 0.3020833333333333 0.0234375 0.020833333333333332
1 0.70625 0.20729166666666668 0.01875 0.020833333333333332
1 0.65078125 0.221875 0.0546875 0.09375
1 0.759375 0.15104166666666666 0.075 0.075
1 0.65 0.08333333333333333 0.03125 0.035416666666666666
1 0.6140625 0.058333333333333334 0.021875 0.025
1 0.56484375 0.058333333333333334 0.065625 0.11666666666666667
1 0.16953125 0.11666666666666667 0.015625 0.03333333333333333
1 0.01328125 0.24895833333333334 0.0265625 0.041666666666666664
1 0.11875 0.005208333333333333 0.0140625 0.010416666666666666
1 0.09609375 0.03333333333333333 0.025 0.06666666666666667
1 0.2015625 0.028125 0.04375 0.04791666666666667
1 0.515625 0.030208333333333334 0.034375 0.041666666666666664
1 0.31328125 0.5604166666666667 0.0296875 0.03958333333333333
1 0.35078125 0.625 0.034375 0.022916666666666665
1 0.4328125 0.5510416666666667 0.0515625 0.03958333333333333
0 0.503125 0.09375 0.196875 0.1875
1 0.50078125 0.08229166666666667 0.028125 0.041666666666666664
1 0.4421875 0.030208333333333334 0.046875 0.06041666666666667
1 0.36640625 0.013541666666666667 0.025 0.027083333333333334
1 0.4046875 0.078125 0.040625 0.04375
1 0.35546875 0.06770833333333333 0.034375 0.058333333333333334
1 0.30390625 0.059375 0.04375 0.11875
1 0.25 0.0875 0.0328125 0.035416666666666666
1 0.209375 0.08645833333333333 0.0234375 0.029166666666666667
1 0.3671875 0.22916666666666666 0.040625 0.0625
1 0.36875 0.2833333333333333 0.0171875 0.020833333333333332
0 0.48125 0.4270833333333333 0.046875 0.18541666666666667
1 0.29765625 0.3020833333333333 0.0265625 0.035416666666666666
1 0.265625 0.2635416666666667 0.021875 0.06666666666666667
1 0.22265625 0.13645833333333332 0.046875 0.03333333333333333
1 0.2328125 0.18541666666666667 0.0375 0.04375
1 0.23671875 0.35104166666666664 0.0265625 0.03333333333333333
1 0.1734375 0.32916666666666666 0.025 0.03958333333333333
1 0.0921875 0.525 0.0171875 0.022916666666666665
1 0.0078125 0.47291666666666665 0.015625 0.014583333333333334
1 0.15703125 0.3875 0.021875 0.03958333333333333
0 0.46015625 0.690625 0.121875 0.09791666666666667
0 0.4609375 0.909375 0.0765625 0.14166666666666666
1 0.92265625 0.440625 0.046875 0.05416666666666667
1 0.68828125 0.5916666666666667 0.03125 0.05
1 0.67421875 0.5375 0.0578125 0.05416666666666667
1 0.6078125 0.5354166666666667 0.0375 0.06666666666666667
1 0.1453125 0.6125 0.0328125 0.03125
1 0.9765625 0.39895833333333336 0.046875 0.14583333333333334
1 0.50625 0.5645833333333333 0.01875 0.0125
1 0.40546875 0.5052083333333334 0.025 0.035416666666666666
1 0.4546875 0.609375 0.0109375 0.01875
1 0.14921875 0.5229166666666667 0.0328125 0.029166666666666667
1 0.2125 0.55 0.021875 0.020833333333333332
1 0.078125 0.4125 0.09375 0.1125
1 0.234375 0.49270833333333336 0.03125 0.06041666666666667
1 0.26953125 0.515625 0.0109375 0.01875
1 0.1375 0.47604166666666664 0.0296875 0.027083333333333334
1 0.49765625 0.903125 0.0109375 0.016666666666666666
1 0.509375 0.7989583333333333 0.028125 0.03333333333333333
1 0.578125 0.609375 0.0453125 0.05
1 0.5203125 0.6385416666666667 0.034375 0.022916666666666665
1 0.63671875 0.6729166666666667 0.028125 0.041666666666666664
1 0.67890625 0.6927083333333334 0.0375 0.052083333333333336
1 0.8609375 0.46041666666666664 0.021875 0.014583333333333334