1 0.590625 0.28125 0.03984375 0.0763888888888889
1 0.65390625 0.3298611111111111 0.0328125 0.06388888888888888
1 0.634375 0.4548611111111111 0.03515625 0.041666666666666664
1 0.6546875 0.41597222222222224 0.0140625 0.030555555555555555
1 0.715234375 0.48194444444444445 0.03359375 0.0625
1 0.6671875 0.5479166666666667 0.0203125 0.03611111111111111
1 0.683984375 0.5888888888888889 0.02421875 0.03611111111111111
1 0.705859375 0.6229166666666667 0.0234375 0.03333333333333333
1 0.771484375 0.6229166666666667 0.03125 0.10555555555555556
1 0.665234375 0.7229166666666667 0.0171875 0.03333333333333333
1 0.639453125 0.7944444444444444 0.0140625 0.0375
1 0.73203125 0.7256944444444444 0.0234375 0.043055555555555555
1 0.747265625 0.8333333333333334 0.01796875 0.027777777777777776
1 0.837890625 0.8041666666666667 0.02890625 0.05
1 0.858984375 0.8395833333333333 0.021875 0.029166666666666667
1 0.796484375 0.875 0.0171875 0.022222222222222223
1 0.73125 0.9583333333333334 0.0171875 0.025
1 0.729296875 0.9298611111111111 0.01171875 0.020833333333333332
1 0.9140625 0.9090277777777778 0.02578125 0.0625
1 0.990625 0.9875 0.01875 0.025
1 0.956640625 0.8256944444444444 0.03203125 0.04861111111111111
1 0.98046875 0.8784722222222222 0.0140625 0.016666666666666666
1 0.86640625 0.7458333333333333 0.021875 0.034722222222222224
1 0.87265625 0.7118055555555556 0.02421875 0.041666666666666664
1 0.889453125 0.7416666666666667 0.02109375 0.03888888888888889
1 0.88984375 0.6756944444444445 0.0328125 0.05
1 0.946484375 0.7444444444444445 0.0125 0.027777777777777776
1 0.822265625 0.6597222222222222 0.021875 0.03888888888888889
1 0.82109375 0.5972222222222222 0.0203125 0.030555555555555555
1 0.86953125 0.5881944444444445 0.01796875 0.027777777777777776
1 0.889453125 0.5201388888888889 0.03984375 0.07222222222222222
1 0.801953125 0.44305555555555554 0.021875 0.04583333333333333
1 0.809375 0.4798611111111111 0.01328125 0.022222222222222223
1 0.737890625 0.3680555555555556 0.04453125 0.07222222222222222
1 0.709375 0.27569444444444446 0.02109375 0.030555555555555555
1 0.7125 0.2125 0.03203125 0.1125
1 0.688671875 0.18263888888888888 0.0203125 0.02361111111111111
1 0.747265625 0.24444444444444444 0.0328125 0.07083333333333333
1 0.73828125 0.2861111111111111 0.01875 0.025
1 0.76015625 0.3013888888888889 0.01953125 0.03888888888888889
1 0.794140625 0.28680555555555554 0.02734375 0.041666666666666664
1 0.823046875 0.16041666666666668 0.021875 0.043055555555555555
1 0.821875 0.20069444444444445 0.0140625 0.025
1 0.78046875 0.05694444444444444 0.015625 0.03194444444444444
1 0.802734375 0.06041666666666667 0.021875 0.0375
1 0.81953125 0.11388888888888889 0.025 0.05694444444444444
1 0.7078125 0.022916666666666665 0.04921875 0.04583333333333333
1 0.769140625 0.005555555555555556 0.0265625 0.011111111111111112
1 0.6890625 0.10347222222222222 0.01171875 0.02361111111111111
1 0.618359375 0.22291666666666668 0.0140625 0.02638888888888889
1 0.594140625 0.1486111111111111 0.02109375 0.03611111111111111
1 0.51328125 0.02013888888888889 0.0171875 0.04027777777777778
1 0.54609375 0.011111111111111112 0.04453125 0.022222222222222223
1 0.5390625 0.04861111111111111 0.03125 0.05416666666666667
1 0.540625 0.12569444444444444 0.06953125 0.10555555555555556
1 0.528125 0.2013888888888889 0.05625 0.1375
1 0.484375 0.24930555555555556 0.03046875 0.058333333333333334
1 0.4171875 0.22847222222222222 0.0171875 0.0375
1 0.4 0.2590277777777778 0.02421875 0.08194444444444444
1 0.436328125 0.3236111111111111 0.05546875 0.09444444444444444
1 0.40703125 0.40555555555555556 0.015625 0.027777777777777776
1 0.409765625 0.5256944444444445 0.015625 0.020833333333333332
1 0.47734375 0.5548611111111111 0.03359375 0.06388888888888888
1 0.442578125 0.5479166666666667 0.0265625 0.07777777777777778
1 0.454296875 0.6791666666666667 0.0125 0.02638888888888889
1 0.459375 0.8701388888888889 0.01328125 0.02361111111111111
1 0.41953125 0.8118055555555556 0.01484375 0.027777777777777776
1 0.425390625 0.7097222222222223 0.0203125 0.02638888888888889
1 0.40625 0.7055555555555556 0.0140625 0.019444444444444445
1 0.557421875 0.95 0.0421875 0.1
1 0.494921875 0.9826388888888888 0.01796875 0.034722222222222224
1 0.419140625 0.9548611111111112 0.03125 0.09027777777777778
1 0.50078125 0.9375 0.0421875 0.05694444444444444
1 0.491015625 0.8576388888888888 0.0171875 0.03611111111111111
1 0.535546875 0.8208333333333333 0.0390625 0.08472222222222223
1 0.50390625 0.8027777777777778 0.03203125 0.0625
1 0.556640625 0.7618055555555555 0.03671875 0.07361111111111111
1 0.61015625 0.6479166666666667 0.0234375 0.034722222222222224
1 0.569921875 0.6784722222222223 0.02578125 0.043055555555555555
1 0.60078125 0.5770833333333333 0.028125 0.07222222222222222
1 0.583984375 0.5388888888888889 0.02109375 0.03333333333333333
1 0.518359375 0.49583333333333335 0.0796875 0.10416666666666667
1 0.4921875 0.40694444444444444 0.015625 0.03333333333333333
1 0.5140625 0.3784722222222222 0.02421875 0.034722222222222224
1 0.555078125 0.4173611111111111 0.0390625 0.08194444444444444
1 0.5734375 0.38055555555555554 0.0453125 0.058333333333333334
1 0.534765625 0.3236111111111111 0.06953125 0.11388888888888889
1 0.546875 0.6805555555555556 0.028125 0.09861111111111111
1 0.530859375 0.6229166666666667 0.01484375 0.02638888888888889
1 0.4953125 0.7118055555555556 0.071875 0.13472222222222222
1 0.1328125 0.8527777777777777 0.0234375 0.027777777777777776
1 0.098828125 0.9125 0.01796875 0.02638888888888889
1 0.245703125 0.9069444444444444 0.02890625 0.041666666666666664
1 0.22734375 0.9451388888888889 0.02265625 0.041666666666666664
1 0.24140625 0.9770833333333333 0.02421875 0.04027777777777778
1 0.18515625 0.9875 0.0234375 0.025
1 0.2015625 0.9569444444444445 0.02265625 0.043055555555555555
1 0.13359375 0.9701388888888889 0.0453125 0.059722222222222225
1 0.044921875 0.6763888888888889 0.01484375 0.029166666666666667
1 0.26328125 0.7090277777777778 0.01484375 0.019444444444444445
1 0.228125 0.7548611111111111 0.025 0.04861111111111111
1 0.246484375 0.7951388888888888 0.034375 0.04027777777777778
1 0.212109375 0.6840277777777778 0.02734375 0.05138888888888889
1 0.144921875 0.6743055555555556 0.02109375 0.03611111111111111
1 0.099609375 0.6270833333333333 0.02734375 0.03333333333333333
1 0.164453125 0.44027777777777777 0.01171875 0.02361111111111111
1 0.20390625 0.3909722222222222 0.0265625 0.044444444444444446
1 0.218359375 0.5347222222222222 0.01484375 0.044444444444444446
1 0.189453125 0.5229166666666667 0.0171875 0.02638888888888889
1 0.228515625 0.49583333333333335 0.03203125 0.0375
1 0.207421875 0.46041666666666664 0.0171875 0.0375
1 0.0359375 0.4951388888888889 0.02421875 0.03333333333333333
1 0.094140625 0.4777777777777778 0.0328125 0.059722222222222225
1 0.1171875 0.43333333333333335 0.0390625 0.06944444444444445
1 0.080859375 0.41458333333333336 0.02890625 0.05694444444444444
1 0.132421875 0.39305555555555555 0.0296875 0.059722222222222225
1 0.229296875 0.20277777777777778 0.02265625 0.043055555555555555
1 0.190234375 0.21180555555555555 0.03046875 0.06805555555555555
1 0.16796875 0.16875 0.015625 0.030555555555555555
1 0.145703125 0.20555555555555555 0.0328125 0.08055555555555556
1 0.18359375 0.2611111111111111 0.0234375 0.041666666666666664
1 0.165625 0.3055555555555556 0.021875 0.044444444444444446
1 0.109375 0.2361111111111111 0.0234375 0.034722222222222224
1 0.095703125 0.28541666666666665 0.06328125 0.0625
1 0.07890625 0.19722222222222222 0.02578125 0.05277777777777778
1 0.053125 0.23541666666666666 0.034375 0.0625
1 0.029296875 0.20069444444444445 0.01328125 0.02361111111111111
1 0.09609375 0.1527777777777778 0.01171875 0.022222222222222223
1 0.041796875 0.11527777777777778 0.02109375 0.04027777777777778
1 0.141015625 0.00625 0.0109375 0.0125
1 0.085546875 0.009027777777777777 0.01171875 0.018055555555555554
1 0.461328125 0.03125 0.01796875 0.03194444444444444
1 0.42890625 0.013194444444444444 0.025 0.02638888888888889
1 0.424609375 0.13958333333333334 0.01875 0.041666666666666664
1 0.328125 0.17291666666666666 0.021875 0.041666666666666664
1 0.33125 0.13125 0.0234375 0.0375
1 0.24765625 0.38333333333333336 0.0109375 0.019444444444444445
1 0.600390625 0.8694444444444445 0.0109375 0.019444444444444445
1 0.849609375 0.9902777777777778 0.00703125 0.015277777777777777
1 0.94765625 0.6736111111111112 0.01640625 0.020833333333333332
0 0.64609375 0.15069444444444444 0.1984375 0.10972222222222222
1 0.789453125 0.10972222222222222 0.01875 0.030555555555555555
1 0.6953125 0.12638888888888888 0.0109375 0.013888888888888888
1 0.190234375 0.06944444444444445 0.03125 0.034722222222222224
1 0.211328125 0.03125 0.0640625 0.0625
0 0.0890625 0.15486111111111112 0.178125 0.30972222222222223
0 0.09140625 0.43333333333333335 0.1828125 0.3680555555555556
0 0.085546875 0.5861111111111111 0.17109375 0.4375
0 0.14296875 0.8597222222222223 0.18125 0.28055555555555556
0 0.163671875 0.9819444444444444 0.0484375 0.03611111111111111
0 0.701171875 0.9083333333333333 0.0921875 0.18333333333333332
0 0.74375 0.6854166666666667 0.2515625 0.3958333333333333
0 0.671875 0.5847222222222223 0.19453125 0.1986111111111111
1 0.714453125 0.10069444444444445 0.00703125 0.013888888888888888
1 0.1234375 0.06666666666666667 0.02578125 0.03888888888888889
1 0.883984375 0.06736111111111111 0.04375 0.05416666666666667
1 0.932421875 0.075 0.01875 0.034722222222222224
1 0.951953125 0.08541666666666667 0.01171875 0.018055555555555554
1 0.991796875 0.12152777777777778 0.01640625 0.0763888888888889
1 0.899609375 0.021527777777777778 0.0328125 0.043055555555555555
1 0.848046875 0.32569444444444445 0.0125 0.016666666666666666
1 0.25546875 0.04722222222222222 0.01015625 0.016666666666666666
1 0.43125 0.7798611111111111 0.0140625 0.018055555555555554
1 0.585546875 0.18888888888888888 0.01171875 0.019444444444444445
1 0.63125 0.00625 0.009375 0.0125
1 0.445703125 0.4395833333333333 0.0125 0.0125
1 0.590625 0.7083333333333334 0.01953125 0.02638888888888889
1 0.76015625 0.70625 0.01015625 0.0125
1 0.640625 0.2638888888888889 0.0078125 0.011111111111111112
1 0.562109375 0.2076388888888889 0.01953125 0.03333333333333333