1 0.378125 0.8319444444444445 0.01953125 0.03194444444444444
1 0.434765625 0.7729166666666667 0.0125 0.034722222222222224
1 0.13359375 0.5173611111111112 0.02109375 0.03611111111111111
1 0.11015625 0.3770833333333333 0.015625 0.041666666666666664
1 0.399609375 0.025 0.0234375 0.041666666666666664
1 0.195703125 0.39444444444444443 0.0109375 0.02361111111111111
1 0.1578125 0.2826388888888889 0.02421875 0.041666666666666664
0 0.73515625 0.03680555555555556 0.2109375 0.07361111111111111
0 0.61640625 0.1909722222222222 0.309375 0.2625
0 0.680078125 0.47847222222222224 0.22734375 0.23055555555555557
0 0.635546875 0.6777777777777778 0.10234375 0.6444444444444445
0 0.690234375 0.9048611111111111 0.2125 0.19027777777777777
0 0.7203125 0.9673611111111111 0.14375 0.06527777777777778
0 0.07890625 0.18888888888888888 0.1578125 0.3111111111111111
0 0.09296875 0.06180555555555556 0.1859375 0.12361111111111112
0 0.152734375 0.8236111111111111 0.13984375 0.34305555555555556
1 0.476953125 0.5902777777777778 0.01953125 0.04027777777777778
1 0.530859375 0.9826388888888888 0.01484375 0.019444444444444445
1 0.5484375 0.8041666666666667 0.02265625 0.04027777777777778
1 0.53359375 0.7625 0.03515625 0.05694444444444444
1 0.575390625 0.7319444444444444 0.040625 0.06666666666666667
1 0.596484375 0.7763888888888889 0.02265625 0.03888888888888889
1 0.579296875 0.7916666666666666 0.01953125 0.044444444444444446
1 0.567578125 0.9090277777777778 0.02578125 0.0375
1 0.75 0.8159722222222222 0.015625 0.018055555555555554
1 0.69921875 0.7777777777777778 0.028125 0.03888888888888889
1 0.6984375 0.81875 0.0140625 0.02638888888888889
1 0.764453125 0.9222222222222223 0.01484375 0.03333333333333333
1 0.789453125 0.9840277777777777 0.02421875 0.029166666666666667
1 0.847265625 0.9902777777777778 0.0421875 0.019444444444444445
1 0.8375 0.7493055555555556 0.021875 0.03194444444444444
1 0.85703125 0.925 0.021875 0.05694444444444444
1 0.987890625 0.9854166666666667 0.02421875 0.029166666666666667
1 0.94296875 0.8444444444444444 0.02578125 0.04722222222222222
1 0.919140625 0.8229166666666666 0.01875 0.0375
1 0.957421875 0.8055555555555556 0.021875 0.05138888888888889
1 0.9890625 0.6097222222222223 0.021875 0.03333333333333333
1 0.9671875 0.7208333333333333 0.02578125 0.043055555555555555
1 0.939453125 0.6944444444444444 0.01953125 0.0375
1 0.873046875 0.6951388888888889 0.01875 0.03333333333333333
1 0.6953125 0.6631944444444444 0.0171875 0.03333333333333333
1 0.63125 0.47638888888888886 0.01875 0.04027777777777778
1 0.728125 0.47291666666666665 0.02265625 0.043055555555555555
1 0.808203125 0.44930555555555557 0.01484375 0.022222222222222223
1 0.766796875 0.35555555555555557 0.0375 0.059722222222222225
1 0.92890625 0.4583333333333333 0.01328125 0.02638888888888889
1 0.987890625 0.38333333333333336 0.02421875 0.05555555555555555
1 0.96015625 0.33402777777777776 0.028125 0.058333333333333334
1 0.8359375 0.23958333333333334 0.034375 0.06666666666666667
1 0.86953125 0.2722222222222222 0.0296875 0.044444444444444446
1 0.96328125 0.25416666666666665 0.01875 0.02638888888888889
1 0.991796875 0.18888888888888888 0.01640625 0.06666666666666667
1 0.9921875 0.11041666666666666 0.015625 0.03611111111111111
1 0.990625 0.006944444444444444 0.01796875 0.013888888888888888
1 0.915234375 0.027083333333333334 0.0265625 0.05416666666666667
1 0.888671875 0.009027777777777777 0.01640625 0.018055555555555554
1 0.787890625 0.10555555555555556 0.0375 0.058333333333333334
1 0.565625 0.2951388888888889 0.01796875 0.03611111111111111
1 0.591015625 0.03611111111111111 0.0375 0.05555555555555555
1 0.423828125 0.18333333333333332 0.0203125 0.03888888888888889
1 0.248046875 0.11041666666666666 0.02890625 0.05694444444444444
1 0.214453125 0.08263888888888889 0.03046875 0.06111111111111111
1 0.3671875 0.029861111111111113 0.01796875 0.03888888888888889
1 0.15625 0.7430555555555556 0.02265625 0.03888888888888889
1 0.175390625 0.6631944444444444 0.0203125 0.05277777777777778
1 0.42890625 0.13333333333333333 0.028125 0.044444444444444446
1 0.183203125 0.76875 0.015625 0.02361111111111111
1 0.2296875 0.6631944444444444 0.04765625 0.075
1 0.212890625 0.9298611111111111 0.01171875 0.02361111111111111