1 0.375 0.9791666666666666 0.025 0.03958333333333333
1 0.61171875 0.9604166666666667 0.025 0.025
1 0.63828125 0.98125 0.015625 0.0375
1 0.5484375 0.9645833333333333 0.053125 0.07083333333333333
1 0.65234375 0.8729166666666667 0.0515625 0.058333333333333334
1 0.68359375 0.7729166666666667 0.04375 0.08333333333333333
1 0.6375 0.8104166666666667 0.0328125 0.04583333333333333
1 0.6 0.6916666666666667 0.05 0.075
1 0.62421875 0.7385416666666667 0.0171875 0.022916666666666665
1 0.21328125 0.4395833333333333 0.0296875 0.020833333333333332
1 0.2453125 0.41770833333333335 0.0140625 0.022916666666666665
1 0.296875 0.375 0.025 0.01875
1 0.315625 0.41458333333333336 0.0515625 0.06041666666666667
1 0.3625 0.34791666666666665 0.059375 0.09166666666666666
1 0.3640625 0.41041666666666665 0.0328125 0.0375
1 0.46015625 0.42083333333333334 0.01875 0.022916666666666665
1 0.3203125 0.49166666666666664 0.015625 0.01875
1 0.43359375 0.5020833333333333 0.021875 0.03333333333333333
1 0.45859375 0.5864583333333333 0.0375 0.0625
1 0.3578125 0.7114583333333333 0.0421875 0.04583333333333333
1 0.41171875 0.7510416666666667 0.090625 0.1
1 0.49453125 0.7895833333333333 0.0453125 0.07083333333333333
1 0.50546875 0.865625 0.015625 0.027083333333333334
1 0.50234375 0.009375 0.025 0.01875
1 0.9015625 0.008333333333333333 0.0328125 0.016666666666666666
1 0.840625 0.051041666666666666 0.0203125 0.01875
1 0.85078125 0.016666666666666666 0.025 0.03333333333333333
1 0.7828125 0.01875 0.0203125 0.027083333333333334
1 0.83515625 0.8416666666666667 0.034375 0.022916666666666665
1 0.54296875 0.684375 0.0171875 0.020833333333333332
1 0.45703125 0.6708333333333333 0.034375 0.025
1 0.46875 0.27395833333333336 0.0140625 0.020833333333333332
1 0.61171875 0.4791666666666667 0.015625 0.020833333333333332
1 0.5703125 0.46458333333333335 0.04375 0.03125
1 0.83515625 0.3489583333333333 0.025 0.027083333333333334
1 0.6609375 0.28854166666666664 0.0203125 0.029166666666666667
1 0.76796875 0.4083333333333333 0.01875 0.020833333333333332
1 0.72890625 0.4635416666666667 0.034375 0.03333333333333333
1 0.7375 0.5208333333333334 0.028125 0.029166666666666667
1 0.71875 0.5583333333333333 0.0140625 0.020833333333333332
1 0.71875 0.5989583333333334 0.01875 0.041666666666666664
1 0.6984375 0.6166666666666667 0.021875 0.025
1 0.67890625 0.5760416666666667 0.021875 0.025
1 0.62421875 0.546875 0.0203125 0.035416666666666666
1 0.58984375 0.5229166666666667 0.0375 0.05416666666666667
1 0.2640625 0.7270833333333333 0.015625 0.016666666666666666
1 0.190625 0.21666666666666667 0.0203125 0.029166666666666667
1 0.15625 0.2916666666666667 0.0375 0.022916666666666665
1 0.64453125 0.7583333333333333 0.015625 0.025
1 0.65078125 0.7041666666666667 0.0265625 0.04375
1 0.70546875 0.678125 0.015625 0.020833333333333332
1 0.82109375 0.6083333333333333 0.0640625 0.09166666666666666
1 0.8265625 0.6864583333333333 0.0296875 0.035416666666666666
1 0.8796875 0.603125 0.015625 0.016666666666666666
1 0.91171875 0.5333333333333333 0.0546875 0.06458333333333334
1 0.8078125 0.43125 0.034375 0.04375
1 0.85703125 0.4270833333333333 0.0578125 0.052083333333333336
1 0.90546875 0.478125 0.01875 0.027083333333333334
1 0.8078125 0.48125 0.0375 0.0375
1 0.67421875 0.4354166666666667 0.0515625 0.06458333333333334
1 0.61328125 0.42083333333333334 0.0265625 0.04583333333333333
1 0.6609375 0.36770833333333336 0.0390625 0.041666666666666664
1 0.7078125 0.3625 0.0421875 0.041666666666666664
1 0.725 0.32916666666666666 0.0171875 0.027083333333333334
1 0.73203125 0.28229166666666666 0.040625 0.03958333333333333
1 0.78046875 0.334375 0.021875 0.03333333333333333
1 0.82109375 0.38229166666666664 0.0171875 0.035416666666666666
1 0.82109375 0.26458333333333334 0.0390625 0.03958333333333333
1 0.8421875 0.2375 0.0359375 0.0375
1 0.88828125 0.11666666666666667 0.0796875 0.10208333333333333
1 0.95546875 0.2 0.0515625 0.09791666666666667
1 0.984375 0.11979166666666667 0.03125 0.04583333333333333
1 0.98125 0.246875 0.0328125 0.029166666666666667
1 0.7921875 0.09479166666666666 0.040625 0.0625
1 0.565625 0.12395833333333334 0.0375 0.025
1 0.6015625 0.134375 0.0265625 0.029166666666666667
1 0.52109375 0.18229166666666666 0.040625 0.06666666666666667
1 0.5640625 0.22604166666666667 0.0546875 0.04583333333333333
1 0.609375 0.18125 0.0359375 0.035416666666666666
1 0.6359375 0.023958333333333335 0.05 0.04791666666666667
1 0.6390625 0.08645833333333333 0.0265625 0.022916666666666665
1 0.68828125 0.09166666666666666 0.028125 0.020833333333333332
1 0.28046875 0.08229166666666667 0.0359375 0.03958333333333333
1 0.32421875 0.10104166666666667 0.0578125 0.07083333333333333
1 0.35078125 0.17395833333333333 0.028125 0.025
1 0.403125 0.17291666666666666 0.021875 0.025
1 0.434375 0.18958333333333333 0.034375 0.041666666666666664
1 0.44296875 0.059375 0.0828125 0.06875
1 0.365625 0.03333333333333333 0.0390625 0.06666666666666667
1 0.39140625 0.010416666666666666 0.0234375 0.020833333333333332
1 0.41328125 0.13125 0.028125 0.035416666666666666
1 0.1359375 0.07604166666666666 0.0734375 0.08125
1 0.12890625 0.125 0.009375 0.01875
1 0.10703125 0.16666666666666666 0.0421875 0.03125
1 0.03203125 0.12083333333333333 0.0359375 0.05
1 0.2265625 0.019791666666666666 0.025 0.03958333333333333
1 0.24609375 0.22083333333333333 0.028125 0.027083333333333334
1 0.32265625 0.28125 0.059375 0.0625
1 0.23828125 0.30416666666666664 0.028125 0.04583333333333333
1 0.240625 0.3541666666666667 0.025 0.029166666666666667
1 0.57265625 0.31875 0.009375 0.014583333333333334
1 0.07890625 0.29270833333333335 0.0359375 0.027083333333333334
1 0.3265625 0.9635416666666666 0.021875 0.03125
1 0.3390625 0.925 0.021875 0.05
1 0.9546875 0.990625 0.0125 0.01875
1 0.4 0.903125 0.028125 0.04375
1 0.46640625 0.925 0.025 0.022916666666666665
1 0.325 0.8520833333333333 0.0265625 0.022916666666666665
1 0.26953125 0.91875 0.015625 0.022916666666666665
1 0.25625 0.8166666666666667 0.01875 0.022916666666666665
1 0.0703125 0.725 0.046875 0.08958333333333333
1 0.0546875 0.6479166666666667 0.040625 0.0375
1 0.13125 0.6197916666666666 0.0140625 0.025
0 0.5171875 0.06458333333333334 0.1703125 0.12916666666666668
0 0.55234375 0.34375 0.1875 0.22916666666666666
0 0.5140625 0.5677083333333334 0.209375 0.21666666666666667
0 0.53046875 0.9135416666666667 0.11875 0.17291666666666666
1 0.1828125 0.6604166666666667 0.01875 0.016666666666666666
1 0.45 0.015625 0.025 0.03125
1 0.97109375 0.525 0.0578125 0.26875
1 0.99296875 0.7395833333333334 0.0140625 0.0375
1 0.87734375 0.775 0.046875 0.05416666666666667
1 0.890625 0.8229166666666666 0.01875 0.027083333333333334
1 0.75625 0.8229166666666666 0.040625 0.05416666666666667
1 0.79921875 0.884375 0.025 0.03125
1 0.73671875 0.9375 0.065625 0.06041666666666667
1 0.8 0.9729166666666667 0.0546875 0.05416666666666667