1 0.78515625 0.8541666666666666 0.01640625 0.04027777777777778
1 0.725390625 0.875 0.00859375 0.016666666666666666
1 0.60390625 0.7493055555555556 0.015625 0.03611111111111111
1 0.234375 0.9493055555555555 0.0078125 0.013888888888888888
1 0.246484375 0.2111111111111111 0.03515625 0.07083333333333333
1 0.47578125 0.11180555555555556 0.0109375 0.020833333333333332
1 0.46015625 0.10972222222222222 0.0109375 0.020833333333333332
1 0.36796875 0.15138888888888888 0.01328125 0.02638888888888889
1 0.447265625 0.022916666666666665 0.0140625 0.03194444444444444
1 0.56640625 0.02361111111111111 0.028125 0.04722222222222222
1 0.566796875 0.09027777777777778 0.02421875 0.04861111111111111
1 0.66875 0.2611111111111111 0.02421875 0.034722222222222224
1 0.6546875 0.36875 0.01171875 0.020833333333333332
1 0.58515625 0.48194444444444445 0.0171875 0.034722222222222224
1 0.51796875 0.12152777777777778 0.03125 0.06388888888888888
1 0.47265625 0.16180555555555556 0.03359375 0.03611111111111111
1 0.50546875 0.17777777777777778 0.028125 0.06944444444444445
1 0.53359375 0.21041666666666667 0.02578125 0.04583333333333333
1 0.493359375 0.23125 0.0296875 0.06111111111111111
1 0.457421875 0.21597222222222223 0.01484375 0.018055555555555554
1 0.4609375 0.2465277777777778 0.01796875 0.02361111111111111
1 0.450390625 0.30069444444444443 0.0421875 0.07083333333333333
1 0.417578125 0.27152777777777776 0.02421875 0.0375
1 0.437890625 0.24791666666666667 0.01484375 0.034722222222222224
1 0.50078125 0.3076388888888889 0.0359375 0.07361111111111111
1 0.473046875 0.3263888888888889 0.02265625 0.041666666666666664
1 0.500390625 0.3798611111111111 0.05234375 0.08888888888888889
1 0.538671875 0.3368055555555556 0.02109375 0.03194444444444444
1 0.521875 0.4840277777777778 0.02109375 0.03611111111111111
1 0.50078125 0.45 0.0140625 0.015277777777777777
1 0.42734375 0.47152777777777777 0.021875 0.034722222222222224
1 0.299609375 0.4875 0.025 0.04861111111111111
1 0.26796875 0.49236111111111114 0.01484375 0.022222222222222223
1 0.16953125 0.5402777777777777 0.03515625 0.04027777777777778
1 0.143359375 0.5590277777777778 0.0140625 0.03194444444444444
1 0.09140625 0.5638888888888889 0.046875 0.0625
1 0.06953125 0.4826388888888889 0.03828125 0.06111111111111111
1 0.04375 0.5229166666666667 0.01328125 0.020833333333333332
1 0.115234375 0.6194444444444445 0.01875 0.025
1 0.114453125 0.6833333333333333 0.02265625 0.041666666666666664
1 0.136328125 0.7888888888888889 0.0078125 0.02361111111111111
1 0.20625 0.8715277777777778 0.02734375 0.04027777777777778
1 0.29921875 0.8881944444444444 0.0265625 0.025
1 0.246484375 0.8076388888888889 0.0140625 0.02361111111111111
1 0.362890625 0.8506944444444444 0.04453125 0.1
1 0.441796875 0.7631944444444444 0.01640625 0.019444444444444445
1 0.47421875 0.8152777777777778 0.028125 0.0625
1 0.5421875 0.8993055555555556 0.040625 0.07083333333333333
1 0.588671875 0.8958333333333334 0.021875 0.04861111111111111
1 0.62578125 0.8784722222222222 0.009375 0.02361111111111111
1 0.590234375 0.9673611111111111 0.00859375 0.019444444444444445
1 0.726953125 0.9236111111111112 0.01015625 0.034722222222222224
1 0.28984375 0.6611111111111111 0.0078125 0.016666666666666666
1 0.35234375 0.6222222222222222 0.01015625 0.025
1 0.41484375 0.6444444444444445 0.0109375 0.019444444444444445
1 0.46796875 0.6888888888888889 0.0140625 0.03611111111111111
1 0.516796875 0.6916666666666667 0.03828125 0.07222222222222222
1 0.492578125 0.6395833333333333 0.01953125 0.034722222222222224
1 0.592578125 0.5861111111111111 0.01796875 0.03194444444444444
1 0.62109375 0.6270833333333333 0.02578125 0.03611111111111111
1 0.579296875 0.5333333333333333 0.01953125 0.0375
1 0.996484375 0.5173611111111112 0.00703125 0.018055555555555554
1 0.996484375 0.49027777777777776 0.00703125 0.025
1 0.350390625 0.55625 0.02421875 0.0625
0 0.076171875 0.06111111111111111 0.1140625 0.12222222222222222
0 0.0890625 0.25277777777777777 0.178125 0.5055555555555555
0 0.10390625 0.46111111111111114 0.2078125 0.22777777777777777
0 0.130859375 0.6319444444444444 0.21875 0.2
0 0.09453125 0.9194444444444444 0.1890625 0.16111111111111112
0 0.653515625 0.8229166666666666 0.134375 0.2833333333333333
0 0.653515625 0.6319444444444444 0.20859375 0.43472222222222223
0 0.68359375 0.2361111111111111 0.253125 0.3736111111111111
0 0.681640625 0.10277777777777777 0.184375 0.20555555555555555
1 0.9734375 0.4895833333333333 0.01015625 0.022222222222222223
1 0.928125 0.5708333333333333 0.00859375 0.015277777777777777
1 0.91484375 0.5152777777777777 0.025 0.05416666666666667
1 0.7828125 0.3194444444444444 0.009375 0.015277777777777777
1 0.719140625 0.38819444444444445 0.01171875 0.025
1 0.981640625 0.07152777777777777 0.0125 0.022222222222222223
1 0.996875 0.2861111111111111 0.00625 0.006944444444444444
1 0.98359375 0.33402777777777776 0.01796875 0.02638888888888889
1 0.973046875 0.15486111111111112 0.015625 0.029166666666666667
1 0.946875 0.08541666666666667 0.02734375 0.05555555555555555
1 0.888671875 0.06180555555555556 0.02265625 0.0375
1 0.86328125 0.0798611111111111 0.0078125 0.020833333333333332
1 0.837109375 0.09930555555555555 0.015625 0.02361111111111111
1 0.789453125 0.1375 0.0125 0.03194444444444444
1 0.771484375 0.0875 0.0140625 0.03611111111111111
1 0.75703125 0.06597222222222222 0.0125 0.041666666666666664
1 0.755078125 0.6284722222222222 0.01484375 0.027777777777777776
1 0.7390625 0.6486111111111111 0.015625 0.0375
1 0.79375 0.6388888888888888 0.0109375 0.022222222222222223
1 0.85703125 0.7298611111111111 0.0171875 0.03611111111111111
1 0.928515625 0.8090277777777778 0.02421875 0.041666666666666664
1 0.913671875 0.9020833333333333 0.0296875 0.05138888888888889