1 0.39453125 0.14166666666666666 0.0171875 0.022916666666666665
1 0.1734375 0.10520833333333333 0.0375 0.13333333333333333
1 0.19921875 0.022916666666666665 0.053125 0.04583333333333333
0 0.4796875 0.07916666666666666 0.0890625 0.15416666666666667
0 0.46796875 0.24375 0.1765625 0.09791666666666667
0 0.5 0.8041666666666667 0.2 0.2833333333333333
0 0.49765625 0.9885416666666667 0.05625 0.022916666666666665
1 0.2046875 0.84375 0.040625 0.05416666666666667
1 0.05 0.9135416666666667 0.04375 0.058333333333333334
1 0.04921875 0.56875 0.028125 0.06666666666666667
1 0.0078125 0.48333333333333334 0.015625 0.035416666666666666
1 0.1546875 0.5489583333333333 0.0171875 0.03958333333333333
1 0.18828125 0.6052083333333333 0.03125 0.04583333333333333
1 0.19375 0.5447916666666667 0.0375 0.027083333333333334
1 0.16171875 0.45 0.0265625 0.025
1 0.1921875 0.3854166666666667 0.0390625 0.03125
1 0.3359375 0.3625 0.01875 0.035416666666666666
1 0.378125 0.3854166666666667 0.028125 0.03125
1 0.27421875 0.30104166666666665 0.028125 0.035416666666666666
1 0.33359375 0.25416666666666665 0.021875 0.029166666666666667
1 0.2171875 0.240625 0.01875 0.022916666666666665
1 0.08359375 0.26875 0.0203125 0.022916666666666665
1 0.11875 0.12604166666666666 0.0171875 0.020833333333333332
1 0.2140625 0.109375 0.01875 0.022916666666666665
1 0.2734375 0.08333333333333333 0.04375 0.0375
1 0.30546875 0.03229166666666667 0.0421875 0.041666666666666664
1 0.3171875 0.11458333333333333 0.015625 0.01875
1 0.40703125 0.059375 0.0375 0.03125
1 0.40625 0.190625 0.0203125 0.020833333333333332
1 0.36796875 0.20520833333333333 0.015625 0.014583333333333334
1 0.47890625 0.2875 0.0125 0.020833333333333332
1 0.60078125 0.215625 0.0765625 0.12083333333333333
1 0.66953125 0.041666666666666664 0.0609375 0.05625
1 0.7609375 0.04479166666666667 0.028125 0.029166666666666667
1 0.81328125 0.16770833333333332 0.0265625 0.03958333333333333
1 0.98359375 0.034375 0.0171875 0.014583333333333334
1 0.9375 0.25833333333333336 0.028125 0.022916666666666665
1 0.9375 0.33958333333333335 0.025 0.020833333333333332
1 0.9703125 0.5510416666666667 0.0359375 0.03333333333333333
1 0.9671875 0.659375 0.0234375 0.022916666666666665
1 0.9515625 0.73125 0.0234375 0.03958333333333333
1 0.9796875 0.7302083333333333 0.0140625 0.020833333333333332
1 0.81171875 0.7697916666666667 0.025 0.04791666666666667
1 0.7421875 0.6739583333333333 0.040625 0.052083333333333336
1 0.7 0.6072916666666667 0.028125 0.020833333333333332
1 0.7859375 0.5958333333333333 0.028125 0.029166666666666667
1 0.56171875 0.6010416666666667 0.028125 0.035416666666666666
1 0.5859375 0.5010416666666667 0.0265625 0.03125
1 0.6015625 0.85 0.03125 0.04375
1 0.61171875 0.9072916666666667 0.015625 0.01875
1 0.5125 0.8260416666666667 0.01875 0.01875
1 0.60859375 0.75 0.0328125 0.03333333333333333
1 0.59296875 0.7072916666666667 0.040625 0.052083333333333336
1 0.51015625 0.6625 0.021875 0.01875
1 0.3203125 0.7 0.034375 0.03333333333333333
1 0.31796875 0.6552083333333333 0.015625 0.025
1 0.259375 0.921875 0.0203125 0.041666666666666664
1 0.315625 0.9822916666666667 0.0203125 0.035416666666666666
1 0.50546875 0.9145833333333333 0.0140625 0.014583333333333334
1 0.5421875 0.99375 0.0265625 0.0125
1 0.7796875 0.875 0.0140625 0.022916666666666665
1 0.9375 0.9416666666666667 0.028125 0.03333333333333333
1 0.86171875 0.4125 0.015625 0.025
1 0.4375 0.36666666666666664 0.028125 0.020833333333333332
1 0.203125 0.6739583333333333 0.0109375 0.014583333333333334
1 0.3234375 0.49375 0.0203125 0.0125
1 0.44921875 0.325 0.015625 0.020833333333333332
1 0.453125 0.125 0.0109375 0.020833333333333332
1 0.52578125 0.15729166666666666 0.028125 0.016666666666666666
1 0.246875 0.7447916666666666 0.0078125 0.014583333333333334
1 0.08359375 0.20208333333333334 0.0234375 0.025
1 0.67890625 0.3572916666666667 0.015625 0.025
1 0.92265625 0.084375 0.0234375 0.03125
1 0.62734375 0.640625 0.009375 0.020833333333333332
1 0.49375 0.7072916666666667 0.0125 0.020833333333333332
1 0.45234375 0.91875 0.028125 0.016666666666666666
1 0.00546875 0.7583333333333333 0.0109375 0.020833333333333332
1 0.26328125 0.5875 0.028125 0.04791666666666667
1 0.06171875 0.290625 0.0265625 0.025
1 0.1125 0.253125 0.0265625 0.020833333333333332
1 0.88125 0.35520833333333335 0.0265625 0.03125
1 0.94453125 0.6760416666666667 0.0171875 0.022916666666666665
1 0.88671875 0.625 0.021875 0.03333333333333333
1 0.6140625 0.2989583333333333 0.0265625 0.022916666666666665
0 0.5046875 0.5697916666666667 0.1171875 0.2791666666666667
1 0.3734375 0.85625 0.0359375 0.05