1 0.540234375 0.10555555555555556 0.034375 0.07083333333333333
1 0.465234375 0.28541666666666665 0.0328125 0.06944444444444445
1 0.506640625 0.2520833333333333 0.0234375 0.041666666666666664
1 0.4765625 0.21944444444444444 0.0296875 0.05277777777777778
1 0.4859375 0.34097222222222223 0.0234375 0.029166666666666667
1 0.417578125 0.19652777777777777 0.01640625 0.025
0 0.64609375 0.1486111111111111 0.1734375 0.2972222222222222
0 0.660546875 0.24444444444444444 0.07265625 0.2847222222222222
0 0.605859375 0.5944444444444444 0.1859375 0.3472222222222222
1 0.21328125 0.10694444444444444 0.02578125 0.044444444444444446
1 0.326171875 0.03958333333333333 0.0546875 0.07916666666666666
1 0.387109375 0.07291666666666667 0.0140625 0.02638888888888889
1 0.45859375 0.08402777777777778 0.01875 0.03888888888888889
1 0.4640625 0.125 0.02421875 0.04583333333333333
1 0.784765625 0.03958333333333333 0.00859375 0.016666666666666666
1 0.853515625 0.01597222222222222 0.0140625 0.027777777777777776
1 0.8265625 0.23194444444444445 0.01015625 0.015277777777777777
1 0.8453125 0.24305555555555555 0.02109375 0.041666666666666664
1 0.818359375 0.29097222222222224 0.01171875 0.018055555555555554
1 0.92265625 0.32569444444444445 0.01796875 0.02361111111111111
1 0.90078125 0.4076388888888889 0.0171875 0.019444444444444445
1 0.930078125 0.36875 0.0328125 0.0375
1 0.913671875 0.3875 0.01484375 0.027777777777777776
1 0.97578125 0.45694444444444443 0.01171875 0.019444444444444445
1 0.91328125 0.5875 0.02109375 0.034722222222222224
1 0.84765625 0.6631944444444444 0.02265625 0.03611111111111111
1 0.98984375 0.9548611111111112 0.0203125 0.09027777777777778
1 0.78671875 0.9701388888888889 0.01171875 0.018055555555555554
1 0.7484375 0.9465277777777777 0.0140625 0.02361111111111111
1 0.68125 0.8888888888888888 0.01328125 0.029166666666666667
1 0.6234375 0.9486111111111111 0.0234375 0.03611111111111111
1 0.8046875 0.6145833333333334 0.02734375 0.05277777777777778
1 0.794921875 0.54375 0.0140625 0.034722222222222224
1 0.7140625 0.5611111111111111 0.01015625 0.016666666666666666
1 0.694140625 0.6652777777777777 0.0125 0.02361111111111111
1 0.69609375 0.74375 0.03359375 0.08472222222222223
1 0.6546875 0.7534722222222222 0.00859375 0.015277777777777777
1 0.57890625 0.6729166666666667 0.0390625 0.08888888888888889
1 0.5375 0.6930555555555555 0.03203125 0.06666666666666667
1 0.583203125 0.8138888888888889 0.05 0.08888888888888889
1 0.496484375 0.7888888888888889 0.03125 0.07361111111111111
1 0.494140625 0.8680555555555556 0.0140625 0.029166666666666667
1 0.401953125 0.8826388888888889 0.0140625 0.027777777777777776
1 0.421875 0.8131944444444444 0.0265625 0.044444444444444446
1 0.483203125 0.6840277777777778 0.0140625 0.030555555555555555
1 0.448046875 0.6326388888888889 0.01953125 0.03888888888888889
1 0.45859375 0.6708333333333333 0.02265625 0.0375
1 0.433984375 0.5708333333333333 0.0203125 0.03611111111111111
1 0.407421875 0.60625 0.02578125 0.0375
1 0.320703125 0.5381944444444444 0.01953125 0.03888888888888889
1 0.21015625 0.525 0.02421875 0.02638888888888889
1 0.2796875 0.3888888888888889 0.01796875 0.018055555555555554
1 0.29765625 0.36875 0.01640625 0.013888888888888888
1 0.414453125 0.3861111111111111 0.02265625 0.03333333333333333
1 0.437890625 0.4048611111111111 0.02734375 0.05138888888888889
1 0.220703125 0.3576388888888889 0.02890625 0.03888888888888889
1 0.180859375 0.3784722222222222 0.025 0.05
1 0.11640625 0.3486111111111111 0.0234375 0.03888888888888889
1 0.07265625 0.41041666666666665 0.025 0.06111111111111111
1 0.142578125 0.15833333333333333 0.0234375 0.04722222222222222
1 0.2421875 0.8770833333333333 0.04140625 0.08194444444444444
1 0.2 0.9125 0.021875 0.04027777777777778
1 0.306640625 0.9743055555555555 0.025 0.04861111111111111
1 0.755859375 0.35833333333333334 0.0453125 0.08333333333333333
1 0.804296875 0.3284722222222222 0.025 0.044444444444444446
1 0.698046875 0.36041666666666666 0.01953125 0.03888888888888889
1 0.599609375 0.4638888888888889 0.025 0.041666666666666664
1 0.275 0.7409722222222223 0.0140625 0.027777777777777776
0 0.08984375 0.5319444444444444 0.12265625 0.3861111111111111
0 0.086328125 0.8076388888888889 0.17265625 0.32916666666666666
0 0.071875 0.9444444444444444 0.14375 0.1111111111111111
0 0.092578125 0.2986111111111111 0.10078125 0.3138888888888889
0 0.0734375 0.08888888888888889 0.14453125 0.175
0 0.6359375 0.8534722222222222 0.09296875 0.2902777777777778
1 0.7515625 0.10138888888888889 0.01484375 0.022222222222222223
1 0.747265625 0.07916666666666666 0.0125 0.022222222222222223