0 0.626953125 0.24166666666666667 0.1125 0.48333333333333334
0 0.644140625 0.6152777777777778 0.19609375 0.38055555555555554
0 0.6703125 0.8590277777777777 0.1796875 0.28194444444444444
0 0.116015625 0.9798611111111111 0.02421875 0.04027777777777778
0 0.07890625 0.7770833333333333 0.1578125 0.38472222222222224
0 0.068359375 0.20902777777777778 0.13671875 0.3902777777777778
0 0.07109375 0.04097222222222222 0.0875 0.08194444444444444
1 0.219921875 0.5673611111111111 0.0109375 0.015277777777777777
1 0.061328125 0.3326388888888889 0.0171875 0.027777777777777776
1 0.451953125 0.09375 0.01015625 0.03333333333333333
1 0.419140625 0.06388888888888888 0.01484375 0.022222222222222223
1 0.39921875 0.10555555555555556 0.01953125 0.03194444444444444
1 0.140234375 0.02361111111111111 0.01640625 0.03611111111111111
1 0.094921875 0.0125 0.01015625 0.02361111111111111
1 0.1328125 0.16458333333333333 0.01171875 0.022222222222222223
1 0.08203125 0.6298611111111111 0.0140625 0.030555555555555555
1 0.097265625 0.5895833333333333 0.0171875 0.025
1 0.121484375 0.5659722222222222 0.009375 0.02638888888888889
1 0.088671875 0.7472222222222222 0.01640625 0.022222222222222223
1 0.0640625 0.7555555555555555 0.01015625 0.025
1 0.084765625 0.9694444444444444 0.02109375 0.02361111111111111
1 0.02890625 0.4305555555555556 0.03671875 0.09027777777777778
1 0.1625 0.95 0.01328125 0.02361111111111111
1 0.201171875 0.5756944444444444 0.0125 0.02361111111111111
1 0.516015625 0.15625 0.00859375 0.020833333333333332
1 0.150390625 0.3958333333333333 0.0515625 0.09444444444444444
1 0.200390625 0.5201388888888889 0.028125 0.05277777777777778
1 0.24140625 0.5770833333333333 0.01328125 0.04722222222222222
1 0.16953125 0.6611111111111111 0.0375 0.05277777777777778
1 0.20703125 0.675 0.0171875 0.03611111111111111
1 0.63671875 0.6604166666666667 0.01328125 0.015277777777777777
1 0.640625 0.6368055555555555 0.0203125 0.03194444444444444
1 0.615625 0.6284722222222222 0.009375 0.016666666666666666
1 0.22578125 0.6381944444444444 0.01484375 0.020833333333333332
1 0.735546875 0.6673611111111111 0.0296875 0.043055555555555555
1 0.7765625 0.7722222222222223 0.0265625 0.04027777777777778
1 0.821484375 0.9326388888888889 0.01953125 0.03611111111111111
1 0.801953125 0.90625 0.02109375 0.027777777777777776
1 0.778515625 0.88125 0.01953125 0.027777777777777776
1 0.448046875 0.9930555555555556 0.015625 0.013888888888888888
1 0.448828125 0.7875 0.0140625 0.025
1 0.468359375 0.8145833333333333 0.0140625 0.016666666666666666
1 0.459765625 0.8881944444444444 0.03046875 0.05
1 0.574609375 0.8215277777777777 0.01875 0.03333333333333333
1 0.516015625 0.7743055555555556 0.0453125 0.08055555555555556
1 0.4890625 0.6923611111111111 0.015625 0.03333333333333333
1 0.464453125 0.6729166666666667 0.01640625 0.03611111111111111
1 0.459375 0.7381944444444445 0.0203125 0.02638888888888889
1 0.416015625 0.2826388888888889 0.009375 0.015277777777777777
1 0.458984375 0.5034722222222222 0.02265625 0.034722222222222224
1 0.19609375 0.7361111111111112 0.0265625 0.034722222222222224
1 0.47890625 0.3645833333333333 0.01796875 0.044444444444444446
1 0.434375 0.41805555555555557 0.02109375 0.03611111111111111
1 0.707421875 0.3729166666666667 0.0125 0.02361111111111111
1 0.65625 0.35694444444444445 0.01484375 0.03888888888888889
1 0.62890625 0.32708333333333334 0.04609375 0.04861111111111111
1 0.585546875 0.22569444444444445 0.02578125 0.05277777777777778
1 0.68671875 0.5152777777777777 0.02734375 0.041666666666666664
1 0.813671875 0.27847222222222223 0.0171875 0.04583333333333333
1 0.831640625 0.11944444444444445 0.02421875 0.03611111111111111
1 0.955859375 0.22152777777777777 0.015625 0.02361111111111111
1 0.997265625 0.22361111111111112 0.00546875 0.016666666666666666
1 0.64140625 0.09861111111111111 0.0171875 0.02638888888888889
1 0.137109375 0.7694444444444445 0.01640625 0.027777777777777776
1 0.053515625 0.64375 0.01640625 0.0375
0 0.591796875 0.07569444444444444 0.07265625 0.15138888888888888