1 0.65625 0.7979166666666667 0.025 0.020833333333333332
0 0.45546875 0.9489583333333333 0.0234375 0.10208333333333333
0 0.4921875 0.5447916666666667 0.1453125 0.24583333333333332
0 0.47265625 0.23333333333333334 0.2015625 0.31875
0 0.50625 0.042708333333333334 0.0765625 0.08541666666666667
1 0.62578125 0.8927083333333333 0.028125 0.035416666666666666
1 0.6296875 0.771875 0.0265625 0.04375
1 0.51640625 0.6833333333333333 0.0234375 0.041666666666666664
1 0.74453125 0.38333333333333336 0.0171875 0.022916666666666665
1 0.9359375 0.5583333333333333 0.021875 0.029166666666666667
1 0.94140625 0.871875 0.021875 0.029166666666666667
1 0.88515625 0.909375 0.021875 0.022916666666666665
1 0.771875 0.4322916666666667 0.034375 0.05416666666666667
1 0.78671875 0.6614583333333334 0.028125 0.016666666666666666
1 0.47734375 0.69375 0.0203125 0.027083333333333334
1 0.43125 0.7083333333333334 0.01875 0.027083333333333334
1 0.60390625 0.7135416666666666 0.0171875 0.025
1 0.8359375 0.7395833333333334 0.0515625 0.06041666666666667
1 0.75390625 0.7510416666666667 0.0296875 0.035416666666666666
1 0.3125 0.803125 0.0265625 0.025
1 0.34453125 0.9166666666666666 0.0359375 0.03958333333333333
1 0.23671875 0.9197916666666667 0.0140625 0.03125
1 0.11015625 0.9052083333333333 0.0265625 0.0375
1 0.0484375 0.95625 0.0609375 0.0875
1 0.1578125 0.9833333333333333 0.0171875 0.022916666666666665
1 0.096875 0.8125 0.034375 0.041666666666666664
1 0.10390625 0.721875 0.040625 0.03333333333333333
1 0.03515625 0.6322916666666667 0.0328125 0.03125
1 0.0125 0.5708333333333333 0.01875 0.027083333333333334
1 0.384375 0.6541666666666667 0.0234375 0.029166666666666667
1 0.26640625 0.43125 0.046875 0.075
1 0.5171875 0.5895833333333333 0.01875 0.022916666666666665
1 0.121875 0.43854166666666666 0.0171875 0.01875
1 0.1390625 0.33541666666666664 0.0203125 0.022916666666666665
1 0.16953125 0.2677083333333333 0.015625 0.03333333333333333
1 0.29765625 0.08854166666666667 0.0234375 0.05
1 0.60390625 0.3125 0.0375 0.05
1 0.41875 0.27291666666666664 0.01875 0.01875
1 0.65625 0.046875 0.0234375 0.0375
1 0.90625 0.103125 0.0125 0.029166666666666667
1 0.7359375 0.010416666666666666 0.028125 0.020833333333333332
1 0.990625 0.1375 0.01875 0.025
1 0.88359375 0.15833333333333333 0.0171875 0.01875
1 0.0078125 0.253125 0.015625 0.03333333333333333
1 0.21015625 0.07083333333333333 0.0234375 0.035416666666666666
1 0.15390625 0.20833333333333334 0.0140625 0.01875
1 0.0609375 0.2635416666666667 0.0234375 0.029166666666666667
1 0.86796875 0.27291666666666664 0.021875 0.01875
1 0.7875 0.20729166666666668 0.028125 0.0375
1 0.7140625 0.10729166666666666 0.028125 0.0375