1 0.1890625 0.8048611111111111 0.021875 0.03888888888888889
1 0.218359375 0.7902777777777777 0.0125 0.022222222222222223
1 0.0796875 0.8375 0.02578125 0.043055555555555555
1 0.2078125 0.24930555555555556 0.01640625 0.0375
1 0.1828125 0.28541666666666665 0.01640625 0.04027777777777778
1 0.45625 0.13194444444444445 0.02265625 0.041666666666666664
1 0.5828125 0.2708333333333333 0.025 0.05277777777777778
1 0.65234375 0.1625 0.0484375 0.08055555555555556
1 0.74609375 0.19375 0.0203125 0.058333333333333334
1 0.766015625 0.39375 0.028125 0.04583333333333333
1 0.726171875 0.42916666666666664 0.02734375 0.03888888888888889
1 0.67578125 0.5388888888888889 0.02578125 0.034722222222222224
1 0.645703125 0.6180555555555556 0.021875 0.03888888888888889
1 0.6125 0.7222222222222222 0.02421875 0.044444444444444446
1 0.597265625 0.7604166666666666 0.01640625 0.030555555555555555
1 0.6046875 0.8368055555555556 0.03125 0.05694444444444444
1 0.50859375 0.9069444444444444 0.02265625 0.05416666666666667
1 0.46015625 0.7256944444444444 0.025 0.041666666666666664
1 0.49296875 0.7423611111111111 0.01328125 0.025
1 0.78828125 0.6423611111111112 0.03671875 0.10277777777777777
1 0.77734375 0.7263888888888889 0.01953125 0.03194444444444444
1 0.732421875 0.8263888888888888 0.02421875 0.04861111111111111
1 0.787890625 0.7902777777777777 0.0125 0.03194444444444444
1 0.678515625 0.9465277777777777 0.0484375 0.10416666666666667
1 0.748828125 0.98125 0.0234375 0.0375
1 0.838671875 0.8951388888888889 0.03984375 0.06388888888888888
1 0.89609375 0.975 0.01796875 0.04583333333333333
1 0.8875 0.8340277777777778 0.028125 0.04027777777777778
1 0.83203125 0.8194444444444444 0.01484375 0.025
1 0.968359375 0.7701388888888889 0.0328125 0.06944444444444445
1 0.980078125 0.7006944444444444 0.01171875 0.06111111111111111
1 0.98125 0.8881944444444444 0.0359375 0.1125
1 0.836328125 0.3888888888888889 0.01953125 0.029166666666666667
1 0.809765625 0.29791666666666666 0.02109375 0.03333333333333333
1 0.8140625 0.15555555555555556 0.0203125 0.03888888888888889
1 0.871875 0.14722222222222223 0.021875 0.04722222222222222
1 0.965625 0.26805555555555555 0.05234375 0.125
1 0.992578125 0.03680555555555556 0.01484375 0.05
1 0.90546875 0.03263888888888889 0.01640625 0.030555555555555555
0 0.061328125 0.7902777777777777 0.11796875 0.3236111111111111
0 0.559765625 0.8625 0.09765625 0.275
0 0.5921875 0.6791666666666667 0.17109375 0.3902777777777778
0 0.5765625 0.35138888888888886 0.153125 0.33611111111111114
1 0.923046875 0.009027777777777777 0.01875 0.013888888888888888
1 0.880859375 0.008333333333333333 0.0265625 0.016666666666666666
1 0.018359375 0.2965277777777778 0.025 0.030555555555555555
0 0.615625 0.24027777777777778 0.21328125 0.4041666666666667
0 0.5140625 0.044444444444444446 0.084375 0.07916666666666666
1 0.10234375 0.05694444444444444 0.04765625 0.10833333333333334
1 0.1421875 0.3229166666666667 0.0359375 0.0625
1 0.1140625 0.43819444444444444 0.02421875 0.06388888888888888
1 0.084765625 0.4583333333333333 0.02109375 0.0375
1 0.02890625 0.5534722222222223 0.01484375 0.04722222222222222
1 0.08515625 0.5625 0.0234375 0.043055555555555555
1 0.187890625 0.4576388888888889 0.0359375 0.04722222222222222
1 0.15703125 0.6958333333333333 0.02421875 0.044444444444444446
1 0.145703125 0.8076388888888889 0.01796875 0.041666666666666664