1 0.7640625 0.7083333333333334 0.0234375 0.03958333333333333
1 0.54140625 0.7375 0.053125 0.041666666666666664
1 0.628125 0.6916666666666667 0.05 0.0875
1 0.59453125 0.584375 0.0328125 0.041666666666666664
1 0.6828125 0.59375 0.0296875 0.03125
1 0.77109375 0.525 0.0453125 0.0375
1 0.7703125 0.59375 0.0234375 0.03125
1 0.79921875 0.5739583333333333 0.025 0.035416666666666666
1 0.87421875 0.6177083333333333 0.0109375 0.014583333333333334
1 0.95390625 0.5302083333333333 0.0578125 0.04375
1 0.821875 0.47604166666666664 0.0359375 0.041666666666666664
1 0.70234375 0.428125 0.0453125 0.06875
1 0.7546875 0.3572916666666667 0.0125 0.020833333333333332
1 0.56640625 0.321875 0.0328125 0.029166666666666667
1 0.98671875 0.03333333333333333 0.0265625 0.06666666666666667
1 0.78125 0.004166666666666667 0.0109375 0.008333333333333333
1 0.66640625 0.48020833333333335 0.0625 0.06666666666666667
1 0.9625 0.5770833333333333 0.025 0.022916666666666665
1 0.1546875 0.9489583333333333 0.0140625 0.027083333333333334
1 0.953125 0.21354166666666666 0.015625 0.020833333333333332
1 0.9421875 0.61875 0.0109375 0.01875
1 0.24609375 0.915625 0.03125 0.029166666666666667
1 0.27734375 0.21145833333333333 0.025 0.022916666666666665
0 0.67734375 0.8635416666666667 0.3953125 0.27291666666666664
0 0.571875 0.6166666666666667 0.29375 0.225
0 0.62734375 0.359375 0.184375 0.46041666666666664
0 0.65703125 0.090625 0.1640625 0.18125
1 0.834375 0.11354166666666667 0.1046875 0.1
1 0.909375 0.14479166666666668 0.0375 0.04375
1 0.803125 0.1875 0.025 0.014583333333333334
1 0.68515625 0.16770833333333332 0.0203125 0.027083333333333334
1 0.696875 0.12291666666666666 0.0515625 0.0625
1 0.55859375 0.11770833333333333 0.0640625 0.052083333333333336
1 0.5515625 0.03125 0.01875 0.025
1 0.490625 0.09583333333333334 0.0265625 0.04375
1 0.44765625 0.15729166666666666 0.0328125 0.035416666666666666
1 0.3890625 0.278125 0.13125 0.12083333333333333
1 0.46328125 0.35 0.0265625 0.04791666666666667
1 0.4015625 0.4041666666666667 0.03125 0.03333333333333333
1 0.33828125 0.39375 0.0390625 0.075
1 0.35625 0.46145833333333336 0.021875 0.035416666666666666
1 0.3359375 0.528125 0.021875 0.027083333333333334
1 0.3921875 0.521875 0.0328125 0.03958333333333333
1 0.44921875 0.51875 0.05625 0.05
1 0.5 0.5010416666666667 0.04375 0.04583333333333333
1 0.5375 0.515625 0.01875 0.0125
1 0.52265625 0.45625 0.021875 0.027083333333333334
1 0.60546875 0.471875 0.028125 0.025
1 0.53359375 0.2760416666666667 0.04375 0.07083333333333333
1 0.35859375 0.034375 0.0265625 0.029166666666666667
1 0.37265625 0.07916666666666666 0.0515625 0.04791666666666667
1 0.446875 0.03125 0.071875 0.0625
1 0.49296875 0.005208333333333333 0.0140625 0.010416666666666666
1 0.03828125 0.371875 0.06875 0.058333333333333334
1 0.1109375 0.3802083333333333 0.03125 0.022916666666666665
1 0.0765625 0.4395833333333333 0.021875 0.014583333333333334
1 0.02421875 0.6229166666666667 0.0484375 0.0625
1 0.11484375 0.65625 0.059375 0.05
1 0.33125 0.6979166666666666 0.1 0.08958333333333333
1 0.33203125 0.834375 0.103125 0.15416666666666667
1 0.4046875 0.8635416666666667 0.071875 0.0625
1 0.52578125 0.9125 0.034375 0.04375
1 0.45703125 0.9916666666666667 0.0375 0.016666666666666666
1 0.69296875 0.9822916666666667 0.0265625 0.027083333333333334
1 0.94453125 0.9864583333333333 0.0453125 0.027083333333333334
1 0.90546875 0.9583333333333334 0.0234375 0.025
1 0.81875 0.7947916666666667 0.0640625 0.07708333333333334
1 0.81484375 0.8572916666666667 0.040625 0.058333333333333334
1 0.99140625 0.7864583333333334 0.0171875 0.035416666666666666
1 0.96171875 0.7354166666666667 0.01875 0.022916666666666665
1 0.90390625 0.6958333333333333 0.021875 0.027083333333333334
1 0.70234375 0.7291666666666666 0.0328125 0.052083333333333336