1 0.0984375 0.4375 0.025 0.052083333333333336
0 0.55859375 0.853125 0.340625 0.28541666666666665
0 0.6 0.24375 0.4421875 0.35833333333333334
0 0.51484375 0.08229166666666667 0.2890625 0.16458333333333333
1 0.29453125 0.29270833333333335 0.0421875 0.04583333333333333
1 0.353125 0.459375 0.0296875 0.041666666666666664
1 0.27265625 0.5822916666666667 0.0421875 0.03958333333333333
1 0.27109375 0.9395833333333333 0.065625 0.11458333333333333
1 0.45390625 0.7041666666666667 0.0671875 0.08333333333333333
1 0.4796875 0.5197916666666667 0.075 0.10833333333333334
1 0.4140625 0.017708333333333333 0.08125 0.03125
1 0.48671875 0.022916666666666665 0.034375 0.03958333333333333
1 0.41171875 0.4125 0.034375 0.052083333333333336
1 0.8015625 0.43125 0.0296875 0.052083333333333336
1 0.9578125 0.7645833333333333 0.0203125 0.027083333333333334
1 0.73828125 0.9791666666666666 0.0390625 0.03958333333333333
1 0.80703125 0.9729166666666667 0.03125 0.03958333333333333
1 0.76796875 0.8916666666666667 0.040625 0.03958333333333333
1 0.91796875 0.9270833333333334 0.0234375 0.03333333333333333
1 0.86171875 0.7864583333333334 0.03125 0.05416666666666667
1 0.76796875 0.7052083333333333 0.0234375 0.029166666666666667
1 0.8171875 0.6427083333333333 0.0734375 0.07708333333333334
1 0.61796875 0.5864583333333333 0.05625 0.03958333333333333
1 0.63203125 0.5145833333333333 0.034375 0.04375
1 0.7609375 0.034375 0.059375 0.06458333333333334
1 0.68515625 0.15416666666666667 0.025 0.03333333333333333
1 0.659375 0.2864583333333333 0.04375 0.06666666666666667
1 0.73984375 0.21041666666666667 0.03125 0.0375
1 0.78671875 0.25729166666666664 0.040625 0.04583333333333333
1 0.88359375 0.2375 0.103125 0.14583333333333334
1 0.96796875 0.2989583333333333 0.0375 0.05416666666666667
1 0.89296875 0.484375 0.034375 0.04791666666666667
1 0.76484375 0.39375 0.046875 0.06458333333333334
1 0.23046875 0.753125 0.0296875 0.027083333333333334
1 0.290625 0.042708333333333334 0.0421875 0.041666666666666664
1 0.53828125 0.9854166666666667 0.0328125 0.029166666666666667