0 0.151171875 0.9784722222222222 0.028125 0.043055555555555555
1 0.76484375 0.6138888888888889 0.0125 0.025
1 0.3828125 0.9805555555555555 0.01328125 0.030555555555555555
1 0.773828125 0.8902777777777777 0.015625 0.029166666666666667
1 0.410546875 0.29305555555555557 0.0125 0.025
1 0.92890625 0.8305555555555556 0.046875 0.08888888888888889
1 0.92734375 0.2 0.0171875 0.03194444444444444
1 0.252734375 0.16805555555555557 0.0140625 0.029166666666666667
1 0.068359375 0.28888888888888886 0.0265625 0.0375
1 0.197265625 0.44930555555555557 0.0109375 0.020833333333333332
1 0.1109375 0.9645833333333333 0.0171875 0.027777777777777776
1 0.579296875 0.5944444444444444 0.01640625 0.030555555555555555
1 0.90390625 0.43125 0.015625 0.025
1 0.973828125 0.3888888888888889 0.02421875 0.041666666666666664
1 0.42578125 0.8138888888888889 0.02421875 0.03611111111111111
1 0.86875 0.7875 0.02421875 0.05138888888888889
1 0.968359375 0.4722222222222222 0.01796875 0.03888888888888889
1 0.215625 0.6847222222222222 0.04375 0.07777777777777778
0 0.693359375 0.9722222222222222 0.11796875 0.05
0 0.111328125 0.32916666666666666 0.1125 0.4722222222222222
0 0.151953125 0.6381944444444444 0.12109375 0.21388888888888888
1 0.990625 0.08194444444444444 0.015625 0.06527777777777778
1 0.59765625 0.5472222222222223 0.04140625 0.1111111111111111
0 0.657421875 0.6909722222222222 0.11953125 0.4888888888888889
1 0.9796875 0.8493055555555555 0.03359375 0.04861111111111111
1 0.987890625 0.5625 0.02421875 0.0763888888888889
1 0.92265625 0.47708333333333336 0.02421875 0.03194444444444444
1 0.99375 0.2826388888888889 0.0125 0.027777777777777776
1 0.99375 0.32222222222222224 0.0125 0.02638888888888889
1 0.97890625 0.3173611111111111 0.00859375 0.027777777777777776
1 0.995703125 0.21458333333333332 0.00859375 0.05138888888888889
1 0.96328125 0.14097222222222222 0.0203125 0.034722222222222224
1 0.977734375 0.1597222222222222 0.01875 0.029166666666666667
1 0.9 0.09930555555555555 0.021875 0.03194444444444444
1 0.8421875 0.2263888888888889 0.01953125 0.03888888888888889
1 0.793359375 0.02847222222222222 0.01484375 0.04583333333333333
1 0.821875 0.03611111111111111 0.02734375 0.043055555555555555
1 0.80078125 0.0763888888888889 0.02109375 0.04583333333333333
1 0.8234375 0.004861111111111111 0.0203125 0.009722222222222222
1 0.72578125 0.04652777777777778 0.01328125 0.03194444444444444
1 0.671875 0.2548611111111111 0.02734375 0.06805555555555555
1 0.521875 0.03888888888888889 0.01640625 0.034722222222222224
1 0.821484375 0.6173611111111111 0.0234375 0.05694444444444444
1 0.734375 0.22847222222222222 0.01484375 0.034722222222222224
1 0.897265625 0.22777777777777777 0.0234375 0.05138888888888889
0 0.142578125 0.18611111111111112 0.18515625 0.36944444444444446
1 0.694921875 0.9173611111111111 0.03125 0.06388888888888888
1 0.6703125 0.7333333333333333 0.0484375 0.08611111111111111
1 0.5890625 0.7215277777777778 0.0546875 0.09861111111111111
1 0.759375 0.5423611111111111 0.034375 0.06666666666666667
1 0.833203125 0.575 0.0171875 0.025
1 0.201953125 0.09861111111111111 0.04921875 0.09027777777777778
1 0.530078125 0.007638888888888889 0.0125 0.015277777777777777
1 0.289453125 0.36527777777777776 0.01171875 0.027777777777777776
1 0.53046875 0.9020833333333333 0.01328125 0.025
1 0.549609375 0.8090277777777778 0.01953125 0.03888888888888889
1 0.564453125 0.8090277777777778 0.009375 0.020833333333333332
1 0.50546875 0.7277777777777777 0.01640625 0.02638888888888889
1 0.55234375 0.7395833333333334 0.009375 0.0375
1 0.37578125 0.8840277777777777 0.01171875 0.0375
1 0.729296875 0.7354166666666667 0.01328125 0.02638888888888889
1 0.750390625 0.7493055555555556 0.01015625 0.029166666666666667
1 0.79921875 0.6472222222222223 0.01640625 0.034722222222222224
1 0.848828125 0.6868055555555556 0.0171875 0.02361111111111111
1 0.89140625 0.6569444444444444 0.0265625 0.03194444444444444
1 0.875390625 0.7048611111111112 0.0125 0.025
1 0.9921875 0.4965277777777778 0.015625 0.0375
1 0.90390625 0.7645833333333333 0.053125 0.05
1 0.95390625 0.6895833333333333 0.01328125 0.025
1 0.9640625 0.7534722222222222 0.0296875 0.07222222222222222
1 0.993359375 0.7430555555555556 0.01328125 0.03888888888888889
1 0.99375 0.7909722222222222 0.0125 0.05277777777777778
1 0.9625 0.9701388888888889 0.03515625 0.04583333333333333
1 0.92109375 0.9277777777777778 0.02109375 0.03888888888888889
1 0.8890625 0.9659722222222222 0.02265625 0.05694444444444444
1 0.4 0.11875 0.01171875 0.027777777777777776
1 0.42421875 0.014583333333333334 0.0171875 0.029166666666666667
1 0.367578125 0.13055555555555556 0.015625 0.03333333333333333
1 0.354296875 0.08611111111111111 0.0203125 0.06805555555555555
1 0.365625 0.18125 0.02421875 0.04583333333333333
1 0.47421875 0.2625 0.0140625 0.03333333333333333
1 0.578515625 0.3486111111111111 0.01640625 0.0375
1 0.575 0.26458333333333334 0.02265625 0.027777777777777776
1 0.51484375 0.3013888888888889 0.01484375 0.03333333333333333
1 0.5421875 0.43333333333333335 0.02265625 0.03888888888888889
1 0.49296875 0.5319444444444444 0.0140625 0.029166666666666667
1 0.46875 0.5131944444444444 0.02265625 0.027777777777777776
1 0.554296875 0.5152777777777777 0.03203125 0.06111111111111111
1 0.52109375 0.5409722222222222 0.0296875 0.05138888888888889
1 0.549609375 0.6666666666666666 0.01328125 0.03888888888888889
1 0.50546875 0.6388888888888888 0.0171875 0.03611111111111111
1 0.505859375 0.5854166666666667 0.0203125 0.034722222222222224
1 0.4203125 0.5909722222222222 0.02421875 0.05694444444444444
1 0.4140625 0.7180555555555556 0.0296875 0.075
1 0.088671875 0.6930555555555555 0.01171875 0.029166666666666667
1 0.12109375 0.9868055555555556 0.01484375 0.02638888888888889
1 0.202734375 0.8576388888888888 0.03828125 0.04027777777777778
1 0.229296875 0.8138888888888889 0.02265625 0.034722222222222224
1 0.128125 0.5486111111111112 0.01328125 0.027777777777777776
1 0.23203125 0.5875 0.01875 0.030555555555555555
1 0.2765625 0.5430555555555555 0.01640625 0.02361111111111111
1 0.053125 0.6131944444444445 0.0234375 0.044444444444444446
1 0.9359375 0.09444444444444444 0.02421875 0.06111111111111111
1 0.6546875 0.9375 0.02421875 0.04027777777777778
1 0.696875 0.38055555555555554 0.0453125 0.07916666666666666
1 0.67265625 0.9597222222222223 0.025 0.030555555555555555
1 0.84296875 0.7319444444444444 0.05546875 0.08333333333333333
1 0.9328125 0.5576388888888889 0.04296875 0.10694444444444444
1 0.866796875 0.31319444444444444 0.03046875 0.04861111111111111
1 0.659375 0.8604166666666667 0.02734375 0.04027777777777778
1 0.96484375 0.5583333333333333 0.02109375 0.07916666666666666
1 0.757421875 0.10138888888888889 0.03046875 0.06388888888888888
1 0.929296875 0.6583333333333333 0.040625 0.043055555555555555
1 0.2171875 0.48541666666666666 0.0234375 0.041666666666666664
0 0.723828125 0.8118055555555556 0.2578125 0.17222222222222222
1 0.218359375 0.2923611111111111 0.04296875 0.09166666666666666
1 0.9265625 0.5930555555555556 0.01875 0.043055555555555555
1 0.704296875 0.2513888888888889 0.02265625 0.04027777777777778
1 0.5671875 0.30625 0.03125 0.04722222222222222
1 0.648828125 0.017361111111111112 0.034375 0.034722222222222224
1 0.19296875 0.9215277777777777 0.0421875 0.06805555555555555
1 0.196875 0.24930555555555556 0.01484375 0.02638888888888889
1 0.777734375 0.7715277777777778 0.01796875 0.027777777777777776
1 0.844140625 0.13402777777777777 0.040625 0.0625
1 0.087109375 0.9256944444444445 0.03046875 0.0375
1 0.441015625 0.3194444444444444 0.02265625 0.03888888888888889
0 0.098828125 0.7638888888888888 0.1953125 0.21666666666666667
1 0.848828125 0.8451388888888889 0.0421875 0.07083333333333333
1 0.803125 0.3298611111111111 0.0171875 0.02638888888888889
1 0.365625 0.4395833333333333 0.0125 0.05416666666666667
1 0.725390625 0.9034722222222222 0.02890625 0.0375
1 0.70546875 0.08472222222222223 0.0234375 0.0375
1 0.859765625 0.08194444444444444 0.01328125 0.022222222222222223
1 0.791015625 0.7465277777777778 0.01953125 0.0375
1 0.692578125 0.21805555555555556 0.021875 0.0375
1 0.146484375 0.07430555555555556 0.01640625 0.03333333333333333
1 0.891796875 0.37777777777777777 0.028125 0.05555555555555555
1 0.80859375 0.7368055555555556 0.02109375 0.06527777777777778
1 0.961328125 0.04652777777777778 0.02734375 0.041666666666666664
1 0.903515625 0.1423611111111111 0.0234375 0.03194444444444444
1 0.983984375 0.7993055555555556 0.02890625 0.044444444444444446
1 0.70234375 0.9631944444444445 0.01796875 0.022222222222222223
1 0.122265625 0.05347222222222222 0.01640625 0.030555555555555555
1 0.834765625 0.9361111111111111 0.10078125 0.12777777777777777
1 0.748046875 0.3333333333333333 0.03359375 0.05416666666666667
0 0.7 0.17430555555555555 0.1953125 0.22083333333333333
1 0.85546875 0.017361111111111112 0.0234375 0.034722222222222224
1 0.0859375 0.6368055555555555 0.025 0.030555555555555555
1 0.9875 0.9263888888888889 0.01953125 0.07083333333333333
1 0.022265625 0.24027777777777778 0.01328125 0.027777777777777776
1 0.861328125 0.39166666666666666 0.0390625 0.06805555555555555
1 0.936328125 0.3527777777777778 0.025 0.08055555555555556
1 0.190234375 0.7555555555555555 0.0375 0.05277777777777778
1 0.896875 0.8194444444444444 0.01875 0.04861111111111111
1 0.770703125 0.3298611111111111 0.0171875 0.027777777777777776
0 0.6625 0.3888888888888889 0.1734375 0.32083333333333336
1 0.8734375 0.16111111111111112 0.01640625 0.03194444444444444
1 0.17890625 0.6618055555555555 0.0125 0.020833333333333332
1 0.102734375 0.5493055555555556 0.0125 0.02638888888888889
1 0.731640625 0.85 0.01953125 0.034722222222222224
1 0.43359375 0.8645833333333334 0.01640625 0.06944444444444445
1 0.420703125 0.12777777777777777 0.02265625 0.06111111111111111
1 0.75390625 0.9131944444444444 0.0171875 0.025
1 0.3828125 0.11180555555555556 0.015625 0.05
1 0.267578125 0.1284722222222222 0.01640625 0.03194444444444444
1 0.182421875 0.5263888888888889 0.03203125 0.03194444444444444
1 0.234375 0.5291666666666667 0.01640625 0.027777777777777776
1 0.251953125 0.49236111111111114 0.0171875 0.03888888888888889
1 0.23984375 0.43819444444444444 0.0125 0.022222222222222223
1 0.165625 0.33055555555555555 0.01328125 0.030555555555555555
1 0.18671875 0.30625 0.01796875 0.03611111111111111
1 0.248046875 0.2777777777777778 0.01484375 0.025
1 0.154296875 0.04027777777777778 0.01953125 0.041666666666666664
1 0.1796875 0.03263888888888889 0.02734375 0.044444444444444446
0 0.586328125 0.02013888888888889 0.03515625 0.04027777777777778
0 0.139453125 0.021527777777777778 0.05546875 0.043055555555555555