1 0.898828125 0.8798611111111111 0.00859375 0.022222222222222223
1 0.396484375 0.5777777777777777 0.00859375 0.020833333333333332
1 0.601953125 0.6986111111111111 0.0078125 0.022222222222222223
1 0.597265625 0.00625 0.0203125 0.0125
1 0.577734375 0.022916666666666665 0.0171875 0.04583333333333333
1 0.557421875 0.10277777777777777 0.01875 0.030555555555555555
1 0.491796875 0.011805555555555555 0.0125 0.02361111111111111
1 0.456640625 0.00625 0.015625 0.0125
1 0.430859375 0.034722222222222224 0.0171875 0.029166666666666667
1 0.591796875 0.8027777777777778 0.0125 0.03888888888888889
1 0.19765625 0.01597222222222222 0.03125 0.03194444444444444
1 0.01875 0.08819444444444445 0.0125 0.03194444444444444
1 0.434375 0.1451388888888889 0.0125 0.022222222222222223
1 0.803125 0.55 0.009375 0.016666666666666666
0 0.670703125 0.043055555555555555 0.0734375 0.08611111111111111
0 0.712109375 0.1736111111111111 0.17734375 0.3472222222222222
0 0.14609375 0.95 0.10859375 0.1
0 0.133203125 0.7659722222222223 0.1375 0.30416666666666664
0 0.100390625 0.58125 0.19609375 0.13333333333333333
0 0.07578125 0.26805555555555555 0.1515625 0.3458333333333333
0 0.704296875 0.5111111111111111 0.1140625 0.26944444444444443
0 0.684765625 0.7708333333333334 0.1828125 0.4583333333333333
0 0.6765625 0.9236111111111112 0.19453125 0.1527777777777778
0 0.0734375 0.11666666666666667 0.146875 0.23333333333333334
1 0.552734375 0.16666666666666666 0.01328125 0.02361111111111111
1 0.5078125 0.19791666666666666 0.0265625 0.05
1 0.5 0.2590277777777778 0.02109375 0.030555555555555555
1 0.478125 0.22430555555555556 0.0203125 0.03888888888888889
1 0.430859375 0.21666666666666667 0.01484375 0.029166666666666667
1 0.473046875 0.1 0.028125 0.04722222222222222
1 0.448828125 0.09166666666666666 0.01875 0.041666666666666664
1 0.459765625 0.15555555555555556 0.01796875 0.044444444444444446
1 0.415234375 0.15416666666666667 0.01796875 0.04861111111111111
1 0.400390625 0.12569444444444444 0.01171875 0.034722222222222224
1 0.355078125 0.11388888888888889 0.0109375 0.015277777777777777
1 0.362890625 0.09652777777777778 0.01171875 0.018055555555555554
1 0.354296875 0.0763888888888889 0.01796875 0.025
1 0.347265625 0.15138888888888888 0.01875 0.03194444444444444
1 0.3375 0.20416666666666666 0.01484375 0.03333333333333333
1 0.275 0.22708333333333333 0.02265625 0.03888888888888889
1 0.235546875 0.2638888888888889 0.025 0.04027777777777778
1 0.1640625 0.3298611111111111 0.02734375 0.04583333333333333
1 0.165234375 0.5361111111111111 0.01953125 0.019444444444444445
1 0.158984375 0.4979166666666667 0.0203125 0.034722222222222224
1 0.22109375 0.6173611111111111 0.02109375 0.04027777777777778
1 0.239453125 0.7180555555555556 0.01875 0.03194444444444444
1 0.251171875 0.7854166666666667 0.02265625 0.029166666666666667
1 0.21640625 0.9638888888888889 0.01484375 0.020833333333333332
1 0.268359375 0.95625 0.02109375 0.029166666666666667
1 0.341796875 0.9597222222222223 0.01328125 0.02638888888888889
1 0.42578125 0.9368055555555556 0.01484375 0.015277777777777777
1 0.401953125 0.9409722222222222 0.01953125 0.022222222222222223
1 0.927734375 0.8326388888888889 0.01484375 0.0375
1 0.816015625 0.6486111111111111 0.01015625 0.03333333333333333
1 0.8921875 0.5208333333333334 0.0125 0.02361111111111111
1 0.871484375 0.5888888888888889 0.015625 0.025
1 0.967578125 0.6409722222222223 0.015625 0.02361111111111111
1 0.993359375 0.6951388888888889 0.0109375 0.019444444444444445
1 0.9609375 0.6972222222222222 0.01484375 0.02361111111111111
1 0.225390625 0.5430555555555555 0.025 0.04861111111111111
1 0.871484375 0.6854166666666667 0.01796875 0.04722222222222222
1 0.791796875 0.7840277777777778 0.01484375 0.03194444444444444
1 0.87265625 0.9645833333333333 0.02265625 0.03194444444444444
1 0.799609375 0.9423611111111111 0.0140625 0.027777777777777776
1 0.821484375 0.9458333333333333 0.01953125 0.0375
1 0.75078125 0.9263888888888889 0.0171875 0.029166666666666667
1 0.786328125 0.9770833333333333 0.028125 0.04583333333333333
1 0.931640625 0.7423611111111111 0.0203125 0.029166666666666667
1 0.730859375 0.8048611111111111 0.04765625 0.12916666666666668
1 0.6109375 0.9604166666666667 0.0375 0.06388888888888888
1 0.56171875 0.8784722222222222 0.02578125 0.03194444444444444
1 0.735546875 0.8972222222222223 0.0234375 0.03888888888888889
1 0.56875 0.8229166666666666 0.01484375 0.029166666666666667
1 0.491015625 0.8166666666666667 0.01796875 0.03888888888888889
1 0.546875 0.7729166666666667 0.03125 0.04027777777777778
1 0.407421875 0.7131944444444445 0.0265625 0.041666666666666664
1 0.508984375 0.6020833333333333 0.02109375 0.034722222222222224
1 0.605859375 0.5548611111111111 0.01953125 0.043055555555555555
1 0.58046875 0.5284722222222222 0.015625 0.03611111111111111
1 0.429296875 0.4270833333333333 0.0171875 0.03888888888888889
1 0.498046875 0.46875 0.025 0.030555555555555555
1 0.480859375 0.4409722222222222 0.02265625 0.03194444444444444
1 0.55390625 0.39791666666666664 0.01015625 0.018055555555555554
1 0.5484375 0.35694444444444445 0.02578125 0.04861111111111111
1 0.629296875 0.3840277777777778 0.02109375 0.041666666666666664
1 0.607421875 0.44513888888888886 0.03828125 0.04722222222222222
1 0.694140625 0.48819444444444443 0.0265625 0.05138888888888889
1 0.71640625 0.3458333333333333 0.03203125 0.03888888888888889
1 0.6359375 0.3236111111111111 0.01328125 0.02638888888888889
1 0.594921875 0.30972222222222223 0.021875 0.043055555555555555
1 0.60546875 0.24444444444444444 0.015625 0.03611111111111111
1 0.573046875 0.22916666666666666 0.0375 0.07916666666666666
1 0.597265625 0.1388888888888889 0.03046875 0.08194444444444444
1 0.605078125 0.06180555555555556 0.02265625 0.06111111111111111
1 0.758203125 0.010416666666666666 0.01796875 0.020833333333333332
1 0.67734375 0.05763888888888889 0.0296875 0.06944444444444445
1 0.9875 0.23333333333333334 0.025 0.04722222222222222
1 0.950390625 0.025 0.025 0.043055555555555555
1 0.82578125 0.022916666666666665 0.0296875 0.04583333333333333
1 0.890625 0.03263888888888889 0.04453125 0.06527777777777778
1 0.860546875 0.09791666666666667 0.03046875 0.030555555555555555
1 0.876953125 0.14444444444444443 0.0203125 0.041666666666666664
1 0.86015625 0.2152777777777778 0.01875 0.019444444444444445
1 0.905078125 0.22152777777777777 0.0109375 0.027777777777777776
1 0.902734375 0.2673611111111111 0.01328125 0.025
1 0.909765625 0.4354166666666667 0.009375 0.022222222222222223
1 0.939453125 0.40069444444444446 0.03203125 0.05555555555555555
1 0.903515625 0.3263888888888889 0.03046875 0.058333333333333334
1 0.82890625 0.3194444444444444 0.03515625 0.05138888888888889
1 0.7078125 0.22430555555555556 0.053125 0.1
1 0.8140625 0.22847222222222222 0.0265625 0.07083333333333333
1 0.983984375 0.36875 0.02578125 0.05
1 0.971875 0.33402777777777776 0.01484375 0.030555555555555555
1 0.78984375 0.20069444444444445 0.04921875 0.0875
1 0.521875 0.8006944444444445 0.01640625 0.0375