1 0.929296875 0.85625 0.03125 0.058333333333333334
0 0.11796875 0.027777777777777776 0.0203125 0.05555555555555555
0 0.113671875 0.1701388888888889 0.16875 0.3402777777777778
0 0.15078125 0.3173611111111111 0.1234375 0.16527777777777777
0 0.14296875 0.6125 0.08125 0.3472222222222222
0 0.67421875 0.7930555555555555 0.32734375 0.275
0 0.681640625 0.6402777777777777 0.196875 0.2791666666666667
0 0.7109375 0.2465277777777778 0.20390625 0.29583333333333334
0 0.703125 0.18958333333333333 0.15234375 0.375
1 0.221875 0.020833333333333332 0.04609375 0.041666666666666664
1 0.1890625 0.04097222222222222 0.028125 0.05416666666666667
1 0.173828125 0.225 0.01015625 0.020833333333333332
1 0.16640625 0.2763888888888889 0.02109375 0.04027777777777778
1 0.319140625 0.3298611111111111 0.0140625 0.03194444444444444
1 0.1796875 0.4111111111111111 0.046875 0.06666666666666667
1 0.244921875 0.5340277777777778 0.0296875 0.08194444444444444
1 0.17578125 0.5048611111111111 0.01796875 0.034722222222222224
1 0.090625 0.45416666666666666 0.01796875 0.041666666666666664
1 0.2546875 0.6402777777777777 0.02890625 0.059722222222222225
1 0.21015625 0.6611111111111111 0.01953125 0.034722222222222224
1 0.141015625 0.6958333333333333 0.0140625 0.025
1 0.2609375 0.7625 0.03984375 0.10972222222222222
1 0.23828125 0.8826388888888889 0.01796875 0.03333333333333333
1 0.241796875 0.9430555555555555 0.0375 0.09583333333333334
1 0.209765625 0.9722222222222222 0.0109375 0.022222222222222223
1 0.090625 0.8902777777777777 0.015625 0.043055555555555555
1 0.98203125 0.8465277777777778 0.02109375 0.0375
1 0.880859375 0.7354166666666667 0.040625 0.09027777777777778
1 0.81484375 0.75625 0.01640625 0.02361111111111111
1 0.923828125 0.6743055555555556 0.02890625 0.059722222222222225
1 0.876953125 0.46944444444444444 0.01953125 0.03194444444444444
1 0.8734375 0.4173611111111111 0.02421875 0.05
1 0.759765625 0.46944444444444444 0.021875 0.034722222222222224
1 0.354296875 0.5965277777777778 0.01171875 0.022222222222222223
1 0.609765625 0.21180555555555555 0.0359375 0.06527777777777778
1 0.576953125 0.1451388888888889 0.0125 0.029166666666666667
0 0.154296875 0.7451388888888889 0.05390625 0.09444444444444444
0 0.211328125 0.8118055555555556 0.07578125 0.12916666666666668
0 0.105078125 0.9604166666666667 0.16015625 0.07916666666666666
0 0.691796875 0.95 0.07890625 0.1