0 0.7046875 0.4840277777777778 0.1546875 0.6013888888888889
0 0.737890625 0.8118055555555556 0.2171875 0.3763888888888889
0 0.725 0.8631944444444445 0.1984375 0.27361111111111114
1 0.066015625 0.14166666666666666 0.025 0.04861111111111111
1 0.5859375 0.31180555555555556 0.0359375 0.05277777777777778
1 0.606640625 0.26805555555555555 0.0234375 0.03888888888888889
1 0.661328125 0.13819444444444445 0.03125 0.041666666666666664
1 0.6421875 0.30625 0.01875 0.044444444444444446
1 0.7125 0.23958333333333334 0.04375 0.05
1 0.7015625 0.33958333333333335 0.01875 0.041666666666666664
1 0.592578125 0.46319444444444446 0.03515625 0.05694444444444444
1 0.271875 0.3236111111111111 0.01640625 0.03194444444444444
1 0.212890625 0.6409722222222223 0.03671875 0.04583333333333333
1 0.303125 0.575 0.02578125 0.041666666666666664
1 0.129296875 0.4986111111111111 0.02578125 0.043055555555555555
1 0.171484375 0.53125 0.0171875 0.027777777777777776
1 0.173046875 0.4666666666666667 0.02734375 0.0375
1 0.144921875 0.4486111111111111 0.025 0.03888888888888889
1 0.171875 0.4125 0.0234375 0.03611111111111111
1 0.202734375 0.3770833333333333 0.02890625 0.030555555555555555
0 0.1546875 0.25416666666666665 0.26953125 0.24861111111111112
0 0.112890625 0.7083333333333334 0.1953125 0.3736111111111111
0 0.15546875 0.8173611111111111 0.203125 0.36527777777777776
0 0.16640625 0.9708333333333333 0.15 0.058333333333333334
1 0.751171875 0.0375 0.0296875 0.05416666666666667
1 0.88203125 0.013888888888888888 0.04296875 0.027777777777777776
1 0.946484375 0.1875 0.0421875 0.06111111111111111
1 0.835546875 0.3 0.02578125 0.04861111111111111
1 0.853125 0.3458333333333333 0.02734375 0.05138888888888889
1 0.893359375 0.3861111111111111 0.0171875 0.041666666666666664
1 0.952734375 0.42777777777777776 0.02265625 0.041666666666666664
1 0.91015625 0.4791666666666667 0.025 0.034722222222222224
1 0.9390625 0.5048611111111111 0.02265625 0.034722222222222224
1 0.911328125 0.5875 0.02265625 0.03194444444444444
1 0.89453125 0.6326388888888889 0.01953125 0.034722222222222224
1 0.9703125 0.7125 0.0234375 0.03888888888888889
1 0.958984375 0.7777777777777778 0.0203125 0.041666666666666664
1 0.991796875 0.9861111111111112 0.01640625 0.027777777777777776
1 0.98828125 0.8958333333333334 0.0234375 0.06944444444444445
1 0.896484375 0.875 0.02890625 0.05555555555555555
1 0.605859375 0.9111111111111111 0.0234375 0.05416666666666667
1 0.55625 0.6805555555555556 0.01796875 0.03194444444444444
1 0.666015625 0.6909722222222222 0.03203125 0.04027777777777778
1 0.61484375 0.7868055555555555 0.02734375 0.06527777777777778
1 0.717578125 0.5638888888888889 0.0375 0.044444444444444446
1 0.7046875 0.4791666666666667 0.05390625 0.05694444444444444
0 0.626953125 0.04097222222222222 0.04375 0.07916666666666666