1 0.7671875 0.6572916666666667 0.0375 0.058333333333333334
1 0.865625 0.634375 0.0171875 0.022916666666666665
1 0.8890625 0.6479166666666667 0.0390625 0.03958333333333333
1 0.903125 0.59375 0.021875 0.03333333333333333
1 0.97265625 0.64375 0.0390625 0.04583333333333333
1 0.7828125 0.9208333333333333 0.034375 0.04791666666666667
1 0.83671875 0.8270833333333333 0.0171875 0.020833333333333332
1 0.8625 0.8552083333333333 0.0296875 0.027083333333333334
1 0.93203125 0.990625 0.025 0.01875
1 0.51796875 0.846875 0.025 0.035416666666666666
0 0.75234375 0.13958333333333334 0.459375 0.2791666666666667
0 0.7328125 0.4322916666666667 0.2640625 0.5145833333333333
1 0.4578125 0.24479166666666666 0.0265625 0.0375
1 0.66328125 0.3020833333333333 0.015625 0.01875
1 0.58828125 0.43333333333333335 0.0125 0.014583333333333334
1 0.38203125 0.2520833333333333 0.0125 0.0125
1 0.36015625 0.14895833333333333 0.0234375 0.029166666666666667
1 0.48046875 0.003125 0.00625 0.00625
0 0.684375 0.6416666666666667 0.225 0.45208333333333334
1 0.53984375 0.016666666666666666 0.040625 0.03333333333333333
1 0.50546875 0.026041666666666668 0.0265625 0.052083333333333336
1 0.48359375 0.030208333333333334 0.0234375 0.03125
1 0.4671875 0.00625 0.0109375 0.0125
1 0.29609375 0.020833333333333332 0.040625 0.041666666666666664
1 0.26484375 0.21770833333333334 0.046875 0.04375
0 0.59296875 0.921875 0.2640625 0.15625
1 0.0890625 0.3458333333333333 0.0171875 0.01875
1 0.265625 0.6416666666666667 0.0234375 0.0375
1 0.48984375 0.234375 0.0359375 0.05
1 0.521875 0.259375 0.034375 0.05416666666666667
1 0.6046875 0.22916666666666666 0.0296875 0.05
1 0.23359375 0.15520833333333334 0.0671875 0.06666666666666667
1 0.634375 0.21666666666666667 0.028125 0.05
1 0.5703125 0.15 0.0265625 0.03333333333333333
1 0.56796875 0.10625 0.015625 0.01875
1 0.5875 0.8416666666666667 0.0125 0.01875
1 0.44296875 0.9791666666666666 0.0421875 0.041666666666666664
1 0.45078125 0.90625 0.0171875 0.0375
1 0.340625 0.7260416666666667 0.040625 0.06041666666666667
1 0.40234375 0.6864583333333333 0.0296875 0.03125
1 0.2953125 0.60625 0.01875 0.03125
1 0.31328125 0.6260416666666667 0.01875 0.029166666666666667
1 0.271875 0.7635416666666667 0.0234375 0.029166666666666667
1 0.00859375 0.5927083333333333 0.0171875 0.025
1 0.36640625 0.29583333333333334 0.0296875 0.03333333333333333
1 0.35234375 0.3416666666666667 0.021875 0.03125
1 0.95546875 0.15833333333333333 0.065625 0.08333333333333333
1 0.98359375 0.036458333333333336 0.0328125 0.05
1 0.928125 0.365625 0.0375 0.06458333333333334
1 0.93671875 0.43020833333333336 0.084375 0.10833333333333334
1 0.98828125 0.4395833333333333 0.0234375 0.0375
1 0.84453125 0.41354166666666664 0.028125 0.03125
1 0.71640625 0.39895833333333336 0.025 0.041666666666666664
1 0.74296875 0.39375 0.0296875 0.05416666666666667
1 0.71796875 0.4635416666666667 0.028125 0.04375
1 0.61484375 0.31979166666666664 0.0328125 0.05
1 0.57734375 0.46145833333333336 0.0296875 0.03333333333333333
1 0.47734375 0.425 0.0390625 0.03333333333333333
1 0.48828125 0.47291666666666665 0.040625 0.06041666666666667