0 0.153125 0.8013888888888889 0.07734375 0.375
1 0.598828125 0.9131944444444444 0.03984375 0.07916666666666666
0 0.615234375 0.0875 0.0625 0.175
1 0.407421875 0.6527777777777778 0.03125 0.04861111111111111
1 0.46640625 0.29305555555555557 0.0375 0.05694444444444444
1 0.947265625 0.18263888888888888 0.03125 0.044444444444444446
1 0.24921875 0.9138888888888889 0.0375 0.05
1 0.967578125 0.78125 0.06484375 0.07222222222222222
1 0.935546875 0.5208333333333334 0.0078125 0.015277777777777777
1 0.902734375 0.9048611111111111 0.009375 0.016666666666666666
1 0.05625 0.4722222222222222 0.01953125 0.025
1 0.99375 0.0125 0.0125 0.020833333333333332
1 0.9140625 0.18680555555555556 0.02265625 0.02361111111111111
1 0.86640625 0.9951388888888889 0.0171875 0.009722222222222222
1 0.570703125 0.9388888888888889 0.01171875 0.029166666666666667
0 0.11796875 0.5270833333333333 0.225 0.2111111111111111
1 0.524609375 0.075 0.0296875 0.08194444444444444
1 0.473046875 0.18680555555555556 0.02109375 0.04027777777777778
1 0.88203125 0.9451388888888889 0.03046875 0.03888888888888889
1 0.102734375 0.052083333333333336 0.0171875 0.027777777777777776
1 0.908203125 0.06041666666666667 0.10078125 0.12083333333333333
1 0.675390625 0.29305555555555557 0.025 0.06944444444444445
1 0.479296875 0.07430555555555556 0.01796875 0.03333333333333333
1 0.46171875 0.4444444444444444 0.01328125 0.030555555555555555
1 0.99296875 0.46875 0.0140625 0.05138888888888889
1 0.858984375 0.8243055555555555 0.0171875 0.030555555555555555
1 0.287109375 0.9909722222222223 0.0171875 0.018055555555555554
1 0.495703125 0.22777777777777777 0.0140625 0.019444444444444445
0 0.687109375 0.7722222222222223 0.15390625 0.24722222222222223
1 0.42578125 0.05555555555555555 0.025 0.06944444444444445
1 0.42890625 0.25763888888888886 0.0359375 0.059722222222222225
1 0.116796875 0.1076388888888889 0.0265625 0.03888888888888889
1 0.634765625 0.4888888888888889 0.0109375 0.019444444444444445
1 0.714453125 0.5993055555555555 0.028125 0.034722222222222224
1 0.777734375 0.5201388888888889 0.01953125 0.022222222222222223
1 0.853125 0.22291666666666668 0.0109375 0.015277777777777777
1 0.69375 0.09027777777777778 0.01328125 0.027777777777777776
1 0.40859375 0.02847222222222222 0.01328125 0.030555555555555555
1 0.477734375 0.40694444444444444 0.00859375 0.013888888888888888
1 0.44765625 0.4638888888888889 0.02265625 0.02638888888888889
1 0.122265625 0.6444444444444445 0.01640625 0.03194444444444444
1 0.2421875 0.5416666666666666 0.0109375 0.018055555555555554
1 0.18984375 0.5159722222222223 0.0171875 0.027777777777777776
1 0.4828125 0.6645833333333333 0.02890625 0.06527777777777778
1 0.896484375 0.6215277777777778 0.0390625 0.07222222222222222
0 0.166015625 0.3902777777777778 0.0875 0.21805555555555556
0 0.667578125 0.2152777777777778 0.13203125 0.4125
0 0.65078125 0.5854166666666667 0.16640625 0.3
1 0.144140625 0.050694444444444445 0.05078125 0.07916666666666666
1 0.590625 0.6972222222222222 0.01953125 0.04722222222222222
0 0.07578125 0.06319444444444444 0.0390625 0.12638888888888888
1 0.601171875 0.4597222222222222 0.0359375 0.05138888888888889
1 0.06640625 0.22013888888888888 0.01484375 0.03194444444444444
1 0.53359375 0.6472222222222223 0.015625 0.025
1 0.4203125 0.19930555555555557 0.015625 0.03333333333333333
1 0.03046875 0.05486111111111111 0.01875 0.034722222222222224
1 0.631640625 0.4270833333333333 0.02265625 0.02638888888888889
1 0.7015625 0.13055555555555556 0.01171875 0.02638888888888889
1 0.091796875 0.3020833333333333 0.01484375 0.02361111111111111
1 0.430078125 0.7145833333333333 0.0109375 0.030555555555555555
1 0.551171875 0.8638888888888889 0.01171875 0.02638888888888889
1 0.131640625 0.14791666666666667 0.01015625 0.029166666666666667
1 0.93203125 0.4826388888888889 0.02734375 0.05138888888888889
0 0.163671875 0.9465277777777777 0.090625 0.10694444444444444
1 0.421484375 0.8576388888888888 0.025 0.03611111111111111
1 0.88671875 0.8694444444444445 0.01953125 0.030555555555555555
1 0.903515625 0.2152777777777778 0.01484375 0.03194444444444444
1 0.97890625 0.3375 0.015625 0.025
1 0.255859375 0.9673611111111111 0.02265625 0.03333333333333333
1 0.721875 0.7090277777777778 0.02109375 0.02638888888888889
1 0.042578125 0.8236111111111111 0.02109375 0.03888888888888889
1 0.871875 0.1361111111111111 0.0265625 0.02361111111111111
1 0.45703125 0.5145833333333333 0.01484375 0.0375
1 0.59375 0.9777777777777777 0.0265625 0.044444444444444446
1 0.96640625 0.54375 0.025 0.0375
1 0.828125 0.0798611111111111 0.0203125 0.04583333333333333
1 0.990234375 0.5236111111111111 0.01953125 0.059722222222222225