0 0.13359375 0.5673611111111111 0.18203125 0.4125
0 0.166796875 0.6972222222222222 0.23671875 0.2763888888888889
0 0.251171875 0.8548611111111111 0.11640625 0.10138888888888889
1 0.72265625 0.010416666666666666 0.01640625 0.020833333333333332
1 0.701171875 0.009722222222222222 0.0125 0.019444444444444445
1 0.948046875 0.03888888888888889 0.01328125 0.025
1 0.883984375 0.03125 0.01640625 0.03333333333333333
1 0.86875 0.011805555555555555 0.0140625 0.02361111111111111
1 0.76171875 0.05555555555555555 0.02109375 0.06111111111111111
1 0.340625 0.9923611111111111 0.0171875 0.015277777777777777
1 0.86875 0.3680555555555556 0.0078125 0.02361111111111111
1 0.890625 0.2076388888888889 0.0109375 0.019444444444444445
1 0.83046875 0.035416666666666666 0.015625 0.022222222222222223
1 0.804296875 0.41041666666666665 0.0125 0.029166666666666667
1 0.996875 0.5916666666666667 0.00625 0.019444444444444445
1 0.873046875 0.5805555555555556 0.0265625 0.034722222222222224
1 0.8890625 0.46597222222222223 0.0234375 0.06666666666666667
1 0.735546875 0.05625 0.01484375 0.029166666666666667
1 0.98671875 0.14930555555555555 0.0265625 0.05138888888888889
1 0.83828125 0.15069444444444444 0.04921875 0.05416666666666667
1 0.10625 0.17847222222222223 0.01015625 0.020833333333333332
1 0.928125 0.16875 0.02578125 0.07222222222222222
1 0.9359375 0.2513888888888889 0.00703125 0.020833333333333332
1 0.973046875 0.2777777777777778 0.00703125 0.013888888888888888
1 0.972265625 0.5013888888888889 0.0203125 0.02361111111111111
1 0.990625 0.26666666666666666 0.01875 0.08194444444444444
1 0.947265625 0.29305555555555557 0.025 0.04027777777777778
1 0.94140625 0.3506944444444444 0.0203125 0.034722222222222224
1 0.969921875 0.33611111111111114 0.0140625 0.02638888888888889
1 0.814453125 0.36944444444444446 0.01171875 0.018055555555555554
1 0.760546875 0.31319444444444444 0.01875 0.04027777777777778
1 0.724609375 0.25833333333333336 0.02265625 0.05
1 0.708203125 0.06180555555555556 0.01484375 0.019444444444444445
1 0.702734375 0.1625 0.01953125 0.03888888888888889
1 0.901171875 0.7277777777777777 0.0234375 0.03333333333333333
1 0.80234375 0.7736111111111111 0.01171875 0.02361111111111111
1 0.818359375 0.7291666666666666 0.02265625 0.041666666666666664
1 0.98203125 0.8284722222222223 0.0140625 0.03611111111111111
1 0.946875 0.8451388888888889 0.01484375 0.018055555555555554
1 0.903515625 0.8361111111111111 0.01953125 0.043055555555555555
1 0.881640625 0.9902777777777778 0.01484375 0.019444444444444445
1 0.875390625 0.9541666666666667 0.02734375 0.043055555555555555
1 0.7953125 0.9541666666666667 0.0203125 0.029166666666666667
1 0.7796875 0.9215277777777777 0.0125 0.030555555555555555
1 0.512890625 0.9840277777777777 0.02578125 0.03194444444444444
1 0.609765625 0.9548611111111112 0.03359375 0.058333333333333334
1 0.57421875 0.7972222222222223 0.0546875 0.10555555555555556
1 0.667578125 0.5215277777777778 0.01171875 0.025
1 0.6359375 0.49375 0.0109375 0.015277777777777777
1 0.6125 0.5055555555555555 0.009375 0.015277777777777777
1 0.573046875 0.5388888888888889 0.01328125 0.02361111111111111
1 0.719140625 0.3013888888888889 0.02421875 0.030555555555555555
1 0.680859375 0.31805555555555554 0.01640625 0.04583333333333333
1 0.65859375 0.39305555555555555 0.0109375 0.015277777777777777
1 0.615625 0.3770833333333333 0.040625 0.0875
1 0.59375 0.1951388888888889 0.0171875 0.022222222222222223
1 0.584765625 0.25625 0.0171875 0.03888888888888889
1 0.51015625 0.11875 0.015625 0.020833333333333332
1 0.446875 0.25763888888888886 0.01875 0.03611111111111111
1 0.3015625 0.26180555555555557 0.028125 0.08055555555555556
1 0.25703125 0.008333333333333333 0.03515625 0.016666666666666666
1 0.215625 0.009027777777777777 0.03203125 0.018055555555555554
1 0.284375 0.15763888888888888 0.0109375 0.020833333333333332
1 0.271484375 0.09027777777777778 0.009375 0.027777777777777776
1 0.192578125 0.0625 0.015625 0.03194444444444444
1 0.206640625 0.12291666666666666 0.015625 0.029166666666666667
1 0.073828125 0.0375 0.0265625 0.03888888888888889
1 0.073828125 0.15555555555555556 0.03359375 0.05
1 0.2515625 0.24097222222222223 0.0234375 0.02361111111111111
1 0.20859375 0.225 0.02734375 0.07777777777777778
1 0.24140625 0.45416666666666666 0.02265625 0.06527777777777778
1 0.13125 0.3506944444444444 0.0171875 0.03194444444444444
1 0.09765625 0.43680555555555556 0.03125 0.07916666666666666
1 0.19765625 0.5395833333333333 0.01796875 0.034722222222222224
1 0.146484375 0.5666666666666667 0.03125 0.05694444444444444
1 0.139453125 0.6743055555555556 0.0078125 0.0125
1 0.147265625 0.6430555555555556 0.0109375 0.02361111111111111
1 0.062890625 0.9763888888888889 0.01171875 0.030555555555555555
1 0.233984375 0.8659722222222223 0.009375 0.016666666666666666
1 0.396875 0.9013888888888889 0.009375 0.02638888888888889
1 0.2578125 0.9076388888888889 0.03125 0.04583333333333333
1 0.253125 0.9694444444444444 0.0078125 0.019444444444444445
1 0.251953125 0.99375 0.01484375 0.0125
1 0.223046875 0.9479166666666666 0.02578125 0.05277777777777778
1 0.14921875 0.8729166666666667 0.01484375 0.027777777777777776
1 0.18671875 0.8229166666666666 0.01953125 0.04583333333333333
1 0.273046875 0.775 0.0140625 0.02638888888888889
1 0.33515625 0.7256944444444444 0.01796875 0.018055555555555554
1 0.273046875 0.69375 0.04453125 0.11388888888888889
1 0.228515625 0.6819444444444445 0.02734375 0.058333333333333334
1 0.287109375 0.5944444444444444 0.02890625 0.07083333333333333
1 0.26640625 0.5451388888888888 0.009375 0.022222222222222223
1 0.371875 0.4375 0.0125 0.020833333333333332
1 0.31953125 0.5111111111111111 0.059375 0.0875
0 0.681640625 0.7923611111111111 0.09453125 0.4152777777777778
0 0.749609375 0.7090277777777778 0.19140625 0.4486111111111111
0 0.671484375 0.3263888888888889 0.303125 0.3527777777777778
0 0.692578125 0.09652777777777778 0.19921875 0.19305555555555556
0 0.105859375 0.08194444444444444 0.1453125 0.1638888888888889
0 0.15234375 0.34444444444444444 0.259375 0.29444444444444445