1 0.01875 0.6614583333333334 0.0125 0.03125
1 0.1515625 0.2916666666666667 0.0171875 0.014583333333333334
1 0.0609375 0.8010416666666667 0.0234375 0.020833333333333332
1 0.14375 0.6833333333333333 0.0171875 0.035416666666666666
1 0.63359375 0.25729166666666664 0.01875 0.022916666666666665
1 0.42890625 0.225 0.0125 0.022916666666666665
1 0.2140625 0.290625 0.01875 0.029166666666666667
1 0.13671875 0.39479166666666665 0.0265625 0.01875
1 0.12578125 0.4822916666666667 0.0234375 0.03333333333333333
1 0.04296875 0.47604166666666664 0.0140625 0.027083333333333334
1 0.03671875 0.39375 0.0171875 0.020833333333333332
1 0.0078125 0.31145833333333334 0.015625 0.06666666666666667
1 0.03515625 0.034375 0.0296875 0.020833333333333332
1 0.1453125 0.065625 0.021875 0.03958333333333333
1 0.4578125 0.5125 0.05 0.075
1 0.45078125 0.6208333333333333 0.028125 0.05
1 0.41875 0.565625 0.0375 0.03958333333333333
1 0.35625 0.659375 0.0140625 0.01875
1 0.303125 0.6416666666666667 0.034375 0.05416666666666667
1 0.41953125 0.7989583333333333 0.0453125 0.03333333333333333
1 0.43828125 0.753125 0.0265625 0.03333333333333333
1 0.3453125 0.715625 0.0390625 0.041666666666666664
1 0.36796875 0.7791666666666667 0.0390625 0.041666666666666664
1 0.6359375 0.734375 0.021875 0.027083333333333334
1 0.58984375 0.7677083333333333 0.021875 0.035416666666666666
1 0.77265625 0.9479166666666666 0.0296875 0.0375
1 0.88515625 0.925 0.028125 0.020833333333333332
1 0.91015625 0.6375 0.0203125 0.01875
1 0.878125 0.61875 0.03125 0.03333333333333333
1 0.99453125 0.6927083333333334 0.0109375 0.016666666666666666
1 0.88984375 0.7145833333333333 0.021875 0.041666666666666664
1 0.8625 0.759375 0.028125 0.04791666666666667
1 0.82734375 0.678125 0.0203125 0.029166666666666667
1 0.759375 0.7270833333333333 0.0203125 0.020833333333333332
1 0.7671875 0.771875 0.03125 0.029166666666666667
1 0.65 0.5739583333333333 0.0171875 0.020833333333333332
1 0.71171875 0.6125 0.025 0.03333333333333333
1 0.7515625 0.5145833333333333 0.0234375 0.020833333333333332
1 0.959375 0.4822916666666667 0.03125 0.03333333333333333
1 0.825 0.446875 0.0265625 0.03333333333333333
1 0.76875 0.4479166666666667 0.0421875 0.035416666666666666
1 0.79609375 0.3854166666666667 0.040625 0.04791666666666667
1 0.73359375 0.3385416666666667 0.0390625 0.05625
1 0.78125 0.290625 0.0171875 0.022916666666666665
1 0.99296875 0.026041666666666668 0.0140625 0.04583333333333333
1 0.88984375 0.007291666666666667 0.021875 0.014583333333333334
1 0.89375 0.040625 0.015625 0.022916666666666665
1 0.8109375 0.05 0.021875 0.029166666666666667
1 0.828125 0.017708333333333333 0.040625 0.035416666666666666
0 0.5875 0.10208333333333333 0.0546875 0.20416666666666666
0 0.55859375 0.3927083333333333 0.2828125 0.15416666666666667
0 0.58828125 0.7041666666666667 0.1640625 0.11041666666666666
0 0.6046875 0.5958333333333333 0.215625 0.16875
0 0.59140625 0.890625 0.146875 0.21875
1 0.19296875 0.25833333333333336 0.0171875 0.016666666666666666
1 0.15 0.15 0.025 0.03125
1 0.515625 0.4822916666666667 0.0171875 0.0375
1 0.54140625 0.5 0.0328125 0.035416666666666666
1 0.58828125 0.478125 0.025 0.027083333333333334
1 0.346875 0.5083333333333333 0.01875 0.04375
1 0.378125 0.48125 0.0125 0.020833333333333332
1 0.25625 0.5489583333333333 0.03125 0.0375
1 0.3578125 0.35104166666666664 0.0203125 0.022916666666666665
1 0.28046875 0.41458333333333336 0.0171875 0.03333333333333333
1 0.47734375 0.2791666666666667 0.0375 0.035416666666666666
1 0.46953125 0.40729166666666666 0.0125 0.01875
1 0.39296875 0.08333333333333333 0.01875 0.03333333333333333
1 0.4140625 0.115625 0.028125 0.029166666666666667
1 0.34296875 0.017708333333333333 0.021875 0.035416666666666666
1 0.3609375 0.053125 0.03125 0.03125
1 0.3109375 0.134375 0.028125 0.03125
1 0.18671875 0.871875 0.028125 0.022916666666666665