1 0.2953125 0.5989583333333334 0.0546875 0.08333333333333333
1 0.309375 0.53125 0.03125 0.029166666666666667
1 0.34140625 0.6052083333333333 0.0125 0.01875
1 0.26015625 0.4479166666666667 0.021875 0.029166666666666667
1 0.3625 0.353125 0.0171875 0.020833333333333332
1 0.48984375 0.30104166666666665 0.0625 0.1
1 0.54140625 0.20104166666666667 0.028125 0.03125
1 0.46328125 0.0125 0.0265625 0.025
1 0.7625 0.3770833333333333 0.028125 0.027083333333333334
1 0.63203125 0.45729166666666665 0.0296875 0.05416666666666667
1 0.85078125 0.37916666666666665 0.0265625 0.03333333333333333
1 0.84140625 0.790625 0.059375 0.08958333333333333
1 0.71484375 0.84375 0.0296875 0.05416666666666667
1 0.74375 0.8041666666666667 0.0203125 0.029166666666666667
1 0.96484375 0.7552083333333334 0.03125 0.03958333333333333
1 0.98671875 0.6479166666666667 0.0265625 0.025
1 0.68203125 0.9020833333333333 0.021875 0.029166666666666667
1 0.396875 0.9010416666666666 0.0328125 0.04375
1 0.44296875 0.8333333333333334 0.015625 0.022916666666666665
1 0.24375 0.621875 0.0265625 0.04375
1 0.28828125 0.1125 0.0203125 0.03125
1 0.30234375 0.240625 0.025 0.022916666666666665
1 0.78046875 0.10833333333333334 0.01875 0.01875
1 0.7328125 0.17291666666666666 0.01875 0.03125
1 0.77890625 0.5645833333333333 0.015625 0.025
1 0.57265625 0.5541666666666667 0.0171875 0.04375
1 0.80546875 0.9041666666666667 0.0140625 0.016666666666666666
1 0.82890625 0.12395833333333334 0.0109375 0.016666666666666666
1 0.49609375 0.9302083333333333 0.0140625 0.016666666666666666
1 0.8640625 0.959375 0.025 0.016666666666666666
0 0.63359375 0.058333333333333334 0.1421875 0.11666666666666667
0 0.55625 0.24270833333333333 0.140625 0.41875
0 0.62265625 0.5291666666666667 0.30625 0.11875
0 0.5640625 0.884375 0.19375 0.22708333333333333