1 0.121875 0.6947916666666667 0.01875 0.06041666666666667
1 0.378125 0.29583333333333334 0.0140625 0.01875
1 0.39921875 0.22604166666666667 0.028125 0.020833333333333332
1 0.06484375 0.7833333333333333 0.0171875 0.03125
1 0.01328125 0.79375 0.021875 0.035416666666666666
1 0.05546875 0.740625 0.0140625 0.014583333333333334
1 0.078125 0.42291666666666666 0.0171875 0.025
1 0.171875 0.25625 0.021875 0.035416666666666666
1 0.25390625 0.296875 0.01875 0.01875
1 0.31796875 0.10625 0.0328125 0.06041666666666667
1 0.13046875 0.159375 0.0140625 0.027083333333333334
1 0.04375 0.06875 0.0171875 0.041666666666666664
1 0.62109375 0.8791666666666667 0.021875 0.025
1 0.39140625 0.6635416666666667 0.0171875 0.022916666666666665
1 0.4484375 0.48541666666666666 0.0203125 0.025
1 0.65625 0.065625 0.025 0.03125
1 0.471875 0.9760416666666667 0.01875 0.03333333333333333
1 0.42734375 0.5395833333333333 0.0203125 0.01875
1 0.53828125 0.8072916666666666 0.0125 0.01875
1 0.46328125 0.815625 0.0171875 0.01875
0 0.4140625 0.13541666666666666 0.0859375 0.2708333333333333
0 0.39140625 0.44479166666666664 0.1671875 0.38958333333333334
0 0.47109375 0.7354166666666667 0.134375 0.38333333333333336
0 0.4375 0.93125 0.0453125 0.13333333333333333
1 0.5046875 0.3072916666666667 0.021875 0.03125
1 0.67421875 0.3697916666666667 0.025 0.029166666666666667
1 0.7296875 0.34375 0.0125 0.0125
1 0.72578125 0.5916666666666667 0.025 0.035416666666666666
1 0.76328125 0.47708333333333336 0.0140625 0.022916666666666665
1 0.62734375 0.6604166666666667 0.03125 0.035416666666666666
1 0.57265625 0.4979166666666667 0.021875 0.035416666666666666
1 0.54296875 0.5229166666666667 0.0375 0.027083333333333334
1 0.22734375 0.7260416666666667 0.034375 0.0375
1 0.30859375 0.6875 0.0125 0.01875
1 0.22734375 0.5895833333333333 0.021875 0.029166666666666667
1 0.1859375 0.7083333333333334 0.0328125 0.027083333333333334