1 0.7453125 0.14375 0.034375 0.0375
1 0.7453125 0.3385416666666667 0.0203125 0.016666666666666666
1 0.64921875 0.190625 0.0203125 0.020833333333333332
1 0.5484375 0.24791666666666667 0.021875 0.035416666666666666
1 0.4015625 0.026041666666666668 0.0140625 0.020833333333333332
1 0.41875 0.3625 0.0140625 0.0125
1 0.26796875 0.2520833333333333 0.0234375 0.022916666666666665
0 0.60546875 0.084375 0.2546875 0.14583333333333334
0 0.60546875 0.5385416666666667 0.1421875 0.21458333333333332
1 0.79609375 0.41458333333333336 0.08125 0.05416666666666667
1 0.71328125 0.31145833333333334 0.0234375 0.03333333333333333
1 0.3859375 0.978125 0.0359375 0.04375
1 0.403125 0.23333333333333334 0.03125 0.027083333333333334
1 0.58671875 0.18020833333333333 0.0234375 0.03125
1 0.49453125 0.4395833333333333 0.0171875 0.022916666666666665
1 0.2875 0.09375 0.021875 0.027083333333333334
1 0.5734375 0.3572916666666667 0.01875 0.025
1 0.4703125 0.25625 0.021875 0.058333333333333334
1 0.34296875 0.5895833333333333 0.015625 0.020833333333333332
1 0.2796875 0.6770833333333334 0.028125 0.029166666666666667
1 0.546875 0.9177083333333333 0.0359375 0.03333333333333333
1 0.7171875 0.9552083333333333 0.025 0.03125
1 0.78359375 0.6822916666666666 0.0234375 0.035416666666666666
1 0.96953125 0.2375 0.046875 0.041666666666666664
0 0.59765625 0.8510416666666667 0.196875 0.16875
0 0.628125 0.3645833333333333 0.1484375 0.30833333333333335