1 0.4984375 0.5083333333333333 0.0171875 0.022916666666666665
1 0.8171875 0.37395833333333334 0.01875 0.020833333333333332
1 0.7984375 0.027083333333333334 0.040625 0.05416666666666667
1 0.51875 0.015625 0.0390625 0.027083333333333334
1 0.65625 0.036458333333333336 0.0265625 0.0375
1 0.61015625 0.01875 0.0171875 0.035416666666666666
1 0.240625 0.07083333333333333 0.0234375 0.01875
1 0.86484375 0.109375 0.0296875 0.058333333333333334
1 0.8046875 0.11666666666666667 0.0125 0.0375
1 0.91953125 0.340625 0.021875 0.022916666666666665
1 0.93046875 0.3875 0.0375 0.03333333333333333
1 0.2546875 0.990625 0.015625 0.01875
1 0.5109375 0.7958333333333333 0.0265625 0.03333333333333333
1 0.46328125 0.7989583333333333 0.025 0.04375
1 0.4171875 0.834375 0.040625 0.04583333333333333
1 0.35859375 0.7739583333333333 0.01875 0.022916666666666665
1 0.32578125 0.75625 0.0203125 0.029166666666666667
1 0.28984375 0.6927083333333334 0.015625 0.020833333333333332
1 0.29609375 0.6072916666666667 0.0171875 0.025
1 0.2328125 0.6135416666666667 0.0375 0.029166666666666667
1 0.3859375 0.5552083333333333 0.028125 0.025
1 0.5171875 0.6552083333333333 0.021875 0.027083333333333334
1 0.44921875 0.5822916666666667 0.0234375 0.03333333333333333
1 0.56640625 0.5833333333333334 0.0515625 0.08541666666666667
1 0.55078125 0.5166666666666667 0.0359375 0.03958333333333333
1 0.61796875 0.46770833333333334 0.040625 0.03958333333333333
1 0.71171875 0.5135416666666667 0.028125 0.041666666666666664
1 0.96875 0.5895833333333333 0.01875 0.022916666666666665
1 0.91328125 0.5604166666666667 0.0296875 0.03958333333333333
1 0.83984375 0.6822916666666666 0.028125 0.0625
1 0.81328125 0.7375 0.0234375 0.016666666666666666
1 0.8125 0.8864583333333333 0.021875 0.03125
1 0.7875 0.815625 0.021875 0.03958333333333333
1 0.72421875 0.8239583333333333 0.0296875 0.05416666666666667
1 0.67421875 0.8385416666666666 0.0203125 0.016666666666666666
1 0.69375 0.9510416666666667 0.0203125 0.027083333333333334
1 0.6625 0.9708333333333333 0.01875 0.022916666666666665
1 0.61328125 0.9927083333333333 0.0203125 0.014583333333333334
1 0.63359375 0.346875 0.01875 0.035416666666666666
1 0.6546875 0.390625 0.0109375 0.016666666666666666
1 0.53828125 0.07916666666666666 0.0296875 0.03333333333333333
1 0.3125 0.41875 0.028125 0.05
1 0.40234375 0.31354166666666666 0.034375 0.03958333333333333
1 0.25859375 0.35104166666666664 0.0171875 0.041666666666666664
1 0.35859375 0.23020833333333332 0.028125 0.03125
1 0.24375 0.20416666666666666 0.0140625 0.0125
1 0.5375 0.11979166666666667 0.0328125 0.029166666666666667
1 0.68984375 0.2552083333333333 0.0234375 0.03125
1 0.67421875 0.20520833333333333 0.0234375 0.020833333333333332
1 0.5609375 0.2677083333333333 0.0234375 0.029166666666666667
1 0.5078125 0.309375 0.053125 0.05625
1 0.5796875 0.39479166666666665 0.046875 0.06041666666666667
1 0.86171875 0.18020833333333333 0.01875 0.03125
1 0.60390625 0.23229166666666667 0.0171875 0.025
1 0.6453125 0.5020833333333333 0.0140625 0.03125
0 0.4984375 0.915625 0.084375 0.16875
0 0.5015625 0.5645833333333333 0.0984375 0.19791666666666666
0 0.4828125 0.33958333333333335 0.1890625 0.34791666666666665
0 0.4125 0.07604166666666666 0.3296875 0.125