1 0.433984375 0.4270833333333333 0.04140625 0.05694444444444444
1 0.18359375 0.7201388888888889 0.015625 0.041666666666666664
1 0.278125 0.6381944444444444 0.0109375 0.025
1 0.21484375 0.56875 0.0203125 0.0375
1 0.1375 0.65 0.02421875 0.041666666666666664
1 0.100390625 0.6215277777777778 0.04609375 0.05416666666666667
1 0.38515625 0.8041666666666667 0.02734375 0.0375
1 0.458203125 0.8652777777777778 0.0234375 0.041666666666666664
1 0.44765625 0.9798611111111111 0.02578125 0.04027777777777778
1 0.35859375 0.5576388888888889 0.02265625 0.03611111111111111
1 0.44375 0.47638888888888886 0.0109375 0.019444444444444445
1 0.444140625 0.3375 0.01640625 0.030555555555555555
1 0.230078125 0.4583333333333333 0.0484375 0.06527777777777778
1 0.249609375 0.40555555555555556 0.02890625 0.041666666666666664
1 0.203515625 0.3388888888888889 0.0265625 0.07361111111111111
1 0.1796875 0.35208333333333336 0.0234375 0.0375
1 0.133984375 0.25 0.0203125 0.03333333333333333
1 0.108984375 0.23541666666666666 0.0171875 0.030555555555555555
1 0.035546875 0.23125 0.0203125 0.030555555555555555
1 0.2515625 0.20833333333333334 0.0234375 0.05416666666666667
1 0.223828125 0.17430555555555555 0.028125 0.06805555555555555
1 0.242578125 0.08888888888888889 0.021875 0.03888888888888889
1 0.265625 0.03263888888888889 0.03515625 0.06527777777777778
1 0.1828125 0.025694444444444443 0.0421875 0.05138888888888889
1 0.3421875 0.05138888888888889 0.01171875 0.027777777777777776
1 0.680078125 0.044444444444444446 0.01640625 0.030555555555555555
1 0.746484375 0.06944444444444445 0.0203125 0.04861111111111111
1 0.851953125 0.2326388888888889 0.03515625 0.07083333333333333
1 0.909375 0.06319444444444444 0.02421875 0.03194444444444444
1 0.94296875 0.04583333333333333 0.02109375 0.03194444444444444
1 0.991796875 0.017361111111111112 0.01640625 0.034722222222222224
1 0.776171875 0.4125 0.01640625 0.030555555555555555
1 0.75625 0.47291666666666665 0.01796875 0.041666666666666664
1 0.639453125 0.22916666666666666 0.01484375 0.02361111111111111
1 0.849609375 0.5576388888888889 0.02421875 0.08194444444444444
1 0.994140625 0.5347222222222222 0.01171875 0.034722222222222224
1 0.8953125 0.6388888888888888 0.02265625 0.0375
1 0.95078125 0.7201388888888889 0.03359375 0.05416666666666667
1 0.996484375 0.6527777777777778 0.00703125 0.034722222222222224
1 0.85390625 0.6881944444444444 0.01953125 0.0375
1 0.925390625 0.8145833333333333 0.02890625 0.043055555555555555
1 0.95546875 0.8583333333333333 0.01484375 0.03194444444444444
1 0.837109375 0.7840277777777778 0.0140625 0.027777777777777776
1 0.771875 0.8451388888888889 0.0203125 0.05
1 0.7875 0.9256944444444445 0.02265625 0.03333333333333333
1 0.668359375 0.9090277777777778 0.01953125 0.034722222222222224
1 0.68203125 0.9520833333333333 0.04140625 0.08472222222222223
1 0.620703125 0.7847222222222222 0.01640625 0.04722222222222222
1 0.5875 0.7444444444444445 0.01796875 0.03333333333333333
1 0.558203125 0.5673611111111111 0.02109375 0.04027777777777778
0 0.161328125 0.9638888888888889 0.0640625 0.07222222222222222
0 0.090234375 0.7881944444444444 0.15 0.23194444444444445
0 0.0859375 0.5236111111111111 0.171875 0.2361111111111111
0 0.105859375 0.23125 0.21171875 0.2638888888888889
0 0.083203125 0.08194444444444444 0.16640625 0.1638888888888889
0 0.655078125 0.8819444444444444 0.0921875 0.2361111111111111
0 0.63515625 0.6680555555555555 0.28515625 0.2569444444444444
0 0.7109375 0.4909722222222222 0.2140625 0.5319444444444444
0 0.675390625 0.32083333333333336 0.23515625 0.4111111111111111
0 0.671875 0.11944444444444445 0.09765625 0.2388888888888889