1 0.8859375 0.9385416666666667 0.0375 0.07708333333333334
1 0.8265625 0.4322916666666667 0.034375 0.041666666666666664
1 0.8296875 0.5354166666666667 0.0125 0.027083333333333334
1 0.77265625 0.6072916666666667 0.034375 0.0375
1 0.7953125 0.6364583333333333 0.015625 0.022916666666666665
1 0.7984375 0.5708333333333333 0.0265625 0.01875
1 0.82890625 0.3125 0.0515625 0.0625
1 0.79296875 0.359375 0.025 0.027083333333333334
1 0.76796875 0.284375 0.0453125 0.035416666666666666
1 0.7546875 0.31875 0.0171875 0.020833333333333332
1 0.7859375 0.23854166666666668 0.03125 0.05
1 0.8625 0.21770833333333334 0.0296875 0.0375
1 0.87890625 0.278125 0.015625 0.035416666666666666
1 0.86796875 0.3416666666666667 0.0265625 0.025
1 0.91640625 0.23958333333333334 0.01875 0.022916666666666665
1 0.58515625 0.33645833333333336 0.0265625 0.041666666666666664
1 0.6234375 0.284375 0.021875 0.035416666666666666
1 0.690625 0.23333333333333334 0.0203125 0.027083333333333334
1 0.60703125 0.16458333333333333 0.028125 0.04375
1 0.8015625 0.11979166666666667 0.021875 0.027083333333333334
1 0.6375 0.08125 0.028125 0.03958333333333333
1 0.840625 0.01875 0.0203125 0.029166666666666667
1 0.89375 0.06666666666666667 0.0140625 0.027083333333333334
1 0.403125 0.3802083333333333 0.05 0.06041666666666667
1 0.3015625 0.340625 0.0578125 0.0375
1 0.3296875 0.29583333333333334 0.0390625 0.04791666666666667
1 0.33671875 0.24479166666666666 0.01875 0.027083333333333334
1 0.38359375 0.28020833333333334 0.0296875 0.03333333333333333
1 0.48203125 0.44895833333333335 0.0203125 0.035416666666666666
1 0.29609375 0.175 0.03125 0.03958333333333333
1 0.29296875 0.08020833333333334 0.0265625 0.029166666666666667
1 0.3234375 0.10833333333333334 0.0328125 0.0375
1 0.4 0.08645833333333333 0.0359375 0.07916666666666666
1 0.4640625 0.057291666666666664 0.01875 0.022916666666666665
1 0.36015625 0.0125 0.0203125 0.025
1 0.0359375 0.07395833333333333 0.028125 0.04583333333333333
1 0.0203125 0.016666666666666666 0.021875 0.03333333333333333
1 0.00859375 0.32395833333333335 0.0171875 0.03125
1 0.70625 0.036458333333333336 0.0171875 0.029166666666666667
0 0.52578125 0.19270833333333334 0.096875 0.3854166666666667
0 0.53671875 0.571875 0.0671875 0.24791666666666667
0 0.5515625 0.8239583333333333 0.128125 0.35208333333333336
1 0.271875 0.928125 0.0625 0.07708333333333334
1 0.228125 0.9927083333333333 0.01875 0.014583333333333334
1 0.3078125 0.7364583333333333 0.03125 0.041666666666666664
1 0.29453125 0.8145833333333333 0.01875 0.027083333333333334
1 0.31953125 0.7885416666666667 0.025 0.035416666666666666
1 0.159375 0.8708333333333333 0.046875 0.0625
1 0.01640625 0.775 0.0328125 0.0875
1 0.14375 0.765625 0.0421875 0.09583333333333334
1 0.490625 0.8552083333333333 0.0359375 0.04791666666666667
1 0.02890625 0.4791666666666667 0.0578125 0.0875
1 0.1265625 0.49375 0.0578125 0.05625
1 0.009375 0.5770833333333333 0.01875 0.07083333333333333
1 0.2515625 0.45625 0.0296875 0.04375
1 0.30078125 0.4270833333333333 0.028125 0.03958333333333333
1 0.29375 0.5166666666666667 0.059375 0.04583333333333333
1 0.4125 0.5604166666666667 0.0265625 0.04375
1 0.44921875 0.6864583333333333 0.0234375 0.029166666666666667
1 0.48125 0.6489583333333333 0.0421875 0.0625
1 0.4859375 0.7541666666666667 0.025 0.03125
1 0.63515625 0.6875 0.0296875 0.052083333333333336
1 0.6375 0.778125 0.021875 0.035416666666666666
1 0.67421875 0.7927083333333333 0.0234375 0.025
1 0.59609375 0.7385416666666667 0.0234375 0.01875
1 0.6640625 0.9833333333333333 0.0296875 0.03125
1 0.5984375 0.9614583333333333 0.0125 0.0125
1 0.71171875 0.8791666666666667 0.0265625 0.035416666666666666
1 0.8171875 0.8208333333333333 0.0421875 0.07083333333333333
1 0.765625 0.9770833333333333 0.05625 0.04583333333333333
1 0.83671875 0.9166666666666666 0.01875 0.020833333333333332
1 0.771875 0.9114583333333334 0.0203125 0.027083333333333334
1 0.91796875 0.8739583333333333 0.0140625 0.01875
1 0.59453125 0.6104166666666667 0.0265625 0.029166666666666667
1 0.68671875 0.5083333333333333 0.0296875 0.022916666666666665
1 0.6953125 0.4583333333333333 0.021875 0.022916666666666665
1 0.78984375 0.41770833333333335 0.0265625 0.027083333333333334