1 0.51953125 0.7135416666666666 0.0328125 0.04375
1 0.53671875 0.43645833333333334 0.025 0.03333333333333333
1 0.6390625 0.5447916666666667 0.0265625 0.03125
1 0.60546875 0.4114583333333333 0.01875 0.022916666666666665
1 0.88046875 0.8010416666666667 0.0171875 0.03958333333333333
1 0.68203125 0.4354166666666667 0.0375 0.03333333333333333
1 0.6640625 0.8729166666666667 0.021875 0.016666666666666666
1 0.80546875 0.19479166666666667 0.0171875 0.022916666666666665
1 0.7921875 0.221875 0.025 0.027083333333333334
1 0.221875 0.5635416666666667 0.028125 0.03125
1 0.66796875 0.17395833333333333 0.015625 0.020833333333333332
1 0.7234375 0.41458333333333336 0.021875 0.027083333333333334
0 0.5109375 0.8979166666666667 0.234375 0.20416666666666666
0 0.45546875 0.35833333333333334 0.265625 0.14166666666666666
0 0.45546875 0.042708333333333334 0.1125 0.08541666666666667
1 0.45625 0.7010416666666667 0.01875 0.027083333333333334
1 0.4890625 0.6739583333333333 0.0140625 0.020833333333333332
1 0.3453125 0.5197916666666667 0.01875 0.029166666666666667