1 0.169921875 0.5965277777777778 0.0140625 0.029166666666666667
1 0.19296875 0.5569444444444445 0.02734375 0.04861111111111111
1 0.0515625 0.4777777777777778 0.01796875 0.02638888888888889
1 0.046484375 0.2673611111111111 0.0296875 0.0763888888888889
1 0.08671875 0.1638888888888889 0.0171875 0.029166666666666667
1 0.11171875 0.9833333333333333 0.01796875 0.03333333333333333
1 0.206640625 0.8923611111111112 0.01484375 0.02638888888888889
1 0.903515625 0.6541666666666667 0.00859375 0.015277777777777777
1 0.148828125 0.1875 0.02578125 0.04027777777777778
1 0.161328125 0.10486111111111111 0.0375 0.058333333333333334
1 0.0296875 0.10625 0.0125 0.030555555555555555
1 0.033984375 0.013194444444444444 0.01015625 0.02638888888888889
1 0.0671875 0.05277777777777778 0.01328125 0.02361111111111111
1 0.568359375 0.4986111111111111 0.04921875 0.11805555555555555
1 0.6109375 0.47291666666666665 0.02734375 0.043055555555555555
1 0.636328125 0.48125 0.021875 0.034722222222222224
1 0.60859375 0.5854166666666667 0.009375 0.022222222222222223
1 0.585546875 0.6652777777777777 0.025 0.04722222222222222
1 0.578515625 0.7118055555555556 0.01953125 0.043055555555555555
1 0.509375 0.65625 0.02265625 0.06666666666666667
1 0.521484375 0.4875 0.01953125 0.029166666666666667
1 0.19765625 0.04375 0.01953125 0.04583333333333333
1 0.221875 0.2076388888888889 0.01953125 0.06388888888888888
1 0.3828125 0.09791666666666667 0.0203125 0.02638888888888889
1 0.4234375 0.15486111111111112 0.0171875 0.041666666666666664
1 0.373828125 0.6673611111111111 0.0109375 0.027777777777777776
1 0.406640625 0.5770833333333333 0.0125 0.027777777777777776
1 0.59140625 0.3625 0.015625 0.03333333333333333
1 0.59296875 0.3923611111111111 0.0125 0.020833333333333332
1 0.50546875 0.31319444444444444 0.0171875 0.04027777777777778
1 0.414453125 0.3388888888888889 0.02890625 0.05694444444444444
1 0.397265625 0.3909722222222222 0.01875 0.027777777777777776
1 0.441015625 0.44583333333333336 0.02578125 0.058333333333333334
1 0.50546875 0.19652777777777777 0.01328125 0.02638888888888889
1 0.52421875 0.1625 0.01484375 0.03194444444444444
1 0.53828125 0.1388888888888889 0.01640625 0.0375
1 0.4953125 0.10833333333333334 0.0203125 0.029166666666666667
1 0.4828125 0.06666666666666667 0.01875 0.03611111111111111
1 0.535546875 0.029166666666666667 0.0359375 0.058333333333333334
1 0.637109375 0.39861111111111114 0.0125 0.027777777777777776
1 0.658984375 0.41388888888888886 0.0078125 0.016666666666666666
0 0.7234375 0.3104166666666667 0.175 0.2013888888888889
0 0.68984375 0.02361111111111111 0.0375 0.04722222222222222
0 0.7203125 0.07430555555555556 0.190625 0.13194444444444445
1 0.683203125 0.005555555555555556 0.01171875 0.011111111111111112
0 0.69765625 0.5631944444444444 0.2453125 0.25833333333333336
0 0.739453125 0.8381944444444445 0.271875 0.30972222222222223
0 0.698046875 0.9618055555555556 0.0484375 0.0763888888888889
0 0.151171875 0.9576388888888889 0.03828125 0.08472222222222223
0 0.09375 0.8229166666666666 0.1875 0.12222222222222222
0 0.125 0.5951388888888889 0.09765625 0.20277777777777778
1 0.00859375 0.5215277777777778 0.00859375 0.02361111111111111
1 0.01640625 0.5708333333333333 0.0203125 0.05694444444444444
0 0.093359375 0.07847222222222222 0.18671875 0.15694444444444444
0 0.140234375 0.38472222222222224 0.13203125 0.3763888888888889
1 0.483984375 0.00625 0.009375 0.0125
1 0.591015625 0.0798611111111111 0.02265625 0.05
1 0.626953125 0.1326388888888889 0.01953125 0.041666666666666664
1 0.61875 0.8409722222222222 0.02265625 0.05555555555555555
1 0.57109375 0.8944444444444445 0.01171875 0.03333333333333333
1 0.603515625 0.9236111111111112 0.0140625 0.025
1 0.794140625 0.6319444444444444 0.0140625 0.019444444444444445
1 0.761328125 0.6458333333333334 0.0140625 0.029166666666666667
1 0.84375 0.5173611111111112 0.0140625 0.034722222222222224
1 0.7390625 0.4527777777777778 0.0234375 0.03194444444444444
1 0.690234375 0.3104166666666667 0.0203125 0.03333333333333333
1 0.841796875 0.21736111111111112 0.03125 0.05694444444444444
1 0.896484375 0.37569444444444444 0.0203125 0.027777777777777776
1 0.681640625 0.8013888888888889 0.0109375 0.015277777777777777
1 0.098046875 0.8798611111111111 0.02421875 0.030555555555555555
1 0.094140625 0.79375 0.0109375 0.018055555555555554
1 0.16484375 0.6930555555555555 0.01640625 0.03888888888888889
1 0.071484375 0.5930555555555556 0.0296875 0.058333333333333334