1 0.29296875 0.27152777777777776 0.02265625 0.03888888888888889
1 0.246484375 0.19791666666666666 0.01875 0.0375
1 0.262109375 0.1361111111111111 0.02421875 0.04027777777777778
1 0.2546875 0.08194444444444444 0.03203125 0.05277777777777778
1 0.165234375 0.30486111111111114 0.0203125 0.03333333333333333
1 0.139453125 0.34444444444444444 0.0125 0.016666666666666666
1 0.08359375 0.28194444444444444 0.01171875 0.016666666666666666
1 0.99453125 0.42083333333333334 0.0109375 0.025
1 0.005859375 0.16180555555555556 0.00703125 0.0125
1 0.115625 0.7784722222222222 0.015625 0.034722222222222224
1 0.148046875 0.8986111111111111 0.01796875 0.03194444444444444
1 0.237109375 0.8 0.034375 0.07361111111111111
1 0.28125 0.6944444444444444 0.02265625 0.0375
1 0.305859375 0.5875 0.0421875 0.05
1 0.39921875 0.5770833333333333 0.02890625 0.05416666666666667
1 0.450390625 0.5902777777777778 0.015625 0.02638888888888889
1 0.46796875 0.5791666666666667 0.0078125 0.011111111111111112
1 0.496875 0.6034722222222222 0.04375 0.05416666666666667
1 0.445703125 0.6486111111111111 0.01640625 0.030555555555555555
1 0.379296875 0.7361111111111112 0.034375 0.0763888888888889
1 0.372265625 0.7944444444444444 0.009375 0.019444444444444445
1 0.4078125 0.7972222222222223 0.0078125 0.011111111111111112
1 0.49296875 0.8388888888888889 0.03515625 0.04027777777777778
1 0.51640625 0.8708333333333333 0.04765625 0.05416666666666667
1 0.526171875 0.7666666666666667 0.009375 0.016666666666666666
1 0.57265625 0.9006944444444445 0.01484375 0.02638888888888889
1 0.45546875 0.9284722222222223 0.0296875 0.03194444444444444
1 0.487890625 0.9368055555555556 0.01640625 0.029166666666666667
1 0.448828125 0.9673611111111111 0.01796875 0.025
1 0.521875 0.9951388888888889 0.0125 0.009722222222222222
1 0.569921875 0.9854166666666667 0.01953125 0.02361111111111111
1 0.621875 0.9541666666666667 0.01484375 0.029166666666666667
1 0.644140625 0.9243055555555556 0.0078125 0.013888888888888888
1 0.763671875 0.9673611111111111 0.02734375 0.03888888888888889
1 0.698046875 0.9875 0.01171875 0.013888888888888888
1 0.726171875 0.8298611111111112 0.0171875 0.02638888888888889
1 0.70546875 0.7618055555555555 0.0125 0.030555555555555555
1 0.5921875 0.6090277777777777 0.034375 0.10138888888888889
1 0.5546875 0.6409722222222223 0.00859375 0.015277777777777777
1 0.64921875 0.5673611111111111 0.0109375 0.015277777777777777
1 0.70703125 0.6201388888888889 0.08125 0.175
1 0.753125 0.5423611111111111 0.01328125 0.027777777777777776
1 0.83359375 0.6069444444444444 0.01953125 0.03611111111111111
1 0.924609375 0.7145833333333333 0.0140625 0.02361111111111111
1 0.967578125 0.7625 0.0125 0.019444444444444445
1 0.984765625 0.6881944444444444 0.0109375 0.02361111111111111
1 0.575390625 0.26666666666666666 0.02578125 0.06944444444444445
1 0.609765625 0.3145833333333333 0.01875 0.043055555555555555
1 0.56640625 0.3958333333333333 0.0125 0.022222222222222223
1 0.494140625 0.525 0.034375 0.05277777777777778
1 0.395703125 0.4041666666666667 0.02421875 0.04722222222222222
1 0.428125 0.4222222222222222 0.02109375 0.044444444444444446
0 0.68203125 0.06111111111111111 0.1640625 0.12222222222222222
0 0.64765625 0.29791666666666666 0.14140625 0.4527777777777778
0 0.68671875 0.5055555555555555 0.23125 0.2777777777777778
0 0.6828125 0.7548611111111111 0.2703125 0.22777777777777777
0 0.64609375 0.9388888888888889 0.1828125 0.12222222222222222
0 0.15546875 0.9020833333333333 0.08828125 0.19583333333333333
0 0.1046875 0.8090277777777778 0.146875 0.23472222222222222
0 0.120703125 0.5770833333333333 0.1984375 0.20416666666666666
0 0.118359375 0.34791666666666665 0.11875 0.6402777777777777
0 0.11171875 0.05347222222222222 0.18125 0.10694444444444444
1 0.3359375 0.1625 0.0140625 0.03333333333333333
1 0.498828125 0.4041666666666667 0.01328125 0.025
1 0.46796875 0.4013888888888889 0.009375 0.016666666666666666
1 0.5703125 0.15 0.0109375 0.020833333333333332
1 0.607421875 0.08333333333333333 0.01171875 0.02361111111111111
1 0.60078125 0.06041666666666667 0.00703125 0.009722222222222222
1 0.58203125 0.04097222222222222 0.0203125 0.059722222222222225
1 0.9078125 0.8701388888888889 0.01484375 0.030555555555555555
1 0.03828125 0.058333333333333334 0.0109375 0.0125
1 0.9484375 0.8583333333333333 0.01328125 0.022222222222222223
1 0.839453125 0.8743055555555556 0.01796875 0.022222222222222223
1 0.755078125 0.21875 0.02421875 0.05
1 0.829296875 0.16527777777777777 0.02734375 0.058333333333333334
1 0.837109375 0.23194444444444445 0.01640625 0.03194444444444444
1 0.898828125 0.2076388888888889 0.01484375 0.020833333333333332
1 0.99609375 0.18125 0.0078125 0.02638888888888889
1 0.97578125 0.3993055555555556 0.0109375 0.015277777777777777
1 0.489453125 0.05694444444444444 0.0171875 0.034722222222222224
1 0.523828125 0.07083333333333333 0.05078125 0.11527777777777778
1 0.4859375 0.015277777777777777 0.01875 0.030555555555555555
1 0.098046875 0.6819444444444445 0.0171875 0.029166666666666667
1 0.254296875 0.4270833333333333 0.025 0.03194444444444444
1 0.452734375 0.0625 0.01015625 0.019444444444444445
1 0.42578125 0.12083333333333333 0.0328125 0.05416666666666667
1 0.450390625 0.15486111111111112 0.03203125 0.059722222222222225
1 0.46875 0.17430555555555555 0.0109375 0.019444444444444445
1 0.484765625 0.18472222222222223 0.0171875 0.03333333333333333
1 0.3703125 0.22083333333333333 0.01015625 0.015277777777777777
1 0.3421875 0.32222222222222224 0.0140625 0.043055555555555555