1 0.1578125 0.45208333333333334 0.034375 0.03958333333333333
1 0.6328125 0.09583333333333334 0.0328125 0.03333333333333333
1 0.58828125 0.08229166666666667 0.028125 0.0375
1 0.71171875 0.10833333333333334 0.0265625 0.022916666666666665
1 0.81875 0.171875 0.03125 0.022916666666666665
1 0.69765625 0.21666666666666667 0.0453125 0.0375
1 0.56328125 0.2708333333333333 0.025 0.03958333333333333
1 0.48046875 0.11041666666666666 0.040625 0.04791666666666667
1 0.33984375 0.071875 0.01875 0.0125
1 0.40390625 0.15833333333333333 0.0125 0.022916666666666665
1 0.3203125 0.14791666666666667 0.0125 0.029166666666666667
1 0.39765625 0.275 0.015625 0.01875
1 0.23046875 0.2552083333333333 0.0140625 0.022916666666666665
1 0.0609375 0.3770833333333333 0.021875 0.05
1 0.06171875 0.42916666666666664 0.0296875 0.06041666666666667
1 0.07109375 0.5541666666666667 0.0484375 0.04791666666666667
1 0.371875 0.465625 0.0375 0.06875
1 0.32578125 0.5625 0.025 0.03125
1 0.5140625 0.61875 0.028125 0.04375
1 0.58671875 0.70625 0.0265625 0.04791666666666667
1 0.47421875 0.7 0.025 0.029166666666666667
1 0.33203125 0.684375 0.0359375 0.07291666666666667
1 0.41328125 0.7635416666666667 0.021875 0.0375
1 0.36953125 0.784375 0.0296875 0.03333333333333333
1 0.02890625 0.8760416666666667 0.0125 0.022916666666666665
1 0.23359375 0.9114583333333334 0.0234375 0.029166666666666667
1 0.23125 0.9604166666666667 0.015625 0.025
1 0.42734375 0.94375 0.021875 0.05
1 0.36640625 0.940625 0.034375 0.052083333333333336
1 0.34765625 0.18020833333333333 0.0265625 0.03125
1 0.73828125 0.7302083333333333 0.0234375 0.029166666666666667
1 0.78828125 0.7239583333333334 0.0234375 0.022916666666666665
1 0.82578125 0.7489583333333333 0.025 0.0375
1 0.8671875 0.825 0.0203125 0.020833333333333332
1 0.85 0.88125 0.0171875 0.03125
1 0.58984375 0.9322916666666666 0.0328125 0.03125
1 0.63515625 0.8854166666666666 0.0203125 0.022916666666666665
1 0.28828125 0.7739583333333333 0.0234375 0.016666666666666666
1 0.10546875 0.659375 0.0390625 0.022916666666666665
1 0.87109375 0.8541666666666666 0.009375 0.020833333333333332
0 0.56953125 0.8979166666666667 0.1703125 0.20416666666666666
0 0.57109375 0.70625 0.1078125 0.18125
0 0.5234375 0.39479166666666665 0.284375 0.09375
0 0.565625 0.10208333333333333 0.221875 0.20416666666666666
1 0.80078125 0.008333333333333333 0.0203125 0.016666666666666666
1 0.56328125 0.465625 0.025 0.03958333333333333
1 0.7890625 0.3885416666666667 0.028125 0.04583333333333333