1 0.13828125 0.37083333333333335 0.01328125 0.022222222222222223
1 0.3125 0.029861111111111113 0.0203125 0.034722222222222224
1 0.326953125 0.29305555555555557 0.04453125 0.05138888888888889
1 0.25625 0.3701388888888889 0.040625 0.06944444444444445
1 0.303515625 0.4284722222222222 0.03203125 0.075
1 0.348046875 0.46944444444444444 0.0171875 0.018055555555555554
1 0.276953125 0.44027777777777777 0.01328125 0.016666666666666666
1 0.1890625 0.375 0.0359375 0.07916666666666666
1 0.216796875 0.33958333333333335 0.01484375 0.03611111111111111
1 0.1625 0.29930555555555555 0.02578125 0.058333333333333334
1 0.116796875 0.38819444444444445 0.01015625 0.018055555555555554
1 0.112109375 0.4284722222222222 0.01328125 0.043055555555555555
1 0.024609375 0.39375 0.02265625 0.05555555555555555
1 0.138671875 0.11319444444444444 0.01328125 0.022222222222222223
1 0.07265625 0.11944444444444445 0.01015625 0.019444444444444445
1 0.21015625 0.2111111111111111 0.025 0.04027777777777778
1 0.240625 0.19930555555555557 0.025 0.05277777777777778
1 0.2515625 0.07013888888888889 0.01640625 0.029166666666666667
1 0.28046875 0.04583333333333333 0.03671875 0.09166666666666666
1 0.376953125 0.05 0.0203125 0.03611111111111111
1 0.4515625 0.09930555555555555 0.03984375 0.05138888888888889
1 0.4921875 0.13680555555555557 0.0171875 0.034722222222222224
1 0.425390625 0.19305555555555556 0.0140625 0.02638888888888889
1 0.39140625 0.25 0.01484375 0.0375
1 0.4703125 0.2388888888888889 0.01640625 0.04722222222222222
1 0.479296875 0.33055555555555555 0.01875 0.05138888888888889
1 0.475 0.4409722222222222 0.01875 0.03333333333333333
1 0.510546875 0.4166666666666667 0.02421875 0.044444444444444446
1 0.479296875 0.49027777777777776 0.0234375 0.04583333333333333
1 0.46875 0.5451388888888888 0.025 0.04027777777777778
1 0.485546875 0.5784722222222223 0.02421875 0.04583333333333333
1 0.461328125 0.5944444444444444 0.0171875 0.041666666666666664
1 0.401171875 0.59375 0.025 0.059722222222222225
1 0.416796875 0.5319444444444444 0.01640625 0.029166666666666667
1 0.3265625 0.6222222222222222 0.01796875 0.04861111111111111
1 0.2890625 0.5763888888888888 0.01640625 0.034722222222222224
1 0.221484375 0.5743055555555555 0.0171875 0.029166666666666667
1 0.200390625 0.6020833333333333 0.02109375 0.034722222222222224
1 0.238671875 0.8423611111111111 0.03125 0.06805555555555555
1 0.214453125 0.8708333333333333 0.015625 0.030555555555555555
1 0.313671875 0.8534722222222222 0.01796875 0.027777777777777776
1 0.33046875 0.8319444444444445 0.0125 0.030555555555555555
1 0.30625 0.7368055555555556 0.0125 0.015277777777777777
1 0.401171875 0.7375 0.0171875 0.02361111111111111
1 0.444140625 0.7513888888888889 0.03984375 0.05
1 0.425390625 0.8701388888888889 0.01875 0.041666666666666664
1 0.44296875 0.9375 0.01171875 0.022222222222222223
1 0.43984375 0.9840277777777777 0.02890625 0.03194444444444444
1 0.5015625 0.9666666666666667 0.0125 0.027777777777777776
1 0.5484375 0.9680555555555556 0.01875 0.03611111111111111
1 0.62265625 0.9333333333333333 0.01484375 0.029166666666666667
1 0.658203125 0.9888888888888889 0.0171875 0.022222222222222223
1 0.540625 0.8131944444444444 0.01953125 0.03611111111111111
1 0.49375 0.7972222222222223 0.01796875 0.043055555555555555
1 0.499609375 0.6763888888888889 0.04765625 0.10833333333333334
1 0.540234375 0.6472222222222223 0.03203125 0.05555555555555555
1 0.6203125 0.6090277777777777 0.02890625 0.0625
1 0.593359375 0.54375 0.0203125 0.044444444444444446
1 0.54140625 0.4930555555555556 0.0203125 0.034722222222222224
1 0.558984375 0.5173611111111112 0.0109375 0.016666666666666666
1 0.547265625 0.42916666666666664 0.01640625 0.029166666666666667
1 0.5609375 0.4527777777777778 0.01171875 0.030555555555555555
1 0.669140625 0.4673611111111111 0.0125 0.016666666666666666
1 0.70703125 0.5291666666666667 0.0125 0.025
1 0.732421875 0.45208333333333334 0.0203125 0.04861111111111111
1 0.735546875 0.3923611111111111 0.02734375 0.04861111111111111
1 0.762890625 0.3541666666666667 0.03671875 0.06666666666666667
1 0.792578125 0.39375 0.02578125 0.044444444444444446
1 0.683203125 0.3680555555555556 0.03046875 0.07777777777777778
1 0.646484375 0.35347222222222224 0.01484375 0.05138888888888889
1 0.61484375 0.31319444444444444 0.0078125 0.015277777777777777
1 0.556640625 0.25416666666666665 0.01875 0.04027777777777778
1 0.640625 0.19375 0.01796875 0.044444444444444446
1 0.70078125 0.25277777777777777 0.02109375 0.03611111111111111
1 0.6953125 0.22013888888888888 0.01796875 0.029166666666666667
1 0.7296875 0.23194444444444445 0.01796875 0.0375
1 0.7171875 0.1875 0.01484375 0.018055555555555554
1 0.737109375 0.17083333333333334 0.00703125 0.018055555555555554
1 0.75234375 0.11458333333333333 0.0109375 0.02361111111111111
1 0.78671875 0.020833333333333332 0.02265625 0.04027777777777778
1 0.830078125 0.11458333333333333 0.0140625 0.0375
1 0.893359375 0.13055555555555556 0.0234375 0.044444444444444446
1 0.918359375 0.12777777777777777 0.02578125 0.03888888888888889
1 0.952734375 0.13958333333333334 0.0171875 0.030555555555555555
1 0.94453125 0.07569444444444444 0.01875 0.03611111111111111
1 0.94296875 0.2076388888888889 0.00859375 0.020833333333333332
1 0.8953125 0.24375 0.0078125 0.022222222222222223
1 0.883984375 0.33819444444444446 0.01796875 0.04027777777777778
1 0.85078125 0.35138888888888886 0.0203125 0.05416666666666667
1 0.830078125 0.33194444444444443 0.01796875 0.03888888888888889
1 0.8484375 0.4986111111111111 0.01796875 0.029166666666666667
1 0.798046875 0.5729166666666666 0.0203125 0.06111111111111111
1 0.728515625 0.71875 0.02421875 0.03888888888888889
1 0.658984375 0.7708333333333334 0.0203125 0.0375
1 0.66171875 0.8083333333333333 0.01640625 0.034722222222222224
1 0.70859375 0.7916666666666666 0.02734375 0.041666666666666664
1 0.830859375 0.8951388888888889 0.0140625 0.02638888888888889
1 0.766796875 0.7965277777777777 0.0109375 0.020833333333333332
1 0.931640625 0.7826388888888889 0.0109375 0.015277777777777777
1 0.9859375 0.6694444444444444 0.028125 0.03194444444444444
1 0.87421875 0.6722222222222223 0.0125 0.02638888888888889
1 0.883984375 0.5868055555555556 0.01484375 0.03611111111111111
1 0.948828125 0.6027777777777777 0.0125 0.025
1 0.909375 0.5152777777777777 0.01328125 0.034722222222222224
1 0.965625 0.38263888888888886 0.01484375 0.029166666666666667
1 0.8859375 0.18125 0.009375 0.022222222222222223
1 0.792578125 0.20208333333333334 0.0078125 0.013888888888888888
1 0.816796875 0.10902777777777778 0.00546875 0.009722222222222222
1 0.167578125 0.6041666666666666 0.00625 0.013888888888888888
1 0.099609375 0.30486111111111114 0.0140625 0.022222222222222223
0 0.110546875 0.07361111111111111 0.19375 0.14722222222222223
0 0.11484375 0.22777777777777777 0.2296875 0.4444444444444444
0 0.112109375 0.46805555555555556 0.19296875 0.39444444444444443
0 0.116015625 0.8590277777777777 0.19765625 0.28194444444444444
0 0.18671875 0.9173611111111111 0.1375 0.16527777777777777
0 0.64375 0.8875 0.2515625 0.1375
0 0.709765625 0.9868055555555556 0.1234375 0.02638888888888889
0 0.659375 0.6590277777777778 0.25546875 0.33194444444444443
0 0.668359375 0.4201388888888889 0.084375 0.4305555555555556
0 0.6171875 0.24305555555555555 0.171875 0.24027777777777778
0 0.628125 0.049305555555555554 0.2703125 0.09861111111111111
1 0.9796875 0.7861111111111111 0.01015625 0.015277777777777777
1 0.962109375 0.7409722222222223 0.0078125 0.011111111111111112