1 0.45390625 0.6826388888888889 0.01015625 0.016666666666666666
1 0.478125 0.6458333333333334 0.01953125 0.025
1 0.48984375 0.5923611111111111 0.040625 0.075
1 0.4953125 0.48680555555555555 0.0203125 0.034722222222222224
1 0.539453125 0.44513888888888886 0.0453125 0.08611111111111111
1 0.561328125 0.39444444444444443 0.01484375 0.02361111111111111
1 0.547265625 0.5520833333333334 0.0328125 0.07083333333333333
1 0.52421875 0.625 0.015625 0.030555555555555555
1 0.51015625 0.65 0.0234375 0.05
1 0.534765625 0.6159722222222223 0.00859375 0.02361111111111111
1 0.5421875 0.6381944444444444 0.00703125 0.02638888888888889
1 0.415234375 0.5618055555555556 0.02734375 0.07916666666666666
1 0.3953125 0.6423611111111112 0.0125 0.025
1 0.37109375 0.5972222222222222 0.0078125 0.019444444444444445
1 0.391015625 0.6104166666666667 0.01484375 0.03611111111111111
1 0.407421875 0.3923611111111111 0.01328125 0.02361111111111111
1 0.31328125 0.23958333333333334 0.0125 0.022222222222222223
1 0.322265625 0.9020833333333333 0.01640625 0.029166666666666667
1 0.309375 0.9659722222222222 0.0296875 0.044444444444444446
1 0.22265625 0.9326388888888889 0.02109375 0.03333333333333333
1 0.209375 0.9722222222222222 0.01953125 0.013888888888888888
1 0.200390625 0.9909722222222223 0.02109375 0.0125
1 0.190234375 0.8833333333333333 0.0234375 0.03888888888888889
1 0.155078125 0.8652777777777778 0.0171875 0.029166666666666667
1 0.170703125 0.8819444444444444 0.01328125 0.03333333333333333
1 0.17109375 0.9388888888888889 0.0234375 0.04583333333333333
1 0.14921875 0.9625 0.0375 0.06944444444444445
1 0.18359375 0.7875 0.0140625 0.019444444444444445
1 0.187890625 0.7229166666666667 0.0265625 0.04027777777777778
1 0.109765625 0.8340277777777778 0.02421875 0.027777777777777776
1 0.12421875 0.8729166666666667 0.03046875 0.029166666666666667
1 0.0734375 0.7854166666666667 0.015625 0.029166666666666667
1 0.20078125 0.6458333333333334 0.01328125 0.025
1 0.12890625 0.7548611111111111 0.01875 0.019444444444444445
1 0.140234375 0.6576388888888889 0.01171875 0.025
1 0.165625 0.5638888888888889 0.0140625 0.027777777777777776
1 0.1921875 0.5763888888888888 0.01015625 0.02361111111111111
1 0.100390625 0.5763888888888888 0.02109375 0.05555555555555555
1 0.134375 0.5486111111111112 0.015625 0.029166666666666667
1 0.092578125 0.5215277777777778 0.015625 0.03888888888888889
1 0.0578125 0.5840277777777778 0.0078125 0.015277777777777777
1 0.10625 0.6430555555555556 0.01171875 0.022222222222222223
1 0.058203125 0.6111111111111112 0.01015625 0.020833333333333332
1 0.073046875 0.7006944444444444 0.01015625 0.016666666666666666
1 0.196875 0.6861111111111111 0.01875 0.025
1 0.22890625 0.6673611111111111 0.01640625 0.041666666666666664
1 0.23828125 0.54375 0.046875 0.06388888888888888
1 0.20234375 0.45902777777777776 0.01640625 0.030555555555555555
1 0.19921875 0.49166666666666664 0.01796875 0.03611111111111111
1 0.18203125 0.4861111111111111 0.0140625 0.029166666666666667
1 0.17421875 0.4597222222222222 0.01015625 0.025
1 0.353125 0.36666666666666664 0.01015625 0.022222222222222223
1 0.319921875 0.6631944444444444 0.01171875 0.019444444444444445
1 0.086328125 0.8298611111111112 0.0109375 0.027777777777777776
1 0.045703125 0.8645833333333334 0.01796875 0.02361111111111111
1 0.201953125 0.8555555555555555 0.0109375 0.016666666666666666
1 0.508203125 0.07430555555555556 0.03125 0.029166666666666667
1 0.44140625 0.12083333333333333 0.0125 0.027777777777777776
1 0.74453125 0.7631944444444444 0.0515625 0.10416666666666667
1 0.759765625 0.75 0.01015625 0.018055555555555554
0 0.079296875 0.12986111111111112 0.15390625 0.24166666666666667
0 0.07421875 0.3284722222222222 0.1015625 0.2861111111111111
0 0.073046875 0.7034722222222223 0.14296875 0.23472222222222222
0 0.0703125 0.9430555555555555 0.140625 0.11388888888888889
0 0.530078125 0.1326388888888889 0.18515625 0.2652777777777778
0 0.571484375 0.2604166666666667 0.175 0.3541666666666667
0 0.582421875 0.46041666666666664 0.13203125 0.3194444444444444
0 0.606640625 0.7729166666666667 0.13828125 0.33194444444444443
0 0.583984375 0.9402777777777778 0.0921875 0.11944444444444445
1 0.079296875 0.013194444444444444 0.0265625 0.02638888888888889
1 0.11953125 0.0125 0.021875 0.025
1 0.204296875 0.004861111111111111 0.0171875 0.009722222222222222
1 0.1578125 0.009722222222222222 0.0171875 0.018055555555555554
1 0.139453125 0.030555555555555555 0.01171875 0.034722222222222224
1 0.199609375 0.05347222222222222 0.015625 0.019444444444444445
1 0.203125 0.08472222222222223 0.01015625 0.029166666666666667
1 0.21484375 0.13680555555555557 0.01484375 0.02638888888888889
1 0.156640625 0.17777777777777778 0.015625 0.02638888888888889
1 0.207421875 0.2 0.01171875 0.020833333333333332
1 0.031640625 0.1701388888888889 0.04765625 0.07222222222222222
1 0.04765625 0.25833333333333336 0.0125 0.013888888888888888
1 0.015625 0.2673611111111111 0.01953125 0.03611111111111111
1 0.17578125 0.25555555555555554 0.0109375 0.019444444444444445
1 0.166015625 0.2763888888888889 0.01484375 0.02361111111111111
1 0.151171875 0.35 0.0171875 0.027777777777777776
1 0.382421875 0.21875 0.01171875 0.022222222222222223
1 0.13203125 0.3527777777777778 0.0078125 0.018055555555555554
1 0.08515625 0.26666666666666666 0.0140625 0.027777777777777776
1 0.23671875 0.030555555555555555 0.0078125 0.009722222222222222
1 0.46875 0.07222222222222222 0.0078125 0.018055555555555554
1 0.5375 0.025694444444444443 0.0109375 0.019444444444444445
1 0.531640625 0.09375 0.0078125 0.013888888888888888
1 0.48125 0.14930555555555555 0.0109375 0.018055555555555554
1 0.6703125 0.017361111111111112 0.0171875 0.034722222222222224
1 0.441015625 0.23680555555555555 0.00859375 0.011111111111111112
1 0.44765625 0.2652777777777778 0.015625 0.03194444444444444
1 0.471875 0.3236111111111111 0.0296875 0.05
1 0.517578125 0.35833333333333334 0.01015625 0.025
1 0.491796875 0.23194444444444445 0.0140625 0.043055555555555555
1 0.543359375 0.22916666666666666 0.0125 0.03194444444444444
1 0.54609375 0.1736111111111111 0.01875 0.02361111111111111
1 0.56484375 0.18888888888888888 0.01875 0.058333333333333334
1 0.5296875 0.18541666666666667 0.01484375 0.015277777777777777
1 0.555078125 0.3076388888888889 0.034375 0.06666666666666667
1 0.585546875 0.26944444444444443 0.0140625 0.034722222222222224
1 0.60546875 0.1597222222222222 0.01015625 0.015277777777777777
1 0.642578125 0.08611111111111111 0.021875 0.05277777777777778
1 0.628515625 0.1736111111111111 0.0171875 0.02638888888888889
1 0.65234375 0.21388888888888888 0.03125 0.05416666666666667
1 0.635546875 0.2569444444444444 0.01015625 0.015277777777777777
1 0.671875 0.30069444444444443 0.04453125 0.11388888888888889
1 0.638671875 0.3159722222222222 0.0328125 0.05
1 0.62265625 0.36527777777777776 0.02421875 0.05694444444444444
1 0.677734375 0.39444444444444443 0.028125 0.058333333333333334
1 0.655078125 0.4423611111111111 0.0328125 0.06666666666666667
1 0.719921875 0.20694444444444443 0.0515625 0.12222222222222222
1 0.76171875 0.15694444444444444 0.0109375 0.016666666666666666
1 0.79921875 0.11597222222222223 0.021875 0.03611111111111111
1 0.717578125 0.05763888888888889 0.0234375 0.0375
1 0.7625 0.017361111111111112 0.05625 0.034722222222222224
1 0.869140625 0.005555555555555556 0.00625 0.011111111111111112
1 0.87109375 0.03125 0.01015625 0.020833333333333332
1 0.767578125 0.09166666666666666 0.0109375 0.022222222222222223
1 0.79453125 0.18194444444444444 0.00859375 0.018055555555555554
1 0.915625 0.03611111111111111 0.02421875 0.04027777777777778
1 0.93984375 0.016666666666666666 0.01875 0.029166666666666667
1 0.962890625 0.025694444444444443 0.01484375 0.02638888888888889
1 0.93046875 0.08541666666666667 0.0171875 0.027777777777777776
1 0.988671875 0.11319444444444444 0.015625 0.019444444444444445
1 0.925 0.1486111111111111 0.025 0.06111111111111111
1 0.948828125 0.15208333333333332 0.0171875 0.0375
1 0.961328125 0.19375 0.01640625 0.0375
1 0.894921875 0.17916666666666667 0.01953125 0.03333333333333333
1 0.90390625 0.2326388888888889 0.01640625 0.029166666666666667
1 0.837890625 0.12777777777777777 0.00703125 0.0125
1 0.801171875 0.21180555555555555 0.01171875 0.030555555555555555
1 0.84375 0.17152777777777778 0.01171875 0.020833333333333332
1 0.833203125 0.18888888888888888 0.01328125 0.015277777777777777
1 0.826171875 0.22430555555555556 0.01953125 0.05
1 0.865625 0.2361111111111111 0.00625 0.030555555555555555
1 0.850390625 0.26875 0.0125 0.025
1 0.9046875 0.2763888888888889 0.01953125 0.03194444444444444
1 0.926171875 0.31527777777777777 0.0265625 0.06944444444444445
1 0.993359375 0.36180555555555555 0.01328125 0.03611111111111111
1 0.973828125 0.36527777777777776 0.01875 0.03194444444444444
1 0.919140625 0.3763888888888889 0.0203125 0.03194444444444444
1 0.874609375 0.32222222222222224 0.0234375 0.034722222222222224
1 0.822265625 0.3034722222222222 0.03125 0.08611111111111111
1 0.7890625 0.3055555555555556 0.03359375 0.0875
1 0.809765625 0.37222222222222223 0.01875 0.02638888888888889
1 0.99375 0.44305555555555554 0.0125 0.029166666666666667
1 0.930859375 0.4270833333333333 0.046875 0.06388888888888888
1 0.97421875 0.4583333333333333 0.01171875 0.019444444444444445
1 0.960546875 0.5152777777777777 0.03984375 0.0763888888888889
1 0.990234375 0.5840277777777778 0.01953125 0.10555555555555556
1 0.97734375 0.625 0.01953125 0.04583333333333333
1 0.974609375 0.7138888888888889 0.01015625 0.018055555555555554
1 0.982421875 0.7604166666666666 0.0296875 0.03611111111111111
1 0.996875 0.7916666666666666 0.00625 0.04027777777777778
1 0.966015625 0.7979166666666667 0.0140625 0.022222222222222223
1 0.988671875 0.8715277777777778 0.021875 0.08194444444444444
1 0.94375 0.8604166666666667 0.01796875 0.04027777777777778
1 0.91015625 0.5319444444444444 0.03984375 0.043055555555555555
1 0.9234375 0.5743055555555555 0.01640625 0.02361111111111111
1 0.92109375 0.7208333333333333 0.0296875 0.07222222222222222
1 0.946484375 0.7541666666666667 0.0109375 0.019444444444444445
1 0.826171875 0.6166666666666667 0.0125 0.015277777777777777
1 0.811328125 0.5951388888888889 0.0125 0.022222222222222223
1 0.861328125 0.6805555555555556 0.0984375 0.14166666666666666
1 0.80546875 0.7159722222222222 0.0203125 0.0375
1 0.82421875 0.8104166666666667 0.0109375 0.018055555555555554
1 0.84609375 0.83125 0.01171875 0.02638888888888889
1 0.8703125 0.8715277777777778 0.0109375 0.025
1 0.90234375 0.8909722222222223 0.01171875 0.02638888888888889
1 0.94453125 0.9534722222222223 0.05234375 0.09305555555555556
1 0.9859375 0.9756944444444444 0.028125 0.04722222222222222
1 0.800390625 0.9423611111111111 0.009375 0.02361111111111111
1 0.87421875 0.9833333333333333 0.01015625 0.011111111111111112
1 0.877734375 0.9590277777777778 0.01171875 0.018055555555555554
1 0.793359375 0.9881944444444445 0.02421875 0.022222222222222223
1 0.71953125 0.8895833333333333 0.05625 0.11666666666666667
1 0.68203125 0.9006944444444445 0.0265625 0.05
1 0.6703125 0.8069444444444445 0.0203125 0.029166666666666667
1 0.653125 0.84375 0.01875 0.03194444444444444
1 0.661328125 0.8819444444444444 0.009375 0.015277777777777777
1 0.66484375 0.8583333333333333 0.009375 0.0125
1 0.627734375 0.90625 0.06796875 0.10833333333333334
1 0.647265625 0.9770833333333333 0.01796875 0.043055555555555555
1 0.75546875 0.63125 0.0421875 0.06388888888888888
1 0.72421875 0.6194444444444445 0.01640625 0.02638888888888889
1 0.731640625 0.6694444444444444 0.01171875 0.016666666666666666
1 0.8390625 0.5354166666666667 0.021875 0.04027777777777778
1 0.83984375 0.47708333333333336 0.015625 0.029166666666666667
1 0.865234375 0.45416666666666666 0.0296875 0.05555555555555555
1 0.79453125 0.3993055555555556 0.01875 0.027777777777777776
1 0.76328125 0.39375 0.01796875 0.03888888888888889
1 0.779296875 0.3861111111111111 0.01171875 0.018055555555555554
1 0.73828125 0.4048611111111111 0.021875 0.03194444444444444
1 0.716015625 0.3770833333333333 0.0171875 0.034722222222222224
1 0.710546875 0.3194444444444444 0.01484375 0.043055555555555555
1 0.695703125 0.5423611111111111 0.03203125 0.0625
1 0.6296875 0.5090277777777777 0.01171875 0.022222222222222223
1 0.64921875 0.5479166666666667 0.06015625 0.10833333333333334
1 0.647265625 0.6569444444444444 0.06328125 0.10416666666666667
1 0.6109375 0.7090277777777778 0.0234375 0.04027777777777778
1 0.628125 0.7680555555555556 0.03515625 0.10555555555555556
1 0.6640625 0.7604166666666666 0.03359375 0.09583333333333334
1 0.559375 0.6972222222222222 0.01328125 0.019444444444444445
1 0.538671875 0.7215277777777778 0.03203125 0.03611111111111111
1 0.51171875 0.7430555555555556 0.02890625 0.059722222222222225
1 0.5546875 0.8166666666666667 0.0703125 0.14583333333333334
1 0.54921875 0.94375 0.0125 0.025