1 0.2421875 0.5590277777777778 0.01640625 0.02361111111111111
1 0.737109375 0.5708333333333333 0.0421875 0.06944444444444445
1 0.6828125 0.5486111111111112 0.01484375 0.030555555555555555
1 0.721875 0.5125 0.02421875 0.03194444444444444
1 0.58515625 0.4027777777777778 0.0296875 0.04027777777777778
1 0.554296875 0.4375 0.00859375 0.015277777777777777
1 0.56953125 0.4326388888888889 0.0171875 0.030555555555555555
1 0.599609375 0.36041666666666666 0.02109375 0.030555555555555555
1 0.6296875 0.34097222222222223 0.04609375 0.08194444444444444
1 0.566796875 0.3347222222222222 0.0171875 0.03333333333333333
1 0.67265625 0.2423611111111111 0.01875 0.03888888888888889
1 0.665625 0.28888888888888886 0.009375 0.02361111111111111
1 0.707421875 0.2875 0.02265625 0.043055555555555555
1 0.72578125 0.3861111111111111 0.0203125 0.030555555555555555
1 0.755078125 0.42083333333333334 0.02578125 0.05416666666666667
1 0.769921875 0.5291666666666667 0.0234375 0.0375
1 0.043359375 0.7979166666666667 0.025 0.044444444444444446
1 0.089453125 0.6541666666666667 0.0140625 0.022222222222222223
1 0.065234375 0.5548611111111111 0.03125 0.06527777777777778
1 0.067578125 0.49166666666666664 0.015625 0.02638888888888889
1 0.012109375 0.5194444444444445 0.01015625 0.013888888888888888
1 0.044140625 0.4131944444444444 0.01796875 0.03194444444444444
1 0.07109375 0.36944444444444446 0.025 0.07222222222222222
1 0.041015625 0.3215277777777778 0.040625 0.0625
1 0.119921875 0.3506944444444444 0.01328125 0.034722222222222224
1 0.151171875 0.2902777777777778 0.015625 0.03888888888888889
1 0.139453125 0.1875 0.01640625 0.029166666666666667
1 0.01484375 0.1451388888888889 0.0296875 0.05
1 0.0375 0.17222222222222222 0.0265625 0.05138888888888889
1 0.076953125 0.09444444444444444 0.01328125 0.02361111111111111
1 0.0796875 0.11666666666666667 0.009375 0.013888888888888888
1 0.099609375 0.14930555555555555 0.0234375 0.04583333333333333
1 0.02890625 0.02847222222222222 0.04453125 0.05694444444444444
1 0.140625 0.2361111111111111 0.01015625 0.016666666666666666
1 0.16640625 0.2263888888888889 0.021875 0.043055555555555555
1 0.21015625 0.1840277777777778 0.0421875 0.07083333333333333
1 0.240625 0.1875 0.015625 0.025
1 0.255078125 0.2375 0.0109375 0.020833333333333332
1 0.19375 0.29583333333333334 0.0203125 0.030555555555555555
1 0.177734375 0.3576388888888889 0.009375 0.0125
1 0.18671875 0.37083333333333335 0.01875 0.03611111111111111
1 0.20625 0.39444444444444443 0.02265625 0.043055555555555555
1 0.130859375 0.37569444444444444 0.009375 0.016666666666666666
1 0.191015625 0.49375 0.0171875 0.043055555555555555
1 0.207421875 0.5375 0.0265625 0.06527777777777778
1 0.19375 0.5791666666666667 0.01484375 0.020833333333333332
1 0.2375 0.5291666666666667 0.01953125 0.03333333333333333
1 0.183203125 0.6402777777777777 0.01953125 0.03333333333333333
1 0.164453125 0.6368055555555555 0.01015625 0.0125
1 0.19921875 0.7444444444444445 0.025 0.06666666666666667
1 0.25625 0.7027777777777777 0.0375 0.07361111111111111
1 0.256640625 0.775 0.01640625 0.02361111111111111
1 0.198046875 0.8666666666666667 0.01640625 0.027777777777777776
1 0.21484375 0.8333333333333334 0.01640625 0.027777777777777776
1 0.22265625 0.8666666666666667 0.0171875 0.0375
1 0.13046875 0.90625 0.01953125 0.0375
1 0.130859375 0.98125 0.01953125 0.0375
1 0.4859375 0.6222222222222222 0.0171875 0.025
1 0.343359375 0.8430555555555556 0.0140625 0.018055555555555554
1 0.565234375 0.6368055555555555 0.028125 0.04583333333333333
1 0.58984375 0.6652777777777777 0.03046875 0.05694444444444444
1 0.616796875 0.6930555555555555 0.0359375 0.07222222222222222
1 0.6765625 0.6965277777777777 0.0125 0.022222222222222223
1 0.710546875 0.7951388888888888 0.02421875 0.0375
1 0.74296875 0.7986111111111112 0.02734375 0.043055555555555555
1 0.62109375 0.8097222222222222 0.0234375 0.0375
1 0.608984375 0.8826388888888889 0.03828125 0.10555555555555556
1 0.71171875 0.9583333333333334 0.015625 0.027777777777777776
1 0.80078125 0.8659722222222223 0.0125 0.02638888888888889
1 0.83359375 0.875 0.01171875 0.019444444444444445
1 0.884375 0.8597222222222223 0.01796875 0.04861111111111111
1 0.83671875 0.9652777777777778 0.05234375 0.06944444444444445
1 0.937890625 0.9111111111111111 0.0140625 0.03333333333333333
1 0.889453125 0.7645833333333333 0.0296875 0.041666666666666664
1 0.905859375 0.7888888888888889 0.0140625 0.02638888888888889
1 0.828515625 0.75625 0.0203125 0.05277777777777778
1 0.8015625 0.7340277777777777 0.0203125 0.04027777777777778
1 0.805078125 0.6541666666666667 0.03515625 0.05416666666666667
1 0.827734375 0.5618055555555556 0.02890625 0.05277777777777778
1 0.864453125 0.5194444444444445 0.01328125 0.02361111111111111
1 0.818359375 0.4708333333333333 0.025 0.030555555555555555
1 0.8453125 0.4527777777777778 0.02890625 0.044444444444444446
1 0.84453125 0.30972222222222223 0.03515625 0.07361111111111111
1 0.775 0.2826388888888889 0.01875 0.02361111111111111
1 0.8609375 0.23402777777777778 0.05078125 0.06944444444444445
1 0.86875 0.15694444444444444 0.0296875 0.06111111111111111
1 0.934375 0.05694444444444444 0.05546875 0.11388888888888889
1 0.99453125 0.08194444444444444 0.0109375 0.02638888888888889
1 0.77734375 0.05486111111111111 0.028125 0.04027777777777778
1 0.589453125 0.0625 0.0171875 0.029166666666666667
1 0.603515625 0.15347222222222223 0.00625 0.009722222222222222
1 0.90625 0.6618055555555555 0.0234375 0.05416666666666667
1 0.932421875 0.6673611111111111 0.0125 0.02361111111111111
1 0.976171875 0.6652777777777777 0.01640625 0.029166666666666667
1 0.992578125 0.41388888888888886 0.01484375 0.03611111111111111
1 0.9625 0.3902777777777778 0.00859375 0.018055555555555554
1 0.976171875 0.3576388888888889 0.01171875 0.016666666666666666
1 0.952734375 0.27291666666666664 0.028125 0.03611111111111111
1 0.94453125 0.22916666666666666 0.02265625 0.0375
1 0.1484375 0.05416666666666667 0.0078125 0.0125
1 0.184765625 0.08541666666666667 0.01875 0.05694444444444444
1 0.2375 0.050694444444444445 0.03984375 0.08888888888888889
1 0.251171875 0.10208333333333333 0.01875 0.04027777777777778
1 0.216015625 0.006944444444444444 0.01640625 0.013888888888888888
1 0.1359375 0.05486111111111111 0.00859375 0.0125
1 0.28359375 0.29791666666666666 0.0171875 0.030555555555555555
1 0.309765625 0.33611111111111114 0.01875 0.03194444444444444
1 0.247265625 0.34652777777777777 0.0578125 0.1
1 0.232421875 0.4701388888888889 0.01484375 0.013888888888888888
1 0.244140625 0.48194444444444445 0.01015625 0.025
1 0.09765625 0.5569444444444445 0.01171875 0.02361111111111111
1 0.259375 0.6145833333333334 0.0140625 0.02638888888888889
1 0.25390625 0.6513888888888889 0.0125 0.025
1 0.7859375 0.10833333333333334 0.009375 0.0125
1 0.734765625 0.30416666666666664 0.00703125 0.013888888888888888
1 0.6015625 0.46319444444444446 0.00703125 0.018055555555555554
0 0.131640625 0.7763888888888889 0.12734375 0.20277777777777778
0 0.147265625 0.9375 0.1671875 0.125
0 0.630859375 0.8166666666666667 0.27890625 0.3125
0 0.708984375 0.9541666666666667 0.1359375 0.09166666666666666
0 0.62578125 0.5597222222222222 0.115625 0.2875
0 0.648828125 0.16527777777777777 0.28046875 0.33055555555555555
0 0.7203125 0.3576388888888889 0.15859375 0.5652777777777778