1 0.6546875 0.628125 0.0609375 0.058333333333333334
0 0.44375 0.09895833333333333 0.2671875 0.19791666666666666
0 0.50546875 0.678125 0.115625 0.3729166666666667
0 0.4109375 0.421875 0.33125 0.12083333333333333
0 0.47734375 0.9229166666666667 0.059375 0.15416666666666667
1 0.43984375 0.00625 0.0234375 0.0125
1 0.4125 0.05 0.0296875 0.027083333333333334
1 0.5171875 0.01875 0.01875 0.01875
1 0.48046875 0.11458333333333333 0.01875 0.03125
1 0.58046875 0.15833333333333333 0.0171875 0.020833333333333332
1 0.6296875 0.09166666666666666 0.0125 0.01875
1 0.59921875 0.036458333333333336 0.0265625 0.035416666666666666
1 0.6421875 0.14583333333333334 0.0203125 0.025
1 0.8984375 0.109375 0.01875 0.027083333333333334
1 0.8234375 0.209375 0.0234375 0.027083333333333334
1 0.7390625 0.190625 0.0296875 0.04583333333333333
1 0.690625 0.290625 0.0203125 0.025
1 0.50625 0.2989583333333333 0.04375 0.06875
1 0.37265625 0.25625 0.0296875 0.020833333333333332
1 0.3875 0.3229166666666667 0.028125 0.05416666666666667
1 0.3296875 0.28125 0.0140625 0.03958333333333333
1 0.31171875 0.37083333333333335 0.0171875 0.016666666666666666
1 0.38984375 0.440625 0.021875 0.020833333333333332
1 0.64921875 0.31666666666666665 0.025 0.029166666666666667
1 0.921875 0.41041666666666665 0.0171875 0.03125
1 0.93671875 0.34791666666666665 0.0125 0.03125
1 0.86875 0.40208333333333335 0.0359375 0.029166666666666667
1 0.76171875 0.5208333333333334 0.03125 0.0375
1 0.60078125 0.5510416666666667 0.0265625 0.035416666666666666
1 0.54296875 0.5572916666666666 0.040625 0.052083333333333336
1 0.521875 0.703125 0.0109375 0.0125
1 0.453125 0.78125 0.009375 0.0375
1 0.51953125 0.75 0.0328125 0.03958333333333333
1 0.61640625 0.6875 0.0375 0.04375
1 0.96015625 0.7177083333333333 0.034375 0.035416666666666666
1 0.85859375 0.7208333333333333 0.0171875 0.025
1 0.79453125 0.9322916666666666 0.0140625 0.04791666666666667
1 0.76328125 0.8958333333333334 0.028125 0.029166666666666667
1 0.76171875 0.825 0.015625 0.01875
1 0.7375 0.7927083333333333 0.0125 0.01875
1 0.6390625 0.7854166666666667 0.0203125 0.0375
1 0.5953125 0.8135416666666667 0.0203125 0.029166666666666667
1 0.5109375 0.89375 0.015625 0.014583333333333334
1 0.6890625 0.9322916666666666 0.0265625 0.03125
1 0.5734375 0.94375 0.03125 0.05
1 0.3140625 0.94375 0.03125 0.0375
1 0.24453125 0.9833333333333333 0.009375 0.03333333333333333
1 0.2796875 0.8854166666666666 0.0375 0.04583333333333333
1 0.07421875 0.8729166666666667 0.0578125 0.05625
1 0.04765625 0.784375 0.05 0.03958333333333333
1 0.1890625 0.7552083333333334 0.0203125 0.025
1 0.05 0.6427083333333333 0.1 0.16458333333333333
1 0.26328125 0.18333333333333332 0.021875 0.035416666666666666
1 0.15234375 0.053125 0.021875 0.035416666666666666
1 0.20390625 0.026041666666666668 0.0171875 0.052083333333333336
1 0.3546875 0.06458333333333334 0.0203125 0.03333333333333333
1 0.0578125 0.196875 0.021875 0.029166666666666667
1 0.01875 0.3072916666666667 0.0171875 0.022916666666666665
1 0.1203125 0.30416666666666664 0.0140625 0.0125
1 0.0453125 0.5104166666666666 0.0171875 0.027083333333333334
1 0.27734375 0.6322916666666667 0.034375 0.03958333333333333
1 0.334375 0.675 0.0234375 0.04791666666666667