1 0.997265625 0.08541666666666667 0.00546875 0.013888888888888888
1 0.121875 0.022916666666666665 0.0359375 0.04583333333333333
1 0.1671875 0.04652777777777778 0.03125 0.05277777777777778
1 0.202734375 0.029861111111111113 0.0140625 0.027777777777777776
1 0.258984375 0.021527777777777778 0.0578125 0.043055555555555555
1 0.29453125 0.09027777777777778 0.03359375 0.07916666666666666
1 0.2515625 0.19652777777777777 0.059375 0.1
1 0.141796875 0.22083333333333333 0.01171875 0.043055555555555555
1 0.16015625 0.22430555555555556 0.0125 0.030555555555555555
1 0.028515625 0.16041666666666668 0.01015625 0.02361111111111111
1 0.072265625 0.1527777777777778 0.01640625 0.02361111111111111
1 0.039453125 0.4215277777777778 0.0265625 0.04722222222222222
1 0.071875 0.43472222222222223 0.02734375 0.03888888888888889
1 0.05234375 0.6006944444444444 0.01953125 0.05
1 0.0546875 0.6416666666666667 0.04921875 0.05138888888888889
1 0.096875 0.6840277777777778 0.01015625 0.018055555555555554
1 0.128125 0.6715277777777777 0.015625 0.043055555555555555
1 0.148046875 0.5986111111111111 0.01953125 0.03194444444444444
1 0.21640625 0.6618055555555555 0.046875 0.07083333333333333
1 0.215625 0.7243055555555555 0.0234375 0.034722222222222224
1 0.24296875 0.7555555555555555 0.025 0.04583333333333333
1 0.24296875 0.8125 0.05703125 0.09305555555555556
1 0.280859375 0.8284722222222223 0.0171875 0.04027777777777778
1 0.23203125 0.8652777777777778 0.0140625 0.018055555555555554
1 0.265234375 0.8694444444444445 0.01796875 0.030555555555555555
1 0.29609375 0.89375 0.0328125 0.05138888888888889
1 0.272265625 0.95 0.0640625 0.07361111111111111
1 0.297265625 0.9888888888888889 0.02265625 0.022222222222222223
1 0.132421875 0.9423611111111111 0.02734375 0.0375
1 0.131640625 0.8263888888888888 0.01015625 0.016666666666666666
1 0.169140625 0.7895833333333333 0.0171875 0.018055555555555554
1 0.175 0.8138888888888889 0.01171875 0.016666666666666666
1 0.2203125 0.6097222222222223 0.01484375 0.029166666666666667
1 0.2609375 0.6902777777777778 0.025 0.034722222222222224
1 0.343359375 0.8326388888888889 0.0078125 0.022222222222222223
1 0.615625 0.9451388888888889 0.0453125 0.09444444444444444
1 0.5484375 0.9604166666666667 0.0203125 0.025
1 0.570703125 0.8368055555555556 0.02734375 0.05277777777777778
1 0.575390625 0.7916666666666666 0.0125 0.030555555555555555
1 0.59375 0.7409722222222223 0.05625 0.15694444444444444
1 0.633984375 0.6791666666666667 0.025 0.05277777777777778
1 0.690234375 0.6368055555555555 0.06328125 0.10694444444444444
1 0.715625 0.5881944444444445 0.08203125 0.10694444444444444
1 0.63359375 0.5604166666666667 0.04921875 0.08055555555555556
1 0.601171875 0.5125 0.01171875 0.020833333333333332
1 0.533203125 0.45625 0.04375 0.06666666666666667
1 0.516015625 0.5291666666666667 0.0296875 0.05138888888888889
1 0.605078125 0.4125 0.0390625 0.05416666666666667
1 0.554296875 0.3013888888888889 0.05625 0.09861111111111111
1 0.499609375 0.33194444444444443 0.01796875 0.02638888888888889
1 0.62890625 0.22152777777777777 0.0203125 0.03333333333333333
1 0.66015625 0.10208333333333333 0.0171875 0.03611111111111111
1 0.58828125 0.05555555555555555 0.040625 0.1111111111111111
1 0.827734375 0.22569444444444445 0.04296875 0.058333333333333334
1 0.792578125 0.30625 0.0515625 0.08472222222222223
1 0.755859375 0.3854166666666667 0.0171875 0.059722222222222225
1 0.78359375 0.3819444444444444 0.02890625 0.059722222222222225
1 0.703515625 0.4583333333333333 0.05 0.13194444444444445
1 0.698828125 0.2951388888888889 0.0265625 0.05277777777777778
1 0.68515625 0.18125 0.01328125 0.027777777777777776
1 0.69140625 0.21666666666666667 0.01171875 0.0375
1 0.860546875 0.0798611111111111 0.01484375 0.03333333333333333
1 0.9125 0.019444444444444445 0.0203125 0.0375
1 0.95625 0.03611111111111111 0.01484375 0.03194444444444444
1 0.9890625 0.13333333333333333 0.0140625 0.030555555555555555
1 0.969921875 0.16319444444444445 0.01015625 0.013888888888888888
1 0.90234375 0.20833333333333334 0.01171875 0.022222222222222223
1 0.881640625 0.30694444444444446 0.05078125 0.07777777777777778
1 0.87265625 0.2611111111111111 0.01484375 0.013888888888888888
1 0.911328125 0.37569444444444444 0.01484375 0.022222222222222223
1 0.892578125 0.4395833333333333 0.02109375 0.030555555555555555
1 0.909375 0.5090277777777777 0.03359375 0.06805555555555555
1 0.775 0.6604166666666667 0.0125 0.027777777777777776
1 0.807421875 0.63125 0.03828125 0.08194444444444444
1 0.749609375 0.7375 0.01328125 0.027777777777777776
1 0.771875 0.7569444444444444 0.01484375 0.03194444444444444
1 0.6703125 0.8236111111111111 0.0375 0.05138888888888889
1 0.760546875 0.8708333333333333 0.021875 0.06388888888888888
1 0.7078125 0.9305555555555556 0.015625 0.03333333333333333
1 0.752734375 0.9576388888888889 0.04140625 0.06111111111111111
1 0.751953125 0.99375 0.01484375 0.0125
1 0.78828125 0.9611111111111111 0.04609375 0.07777777777777778
1 0.86875 0.8541666666666666 0.03515625 0.029166666666666667
1 0.88203125 0.825 0.01171875 0.029166666666666667
1 0.911328125 0.9180555555555555 0.01953125 0.029166666666666667
1 0.807421875 0.7326388888888888 0.0171875 0.022222222222222223
1 0.87421875 0.6638888888888889 0.02265625 0.05
1 0.863671875 0.6097222222222223 0.0171875 0.02361111111111111
1 0.883984375 0.5618055555555556 0.01640625 0.02638888888888889
1 0.92265625 0.6041666666666666 0.015625 0.025
1 0.9078125 0.6854166666666667 0.01484375 0.027777777777777776
1 0.8921875 0.7340277777777777 0.0078125 0.013888888888888888
1 0.949609375 0.7694444444444445 0.00859375 0.02638888888888889
1 0.969921875 0.5222222222222223 0.0234375 0.034722222222222224
1 0.9546875 0.45416666666666666 0.04140625 0.059722222222222225
1 0.9875 0.3951388888888889 0.025 0.08888888888888889
1 0.9609375 0.40069444444444446 0.015625 0.027777777777777776
1 0.99609375 0.2798611111111111 0.0078125 0.011111111111111112
1 0.873828125 0.10277777777777777 0.00625 0.0125
1 0.760546875 0.002777777777777778 0.00546875 0.005555555555555556
1 0.24453125 0.5951388888888889 0.01875 0.03333333333333333
1 0.26875 0.5340277777777778 0.0125 0.02361111111111111
1 0.248828125 0.5125 0.01015625 0.016666666666666666
1 0.290625 0.4479166666666667 0.02890625 0.06388888888888888
1 0.3359375 0.9673611111111111 0.00859375 0.016666666666666666
1 0.54375 0.8118055555555556 0.00703125 0.018055555555555554
1 0.5484375 0.12152777777777778 0.0078125 0.013888888888888888
0 0.691015625 0.11180555555555556 0.15703125 0.22361111111111112
0 0.6578125 0.24722222222222223 0.121875 0.49444444444444446
0 0.6703125 0.5013888888888889 0.17734375 0.4986111111111111
0 0.641015625 0.7090277777777778 0.25703125 0.3611111111111111
0 0.65859375 0.8694444444444445 0.10625 0.25555555555555554
1 0.70859375 0.7722222222222223 0.0640625 0.12916666666666668
0 0.08828125 0.05277777777777778 0.1546875 0.10555555555555556
0 0.12578125 0.22361111111111112 0.08046875 0.3625
0 0.084765625 0.40069444444444446 0.16953125 0.3638888888888889
0 0.110546875 0.6944444444444444 0.22109375 0.25416666666666665
0 0.10703125 0.8444444444444444 0.17421875 0.29305555555555557
1 0.4109375 0.27361111111111114 0.009375 0.015277777777777777
1 0.46484375 0.5243055555555556 0.009375 0.015277777777777777
1 0.42109375 0.9006944444444445 0.00703125 0.011111111111111112
1 0.33515625 0.6486111111111111 0.00859375 0.022222222222222223