1 0.62109375 0.007291666666666667 0.03125 0.014583333333333334
1 0.50703125 0.8302083333333333 0.0171875 0.025
0 0.5375 0.11458333333333333 0.09375 0.17708333333333334
0 0.51328125 0.609375 0.153125 0.26458333333333334
0 0.515625 0.8645833333333334 0.075 0.23958333333333334
1 0.9609375 0.25104166666666666 0.0265625 0.025
1 0.24296875 0.4979166666666667 0.0125 0.016666666666666666
1 0.93984375 0.4395833333333333 0.021875 0.04583333333333333
1 0.64609375 0.7333333333333333 0.025 0.025
1 0.615625 0.8927083333333333 0.0203125 0.025
1 0.359375 0.7385416666666667 0.0234375 0.025
1 0.3609375 0.521875 0.0265625 0.03125
1 0.78359375 0.45 0.021875 0.029166666666666667
1 0.84140625 0.12604166666666666 0.1140625 0.1375
1 0.60078125 0.19791666666666666 0.0265625 0.03333333333333333
1 0.33984375 0.284375 0.03125 0.03958333333333333
1 0.36953125 0.353125 0.05625 0.04791666666666667
1 0.4859375 0.25416666666666665 0.0234375 0.03125
1 0.46640625 0.12291666666666666 0.0203125 0.025
1 0.68203125 0.05520833333333333 0.0234375 0.025
1 0.70703125 0.128125 0.0265625 0.03333333333333333
1 0.365625 0.246875 0.0375 0.0375
1 0.46015625 0.4666666666666667 0.0234375 0.025
1 0.3484375 0.68125 0.0234375 0.03125
1 0.3171875 0.6 0.021875 0.035416666666666666
1 0.0640625 0.6291666666666667 0.025 0.029166666666666667
1 0.24765625 0.36354166666666665 0.0375 0.075
1 0.77890625 0.16875 0.0234375 0.029166666666666667
1 0.81796875 0.5854166666666667 0.0359375 0.03125
1 0.6734375 0.7114583333333333 0.0296875 0.027083333333333334
1 0.6734375 0.8552083333333333 0.025 0.025
1 0.5109375 0.39791666666666664 0.015625 0.0375
1 0.53671875 0.2635416666666667 0.0171875 0.025