1 0.551171875 0.7631944444444444 0.02265625 0.05
1 0.533203125 0.7652777777777777 0.01640625 0.02638888888888889
1 0.637890625 0.9833333333333333 0.01875 0.027777777777777776
1 0.646875 0.93125 0.021875 0.041666666666666664
1 0.696484375 0.8263888888888888 0.05390625 0.13055555555555556
1 0.983984375 0.8555555555555555 0.01328125 0.04722222222222222
1 0.92109375 0.9131944444444444 0.090625 0.14027777777777778
1 0.700390625 0.04722222222222222 0.01640625 0.034722222222222224
1 0.64609375 0.009027777777777777 0.01875 0.016666666666666666
1 0.542578125 0.08611111111111111 0.02734375 0.05
1 0.546875 0.20902777777777778 0.02265625 0.03194444444444444
1 0.57265625 0.2111111111111111 0.0171875 0.029166666666666667
1 0.556640625 0.28888888888888886 0.0109375 0.022222222222222223
1 0.76796875 0.011111111111111112 0.02578125 0.022222222222222223
1 0.834765625 0.9895833333333334 0.03359375 0.020833333333333332
1 0.818359375 0.9694444444444444 0.0125 0.019444444444444445
1 0.030078125 0.5951388888888889 0.03046875 0.04027777777777778
1 0.071484375 0.5694444444444444 0.03984375 0.075
1 0.212109375 0.5895833333333333 0.01796875 0.0375
1 0.23125 0.5854166666666667 0.0125 0.027777777777777776
1 0.19609375 0.6069444444444444 0.01328125 0.034722222222222224
1 0.202734375 0.6659722222222222 0.02265625 0.0375
1 0.251171875 0.6659722222222222 0.015625 0.034722222222222224
1 0.28203125 0.6520833333333333 0.01640625 0.05555555555555555
0 0.0921875 0.19444444444444445 0.0796875 0.3888888888888889
0 0.129296875 0.04583333333333333 0.06875 0.09166666666666666
0 0.108984375 0.3736111111111111 0.21796875 0.24861111111111112
0 0.080859375 0.6166666666666667 0.159375 0.1763888888888889
0 0.06640625 0.8319444444444445 0.1328125 0.33611111111111114
0 0.1203125 0.9513888888888888 0.08359375 0.09583333333333334
1 0.213671875 0.09930555555555555 0.015625 0.059722222222222225
1 0.19453125 0.22916666666666666 0.0265625 0.04583333333333333
1 0.176171875 0.16805555555555557 0.01953125 0.04861111111111111
1 0.15625 0.1798611111111111 0.01953125 0.03888888888888889
1 0.0328125 0.24583333333333332 0.0109375 0.025
1 0.04453125 0.2965277777777778 0.01953125 0.0375
1 0.095703125 0.025 0.02578125 0.043055555555555555
1 0.155859375 0.06041666666666667 0.02265625 0.059722222222222225
1 0.428125 0.20277777777777778 0.01875 0.03611111111111111
1 0.449609375 0.19166666666666668 0.01796875 0.058333333333333334
1 0.591796875 0.3284722222222222 0.0125 0.041666666666666664
1 0.45703125 0.4215277777777778 0.01328125 0.03194444444444444
1 0.41796875 0.5652777777777778 0.01171875 0.027777777777777776
1 0.425 0.76875 0.0125 0.019444444444444445
1 0.20234375 0.7583333333333333 0.01484375 0.025
1 0.23671875 0.8173611111111111 0.0125 0.027777777777777776
1 0.066796875 0.9409722222222222 0.0203125 0.03611111111111111
1 0.0671875 0.8590277777777777 0.025 0.04722222222222222
1 0.112890625 0.9368055555555556 0.02578125 0.08333333333333333
1 0.174609375 0.8180555555555555 0.04140625 0.05555555555555555
1 0.273046875 0.9631944444444445 0.0140625 0.025
1 0.28671875 0.93125 0.01328125 0.025
1 0.42265625 0.6493055555555556 0.0171875 0.04583333333333333
1 0.432421875 0.7125 0.0109375 0.03611111111111111
1 0.790625 0.9541666666666667 0.03203125 0.04861111111111111
1 0.744140625 0.9541666666666667 0.03046875 0.09166666666666666
1 0.797265625 0.9027777777777778 0.034375 0.05138888888888889
1 0.781640625 0.8541666666666666 0.01171875 0.025
1 0.8171875 0.8430555555555556 0.0296875 0.05277777777777778
1 0.762109375 0.8055555555555556 0.015625 0.04583333333333333
1 0.75546875 0.7583333333333333 0.01953125 0.044444444444444446
1 0.787109375 0.7729166666666667 0.028125 0.0625
1 0.791796875 0.7041666666666667 0.02265625 0.04722222222222222
1 0.84375 0.6847222222222222 0.01875 0.03194444444444444
1 0.803515625 0.64375 0.028125 0.041666666666666664
1 0.79765625 0.5548611111111111 0.0234375 0.030555555555555555
1 0.766796875 0.36666666666666664 0.03046875 0.06111111111111111
1 0.79609375 0.3715277777777778 0.01484375 0.02361111111111111
1 0.780078125 0.34305555555555556 0.01484375 0.03194444444444444
1 0.7421875 0.3659722222222222 0.0203125 0.03888888888888889
1 0.766015625 0.4486111111111111 0.01796875 0.03194444444444444
1 0.767578125 0.4965277777777778 0.021875 0.04027777777777778
1 0.89609375 0.5777777777777777 0.01953125 0.034722222222222224
1 0.7578125 0.5583333333333333 0.021875 0.02638888888888889
1 0.8171875 0.4465277777777778 0.025 0.04583333333333333
1 0.860546875 0.4305555555555556 0.02578125 0.041666666666666664
1 0.993359375 0.5104166666666666 0.0125 0.0375
1 0.928125 0.47708333333333336 0.01640625 0.0375
1 0.84921875 0.4826388888888889 0.0171875 0.041666666666666664
1 0.836328125 0.37430555555555556 0.02265625 0.044444444444444446
1 0.8890625 0.3763888888888889 0.05625 0.0875
1 0.951171875 0.3159722222222222 0.01171875 0.020833333333333332
1 0.965234375 0.3368055555555556 0.0109375 0.025
1 0.984765625 0.3215277777777778 0.01171875 0.034722222222222224
1 0.975 0.37916666666666665 0.01484375 0.02638888888888889
1 0.954296875 0.3701388888888889 0.0140625 0.022222222222222223
1 0.937890625 0.34097222222222223 0.01640625 0.03333333333333333
1 0.89140625 0.2590277777777778 0.02578125 0.05694444444444444
1 0.971484375 0.2048611111111111 0.02109375 0.041666666666666664
1 0.92578125 0.12013888888888889 0.071875 0.12777777777777777
1 0.3953125 0.81875 0.01015625 0.02361111111111111
1 0.37890625 0.9041666666666667 0.0125 0.02361111111111111
1 0.3796875 0.8625 0.0203125 0.02361111111111111
1 0.405859375 0.9791666666666666 0.0171875 0.041666666666666664
1 0.915234375 0.0125 0.04296875 0.025
1 0.589453125 0.7583333333333333 0.01875 0.02638888888888889
1 0.04765625 0.49583333333333335 0.03359375 0.059722222222222225
0 0.60859375 0.9847222222222223 0.0140625 0.030555555555555555
0 0.6484375 0.8923611111111112 0.14453125 0.2152777777777778
1 0.273046875 0.14375 0.015625 0.034722222222222224
1 0.27890625 0.2965277777777778 0.0109375 0.02361111111111111
1 0.1140625 0.475 0.0328125 0.05277777777777778
1 0.20703125 0.45208333333333334 0.04453125 0.10277777777777777
1 0.166015625 0.47430555555555554 0.0296875 0.07083333333333333
1 0.5390625 0.7868055555555555 0.01328125 0.025
1 0.15859375 0.4041666666666667 0.04453125 0.043055555555555555
0 0.649609375 0.7243055555555555 0.1171875 0.5277777777777778
0 0.616796875 0.48055555555555557 0.196875 0.2222222222222222
0 0.64921875 0.2111111111111111 0.12734375 0.4222222222222222
1 0.79453125 0.12222222222222222 0.03828125 0.07222222222222222
1 0.659375 0.13333333333333333 0.04296875 0.07916666666666666
1 0.5953125 0.36666666666666664 0.01640625 0.02361111111111111
1 0.569140625 0.3263888888888889 0.025 0.03611111111111111
1 0.653515625 0.33611111111111114 0.02265625 0.034722222222222224
1 0.708203125 0.35347222222222224 0.01640625 0.0375
1 0.83828125 0.027777777777777776 0.046875 0.05416666666666667
1 0.62734375 0.45208333333333334 0.01171875 0.030555555555555555
1 0.611328125 0.45416666666666666 0.01875 0.041666666666666664
1 0.675 0.4756944444444444 0.03359375 0.10972222222222222
1 0.635546875 0.5243055555555556 0.02109375 0.058333333333333334
1 0.581640625 0.5229166666666667 0.028125 0.04861111111111111
1 0.551171875 0.5611111111111111 0.015625 0.03333333333333333
1 0.55546875 0.4673611111111111 0.02265625 0.05416666666666667
1 0.530078125 0.43680555555555556 0.02890625 0.10277777777777777
1 0.6734375 0.6256944444444444 0.01640625 0.0375
1 0.70234375 0.60625 0.01328125 0.03194444444444444