1 0.849609375 0.4861111111111111 0.02734375 0.05138888888888889
1 0.875390625 0.5111111111111111 0.02421875 0.0625
1 0.480859375 0.7694444444444445 0.0203125 0.04583333333333333
1 0.884375 0.5513888888888889 0.0203125 0.03333333333333333
1 0.91171875 0.525 0.02421875 0.05
1 0.973828125 0.46111111111111114 0.01796875 0.03194444444444444
1 0.968359375 0.5145833333333333 0.0203125 0.015277777777777777
1 0.826953125 0.3729166666666667 0.00859375 0.011111111111111112
1 0.830078125 0.3104166666666667 0.0203125 0.04583333333333333
1 0.82421875 0.26180555555555557 0.03984375 0.04722222222222222
1 0.84375 0.23541666666666666 0.0140625 0.020833333333333332
1 0.836328125 0.3486111111111111 0.01796875 0.03194444444444444
1 0.775390625 0.3368055555555556 0.01484375 0.015277777777777777
1 0.89453125 0.3388888888888889 0.021875 0.03333333333333333
1 0.929296875 0.19791666666666666 0.0234375 0.041666666666666664
1 0.90859375 0.2326388888888889 0.01484375 0.02638888888888889
1 0.973046875 0.18125 0.0203125 0.03611111111111111
1 0.778515625 0.09444444444444444 0.04453125 0.125
1 0.812890625 0.04375 0.0328125 0.0875
1 0.83984375 0.021527777777777778 0.01953125 0.043055555555555555
1 0.858203125 0.0125 0.02421875 0.025
1 0.878125 0.04513888888888889 0.025 0.044444444444444446
1 0.901171875 0.05347222222222222 0.01171875 0.029166666666666667
1 0.88671875 0.11319444444444444 0.0125 0.020833333333333332
1 0.905078125 0.12222222222222222 0.0109375 0.015277777777777777
1 0.937890625 0.019444444444444445 0.0171875 0.03194444444444444
1 0.956640625 0.005555555555555556 0.01328125 0.011111111111111112
1 0.994921875 0.018055555555555554 0.01015625 0.018055555555555554
1 0.711328125 0.06736111111111111 0.0265625 0.05
1 0.730078125 0.09444444444444444 0.015625 0.03333333333333333
1 0.748046875 0.08958333333333333 0.01328125 0.02638888888888889
1 0.76640625 0.018055555555555554 0.01796875 0.029166666666666667
1 0.701171875 0.14722222222222223 0.01875 0.03611111111111111
1 0.66484375 0.14305555555555555 0.0140625 0.030555555555555555
1 0.298828125 0.018055555555555554 0.01953125 0.03611111111111111
1 0.401171875 0.09930555555555555 0.00859375 0.018055555555555554
1 0.22890625 0.30694444444444446 0.01015625 0.019444444444444445
1 0.482421875 0.39375 0.0109375 0.013888888888888888
1 0.534375 0.5083333333333333 0.0078125 0.013888888888888888
0 0.662109375 0.058333333333333334 0.14453125 0.11666666666666667
0 0.723046875 0.26944444444444443 0.20078125 0.38333333333333336
0 0.650390625 0.9270833333333334 0.14453125 0.14583333333333334
0 0.07578125 0.20625 0.1515625 0.4125
0 0.1046875 0.022916666666666665 0.06953125 0.04583333333333333
0 0.08828125 0.3715277777777778 0.15546875 0.48333333333333334
0 0.1171875 0.8215277777777777 0.234375 0.18055555555555555
0 0.123828125 0.6895833333333333 0.1515625 0.3333333333333333
1 0.584375 0.7763888888888889 0.00703125 0.016666666666666666
1 0.6859375 0.8652777777777778 0.015625 0.029166666666666667
1 0.582421875 0.5354166666666667 0.009375 0.016666666666666666
1 0.72109375 0.525 0.00859375 0.015277777777777777
1 0.24765625 0.7111111111111111 0.009375 0.020833333333333332
1 0.066796875 0.5034722222222222 0.025 0.06527777777777778
1 0.084375 0.5340277777777778 0.02265625 0.0375
1 0.04375 0.5847222222222223 0.0171875 0.03333333333333333
1 0.06796875 0.6125 0.0171875 0.02361111111111111
1 0.033984375 0.6298611111111111 0.02109375 0.027777777777777776
1 0.01875 0.5625 0.01796875 0.03888888888888889
1 0.004296875 0.2875 0.00859375 0.025
1 0.044140625 0.9069444444444444 0.02890625 0.03611111111111111
1 0.066015625 0.9409722222222222 0.0234375 0.07222222222222222
1 0.083203125 0.9388888888888889 0.015625 0.03611111111111111
1 0.159765625 0.9930555555555556 0.01328125 0.013888888888888888
1 0.101953125 0.8506944444444444 0.01484375 0.03194444444444444
1 0.114453125 0.8770833333333333 0.0234375 0.04583333333333333
1 0.194921875 0.9229166666666667 0.01328125 0.025
1 0.114453125 0.7909722222222222 0.02109375 0.027777777777777776
1 0.116796875 0.10069444444444445 0.0140625 0.02638888888888889
1 0.1390625 0.09930555555555555 0.01484375 0.025
1 0.461328125 0.9416666666666667 0.025 0.05694444444444444
1 0.482421875 0.9659722222222222 0.0203125 0.02638888888888889
1 0.41875 0.9763888888888889 0.0078125 0.016666666666666666
1 0.434375 0.875 0.021875 0.018055555555555554
1 0.48984375 0.8381944444444445 0.03203125 0.08611111111111111
1 0.468359375 0.8451388888888889 0.0140625 0.04027777777777778
1 0.534765625 0.8527777777777777 0.05703125 0.09722222222222222
1 0.52578125 0.9270833333333334 0.0125 0.013888888888888888
1 0.610546875 0.8708333333333333 0.0171875 0.03888888888888889
1 0.593359375 0.8243055555555555 0.025 0.041666666666666664
1 0.521484375 0.7722222222222223 0.0609375 0.075
1 0.5265625 0.7020833333333333 0.04140625 0.07083333333333333
1 0.569140625 0.7159722222222222 0.0453125 0.05138888888888889
1 0.55703125 0.6402777777777777 0.0328125 0.06666666666666667
1 0.59609375 0.6361111111111111 0.01796875 0.03194444444444444
1 0.618359375 0.6708333333333333 0.00703125 0.0125
1 0.662109375 0.6722222222222223 0.0265625 0.044444444444444446
1 0.658984375 0.6152777777777778 0.01875 0.034722222222222224
1 0.67265625 0.55625 0.02265625 0.04583333333333333
1 0.67421875 0.5090277777777777 0.02421875 0.03888888888888889
1 0.64140625 0.47430555555555554 0.0109375 0.03194444444444444
1 0.628125 0.5055555555555555 0.01953125 0.03611111111111111
1 0.5203125 0.3729166666666667 0.03515625 0.059722222222222225
1 0.543359375 0.4111111111111111 0.0328125 0.075
1 0.516015625 0.42569444444444443 0.02890625 0.05555555555555555
1 0.523828125 0.4736111111111111 0.02265625 0.0375
1 0.55859375 0.4583333333333333 0.01875 0.04027777777777778
1 0.6 0.41805555555555557 0.025 0.05694444444444444
1 0.474609375 0.4847222222222222 0.03359375 0.04861111111111111
1 0.48828125 0.5611111111111111 0.0234375 0.034722222222222224
1 0.421484375 0.5284722222222222 0.00859375 0.025
1 0.43515625 0.5569444444444445 0.01875 0.04722222222222222
1 0.42421875 0.6041666666666666 0.01640625 0.029166666666666667
1 0.407421875 0.6923611111111111 0.009375 0.02361111111111111
1 0.3890625 0.3840277777777778 0.03046875 0.06111111111111111
1 0.399609375 0.4736111111111111 0.01640625 0.034722222222222224
1 0.400390625 0.35208333333333336 0.01328125 0.025
1 0.46171875 0.22569444444444445 0.0484375 0.07916666666666666
1 0.151953125 0.75625 0.02421875 0.04722222222222222
1 0.248828125 0.7833333333333333 0.015625 0.02638888888888889
1 0.18671875 0.6451388888888889 0.0140625 0.02638888888888889
1 0.28203125 0.6173611111111111 0.021875 0.0375
1 0.2015625 0.5236111111111111 0.04453125 0.1125
1 0.269140625 0.5576388888888889 0.01484375 0.018055555555555554
1 0.160546875 0.5243055555555556 0.01953125 0.034722222222222224
1 0.098046875 0.04513888888888889 0.03359375 0.08611111111111111
1 0.500390625 0.2673611111111111 0.0171875 0.04722222222222222
1 0.4328125 0.25069444444444444 0.01640625 0.018055555555555554
1 0.4140625 0.19375 0.021875 0.05694444444444444
1 0.059765625 0.15902777777777777 0.04921875 0.09722222222222222
1 0.128515625 0.2361111111111111 0.025 0.05555555555555555
1 0.15 0.2111111111111111 0.021875 0.029166666666666667
1 0.1515625 0.2652777777777778 0.02265625 0.05277777777777778
1 0.172265625 0.32222222222222224 0.01875 0.027777777777777776
1 0.201953125 0.3451388888888889 0.02734375 0.07361111111111111
1 0.234375 0.38958333333333334 0.02109375 0.043055555555555555
1 0.073828125 0.39861111111111114 0.0296875 0.05
1 0.1078125 0.4361111111111111 0.03203125 0.04861111111111111
1 0.10234375 0.4979166666666667 0.028125 0.058333333333333334
1 0.447265625 0.12430555555555556 0.03125 0.05
1 0.514453125 0.16319444444444445 0.02890625 0.03888888888888889
1 0.5078125 0.12083333333333333 0.03046875 0.04722222222222222
1 0.532421875 0.10902777777777778 0.01875 0.034722222222222224
1 0.55625 0.13055555555555556 0.0203125 0.034722222222222224
1 0.44375 0.013194444444444444 0.034375 0.02638888888888889
1 0.469921875 0.025694444444444443 0.02734375 0.05138888888888889
1 0.52421875 0.03125 0.06875 0.0625
1 0.553125 0.07152777777777777 0.046875 0.04861111111111111
1 0.583203125 0.19652777777777777 0.04609375 0.07916666666666666
1 0.551953125 0.25625 0.06015625 0.14027777777777778
1 0.505859375 0.3388888888888889 0.01328125 0.022222222222222223
1 0.5984375 0.33055555555555555 0.01328125 0.02361111111111111
1 0.611328125 0.2826388888888889 0.01171875 0.016666666666666666
1 0.66171875 0.27569444444444446 0.01875 0.02638888888888889
1 0.692578125 0.30416666666666664 0.01953125 0.041666666666666664
1 0.655859375 0.2 0.015625 0.02638888888888889
1 0.45546875 0.6923611111111111 0.01171875 0.009722222222222222
1 0.744140625 0.9611111111111111 0.01484375 0.022222222222222223
1 0.7796875 0.9618055555555556 0.0375 0.0763888888888889
1 0.76015625 0.89375 0.00703125 0.015277777777777777
1 0.712109375 0.8368055555555556 0.02734375 0.04861111111111111
1 0.759375 0.8506944444444444 0.009375 0.034722222222222224
1 0.771484375 0.8430555555555556 0.0109375 0.022222222222222223
1 0.790234375 0.75 0.0578125 0.10555555555555556
1 0.81328125 0.7986111111111112 0.02265625 0.030555555555555555
1 0.830078125 0.7604166666666666 0.01171875 0.05138888888888889
1 0.78984375 0.8131944444444444 0.01640625 0.02638888888888889
1 0.901171875 0.7305555555555555 0.01796875 0.025
1 0.78359375 0.6743055555555556 0.02734375 0.03611111111111111
1 0.785546875 0.6020833333333333 0.0375 0.07083333333333333
1 0.75390625 0.6701388888888888 0.0125 0.022222222222222223
1 0.935546875 0.5909722222222222 0.05625 0.09722222222222222
1 0.89921875 0.6527777777777778 0.040625 0.05555555555555555
1 0.921484375 0.6944444444444444 0.0109375 0.019444444444444445
1 0.941796875 0.6590277777777778 0.015625 0.0375
1 0.9515625 0.7041666666666667 0.0234375 0.043055555555555555
1 0.959765625 0.9555555555555556 0.01875 0.027777777777777776
1 0.9703125 0.9868055555555556 0.0234375 0.02638888888888889
1 0.978515625 0.9395833333333333 0.0171875 0.041666666666666664
1 0.971484375 0.8277777777777777 0.02109375 0.03888888888888889
1 0.993359375 0.8256944444444444 0.01328125 0.03333333333333333
1 0.959375 0.8472222222222222 0.0171875 0.027777777777777776
1 0.644140625 0.76875 0.01640625 0.020833333333333332
1 0.748046875 0.4652777777777778 0.0234375 0.05138888888888889
1 0.80625 0.49722222222222223 0.015625 0.019444444444444445
1 0.8 0.45902777777777776 0.0171875 0.016666666666666666
1 0.801953125 0.4131944444444444 0.0328125 0.04861111111111111
1 0.8265625 0.43333333333333335 0.01875 0.025