0 0.671875 0.2222222222222222 0.1078125 0.4444444444444444
0 0.113671875 0.9180555555555555 0.14296875 0.15694444444444444
0 0.1546875 0.5465277777777777 0.07265625 0.2861111111111111
1 0.766796875 0.5597222222222222 0.01171875 0.020833333333333332
1 0.727734375 0.5541666666666667 0.0296875 0.03194444444444444
1 0.815234375 0.6215277777777778 0.02265625 0.027777777777777776
1 0.10234375 0.7458333333333333 0.03828125 0.04583333333333333
1 0.0828125 0.059027777777777776 0.02109375 0.027777777777777776
1 0.126171875 0.24097222222222223 0.0140625 0.03333333333333333
1 0.096875 0.2125 0.01328125 0.03333333333333333
1 0.209765625 0.06041666666666667 0.0328125 0.06388888888888888
1 0.670703125 0.27361111111111114 0.04609375 0.19583333333333333
1 0.6078125 0.14027777777777778 0.02421875 0.04583333333333333
1 0.506640625 0.08680555555555555 0.0171875 0.027777777777777776
1 0.15234375 0.30486111111111114 0.021875 0.044444444444444446
1 0.1546875 0.36319444444444443 0.02890625 0.03333333333333333
1 0.109765625 0.325 0.02734375 0.03611111111111111
1 0.213671875 0.28888888888888886 0.0390625 0.07222222222222222
1 0.708203125 0.8875 0.03125 0.0375
1 0.60703125 0.8666666666666667 0.0421875 0.075
1 0.81875 0.9159722222222222 0.01796875 0.02361111111111111
1 0.793359375 0.8791666666666667 0.02734375 0.06388888888888888
1 0.761328125 0.8458333333333333 0.0171875 0.027777777777777776
1 0.78125 0.8013888888888889 0.02734375 0.043055555555555555
1 0.74375 0.8097222222222222 0.015625 0.03611111111111111
1 0.77890625 0.9652777777777778 0.1 0.06944444444444445
1 0.890625 0.95625 0.03359375 0.06944444444444445
1 0.854296875 0.9006944444444445 0.02109375 0.05277777777777778
1 0.88984375 0.8875 0.021875 0.019444444444444445
1 0.894140625 0.7993055555555556 0.06875 0.11666666666666667
1 0.9796875 0.8090277777777778 0.03984375 0.058333333333333334
1 0.95546875 0.7152777777777778 0.03828125 0.04027777777777778
1 0.953515625 0.6333333333333333 0.0140625 0.02361111111111111
1 0.94296875 0.6743055555555556 0.0171875 0.02638888888888889
1 0.91015625 0.63125 0.0328125 0.06944444444444445
1 0.8890625 0.68125 0.0171875 0.04027777777777778
1 0.878125 0.6166666666666667 0.02265625 0.075
1 0.866015625 0.50625 0.025 0.027777777777777776
1 0.750390625 0.4638888888888889 0.02734375 0.05
1 0.704296875 0.42083333333333334 0.04296875 0.075
1 0.987109375 0.65 0.02578125 0.03194444444444444
1 0.971875 0.5402777777777777 0.05625 0.17083333333333334
1 0.848046875 0.4076388888888889 0.03671875 0.04027777777777778
1 0.891796875 0.34375 0.03203125 0.06527777777777778
1 0.74609375 0.15347222222222223 0.025 0.10138888888888889
1 0.791796875 0.011805555555555555 0.01171875 0.019444444444444445
1 0.96640625 0.024305555555555556 0.0203125 0.03333333333333333
1 0.983984375 0.1597222222222222 0.01328125 0.020833333333333332
1 0.921484375 0.21597222222222223 0.11953125 0.10833333333333334
1 0.926953125 0.41041666666666665 0.01875 0.018055555555555554
1 0.1578125 0.71875 0.040625 0.03333333333333333
1 0.99296875 0.3909722222222222 0.0140625 0.03888888888888889
1 0.7 0.16458333333333333 0.01171875 0.0375
1 0.69921875 0.0798611111111111 0.02890625 0.059722222222222225
1 0.704296875 0.7444444444444445 0.0171875 0.04583333333333333
1 0.7828125 0.5993055555555555 0.0140625 0.0125
1 0.799609375 0.5006944444444444 0.0203125 0.03611111111111111
1 0.5484375 0.07916666666666666 0.01484375 0.0375
1 0.147265625 0.022222222222222223 0.03984375 0.044444444444444446
1 0.1375 0.13402777777777777 0.0078125 0.02361111111111111
1 0.17109375 0.14652777777777778 0.03359375 0.044444444444444446
1 0.187890625 0.1875 0.01328125 0.02638888888888889
1 0.25703125 0.6277777777777778 0.015625 0.03333333333333333
1 0.2875 0.7006944444444444 0.02109375 0.02638888888888889
1 0.308203125 0.7763888888888889 0.03828125 0.1
1 0.272265625 0.8236111111111111 0.0359375 0.09027777777777778
1 0.205859375 0.9 0.02265625 0.05138888888888889
1 0.267578125 0.9625 0.05859375 0.075
1 0.219140625 0.7395833333333334 0.06171875 0.10416666666666667
1 0.125390625 0.8222222222222222 0.02578125 0.03888888888888889
1 0.176171875 0.8340277777777778 0.02421875 0.04027777777777778
1 0.036328125 0.7131944444444445 0.015625 0.02638888888888889
1 0.102734375 0.4222222222222222 0.009375 0.019444444444444445
1 0.0625 0.6756944444444445 0.02578125 0.0625
1 0.216796875 0.96875 0.01328125 0.03333333333333333
1 0.947265625 0.96875 0.01328125 0.019444444444444445
1 0.930078125 0.9465277777777777 0.01328125 0.018055555555555554
1 0.241796875 0.4986111111111111 0.090625 0.20833333333333334
1 0.928515625 0.11180555555555556 0.03828125 0.059722222222222225
1 0.898046875 0.05277777777777778 0.01484375 0.0375
1 0.9046875 0.5375 0.02578125 0.02638888888888889
1 0.836328125 0.05763888888888889 0.02265625 0.0375
1 0.78125 0.2652777777777778 0.01328125 0.016666666666666666
1 0.741796875 0.3034722222222222 0.05 0.09166666666666666
1 0.618359375 0.6298611111111111 0.040625 0.04027777777777778
1 0.586328125 0.5756944444444444 0.01484375 0.04583333333333333
1 0.566796875 0.6680555555555555 0.03828125 0.04583333333333333
1 0.541796875 0.4625 0.015625 0.019444444444444445
1 0.525390625 0.43194444444444446 0.025 0.043055555555555555
1 0.521484375 0.3298611111111111 0.0390625 0.05555555555555555
1 0.34609375 0.4652777777777778 0.0203125 0.03611111111111111
0 0.669921875 0.7916666666666666 0.165625 0.41388888888888886
0 0.709765625 0.5479166666666667 0.17578125 0.41805555555555557
0 0.665234375 0.3090277777777778 0.08671875 0.49444444444444446