1 0.29296875 0.340625 0.0203125 0.020833333333333332
1 0.3234375 0.42916666666666664 0.025 0.035416666666666666
1 0.20703125 0.4166666666666667 0.015625 0.03125
1 0.46796875 0.5375 0.034375 0.0375
1 0.42890625 0.484375 0.021875 0.03958333333333333
1 0.48359375 0.5947916666666667 0.0203125 0.025
1 0.55625 0.553125 0.0140625 0.029166666666666667
1 0.646875 0.5552083333333333 0.040625 0.052083333333333336
1 0.53359375 0.42604166666666665 0.0609375 0.05416666666666667
1 0.63046875 0.39375 0.0625 0.05416666666666667
1 0.7 0.42083333333333334 0.034375 0.05416666666666667
1 0.70703125 0.35 0.028125 0.0375
1 0.62265625 0.25729166666666664 0.0265625 0.05416666666666667
1 0.58515625 0.28541666666666665 0.025 0.027083333333333334
1 0.5453125 0.2864583333333333 0.0296875 0.03125
1 0.61328125 0.19791666666666666 0.075 0.07708333333333334
1 0.69375 0.190625 0.0625 0.08958333333333333
1 0.7953125 0.16666666666666666 0.0359375 0.035416666666666666
1 0.82109375 0.06875 0.0484375 0.075
1 0.86796875 0.057291666666666664 0.015625 0.022916666666666665
1 0.8484375 0.26145833333333335 0.0265625 0.05416666666666667
1 0.871875 0.31354166666666666 0.046875 0.03958333333333333
1 0.9125 0.35833333333333334 0.0234375 0.022916666666666665
1 0.75859375 0.3645833333333333 0.0359375 0.035416666666666666
1 0.83671875 0.5125 0.0265625 0.0375
1 0.86640625 0.5177083333333333 0.021875 0.027083333333333334
1 0.93984375 0.64375 0.03125 0.027083333333333334
1 0.9390625 0.7083333333333334 0.04375 0.052083333333333336
1 0.89140625 0.8104166666666667 0.0203125 0.058333333333333334
1 0.96015625 0.9052083333333333 0.0265625 0.03333333333333333
1 0.7046875 0.8802083333333334 0.0125 0.01875
1 0.75546875 0.759375 0.015625 0.020833333333333332
1 0.75546875 0.6958333333333333 0.015625 0.0125
1 0.6359375 0.30833333333333335 0.0234375 0.01875
1 0.54921875 0.016666666666666666 0.01875 0.03333333333333333
1 0.5765625 0.017708333333333333 0.0203125 0.025
1 0.37734375 0.12395833333333334 0.0390625 0.09166666666666666
0 0.43515625 0.9489583333333333 0.05 0.10208333333333333
0 0.4734375 0.22291666666666668 0.153125 0.2625
0 0.4578125 0.75 0.0875 0.25416666666666665
0 0.465625 0.46145833333333336 0.1296875 0.21458333333333332
1 0.2921875 0.08229166666666667 0.040625 0.0375
1 0.25546875 0.040625 0.0390625 0.05
1 0.1578125 0.06458333333333334 0.0359375 0.0375
1 0.04765625 0.04895833333333333 0.015625 0.035416666666666666
1 0.0703125 0.009375 0.0125 0.01875
1 0.19375 0.19583333333333333 0.0515625 0.06458333333333334
1 0.24140625 0.21145833333333333 0.034375 0.025
1 0.26171875 0.26875 0.0296875 0.041666666666666664
1 0.3234375 0.28229166666666666 0.021875 0.03333333333333333
1 0.06875 0.11666666666666667 0.0375 0.0375
1 0.409375 0.9291666666666667 0.01875 0.016666666666666666
1 0.7625 0.6052083333333333 0.021875 0.010416666666666666
1 0.95703125 0.359375 0.01875 0.01875
1 0.9953125 0.38229166666666664 0.009375 0.016666666666666666
1 0.95078125 0.39166666666666666 0.01875 0.022916666666666665
1 0.88671875 0.08333333333333333 0.0140625 0.016666666666666666
1 0.4953125 0.08854166666666667 0.034375 0.025
1 0.4109375 0.05416666666666667 0.0296875 0.027083333333333334
1 0.53359375 0.11145833333333334 0.0140625 0.03333333333333333
1 0.53671875 0.07916666666666666 0.025 0.027083333333333334
1 0.6171875 0.1125 0.0171875 0.025
1 0.31875 0.035416666666666666 0.021875 0.027083333333333334
1 0.14921875 0.009375 0.0234375 0.01875
1 0.02265625 0.5291666666666667 0.04375 0.08125
1 0.05625 0.5541666666666667 0.0171875 0.025
1 0.01171875 0.43020833333333336 0.021875 0.0125
1 0.10546875 0.47291666666666665 0.0375 0.01875
1 0.08515625 0.51875 0.0265625 0.025
1 0.16328125 0.578125 0.05625 0.04791666666666667
1 0.25703125 0.525 0.0375 0.052083333333333336
1 0.33046875 0.5364583333333334 0.0390625 0.03125
1 0.3734375 0.64375 0.028125 0.0375
1 0.50703125 0.6958333333333333 0.0109375 0.014583333333333334
1 0.52734375 0.7239583333333334 0.025 0.020833333333333332
1 0.04140625 0.925 0.0359375 0.05416666666666667
1 0.13984375 0.98125 0.0390625 0.0375
1 0.0546875 0.990625 0.021875 0.01875
1 0.3421875 0.9520833333333333 0.0171875 0.03125
1 0.2546875 0.98125 0.015625 0.029166666666666667
1 0.40625 0.9854166666666667 0.0203125 0.029166666666666667
1 0.490625 0.9354166666666667 0.0234375 0.03333333333333333
1 0.5359375 0.9583333333333334 0.046875 0.05416666666666667
1 0.63046875 0.9833333333333333 0.015625 0.03125
1 0.73046875 0.98125 0.065625 0.0375
1 0.59765625 0.8510416666666667 0.0484375 0.07291666666666667
1 0.6515625 0.8770833333333333 0.0171875 0.029166666666666667
1 0.53125 0.790625 0.015625 0.020833333333333332
1 0.3265625 0.8322916666666667 0.0375 0.03958333333333333
1 0.1953125 0.696875 0.028125 0.03958333333333333
1 0.21484375 0.6708333333333333 0.0234375 0.05416666666666667
1 0.03046875 0.346875 0.0140625 0.035416666666666666
1 0.1015625 0.25 0.0296875 0.035416666666666666
1 0.00625 0.2833333333333333 0.0125 0.027083333333333334
1 0.33203125 0.371875 0.0609375 0.07916666666666666