1 0.58125 0.8197916666666667 0.01875 0.027083333333333334
1 0.35625 0.8927083333333333 0.0265625 0.029166666666666667
1 0.2375 0.8770833333333333 0.0171875 0.025
1 0.23515625 0.8135416666666667 0.0171875 0.022916666666666665
1 0.2421875 0.940625 0.0484375 0.07708333333333334
1 0.33203125 0.965625 0.0375 0.06875
1 0.365625 0.9510416666666667 0.0125 0.022916666666666665
1 0.59921875 0.9447916666666667 0.04375 0.04583333333333333
1 0.58515625 0.98125 0.04375 0.0375
1 0.69609375 0.6447916666666667 0.01875 0.025
1 0.684375 0.8052083333333333 0.0171875 0.022916666666666665
1 0.753125 0.8125 0.0265625 0.03333333333333333
1 0.81796875 0.865625 0.05625 0.05416666666666667
1 0.984375 0.4125 0.015625 0.020833333333333332
1 0.92265625 0.21666666666666667 0.0125 0.020833333333333332
1 0.69296875 0.06770833333333333 0.0671875 0.13541666666666666
1 0.81171875 0.11458333333333333 0.0359375 0.04791666666666667
1 0.58046875 0.66875 0.034375 0.03958333333333333
1 0.4296875 0.6260416666666667 0.01875 0.0125
1 0.43125 0.9052083333333333 0.015625 0.014583333333333334
1 0.72578125 0.44583333333333336 0.0265625 0.03333333333333333
1 0.715625 0.484375 0.01875 0.029166666666666667
1 0.70078125 0.5322916666666667 0.034375 0.0375
1 0.80390625 0.5375 0.0234375 0.035416666666666666
1 0.821875 0.559375 0.0109375 0.014583333333333334
1 0.74921875 0.778125 0.009375 0.010416666666666666
1 0.653125 0.42291666666666666 0.08125 0.07291666666666667
1 0.97734375 0.98125 0.0453125 0.0375
1 0.96953125 0.8197916666666667 0.009375 0.014583333333333334
1 0.96796875 0.3927083333333333 0.015625 0.029166666666666667
0 0.51796875 0.0875 0.2484375 0.17083333333333334
0 0.4734375 0.2833333333333333 0.4515625 0.5583333333333333
0 0.55390625 0.6072916666666667 0.3703125 0.1375
0 0.62109375 0.8979166666666667 0.5515625 0.20416666666666666
1 0.225 0.24583333333333332 0.0171875 0.027083333333333334
1 0.28984375 0.2875 0.040625 0.04583333333333333
1 0.38828125 0.22291666666666668 0.0203125 0.022916666666666665
1 0.44296875 0.2 0.0515625 0.07291666666666667
1 0.515625 0.30104166666666665 0.025 0.022916666666666665
1 0.2375 0.30520833333333336 0.0453125 0.05625
1 0.28359375 0.1125 0.034375 0.03333333333333333
1 0.01640625 0.078125 0.0234375 0.03958333333333333
1 0.26953125 0.008333333333333333 0.01875 0.016666666666666666
1 0.25546875 0.028125 0.0265625 0.03958333333333333
1 0.47109375 0.0625 0.0546875 0.07708333333333334
1 0.4265625 0.13125 0.028125 0.025
1 0.26796875 0.4479166666666667 0.05 0.06666666666666667
1 0.36484375 0.578125 0.0671875 0.05625
1 0.465625 0.7395833333333334 0.0515625 0.0625
1 0.5328125 0.7739583333333333 0.028125 0.035416666666666666