1 0.945703125 0.9270833333333334 0.01171875 0.019444444444444445
0 0.140234375 0.5013888888888889 0.215625 0.225
0 0.7046875 0.18958333333333333 0.13125 0.37916666666666665
0 0.6859375 0.3333333333333333 0.10546875 0.15416666666666667
0 0.71171875 0.5909722222222222 0.16875 0.25
0 0.730078125 0.75 0.215625 0.26666666666666666
1 0.965625 0.8069444444444445 0.06875 0.16805555555555557
1 0.8640625 0.9291666666666667 0.01484375 0.018055555555555554
1 0.875 0.8583333333333333 0.01484375 0.034722222222222224
1 0.823828125 0.8979166666666667 0.01875 0.022222222222222223
1 0.8125 0.8506944444444444 0.0140625 0.025
1 0.96953125 0.9958333333333333 0.01171875 0.008333333333333333
1 0.789453125 0.9826388888888888 0.0203125 0.034722222222222224
1 0.77734375 0.93125 0.0140625 0.027777777777777776
1 0.75625 0.9972222222222222 0.0109375 0.005555555555555556
1 0.73828125 0.8770833333333333 0.01875 0.02361111111111111
1 0.704296875 0.8881944444444444 0.01875 0.025
1 0.66875 0.9 0.01328125 0.018055555555555554
1 0.670703125 0.9756944444444444 0.01953125 0.03194444444444444
1 0.59375 0.9326388888888889 0.01484375 0.018055555555555554
1 0.608984375 0.94375 0.0125 0.022222222222222223
1 0.49296875 0.7791666666666667 0.015625 0.02638888888888889
1 0.531640625 0.7666666666666667 0.01171875 0.02361111111111111
1 0.609375 0.7013888888888888 0.03671875 0.058333333333333334
1 0.245703125 0.68125 0.0234375 0.041666666666666664
1 0.27734375 0.7111111111111111 0.03828125 0.06944444444444445
1 0.341015625 0.6743055555555556 0.021875 0.03194444444444444
1 0.25625 0.7756944444444445 0.01484375 0.04722222222222222
1 0.185546875 0.6930555555555555 0.03359375 0.06527777777777778
1 0.198046875 0.5784722222222223 0.01484375 0.02638888888888889
1 0.3734375 0.8125 0.01640625 0.029166666666666667
1 0.2359375 0.8520833333333333 0.02578125 0.06111111111111111
1 0.261328125 0.85625 0.015625 0.025
1 0.296484375 0.8569444444444444 0.021875 0.06666666666666667
1 0.25703125 0.8986111111111111 0.02578125 0.044444444444444446
1 0.38515625 0.9472222222222222 0.0140625 0.03194444444444444
1 0.147265625 0.9736111111111111 0.028125 0.05277777777777778
1 0.090625 0.7958333333333333 0.0203125 0.02361111111111111
1 0.09609375 0.825 0.00859375 0.025
1 0.058984375 0.7909722222222222 0.0109375 0.020833333333333332
1 0.14375 0.54375 0.01328125 0.016666666666666666
1 0.14375 0.5763888888888888 0.015625 0.030555555555555555
1 0.16484375 0.5673611111111111 0.02890625 0.04722222222222222
1 0.2609375 0.5194444444444445 0.0234375 0.05138888888888889
1 0.28671875 0.4326388888888889 0.0140625 0.022222222222222223
1 0.299609375 0.4756944444444444 0.03828125 0.05555555555555555
1 0.321875 0.5548611111111111 0.009375 0.016666666666666666
1 0.304296875 0.3451388888888889 0.021875 0.05
1 0.21328125 0.36736111111111114 0.03671875 0.09722222222222222
1 0.2296875 0.19166666666666668 0.02734375 0.05416666666666667
1 0.249609375 0.24930555555555556 0.0640625 0.0625
1 0.263671875 0.09930555555555555 0.021875 0.03611111111111111
1 0.303125 0.10555555555555556 0.015625 0.03611111111111111
1 0.21328125 0.05347222222222222 0.01484375 0.022222222222222223
1 0.19921875 0.011111111111111112 0.025 0.022222222222222223
1 0.170703125 0.1388888888888889 0.0109375 0.019444444444444445
1 0.03125 0.2611111111111111 0.03984375 0.059722222222222225
1 0.099609375 0.28402777777777777 0.0265625 0.04583333333333333
1 0.108984375 0.33055555555555555 0.02109375 0.044444444444444446
1 0.11171875 0.43125 0.01796875 0.03194444444444444
1 0.108203125 0.5041666666666667 0.01796875 0.016666666666666666
1 0.80625 0.7993055555555556 0.025 0.07361111111111111
1 0.917578125 0.825 0.034375 0.06527777777777778
1 0.889453125 0.6583333333333333 0.034375 0.06944444444444445
1 0.872265625 0.5402777777777777 0.01640625 0.041666666666666664
1 0.95 0.5715277777777777 0.03046875 0.044444444444444446
1 0.953125 0.46597222222222223 0.02265625 0.03611111111111111
1 0.969140625 0.49444444444444446 0.00859375 0.018055555555555554
1 0.8328125 0.4486111111111111 0.0265625 0.04027777777777778
1 0.88828125 0.3951388888888889 0.0328125 0.04722222222222222
1 0.90703125 0.34375 0.025 0.06805555555555555
1 0.95625 0.36875 0.01484375 0.030555555555555555
1 0.790625 0.39166666666666666 0.025 0.04722222222222222
1 0.72578125 0.3402777777777778 0.01171875 0.03333333333333333
1 0.71328125 0.3784722222222222 0.0125 0.022222222222222223
1 0.810546875 0.30694444444444446 0.0125 0.043055555555555555
1 0.826953125 0.24930555555555556 0.0171875 0.03611111111111111
1 0.799609375 0.2298611111111111 0.0265625 0.04583333333333333
1 0.74375 0.24861111111111112 0.02421875 0.05
1 0.678125 0.2534722222222222 0.02109375 0.059722222222222225
1 0.696875 0.22361111111111112 0.01875 0.034722222222222224
1 0.7390625 0.10555555555555556 0.025 0.05138888888888889
1 0.7875 0.07708333333333334 0.01171875 0.02638888888888889
1 0.814453125 0.1284722222222222 0.01640625 0.03194444444444444
1 0.918359375 0.06666666666666667 0.0234375 0.05
1 0.941796875 0.09930555555555555 0.021875 0.03611111111111111
1 0.69375 0.025 0.0109375 0.020833333333333332
1 0.599609375 0.010416666666666666 0.03125 0.020833333333333332
1 0.6546875 0.01597222222222222 0.0125 0.03194444444444444
1 0.581640625 0.3326388888888889 0.015625 0.02638888888888889
1 0.55390625 0.36180555555555555 0.0125 0.019444444444444445
1 0.6140625 0.30833333333333335 0.0203125 0.029166666666666667
1 0.628515625 0.3138888888888889 0.02109375 0.04722222222222222
1 0.66484375 0.44513888888888886 0.021875 0.0375
1 0.68671875 0.46805555555555556 0.028125 0.043055555555555555
1 0.605078125 0.4361111111111111 0.0109375 0.0125
1 0.68125 0.4027777777777778 0.0296875 0.058333333333333334
1 0.434765625 0.5402777777777777 0.00625 0.008333333333333333
1 0.771484375 0.2875 0.01875 0.020833333333333332