0 0.119140625 0.8847222222222222 0.0859375 0.23055555555555557
1 0.869140625 0.9055555555555556 0.015625 0.03194444444444444
1 0.8828125 0.9666666666666667 0.02421875 0.04027777777777778
1 0.742578125 0.6868055555555556 0.02265625 0.030555555555555555
1 0.986328125 0.9791666666666666 0.02734375 0.03194444444444444
1 0.68984375 0.32222222222222224 0.0140625 0.027777777777777776
1 0.113671875 0.78125 0.0421875 0.09583333333333334
1 0.34609375 0.8361111111111111 0.02578125 0.06388888888888888
1 0.191015625 0.23472222222222222 0.05390625 0.08055555555555556
0 0.665625 0.12222222222222222 0.121875 0.24444444444444444
1 0.716015625 0.40555555555555556 0.02890625 0.03611111111111111
1 0.26015625 0.63125 0.04296875 0.08888888888888889
1 0.931640625 0.28194444444444444 0.0453125 0.1125
0 0.712109375 0.3875 0.334375 0.37083333333333335
1 0.1703125 0.60625 0.0296875 0.044444444444444446
1 0.940234375 0.9833333333333333 0.03359375 0.029166666666666667
1 0.777734375 0.45 0.01875 0.03194444444444444
1 0.967578125 0.1527777777777778 0.03671875 0.09583333333333334
1 0.97890625 0.5291666666666667 0.0421875 0.05277777777777778
1 0.672265625 0.34791666666666665 0.01953125 0.041666666666666664
1 0.046484375 0.0798611111111111 0.02734375 0.058333333333333334
1 0.924609375 0.7638888888888888 0.05859375 0.07916666666666666
1 0.733203125 0.3055555555555556 0.0171875 0.03888888888888889
1 0.817578125 0.7520833333333333 0.03125 0.06805555555555555
1 0.9796875 0.016666666666666666 0.0234375 0.03333333333333333
1 0.783203125 0.5805555555555556 0.03046875 0.058333333333333334
1 0.043359375 0.9708333333333333 0.03359375 0.05694444444444444
1 0.712890625 0.7736111111111111 0.03203125 0.05694444444444444
1 0.1796875 0.9597222222222223 0.0265625 0.041666666666666664
1 0.0578125 0.16041666666666668 0.02265625 0.03333333333333333
1 0.060546875 0.38680555555555557 0.034375 0.05416666666666667
1 0.808203125 0.6486111111111111 0.02578125 0.044444444444444446
1 0.6609375 0.6520833333333333 0.02421875 0.058333333333333334
0 0.63828125 0.7513888888888889 0.1265625 0.49722222222222223
0 0.10078125 0.06041666666666667 0.2015625 0.12083333333333333
1 0.94453125 0.8222222222222222 0.0578125 0.09444444444444444
1 0.23203125 0.2763888888888889 0.0296875 0.09305555555555556
1 0.895703125 0.28125 0.01796875 0.03194444444444444
1 0.847265625 0.28680555555555554 0.0375 0.04861111111111111
1 0.8171875 0.8173611111111111 0.01953125 0.03611111111111111
1 0.67890625 0.25277777777777777 0.01875 0.03333333333333333
1 0.592578125 0.07569444444444444 0.0421875 0.058333333333333334
1 0.74296875 0.63125 0.0390625 0.07361111111111111
1 0.875 0.5041666666666667 0.03984375 0.06111111111111111
1 0.9328125 0.20555555555555555 0.01875 0.03333333333333333
1 0.258203125 0.8861111111111111 0.02734375 0.034722222222222224
1 0.66640625 0.5875 0.03203125 0.058333333333333334
1 0.975 0.6722222222222223 0.03515625 0.044444444444444446
1 0.308203125 0.04722222222222222 0.025 0.04722222222222222
1 0.18828125 0.17083333333333334 0.0265625 0.06111111111111111
1 0.130078125 0.5826388888888889 0.01875 0.03888888888888889
1 0.760546875 0.8680555555555556 0.0328125 0.059722222222222225
1 0.926953125 0.6916666666666667 0.0203125 0.034722222222222224
1 0.427734375 0.7027777777777777 0.01484375 0.03194444444444444
1 0.9890625 0.7270833333333333 0.0171875 0.030555555555555555
1 0.88046875 0.8208333333333333 0.03671875 0.0763888888888889
1 0.916796875 0.04722222222222222 0.03515625 0.07361111111111111
1 0.05 0.31527777777777777 0.02734375 0.043055555555555555
1 0.78359375 0.18680555555555556 0.02421875 0.041666666666666664
1 0.45234375 0.16180555555555556 0.015625 0.029166666666666667
1 0.98984375 0.8090277777777778 0.0203125 0.044444444444444446
1 0.14765625 0.8125 0.02890625 0.043055555555555555
1 0.573828125 0.4909722222222222 0.0203125 0.0625
1 0.27578125 0.13125 0.03125 0.05555555555555555
1 0.98671875 0.2590277777777778 0.0265625 0.07222222222222222
1 0.343359375 0.7486111111111111 0.025 0.058333333333333334
0 0.649609375 0.23680555555555555 0.096875 0.4722222222222222
1 0.224609375 0.05347222222222222 0.03359375 0.04722222222222222
1 0.92265625 0.9381944444444444 0.0125 0.02361111111111111
1 0.76796875 0.91875 0.02109375 0.05694444444444444
1 0.78125 0.525 0.0390625 0.0375
1 0.128515625 0.8576388888888888 0.01875 0.030555555555555555
1 0.110546875 0.47291666666666665 0.0140625 0.030555555555555555
0 0.195703125 0.6986111111111111 0.13359375 0.3277777777777778
1 0.581640625 0.2048611111111111 0.03515625 0.09861111111111111
1 0.1546875 0.22430555555555556 0.01796875 0.041666666666666664
1 0.60859375 0.24375 0.02109375 0.041666666666666664
1 0.0125 0.48125 0.02421875 0.05
0 0.678125 0.9298611111111111 0.23125 0.14027777777777778
1 0.78828125 0.9597222222222223 0.01796875 0.029166666666666667
1 0.850390625 0.33611111111111114 0.021875 0.04722222222222222
1 0.1875 0.8479166666666667 0.03515625 0.0375
1 0.200390625 0.3993055555555556 0.02578125 0.05138888888888889
1 0.805078125 0.2902777777777778 0.0203125 0.044444444444444446
1 0.0796875 0.13541666666666666 0.021875 0.03194444444444444
1 0.831640625 0.4 0.02890625 0.04861111111111111
1 0.9453125 0.03194444444444444 0.02109375 0.034722222222222224
1 0.790625 0.6236111111111111 0.01328125 0.030555555555555555
1 0.866796875 0.7763888888888889 0.01796875 0.04027777777777778
1 0.574609375 0.40555555555555556 0.01796875 0.07777777777777778
1 0.9375 0.58125 0.01875 0.0375
1 0.575390625 0.3159722222222222 0.01640625 0.0375
1 0.605859375 0.3125 0.01796875 0.034722222222222224
1 0.61171875 0.5972222222222222 0.0109375 0.022222222222222223
1 0.582421875 0.2604166666666667 0.01953125 0.029166666666666667
1 0.863671875 0.14375 0.02265625 0.022222222222222223
1 0.81640625 0.21041666666666667 0.015625 0.025
1 0.89140625 0.23055555555555557 0.0171875 0.03333333333333333
1 0.99140625 0.3451388888888889 0.0171875 0.04583333333333333
1 0.946875 0.4236111111111111 0.02109375 0.02361111111111111
1 0.12265625 0.14166666666666666 0.06015625 0.07777777777777778
1 0.709375 0.6805555555555556 0.03671875 0.09583333333333334
1 0.091796875 0.5611111111111111 0.0328125 0.06527777777777778
0 0.09609375 0.2791666666666667 0.1921875 0.3819444444444444
1 0.109375 0.25416666666666665 0.05546875 0.11805555555555555
1 0.96640625 0.34930555555555554 0.02890625 0.075
1 0.1546875 0.9409722222222222 0.01484375 0.025
1 0.108984375 0.9236111111111112 0.015625 0.03333333333333333
1 0.3296875 0.21597222222222223 0.01171875 0.02638888888888889
1 0.22578125 0.6548611111111111 0.02265625 0.04027777777777778
1 0.711328125 0.125 0.0140625 0.03611111111111111
1 0.849609375 0.013194444444444444 0.025 0.025
1 0.05703125 0.5819444444444445 0.0140625 0.029166666666666667
1 0.966015625 0.9284722222222223 0.01640625 0.022222222222222223
1 0.2546875 0.18472222222222223 0.03359375 0.034722222222222224
1 0.422265625 0.23194444444444445 0.01875 0.041666666666666664
1 0.365625 0.3875 0.01328125 0.02361111111111111
1 0.22578125 0.34097222222222223 0.01796875 0.0375
1 0.15625 0.27152777777777776 0.01875 0.034722222222222224
1 0.1421875 0.029166666666666667 0.0140625 0.03333333333333333
1 0.1625 0.08680555555555555 0.0203125 0.03333333333333333
1 0.048828125 0.4666666666666667 0.02421875 0.0375
1 0.185546875 0.44375 0.01796875 0.04583333333333333
1 0.14765625 0.7013888888888888 0.015625 0.03333333333333333
1 0.120703125 0.6798611111111111 0.01640625 0.027777777777777776
1 0.0859375 0.7333333333333333 0.0125 0.025
1 0.273828125 0.9868055555555556 0.00859375 0.018055555555555554
1 0.54296875 0.55 0.01328125 0.041666666666666664
1 0.552734375 0.70625 0.01328125 0.022222222222222223