0 0.46796875 0.5854166666666667 0.278125 0.16458333333333333
1 0.69765625 0.95625 0.021875 0.027083333333333334
1 0.80546875 0.9291666666666667 0.046875 0.06041666666666667
1 0.29609375 0.8114583333333333 0.0234375 0.025
1 0.3078125 0.9770833333333333 0.0234375 0.0375
1 0.384375 0.9291666666666667 0.025 0.0375
1 0.5796875 0.9020833333333333 0.0234375 0.029166666666666667
1 0.646875 0.6791666666666667 0.0234375 0.035416666666666666
1 0.89765625 0.9166666666666666 0.0390625 0.0375
1 0.4078125 0.990625 0.021875 0.01875
1 0.428125 0.44895833333333335 0.015625 0.027083333333333334
1 0.66328125 0.3104166666666667 0.028125 0.03125
1 0.7265625 0.22291666666666668 0.03125 0.01875
1 0.84140625 0.1625 0.0234375 0.03125
1 0.91171875 0.013541666666666667 0.0265625 0.027083333333333334
1 0.38125 0.06041666666666667 0.01875 0.016666666666666666
1 0.49609375 0.15 0.0203125 0.027083333333333334
1 0.4953125 0.20729166666666668 0.0140625 0.016666666666666666
1 0.76171875 0.375 0.025 0.022916666666666665
1 0.53984375 0.37083333333333335 0.0171875 0.0125
1 0.52890625 0.5947916666666667 0.0140625 0.020833333333333332
1 0.93515625 0.41458333333333336 0.0171875 0.029166666666666667
1 0.94453125 0.36041666666666666 0.0125 0.016666666666666666
1 0.69609375 0.057291666666666664 0.034375 0.041666666666666664
0 0.46796875 0.86875 0.10625 0.14166666666666666
1 0.48203125 0.5510416666666667 0.04375 0.04583333333333333
1 0.36015625 0.6604166666666667 0.05 0.06875
1 0.36015625 0.31354166666666666 0.015625 0.03125
1 0.26484375 0.41041666666666665 0.0203125 0.025
1 0.31328125 0.2760416666666667 0.01875 0.027083333333333334
1 0.25546875 0.15104166666666666 0.0203125 0.027083333333333334
1 0.32265625 0.075 0.03125 0.04791666666666667
0 0.47265625 0.09583333333333334 0.1125 0.19166666666666668
0 0.48984375 0.36041666666666666 0.175 0.25416666666666665
1 0.646875 0.9802083333333333 0.025 0.03333333333333333
1 0.48671875 0.50625 0.028125 0.041666666666666664
1 0.62578125 0.5541666666666667 0.0296875 0.0375
1 0.7453125 0.7447916666666666 0.053125 0.075
1 0.6859375 0.596875 0.0203125 0.029166666666666667
1 0.70390625 0.5104166666666666 0.01875 0.020833333333333332
1 0.66953125 0.8322916666666667 0.021875 0.03125