0 0.51015625 0.546875 0.0828125 0.14375
0 0.50859375 0.7125 0.184375 0.36041666666666666
0 0.496875 0.23229166666666667 0.278125 0.2125
1 0.1515625 0.48333333333333334 0.1890625 0.15416666666666667
1 0.1796875 0.5791666666666667 0.028125 0.03958333333333333
1 0.08515625 0.5833333333333334 0.025 0.03958333333333333
1 0.171875 0.721875 0.0296875 0.07708333333333334
1 0.28984375 0.7864583333333334 0.0203125 0.027083333333333334
1 0.2046875 0.8447916666666667 0.040625 0.04791666666666667
1 0.16796875 0.875 0.0109375 0.016666666666666666
1 0.13984375 0.93125 0.021875 0.029166666666666667
1 0.0171875 0.9697916666666667 0.034375 0.04583333333333333
1 0.3375 0.903125 0.028125 0.04375
1 0.39609375 0.94375 0.034375 0.05
1 0.3921875 0.9927083333333333 0.0171875 0.014583333333333334
1 0.56484375 0.9145833333333333 0.0203125 0.035416666666666666
1 0.72265625 0.95625 0.0078125 0.020833333333333332
1 0.7 0.8427083333333333 0.05 0.03333333333333333
1 0.81328125 0.8833333333333333 0.0140625 0.016666666666666666
1 0.93203125 0.9260416666666667 0.03125 0.05625
1 0.95859375 0.909375 0.021875 0.052083333333333336
1 0.78828125 0.7489583333333333 0.015625 0.0375
1 0.65859375 0.7614583333333333 0.0203125 0.03333333333333333
1 0.65234375 0.6927083333333334 0.0359375 0.052083333333333336
1 0.52421875 0.5916666666666667 0.0109375 0.016666666666666666
1 0.659375 0.534375 0.0296875 0.035416666666666666
1 0.6921875 0.5833333333333334 0.01875 0.01875
1 0.66953125 0.44479166666666664 0.065625 0.04375
1 0.546875 0.49270833333333336 0.0203125 0.022916666666666665
1 0.54609375 0.44479166666666664 0.0328125 0.041666666666666664
1 0.365625 0.46770833333333334 0.040625 0.04583333333333333
1 0.43125 0.39166666666666666 0.015625 0.01875
1 0.39453125 0.340625 0.0140625 0.022916666666666665
1 0.30703125 0.32395833333333335 0.015625 0.020833333333333332
1 0.39921875 0.26666666666666666 0.0265625 0.029166666666666667
1 0.4953125 0.296875 0.025 0.03125
1 0.53046875 0.265625 0.0375 0.03958333333333333
1 0.559375 0.28854166666666664 0.0203125 0.025
1 0.56875 0.24166666666666667 0.015625 0.022916666666666665
1 0.59609375 0.315625 0.0265625 0.03333333333333333
1 0.759375 0.21770833333333334 0.0234375 0.03125
1 0.928125 0.171875 0.025 0.035416666666666666
1 0.4375 0.058333333333333334 0.028125 0.020833333333333332
1 0.4625 0.08541666666666667 0.0265625 0.027083333333333334
1 0.3953125 0.008333333333333333 0.021875 0.016666666666666666
1 0.453125 0.017708333333333333 0.034375 0.035416666666666666
1 0.08828125 0.08125 0.0265625 0.027083333333333334
1 0.028125 0.284375 0.009375 0.035416666666666666
1 0.04453125 0.23958333333333334 0.0140625 0.020833333333333332
1 0.26015625 0.6239583333333333 0.0109375 0.01875
1 0.325 0.615625 0.01875 0.0375
1 0.43046875 0.6333333333333333 0.028125 0.03958333333333333
1 0.31875 0.7052083333333333 0.0125 0.020833333333333332
1 0.815625 0.503125 0.03125 0.035416666666666666
1 0.89375 0.5 0.040625 0.04375
1 0.9140625 0.5333333333333333 0.0265625 0.03333333333333333
1 0.98828125 0.478125 0.021875 0.029166666666666667
1 0.49609375 0.1625 0.0234375 0.027083333333333334
1 0.36171875 0.19375 0.0125 0.01875