1 0.459375 0.21770833333333334 0.0390625 0.03125
1 0.61953125 0.9760416666666667 0.034375 0.04791666666666667
1 0.47734375 0.7385416666666667 0.0234375 0.04375
1 0.27421875 0.44479166666666664 0.0265625 0.027083333333333334
1 0.97421875 0.2833333333333333 0.034375 0.0375
1 0.9796875 0.7177083333333333 0.040625 0.03333333333333333
1 0.81171875 0.890625 0.0265625 0.025
0 0.4859375 0.9760416666666667 0.1546875 0.04791666666666667
0 0.5125 0.47604166666666664 0.140625 0.16458333333333333
1 0.17109375 0.8291666666666667 0.0234375 0.03333333333333333
1 0.30703125 0.5177083333333333 0.015625 0.029166666666666667
1 0.12265625 0.38125 0.0203125 0.020833333333333332
1 0.01171875 0.6375 0.0234375 0.041666666666666664
1 0.45390625 0.6708333333333333 0.025 0.035416666666666666
1 0.37578125 0.31875 0.0234375 0.029166666666666667
1 0.68984375 0.540625 0.025 0.027083333333333334
0 0.5171875 0.7520833333333333 0.1234375 0.32708333333333334
1 0.675 0.38645833333333335 0.0375 0.03333333333333333
1 0.840625 0.07708333333333334 0.0203125 0.025
1 0.16171875 0.21875 0.0296875 0.022916666666666665
1 0.36015625 0.5916666666666667 0.025 0.029166666666666667
1 0.36015625 0.5354166666666667 0.021875 0.022916666666666665
1 0.28203125 0.771875 0.0390625 0.03958333333333333
1 0.47734375 0.9541666666666667 0.0203125 0.020833333333333332
1 0.61328125 0.8083333333333333 0.0265625 0.03125
1 0.60625 0.690625 0.0171875 0.025
1 0.7671875 0.3229166666666667 0.015625 0.022916666666666665
1 0.9875 0.4947916666666667 0.021875 0.020833333333333332
1 0.2609375 0.11145833333333334 0.0171875 0.020833333333333332
1 0.31171875 0.365625 0.0203125 0.016666666666666666
1 0.66953125 0.99375 0.01875 0.0125
1 0.3046875 0.9895833333333334 0.0234375 0.020833333333333332
1 0.3078125 0.11458333333333333 0.0359375 0.052083333333333336
1 0.58828125 0.9052083333333333 0.0296875 0.0375
1 0.13515625 0.45 0.025 0.03958333333333333
1 0.41953125 0.6677083333333333 0.025 0.029166666666666667
0 0.5609375 0.23958333333333334 0.2921875 0.12083333333333333
0 0.565625 0.04583333333333333 0.1140625 0.09166666666666666