1 0.66171875 0.6416666666666667 0.0234375 0.022916666666666665
1 0.2046875 0.9239583333333333 0.0390625 0.058333333333333334
1 0.4703125 0.915625 0.0359375 0.0625
0 0.4703125 0.8520833333333333 0.1375 0.2875
0 0.39765625 0.49895833333333334 0.203125 0.22083333333333333
0 0.478125 0.25104166666666666 0.0890625 0.34375
0 0.47265625 0.11041666666666666 0.13125 0.22083333333333333
1 0.4328125 0.6114583333333333 0.0234375 0.022916666666666665
1 0.5890625 0.8416666666666667 0.01875 0.022916666666666665
1 0.328125 0.04583333333333333 0.0140625 0.020833333333333332
1 0.23984375 0.09375 0.025 0.022916666666666665
1 0.47421875 0.020833333333333332 0.028125 0.022916666666666665
1 0.2453125 0.20729166666666668 0.0171875 0.020833333333333332
1 0.45 0.41875 0.034375 0.03125
1 0.41640625 0.3125 0.025 0.0375
1 0.36328125 0.340625 0.028125 0.027083333333333334
1 0.3546875 0.15729166666666666 0.021875 0.022916666666666665
1 0.33984375 0.10104166666666667 0.0203125 0.03125
1 0.28828125 0.24791666666666667 0.0234375 0.027083333333333334
1 0.29140625 0.19583333333333333 0.0265625 0.027083333333333334
1 0.26328125 0.146875 0.021875 0.03333333333333333
1 0.696875 0.011458333333333333 0.01875 0.020833333333333332
1 0.66328125 0.06666666666666667 0.0328125 0.052083333333333336
1 0.625 0.0375 0.0296875 0.041666666666666664
1 0.5859375 0.041666666666666664 0.0265625 0.03125
1 0.6265625 0.190625 0.0234375 0.025
1 0.5859375 0.19166666666666668 0.015625 0.020833333333333332
1 0.6109375 0.13958333333333334 0.0265625 0.058333333333333334
1 0.93203125 0.32083333333333336 0.021875 0.041666666666666664
1 0.78046875 0.5729166666666666 0.0359375 0.03125
1 0.74921875 0.31145833333333334 0.0640625 0.04791666666666667
1 0.73125 0.36354166666666665 0.040625 0.03958333333333333
1 0.59765625 0.46041666666666664 0.0234375 0.04375
1 0.6328125 0.4125 0.0265625 0.04375
1 0.6609375 0.7083333333333334 0.0296875 0.04375
1 0.3484375 0.871875 0.025 0.03333333333333333
1 0.5640625 0.7760416666666666 0.0203125 0.022916666666666665
1 0.71171875 0.78125 0.01875 0.027083333333333334
1 0.6484375 0.8427083333333333 0.025 0.027083333333333334
1 0.68828125 0.59375 0.0234375 0.03125
1 0.89375 0.6510416666666666 0.0265625 0.035416666666666666
1 0.78828125 0.628125 0.03125 0.05625
1 0.7703125 0.7822916666666667 0.025 0.035416666666666666
1 0.765625 0.8822916666666667 0.0265625 0.041666666666666664
1 0.33828125 0.6166666666666667 0.028125 0.05
1 0.53203125 0.5791666666666667 0.021875 0.03333333333333333
1 0.5046875 0.484375 0.0296875 0.0375
1 0.6890625 0.26979166666666665 0.0234375 0.016666666666666666