0 0.698046875 0.46041666666666664 0.1984375 0.2375
0 0.662109375 0.2534722222222222 0.04921875 0.5069444444444444
0 0.669921875 0.024305555555555556 0.0546875 0.04861111111111111
1 0.488671875 0.004861111111111111 0.01484375 0.009722222222222222
1 0.44765625 0.06319444444444444 0.01015625 0.016666666666666666
1 0.440625 0.016666666666666666 0.02265625 0.03333333333333333
1 0.41640625 0.07291666666666667 0.0203125 0.05416666666666667
1 0.5171875 0.05416666666666667 0.059375 0.08055555555555556
1 0.5578125 0.08958333333333333 0.02734375 0.07083333333333333
1 0.937109375 0.07777777777777778 0.015625 0.02638888888888889
1 0.875 0.007638888888888889 0.01484375 0.015277777777777777
1 0.851953125 0.007638888888888889 0.0171875 0.015277777777777777
1 0.78359375 0.10277777777777777 0.00859375 0.019444444444444445
1 0.809765625 0.46111111111111114 0.00625 0.013888888888888888
1 0.992578125 0.5270833333333333 0.01484375 0.03333333333333333
1 0.8921875 0.5375 0.01484375 0.029166666666666667
1 0.929296875 0.46458333333333335 0.0359375 0.075
1 0.974609375 0.33194444444444443 0.0171875 0.029166666666666667
1 0.991015625 0.26458333333333334 0.01796875 0.029166666666666667
1 0.944140625 0.23333333333333334 0.0375 0.06944444444444445
1 0.68046875 0.11597222222222223 0.01171875 0.019444444444444445
1 0.737890625 0.050694444444444445 0.01796875 0.04027777777777778
1 0.81171875 0.19236111111111112 0.04375 0.0625
1 0.812890625 0.27361111111111114 0.025 0.04027777777777778
1 0.76640625 0.28194444444444444 0.03046875 0.08333333333333333
1 0.733203125 0.27152777777777776 0.02109375 0.0375
1 0.715234375 0.27152777777777776 0.0109375 0.0375
1 0.708984375 0.3125 0.02890625 0.04861111111111111
1 0.703515625 0.41180555555555554 0.01328125 0.020833333333333332
1 0.74453125 0.5763888888888888 0.01484375 0.019444444444444445
1 0.749609375 0.6180555555555556 0.021875 0.044444444444444446
1 0.676171875 0.7680555555555556 0.0125 0.02361111111111111
1 0.707421875 0.7104166666666667 0.03671875 0.08472222222222223
1 0.763671875 0.7076388888888889 0.0328125 0.041666666666666664
1 0.796484375 0.6680555555555555 0.021875 0.03333333333333333
1 0.88046875 0.5805555555555556 0.0171875 0.03333333333333333
1 0.907421875 0.6368055555555555 0.01640625 0.02638888888888889
1 0.877734375 0.6173611111111111 0.03125 0.03333333333333333
1 0.874609375 0.6548611111111111 0.02734375 0.027777777777777776
1 0.92578125 0.85 0.0234375 0.0375
1 0.83984375 0.7666666666666667 0.01015625 0.016666666666666666
1 0.86484375 0.7805555555555556 0.02890625 0.06111111111111111
1 0.82109375 0.8395833333333333 0.02109375 0.058333333333333334
1 0.84609375 0.8993055555555556 0.00859375 0.0125
1 0.80859375 0.9020833333333333 0.021875 0.03888888888888889
1 0.889453125 0.9847222222222223 0.034375 0.030555555555555555
1 0.0921875 0.013194444444444444 0.01328125 0.02638888888888889
1 0.075 0.022222222222222223 0.0171875 0.044444444444444446
1 0.1875 0.041666666666666664 0.01640625 0.019444444444444445
1 0.187109375 0.009722222222222222 0.01875 0.019444444444444445
1 0.3296875 0.21388888888888888 0.01015625 0.022222222222222223
1 0.23125 0.12083333333333333 0.01796875 0.027777777777777776
1 0.206640625 0.17222222222222222 0.04921875 0.0763888888888889
1 0.567578125 0.007638888888888889 0.02265625 0.015277777777777777
1 0.115234375 0.20208333333333334 0.009375 0.011111111111111112
1 0.09609375 0.18333333333333332 0.021875 0.04027777777777778
1 0.0875 0.29791666666666666 0.01796875 0.025
1 0.13828125 0.3145833333333333 0.01796875 0.03194444444444444
1 0.178515625 0.4423611111111111 0.02109375 0.030555555555555555
1 0.09140625 0.45208333333333334 0.01875 0.03333333333333333
1 0.14375 0.5625 0.0078125 0.015277777777777777
1 0.073046875 0.5631944444444444 0.025 0.041666666666666664
1 0.1984375 0.7097222222222223 0.01875 0.030555555555555555
1 0.194140625 0.7881944444444444 0.01484375 0.02638888888888889
1 0.184375 0.83125 0.02109375 0.030555555555555555
1 0.1421875 0.8465277777777778 0.0125 0.02638888888888889
1 0.1375 0.9854166666666667 0.0203125 0.020833333333333332
1 0.443359375 0.9916666666666667 0.0140625 0.016666666666666666
1 0.48515625 0.9798611111111111 0.03671875 0.04027777777777778
1 0.565234375 0.9493055555555555 0.0171875 0.0375
1 0.5359375 0.8875 0.01796875 0.04861111111111111
1 0.405078125 0.8166666666666667 0.0171875 0.04027777777777778
1 0.521484375 0.5840277777777778 0.0078125 0.015277777777777777
1 0.55546875 0.5847222222222223 0.0140625 0.029166666666666667
1 0.54609375 0.5465277777777777 0.01171875 0.019444444444444445
1 0.605078125 0.59375 0.01640625 0.03194444444444444
1 0.583203125 0.5791666666666667 0.021875 0.05277777777777778
1 0.565625 0.6472222222222223 0.04140625 0.09861111111111111
1 0.5078125 0.6451388888888889 0.01953125 0.04722222222222222
1 0.53125 0.6486111111111111 0.02578125 0.058333333333333334
1 0.576171875 0.7916666666666666 0.02578125 0.06527777777777778
1 0.551171875 0.7784722222222222 0.02421875 0.06388888888888888
1 0.5140625 0.7256944444444444 0.0453125 0.08194444444444444
1 0.47890625 0.7722222222222223 0.01796875 0.025
1 0.459765625 0.7506944444444444 0.021875 0.0625
1 0.446875 0.6451388888888889 0.021875 0.027777777777777776
1 0.434765625 0.5291666666666667 0.01796875 0.03611111111111111
1 0.43125 0.4527777777777778 0.01484375 0.03194444444444444
1 0.458203125 0.4388888888888889 0.0203125 0.0375
1 0.531640625 0.4284722222222222 0.00859375 0.013888888888888888
1 0.58203125 0.38125 0.0375 0.05416666666666667
1 0.482421875 0.3076388888888889 0.02890625 0.03194444444444444
1 0.446484375 0.35625 0.02734375 0.08194444444444444
1 0.525 0.3715277777777778 0.0515625 0.10277777777777777
1 0.517578125 0.30277777777777776 0.01484375 0.02361111111111111
1 0.519921875 0.26458333333333334 0.0171875 0.04861111111111111
1 0.452734375 0.20902777777777778 0.021875 0.05555555555555555
1 0.428125 0.17083333333333334 0.03828125 0.08194444444444444
1 0.608984375 0.24722222222222223 0.01640625 0.043055555555555555
1 0.5828125 0.25833333333333336 0.0359375 0.1111111111111111
1 0.538671875 0.22152777777777777 0.03359375 0.12083333333333333
1 0.5078125 0.14791666666666667 0.0125 0.016666666666666666
1 0.62421875 0.10902777777777778 0.03125 0.07916666666666666
1 0.5875 0.11319444444444444 0.04296875 0.1
0 0.10546875 0.9430555555555555 0.08828125 0.11388888888888889
1 0.09765625 0.8145833333333333 0.01328125 0.03194444444444444
0 0.085546875 0.85 0.17109375 0.3
0 0.0890625 0.5083333333333333 0.1328125 0.2569444444444444
0 0.112890625 0.19375 0.22578125 0.21666666666666667
0 0.079296875 0.07222222222222222 0.15859375 0.14444444444444443
0 0.644140625 0.9152777777777777 0.2015625 0.16944444444444445
0 0.687890625 0.6548611111111111 0.15703125 0.16527777777777777