1 0.25859375 0.9833333333333333 0.0359375 0.03333333333333333
1 0.2734375 0.8229166666666666 0.021875 0.01875
1 0.090625 0.8822916666666667 0.015625 0.035416666666666666
1 0.35390625 0.5145833333333333 0.0140625 0.022916666666666665
1 0.28203125 0.5802083333333333 0.0171875 0.029166666666666667
1 0.4078125 0.75625 0.0390625 0.027083333333333334
1 0.2328125 0.14895833333333333 0.01875 0.022916666666666665
1 0.34453125 0.059375 0.0171875 0.020833333333333332
1 0.54375 0.5604166666666667 0.0265625 0.027083333333333334
1 0.5140625 0.384375 0.021875 0.020833333333333332
1 0.75234375 0.15104166666666666 0.0453125 0.0375
1 0.71875 0.15625 0.0171875 0.020833333333333332
1 0.65234375 0.184375 0.0359375 0.03958333333333333
1 0.66328125 0.25833333333333336 0.03125 0.03958333333333333
1 0.74296875 0.375 0.0390625 0.04583333333333333
1 0.66640625 0.43125 0.028125 0.06666666666666667
1 0.29296875 0.24375 0.021875 0.025
1 0.59921875 0.696875 0.0296875 0.03125
0 0.4421875 0.9125 0.24375 0.13125
0 0.465625 0.33125 0.1296875 0.3541666666666667
1 0.6453125 0.7197916666666667 0.015625 0.027083333333333334
0 0.4796875 0.2 0.2234375 0.3333333333333333
0 0.45234375 0.6333333333333333 0.2359375 0.21458333333333332
1 0.5671875 0.49375 0.0171875 0.020833333333333332
1 0.059375 0.115625 0.0125 0.029166666666666667