1 0.75625 0.20902777777777778 0.0171875 0.027777777777777776
1 0.698046875 0.22916666666666666 0.0265625 0.04861111111111111
1 0.6171875 0.5361111111111111 0.01328125 0.02638888888888889
1 0.098046875 0.9638888888888889 0.0125 0.019444444444444445
1 0.15859375 0.9055555555555556 0.0125 0.03194444444444444
1 0.21796875 0.9159722222222222 0.01328125 0.02638888888888889
1 0.186328125 0.9840277777777777 0.01796875 0.03194444444444444
1 0.1578125 0.98125 0.0109375 0.011111111111111112
1 0.09296875 0.8972222222222223 0.01953125 0.03611111111111111
1 0.06328125 0.8777777777777778 0.01015625 0.020833333333333332
1 0.071484375 0.7604166666666666 0.00703125 0.015277777777777777
1 0.037109375 0.8138888888888889 0.01171875 0.02638888888888889
1 0.046875 0.80625 0.009375 0.018055555555555554
1 0.092578125 0.8576388888888888 0.00703125 0.011111111111111112
1 0.126171875 0.7138888888888889 0.01171875 0.018055555555555554
1 0.251953125 0.7604166666666666 0.0265625 0.044444444444444446
1 0.2171875 0.76875 0.04765625 0.10694444444444444
1 0.266015625 0.6708333333333333 0.0203125 0.04722222222222222
1 0.18671875 0.5277777777777778 0.02109375 0.034722222222222224
1 0.242578125 0.5694444444444444 0.03515625 0.04583333333333333
1 0.2234375 0.5305555555555556 0.01328125 0.03194444444444444
1 0.178125 0.6944444444444444 0.02421875 0.03611111111111111
1 0.169921875 0.5875 0.0234375 0.044444444444444446
1 0.1765625 0.6326388888888889 0.015625 0.029166666666666667
1 0.15234375 0.65625 0.028125 0.09722222222222222
1 0.05390625 0.6076388888888888 0.02421875 0.03611111111111111
1 0.023828125 0.5548611111111111 0.0109375 0.019444444444444445
1 0.034375 0.5729166666666666 0.0171875 0.025
1 0.06796875 0.4965277777777778 0.01015625 0.015277777777777777
1 0.150390625 0.4340277777777778 0.01953125 0.04861111111111111
1 0.2359375 0.40069444444444446 0.0203125 0.044444444444444446
1 0.237890625 0.4638888888888889 0.0453125 0.0763888888888889
1 0.24609375 0.3486111111111111 0.01328125 0.02638888888888889
1 0.269140625 0.18819444444444444 0.0125 0.025
1 0.25078125 0.21041666666666667 0.015625 0.030555555555555555
1 0.184375 0.2833333333333333 0.01875 0.04027777777777778
1 0.165625 0.21944444444444444 0.0328125 0.05138888888888889
1 0.073828125 0.2659722222222222 0.0125 0.025
1 0.037109375 0.22847222222222222 0.0171875 0.030555555555555555
1 0.06796875 0.2152777777777778 0.015625 0.025
1 0.0375 0.16527777777777777 0.01796875 0.016666666666666666
1 0.17109375 0.19166666666666668 0.01953125 0.029166666666666667
1 0.18515625 0.14305555555555555 0.01328125 0.02361111111111111
1 0.204296875 0.13472222222222222 0.01328125 0.027777777777777776
1 0.226171875 0.08819444444444445 0.02109375 0.0375
1 0.24453125 0.04513888888888889 0.01953125 0.044444444444444446
1 0.22421875 0.03819444444444445 0.028125 0.06805555555555555
1 0.21171875 0.08611111111111111 0.01328125 0.029166666666666667
1 0.17421875 0.04861111111111111 0.02109375 0.04027777777777778
1 0.167578125 0.014583333333333334 0.0390625 0.029166666666666667
1 0.0296875 0.034722222222222224 0.01484375 0.022222222222222223
1 0.11171875 0.027083333333333334 0.01484375 0.03333333333333333
1 0.416015625 0.03333333333333333 0.01640625 0.03194444444444444
1 0.44453125 0.12291666666666666 0.01484375 0.03333333333333333
1 0.55390625 0.06805555555555555 0.08828125 0.13194444444444445
1 0.569921875 0.08888888888888889 0.02265625 0.05
1 0.601953125 0.08611111111111111 0.01328125 0.025
1 0.625390625 0.04722222222222222 0.01484375 0.04861111111111111
1 0.745703125 0.06666666666666667 0.0375 0.075
1 0.697265625 0.004861111111111111 0.015625 0.009722222222222222
1 0.66953125 0.025694444444444443 0.01328125 0.025
1 0.806640625 0.041666666666666664 0.0578125 0.08194444444444444
1 0.937890625 0.0375 0.04609375 0.075
1 0.96875 0.02361111111111111 0.02734375 0.04583333333333333
1 0.99296875 0.04861111111111111 0.01328125 0.04722222222222222
1 0.887890625 0.12152777777777778 0.0109375 0.022222222222222223
1 0.903515625 0.17222222222222222 0.01875 0.03194444444444444
1 0.983203125 0.14305555555555555 0.02265625 0.0875
1 0.93046875 0.16805555555555557 0.01875 0.030555555555555555
1 0.964453125 0.2611111111111111 0.0140625 0.030555555555555555
1 0.923046875 0.2881944444444444 0.0171875 0.0375
1 0.994140625 0.28680555555555554 0.01171875 0.029166666666666667
1 0.8265625 0.3527777777777778 0.03125 0.05555555555555555
1 0.8515625 0.47847222222222224 0.0171875 0.030555555555555555
1 0.792578125 0.46875 0.03046875 0.05416666666666667
1 0.766015625 0.3909722222222222 0.01640625 0.0375
1 0.748828125 0.4513888888888889 0.03984375 0.058333333333333334
1 0.74453125 0.525 0.01953125 0.05138888888888889
1 0.716796875 0.47708333333333336 0.0203125 0.05138888888888889
1 0.678125 0.5270833333333333 0.034375 0.06527777777777778
1 0.644140625 0.5076388888888889 0.0171875 0.020833333333333332
1 0.670703125 0.4736111111111111 0.01953125 0.04583333333333333
1 0.82890625 0.6368055555555555 0.0140625 0.027777777777777776
1 0.8671875 0.5756944444444444 0.0234375 0.03611111111111111
1 0.88515625 0.5298611111111111 0.03203125 0.05555555555555555
1 0.921484375 0.4826388888888889 0.01640625 0.03611111111111111
1 0.95078125 0.4756944444444444 0.02265625 0.059722222222222225
1 0.9875 0.4486111111111111 0.025 0.07777777777777778
1 0.942578125 0.6576388888888889 0.03125 0.044444444444444446
1 0.90546875 0.6736111111111112 0.02265625 0.04722222222222222
1 0.941796875 0.5861111111111111 0.0359375 0.06805555555555555
1 0.91640625 0.8479166666666667 0.03828125 0.07777777777777778
1 0.97578125 0.86875 0.0484375 0.12916666666666668
1 0.944140625 0.9576388888888889 0.01640625 0.022222222222222223
1 0.834765625 0.8020833333333334 0.0140625 0.02638888888888889
1 0.832421875 0.8902777777777777 0.01640625 0.02638888888888889
1 0.8609375 0.9208333333333333 0.01796875 0.034722222222222224
1 0.8578125 0.9638888888888889 0.01953125 0.034722222222222224
1 0.781640625 0.8965277777777778 0.01953125 0.025
1 0.74296875 0.8930555555555556 0.03515625 0.07222222222222222
1 0.704296875 0.9229166666666667 0.01796875 0.0375
1 0.722265625 0.9173611111111111 0.0171875 0.041666666666666664
1 0.659375 0.8555555555555555 0.01328125 0.03194444444444444
1 0.6421875 0.8090277777777778 0.0125 0.02361111111111111
1 0.615234375 0.7763888888888889 0.01953125 0.03194444444444444
1 0.780859375 0.7819444444444444 0.02109375 0.04861111111111111
1 0.693359375 0.7111111111111111 0.01640625 0.02361111111111111
1 0.7546875 0.6618055555555555 0.01328125 0.025
1 0.72890625 0.6381944444444444 0.01953125 0.03611111111111111
1 0.5828125 0.6590277777777778 0.0296875 0.043055555555555555
1 0.913671875 0.37916666666666665 0.02734375 0.04861111111111111
1 0.922265625 0.3423611111111111 0.01796875 0.0375
1 0.73046875 0.15486111111111112 0.01640625 0.05277777777777778
1 0.637890625 0.29444444444444445 0.0140625 0.03194444444444444
1 0.68203125 0.3715277777777778 0.021875 0.08333333333333333
1 0.586328125 0.33402777777777776 0.01484375 0.027777777777777776
1 0.5875 0.22777777777777777 0.01875 0.03194444444444444
1 0.61171875 0.25972222222222224 0.01328125 0.04583333333333333
1 0.550390625 0.9159722222222222 0.0140625 0.034722222222222224
1 0.4734375 0.8444444444444444 0.01640625 0.02638888888888889
1 0.440625 0.6881944444444444 0.01875 0.043055555555555555
1 0.404296875 0.8034722222222223 0.01953125 0.03194444444444444
1 0.451171875 0.9055555555555556 0.0265625 0.043055555555555555
1 0.502734375 0.9923611111111111 0.00859375 0.015277777777777777
1 0.40078125 0.9909722222222223 0.0140625 0.018055555555555554
1 0.42578125 0.8270833333333333 0.01875 0.029166666666666667
1 0.496875 0.6395833333333333 0.00859375 0.0125
1 0.525390625 0.6784722222222223 0.0125 0.016666666666666666
1 0.42265625 0.4625 0.0140625 0.022222222222222223
1 0.442578125 0.4479166666666667 0.0109375 0.02361111111111111
1 0.433203125 0.26875 0.01875 0.027777777777777776
1 0.453515625 0.2375 0.009375 0.016666666666666666
1 0.4515625 0.21388888888888888 0.0078125 0.013888888888888888
1 0.558984375 0.15902777777777777 0.0171875 0.030555555555555555
1 0.651171875 0.10416666666666667 0.0140625 0.016666666666666666
1 0.99453125 0.5715277777777777 0.0109375 0.019444444444444445
1 0.72890625 0.7444444444444445 0.02890625 0.06527777777777778
0 0.103515625 0.13125 0.20390625 0.125
0 0.134375 0.0375 0.04765625 0.075
0 0.10390625 0.32430555555555557 0.2078125 0.11944444444444445
0 0.137890625 0.7729166666666667 0.03203125 0.075
0 0.113671875 0.9541666666666667 0.12734375 0.09166666666666666
0 0.606640625 0.9277777777777778 0.11015625 0.14444444444444443
0 0.649609375 0.6222222222222222 0.23359375 0.2652777777777778
0 0.640234375 0.16597222222222222 0.19765625 0.325
1 0.841796875 0.1798611111111111 0.05703125 0.1486111111111111
0 0.649609375 0.32708333333333334 0.1328125 0.4888888888888889
1 0.758984375 0.2791666666666667 0.06796875 0.10694444444444444
1 0.715234375 0.23055555555555557 0.0140625 0.04583333333333333