1 0.465234375 0.8722222222222222 0.02265625 0.03611111111111111
1 0.4609375 0.8229166666666666 0.01484375 0.019444444444444445
1 0.48671875 0.8069444444444445 0.01640625 0.022222222222222223
1 0.582421875 0.7798611111111111 0.02890625 0.030555555555555555
1 0.427734375 0.017361111111111112 0.03125 0.034722222222222224
1 0.424609375 0.05763888888888889 0.01953125 0.04583333333333333
1 0.467578125 0.3298611111111111 0.03515625 0.04722222222222222
1 0.506640625 0.35833333333333334 0.0171875 0.029166666666666667
1 0.46953125 0.27291666666666664 0.01640625 0.034722222222222224
1 0.392578125 0.26944444444444443 0.01796875 0.029166666666666667
1 0.38828125 0.1951388888888889 0.0171875 0.030555555555555555
1 0.44140625 0.13055555555555556 0.025 0.04027777777777778
1 0.471875 0.16111111111111112 0.021875 0.06527777777777778
1 0.50546875 0.18958333333333333 0.028125 0.08611111111111111
1 0.539453125 0.22083333333333333 0.01875 0.04583333333333333
1 0.23046875 0.85625 0.0453125 0.07222222222222222
1 0.098046875 0.9625 0.02265625 0.0375
1 0.05625 0.9652777777777778 0.01484375 0.022222222222222223
1 0.460546875 0.05 0.04140625 0.05277777777777778
1 0.856640625 0.011111111111111112 0.0140625 0.022222222222222223
1 0.196875 0.31180555555555556 0.02421875 0.04722222222222222
1 0.878125 0.010416666666666666 0.01015625 0.020833333333333332
1 0.487109375 0.020833333333333332 0.0265625 0.041666666666666664
1 0.14140625 0.18541666666666667 0.01640625 0.019444444444444445
1 0.160546875 0.38472222222222224 0.01875 0.025
1 0.109375 0.3159722222222222 0.0203125 0.03611111111111111
0 0.670703125 0.16319444444444445 0.16171875 0.3263888888888889
0 0.671484375 0.2520833333333333 0.14921875 0.32916666666666666
0 0.662890625 0.6381944444444444 0.246875 0.23333333333333334
0 0.678125 0.7638888888888888 0.159375 0.29305555555555557
1 0.794921875 0.9951388888888889 0.0109375 0.009722222222222222
0 0.66796875 0.9555555555555556 0.13359375 0.08888888888888889
1 0.409765625 0.9909722222222223 0.00859375 0.018055555555555554
0 0.086328125 0.9395833333333333 0.17265625 0.12083333333333333
0 0.10078125 0.7763888888888889 0.1203125 0.31666666666666665
0 0.10390625 0.5881944444444445 0.15078125 0.45416666666666666
0 0.05625 0.1451388888888889 0.11171875 0.2902777777777778
1 0.507421875 0.004166666666666667 0.01171875 0.008333333333333333
1 0.199609375 0.04375 0.03984375 0.06805555555555555
1 0.078125 0.011111111111111112 0.01953125 0.022222222222222223
1 0.04765625 0.24861111111111112 0.021875 0.058333333333333334
1 0.029296875 0.2534722222222222 0.0109375 0.019444444444444445
1 0.79921875 0.2777777777777778 0.0265625 0.05694444444444444
1 0.705078125 0.2638888888888889 0.0234375 0.05277777777777778
1 0.720703125 0.07847222222222222 0.01015625 0.022222222222222223
1 0.9125 0.14305555555555555 0.015625 0.019444444444444445
1 0.003515625 0.2652777777777778 0.00703125 0.02638888888888889
1 0.0921875 0.4701388888888889 0.0375 0.0625
1 0.0375 0.46111111111111114 0.01796875 0.05416666666666667
1 0.065625 0.5680555555555555 0.02890625 0.05277777777777778
1 0.05859375 0.6201388888888889 0.02578125 0.03888888888888889
1 0.13984375 0.4777777777777778 0.00625 0.013888888888888888
1 0.47890625 0.5076388888888889 0.01796875 0.03333333333333333
1 0.547265625 0.4930555555555556 0.00625 0.013888888888888888
1 0.88203125 0.34791666666666665 0.0296875 0.06666666666666667
1 0.93046875 0.4222222222222222 0.03359375 0.07916666666666666
1 0.953515625 0.3506944444444444 0.03203125 0.07083333333333333
1 0.00625 0.1527777777777778 0.01171875 0.02361111111111111
1 0.15703125 0.10694444444444444 0.0171875 0.03888888888888889
1 0.33125 0.8527777777777777 0.01171875 0.020833333333333332
1 0.512109375 0.8097222222222222 0.009375 0.025
1 0.423046875 0.21041666666666667 0.01171875 0.025
1 0.56875 0.19375 0.0078125 0.013888888888888888
1 0.633203125 0.9805555555555555 0.0140625 0.03888888888888889
1 0.61640625 0.94375 0.02890625 0.030555555555555555
1 0.81875 0.1875 0.0109375 0.025
1 0.960546875 0.21597222222222223 0.02421875 0.034722222222222224
1 0.99453125 0.20694444444444443 0.0109375 0.03333333333333333
1 0.912890625 0.25069444444444444 0.01484375 0.02638888888888889
1 0.767578125 0.26944444444444443 0.009375 0.019444444444444445
1 0.73515625 0.34652777777777777 0.01328125 0.020833333333333332
1 0.878515625 0.4354166666666667 0.009375 0.018055555555555554
1 0.74140625 0.4534722222222222 0.00859375 0.02361111111111111
1 0.66953125 0.9222222222222223 0.02890625 0.018055555555555554
1 0.665625 0.9506944444444444 0.03515625 0.016666666666666666
1 0.633203125 0.3611111111111111 0.01875 0.0375
1 0.657421875 0.38819444444444445 0.01171875 0.020833333333333332
1 0.7125 0.6534722222222222 0.0140625 0.03888888888888889
1 0.72109375 0.5875 0.01796875 0.02638888888888889
1 0.6109375 0.5944444444444444 0.0296875 0.03611111111111111
1 0.408203125 0.5958333333333333 0.04296875 0.08194444444444444
1 0.445703125 0.5791666666666667 0.02265625 0.043055555555555555
1 0.5078125 0.6423611111111112 0.0328125 0.07361111111111111
1 0.175 0.65625 0.01484375 0.025
1 0.237890625 0.7847222222222222 0.0140625 0.03194444444444444
1 0.65234375 0.20347222222222222 0.0265625 0.08333333333333333
1 0.3140625 0.6159722222222223 0.0171875 0.034722222222222224
1 0.536328125 0.7513888888888889 0.03515625 0.06527777777777778
1 0.3875 0.6402777777777777 0.00859375 0.015277777777777777
1 0.487109375 0.7444444444444445 0.03046875 0.06805555555555555
1 0.45390625 0.7041666666666667 0.0484375 0.07777777777777778
1 0.43671875 0.6590277777777778 0.01484375 0.03333333333333333
1 0.474609375 0.6506944444444445 0.03671875 0.07361111111111111
1 0.712109375 0.18541666666666667 0.05390625 0.09722222222222222
1 0.761328125 0.10486111111111111 0.02578125 0.04583333333333333
1 0.806640625 0.08958333333333333 0.03359375 0.05555555555555555
1 0.794921875 0.14722222222222223 0.021875 0.034722222222222224
1 0.236328125 0.5020833333333333 0.02421875 0.030555555555555555
1 0.73671875 0.06736111111111111 0.01484375 0.030555555555555555
1 0.560546875 0.024305555555555556 0.028125 0.04861111111111111
1 0.421875 0.3923611111111111 0.0421875 0.075
1 0.60859375 0.22430555555555556 0.0171875 0.0375
1 0.5921875 0.2881944444444444 0.04609375 0.1
1 0.5703125 0.4125 0.009375 0.018055555555555554
1 0.533984375 0.39375 0.04921875 0.1
1 0.6078125 0.39861111111111114 0.02890625 0.04861111111111111
1 0.601953125 0.5069444444444444 0.034375 0.05277777777777778
1 0.693359375 0.4888888888888889 0.01015625 0.018055555555555554
1 0.67421875 0.5263888888888889 0.0125 0.03194444444444444
1 0.6609375 0.4888888888888889 0.028125 0.044444444444444446
1 0.625390625 0.46458333333333335 0.0375 0.05138888888888889
1 0.766015625 0.5159722222222223 0.03125 0.06111111111111111
1 0.796484375 0.6375 0.0125 0.016666666666666666
1 0.555859375 0.1701388888888889 0.0140625 0.020833333333333332
1 0.834375 0.70625 0.01171875 0.022222222222222223
1 0.830078125 0.7486111111111111 0.02578125 0.029166666666666667
1 0.816015625 0.7152777777777778 0.01640625 0.043055555555555555
1 0.7078125 0.7493055555555556 0.03671875 0.05277777777777778
1 0.79921875 0.8333333333333334 0.0484375 0.09583333333333334
1 0.781640625 0.8965277777777778 0.0375 0.07222222222222222
1 0.71953125 0.9715277777777778 0.01875 0.03611111111111111
1 0.75546875 0.9875 0.01484375 0.025
1 0.70703125 0.8652777777777778 0.03359375 0.04861111111111111
1 0.644921875 0.90625 0.0234375 0.03333333333333333
1 0.646484375 0.8638888888888889 0.03359375 0.05416666666666667
1 0.53984375 0.9395833333333333 0.0109375 0.019444444444444445
1 0.587890625 0.9763888888888889 0.0296875 0.04722222222222222
1 0.534375 0.9798611111111111 0.034375 0.03888888888888889
1 0.489453125 0.9715277777777778 0.04375 0.05694444444444444
1 0.186328125 0.38958333333333334 0.03203125 0.07083333333333333
1 0.228125 0.42083333333333334 0.03515625 0.06805555555555555
1 0.439453125 0.9458333333333333 0.0328125 0.044444444444444446
1 0.416015625 0.8923611111111112 0.0546875 0.0763888888888889
1 0.532421875 0.8861111111111111 0.02890625 0.05
1 0.492578125 0.8569444444444444 0.01640625 0.025
1 0.481640625 0.9131944444444444 0.03203125 0.05138888888888889