1 0.781640625 0.625 0.03046875 0.041666666666666664
0 0.68203125 0.8486111111111111 0.0828125 0.3013888888888889
1 0.282421875 0.9611111111111111 0.0296875 0.07222222222222222
1 0.155078125 0.2 0.05078125 0.09166666666666666
1 0.6015625 0.14930555555555555 0.03125 0.06388888888888888
1 0.778515625 0.13680555555555557 0.0375 0.06527777777777778
1 0.580078125 0.7166666666666667 0.03203125 0.058333333333333334
1 0.9859375 0.9736111111111111 0.028125 0.05138888888888889
1 0.364453125 0.10416666666666667 0.021875 0.07083333333333333
1 0.098046875 0.28125 0.0234375 0.04722222222222222
1 0.37734375 0.4736111111111111 0.01953125 0.05
1 0.253125 0.38680555555555557 0.02734375 0.05138888888888889
1 0.392578125 0.6208333333333333 0.03671875 0.09305555555555556
0 0.70703125 0.18263888888888888 0.234375 0.3638888888888889
1 0.903515625 0.5479166666666667 0.01875 0.03333333333333333
1 0.980859375 0.40694444444444444 0.034375 0.05416666666666667
1 0.441015625 0.81875 0.04453125 0.043055555555555555
1 0.6765625 0.8118055555555556 0.021875 0.0375
1 0.7984375 0.3951388888888889 0.0203125 0.04722222222222222
1 0.732421875 0.15 0.0265625 0.043055555555555555
1 0.715625 0.34652777777777777 0.021875 0.04722222222222222
1 0.822265625 0.3902777777777778 0.02421875 0.05
1 0.16796875 0.6597222222222222 0.0265625 0.044444444444444446
1 0.703515625 0.7020833333333333 0.0234375 0.06805555555555555
1 0.40703125 0.9166666666666666 0.02109375 0.041666666666666664
1 0.569140625 0.8729166666666667 0.0328125 0.044444444444444446
1 0.1171875 0.6951388888888889 0.0640625 0.10972222222222222
1 0.444921875 0.6319444444444444 0.03046875 0.08055555555555556
1 0.90703125 0.4041666666666667 0.0265625 0.05555555555555555
1 0.578515625 0.79375 0.02109375 0.04027777777777778
1 0.983984375 0.007638888888888889 0.01953125 0.015277777777777777
1 0.20625 0.02361111111111111 0.03359375 0.04722222222222222
1 0.954296875 0.006944444444444444 0.015625 0.013888888888888888
1 0.561328125 0.34444444444444444 0.0296875 0.04027777777777778
0 0.662109375 0.5347222222222222 0.19375 0.3138888888888889
1 0.51015625 0.9868055555555556 0.0140625 0.02638888888888889
1 0.7390625 0.7402777777777778 0.02421875 0.03333333333333333
1 0.73125 0.4388888888888889 0.0203125 0.04027777777777778
1 0.430078125 0.3909722222222222 0.01640625 0.03611111111111111
1 0.806640625 0.17152777777777778 0.025 0.04583333333333333
1 0.551171875 0.8027777777777778 0.01875 0.04027777777777778
1 0.711328125 0.5979166666666667 0.021875 0.06388888888888888
1 0.49296875 0.5743055555555555 0.02578125 0.027777777777777776
1 0.728515625 0.8743055555555556 0.01484375 0.030555555555555555
1 0.937890625 0.61875 0.02578125 0.05138888888888889
1 0.728515625 0.5340277777777778 0.03203125 0.04861111111111111
1 0.13671875 0.9784722222222222 0.028125 0.04027777777777778
1 0.943359375 0.7354166666666667 0.0234375 0.03888888888888889
1 0.0796875 0.6979166666666666 0.01484375 0.025
1 0.815625 0.3 0.01953125 0.02638888888888889
1 0.416796875 0.8020833333333334 0.01953125 0.0375
1 0.263671875 0.5729166666666666 0.0125 0.022222222222222223
1 0.172265625 0.5243055555555556 0.02734375 0.05694444444444444
1 0.655859375 0.9784722222222222 0.01796875 0.041666666666666664
1 0.394140625 0.1284722222222222 0.01484375 0.027777777777777776
1 0.667578125 0.6451388888888889 0.01484375 0.03194444444444444
1 0.508984375 0.009722222222222222 0.01640625 0.019444444444444445
1 0.1875 0.4930555555555556 0.02109375 0.05138888888888889
1 0.2015625 0.7111111111111111 0.0171875 0.02361111111111111
1 0.984375 0.10277777777777777 0.0109375 0.019444444444444445
1 0.58984375 0.7513888888888889 0.0140625 0.025
1 0.7984375 0.3388888888888889 0.015625 0.05416666666666667
1 0.129296875 0.26944444444444443 0.0375 0.07222222222222222
1 0.571484375 0.28055555555555556 0.009375 0.018055555555555554
1 0.92265625 0.13333333333333333 0.01171875 0.03194444444444444
1 0.691796875 0.9694444444444444 0.028125 0.04722222222222222
1 0.263671875 0.6368055555555555 0.01484375 0.020833333333333332
1 0.75 0.9229166666666667 0.0140625 0.02638888888888889
1 0.0125 0.3611111111111111 0.0109375 0.025
1 0.60234375 0.8868055555555555 0.01171875 0.019444444444444445
1 0.248828125 0.5173611111111112 0.0234375 0.04027777777777778
1 0.388671875 0.525 0.0109375 0.030555555555555555
1 0.826953125 0.4340277777777778 0.0109375 0.020833333333333332
1 0.955859375 0.6729166666666667 0.0171875 0.02638888888888889
1 0.883203125 0.8368055555555556 0.01328125 0.016666666666666666
1 0.51640625 0.8055555555555556 0.0109375 0.018055555555555554
1 0.28359375 0.6423611111111112 0.0125 0.022222222222222223
1 0.162890625 0.6111111111111112 0.0140625 0.020833333333333332
1 0.486328125 0.049305555555555554 0.009375 0.019444444444444445
1 0.627734375 0.55 0.028125 0.05
1 0.792578125 0.7666666666666667 0.01015625 0.015277777777777777
0 0.169921875 0.8590277777777777 0.1375 0.28194444444444444
0 0.1734375 0.4986111111111111 0.1734375 0.2625
1 0.048046875 0.24305555555555555 0.01328125 0.02638888888888889
1 0.723046875 0.027083333333333334 0.01171875 0.02361111111111111
1 0.570703125 0.5027777777777778 0.02734375 0.06527777777777778
1 0.653515625 0.11736111111111111 0.025 0.03194444444444444
1 0.08359375 0.08125 0.021875 0.03611111111111111
1 0.601953125 0.34652777777777777 0.02109375 0.04027777777777778
1 0.53203125 0.14375 0.025 0.06388888888888888
1 0.50859375 0.47847222222222224 0.02734375 0.04722222222222222
1 0.49140625 0.3875 0.03515625 0.0625
1 0.267578125 0.16180555555555556 0.02109375 0.03611111111111111
1 0.50390625 0.65625 0.01953125 0.04583333333333333
1 0.4453125 0.75 0.01171875 0.027777777777777776
1 0.47578125 0.44305555555555554 0.02109375 0.03611111111111111
1 0.491796875 0.08055555555555556 0.01328125 0.029166666666666667
1 0.271484375 0.6986111111111111 0.01171875 0.027777777777777776
1 0.255859375 0.011805555555555555 0.01640625 0.02361111111111111
1 0.509765625 0.42569444444444443 0.03359375 0.041666666666666664
1 0.407421875 0.4534722222222222 0.009375 0.018055555555555554