1 0.7453125 0.10208333333333333 0.0109375 0.029166666666666667
1 0.75546875 0.12083333333333333 0.015625 0.01875
1 0.81875 0.065625 0.034375 0.04583333333333333
1 0.953125 0.11145833333333334 0.03125 0.0375
1 0.85546875 0.225 0.03125 0.04791666666666667
1 0.76640625 0.58125 0.0234375 0.035416666666666666
1 0.934375 0.5875 0.0171875 0.020833333333333332
1 0.875 0.7052083333333333 0.0125 0.020833333333333332
1 0.4875 0.09479166666666666 0.021875 0.05416666666666667
1 0.728125 0.70625 0.0328125 0.027083333333333334
1 0.71875 0.4395833333333333 0.0296875 0.05
1 0.734375 0.403125 0.0296875 0.0375
1 0.759375 0.39479166666666665 0.01875 0.027083333333333334
1 0.496875 0.27708333333333335 0.0125 0.025
1 0.475 0.3541666666666667 0.0359375 0.03125
1 0.44609375 0.32083333333333336 0.0171875 0.01875
1 0.45859375 0.31354166666666666 0.0171875 0.01875
1 0.5140625 0.2947916666666667 0.0125 0.014583333333333334
1 0.3625 0.38333333333333336 0.034375 0.03125
1 0.38984375 0.3645833333333333 0.0171875 0.025
1 0.6015625 0.48854166666666665 0.0203125 0.0375
1 0.29296875 0.775 0.0453125 0.04375
1 0.43359375 0.9145833333333333 0.0390625 0.04583333333333333
1 0.39296875 0.9166666666666666 0.0109375 0.0125
1 0.37109375 0.9322916666666666 0.0171875 0.014583333333333334
1 0.14921875 0.9375 0.0296875 0.03333333333333333
1 0.68125 0.8572916666666667 0.025 0.03958333333333333
1 0.690625 0.8291666666666667 0.0171875 0.022916666666666665
1 0.7078125 0.8270833333333333 0.01875 0.027083333333333334
1 0.796875 0.8072916666666666 0.0203125 0.025
1 0.98046875 0.8489583333333334 0.0171875 0.022916666666666665
1 0.97734375 0.790625 0.04375 0.035416666666666666
1 0.74296875 0.31145833333333334 0.009375 0.022916666666666665
1 0.93125 0.004166666666666667 0.0078125 0.008333333333333333
1 0.45234375 0.3375 0.034375 0.029166666666666667
1 0.51640625 0.31666666666666665 0.0171875 0.014583333333333334
1 0.5296875 0.2875 0.0109375 0.016666666666666666
1 0.51796875 0.2677083333333333 0.009375 0.010416666666666666
0 0.64921875 0.06979166666666667 0.04375 0.13958333333333334
0 0.6390625 0.21145833333333333 0.165625 0.42291666666666666
0 0.66484375 0.44895833333333335 0.1546875 0.6145833333333334
0 0.76015625 0.8208333333333333 0.4453125 0.35625
0 0.61328125 0.9635416666666666 0.0515625 0.06666666666666667
1 0.74296875 0.678125 0.0328125 0.03333333333333333
1 0.45546875 0.07604166666666666 0.025 0.04583333333333333
1 0.346875 0.13333333333333333 0.034375 0.03333333333333333
1 0.221875 0.44583333333333336 0.015625 0.014583333333333334
1 0.3796875 0.7364583333333333 0.0296875 0.03333333333333333
1 0.1671875 0.565625 0.0625 0.075
1 0.51484375 0.109375 0.0375 0.05
1 0.72265625 0.12083333333333333 0.0296875 0.04375