1 0.959765625 0.7361111111111112 0.02265625 0.043055555555555555
1 0.86796875 0.7375 0.0140625 0.015277777777777777
1 0.851953125 0.7236111111111111 0.021875 0.07222222222222222
1 0.79375 0.7826388888888889 0.02578125 0.08333333333333333
1 0.770703125 0.8013888888888889 0.01328125 0.022222222222222223
1 0.7625 0.8791666666666667 0.01171875 0.03333333333333333
1 0.744140625 0.8958333333333334 0.015625 0.05138888888888889
1 0.72578125 0.8770833333333333 0.02421875 0.06805555555555555
1 0.64609375 0.7361111111111112 0.00703125 0.015277777777777777
1 0.577734375 0.7256944444444444 0.01953125 0.03333333333333333
1 0.54921875 0.7666666666666667 0.0234375 0.04861111111111111
1 0.464453125 0.6770833333333334 0.01171875 0.025
1 0.52421875 0.7222222222222222 0.028125 0.06805555555555555
1 0.59609375 0.6138888888888889 0.01796875 0.0875
1 0.63125 0.6798611111111111 0.01484375 0.020833333333333332
1 0.671484375 0.6159722222222223 0.03125 0.03888888888888889
1 0.731640625 0.6972222222222222 0.03359375 0.05138888888888889
1 0.7671875 0.6618055555555555 0.0109375 0.0125
1 0.7421875 0.6402777777777777 0.01640625 0.03333333333333333
1 0.7875 0.6513888888888889 0.01640625 0.03611111111111111
1 0.809765625 0.6340277777777777 0.0203125 0.027777777777777776
1 0.793359375 0.5145833333333333 0.0203125 0.034722222222222224
1 0.805078125 0.4534722222222222 0.028125 0.07361111111111111
1 0.7296875 0.4284722222222222 0.0234375 0.03611111111111111
1 0.8640625 0.41180555555555554 0.0359375 0.07361111111111111
1 0.855859375 0.32708333333333334 0.01796875 0.03611111111111111
1 0.80703125 0.34444444444444444 0.025 0.05694444444444444
1 0.48984375 0.2861111111111111 0.021875 0.04027777777777778
1 0.509375 0.3784722222222222 0.04453125 0.05277777777777778
1 0.45625 0.37777777777777777 0.03671875 0.07083333333333333
1 0.501171875 0.4756944444444444 0.02109375 0.04722222222222222
1 0.915234375 0.7777777777777778 0.0171875 0.04583333333333333
1 0.878125 0.7423611111111111 0.0140625 0.04722222222222222
1 0.47109375 0.43333333333333335 0.0203125 0.02638888888888889
1 0.452734375 0.58125 0.0328125 0.0875
1 0.501171875 0.5513888888888889 0.0234375 0.03888888888888889
1 0.587890625 0.5152777777777777 0.0453125 0.05555555555555555
1 0.66796875 0.49583333333333335 0.0140625 0.03194444444444444
1 0.66640625 0.34930555555555554 0.01171875 0.03611111111111111
1 0.707421875 0.3111111111111111 0.01796875 0.02638888888888889
1 0.784375 0.2763888888888889 0.0140625 0.022222222222222223
1 0.883203125 0.22777777777777777 0.03671875 0.05694444444444444
1 0.838671875 0.20902777777777778 0.02890625 0.0625
1 0.85859375 0.12083333333333333 0.01953125 0.04583333333333333
1 0.832421875 0.08402777777777778 0.01484375 0.02361111111111111
1 0.61640625 0.07361111111111111 0.00703125 0.019444444444444445
1 0.660546875 0.06180555555555556 0.0234375 0.03888888888888889
1 0.644140625 0.034027777777777775 0.0140625 0.025
1 0.65234375 0.1701388888888889 0.02265625 0.043055555555555555
1 0.599609375 0.22361111111111112 0.0265625 0.04027777777777778
1 0.52734375 0.19583333333333333 0.01875 0.03194444444444444
1 0.535546875 0.16944444444444445 0.021875 0.04027777777777778
1 0.530078125 0.09652777777777778 0.0125 0.018055555555555554
1 0.751953125 0.008333333333333333 0.015625 0.016666666666666666
1 0.480859375 0.022222222222222223 0.0375 0.044444444444444446
1 0.4390625 0.003472222222222222 0.00703125 0.006944444444444444
1 0.41875 0.027777777777777776 0.02734375 0.05555555555555555
1 0.390234375 0.011111111111111112 0.01875 0.022222222222222223
1 0.091015625 0.18958333333333333 0.01484375 0.02638888888888889
1 0.04375 0.23402777777777778 0.0140625 0.025
1 0.069140625 0.32013888888888886 0.009375 0.025
1 0.041015625 0.3527777777777778 0.009375 0.016666666666666666
1 0.986328125 0.6701388888888888 0.02734375 0.04027777777777778
1 0.098828125 0.2965277777777778 0.03828125 0.05138888888888889
1 0.989453125 0.8291666666666667 0.02109375 0.0875
1 0.20546875 0.35 0.0171875 0.03611111111111111
1 0.393359375 0.7611111111111111 0.009375 0.015277777777777777
1 0.93828125 0.3020833333333333 0.01875 0.02638888888888889
1 0.9078125 0.37777777777777777 0.01484375 0.029166666666666667
1 0.976953125 0.07847222222222222 0.01875 0.027777777777777776
0 0.06171875 0.11597222222222223 0.1234375 0.23194444444444445
1 0.677734375 0.8958333333333334 0.021875 0.04722222222222222
0 0.658203125 0.9034722222222222 0.10625 0.19305555555555556
0 0.567578125 0.11388888888888889 0.125 0.2263888888888889
0 0.61953125 0.26319444444444445 0.17421875 0.47638888888888886
0 0.583203125 0.45 0.13046875 0.6138888888888889
0 0.6921875 0.6513888888888889 0.13515625 0.5694444444444444
1 0.571484375 0.027777777777777776 0.0109375 0.015277777777777777
1 0.869921875 0.9375 0.03515625 0.05555555555555555
1 0.340234375 0.50625 0.0078125 0.013888888888888888
1 0.06875 0.7333333333333333 0.0125 0.02361111111111111
0 0.09375 0.8395833333333333 0.11875 0.32083333333333336
0 0.08359375 0.7701388888888889 0.1671875 0.18333333333333332
0 0.068359375 0.49166666666666664 0.13671875 0.3416666666666667
1 0.07890625 0.15 0.01015625 0.0125
1 0.097265625 0.41458333333333336 0.00625 0.011111111111111112
1 0.131640625 0.4479166666666667 0.01484375 0.009722222222222222
1 0.53828125 0.8840277777777777 0.01640625 0.027777777777777776
1 0.1765625 0.84375 0.02578125 0.029166666666666667
1 0.089453125 0.875 0.03515625 0.043055555555555555
1 0.08359375 0.7034722222222223 0.0203125 0.03611111111111111
1 0.09765625 0.5034722222222222 0.021875 0.0375
1 0.8859375 0.007638888888888889 0.0125 0.015277777777777777
1 0.95703125 0.10833333333333334 0.0203125 0.044444444444444446
1 0.944140625 0.26805555555555555 0.01171875 0.020833333333333332
1 0.61015625 0.9041666666666667 0.03671875 0.06388888888888888
1 0.89140625 0.5520833333333334 0.01328125 0.02638888888888889
1 0.944921875 0.03680555555555556 0.0328125 0.034722222222222224