1 0.521484375 0.07291666666666667 0.0234375 0.029166666666666667
1 0.996875 0.008333333333333333 0.00625 0.016666666666666666
1 0.687109375 0.003472222222222222 0.01484375 0.006944444444444444
1 0.529296875 0.5034722222222222 0.01328125 0.034722222222222224
1 0.1828125 0.7069444444444445 0.0140625 0.034722222222222224
0 0.55390625 0.2902777777777778 0.17421875 0.13194444444444445
1 0.739453125 0.8631944444444445 0.01484375 0.027777777777777776
1 0.63125 0.8548611111111111 0.0140625 0.0375
1 0.387890625 0.7881944444444444 0.07109375 0.1527777777777778
1 0.110546875 0.9006944444444445 0.0140625 0.013888888888888888
1 0.3328125 0.8888888888888888 0.0125 0.03333333333333333
0 0.058203125 0.7277777777777777 0.11484375 0.3194444444444444
0 0.11015625 0.9569444444444445 0.134375 0.08611111111111111
0 0.580078125 0.9347222222222222 0.15 0.13055555555555556
0 0.576953125 0.7416666666666667 0.1578125 0.41805555555555557
0 0.62421875 0.4951388888888889 0.1625 0.5375
0 0.546484375 0.07013888888888889 0.1125 0.14027777777777778
1 0.105078125 0.019444444444444445 0.021875 0.03888888888888889
1 0.16953125 0.025694444444444443 0.01953125 0.03194444444444444
1 0.1921875 0.059722222222222225 0.0109375 0.027777777777777776
1 0.231640625 0.06666666666666667 0.03046875 0.04583333333333333
1 0.215625 0.17916666666666667 0.0109375 0.029166666666666667
1 0.154296875 0.27569444444444446 0.02109375 0.013888888888888888
1 0.230859375 0.9625 0.028125 0.041666666666666664
1 0.155859375 0.29930555555555555 0.009375 0.015277777777777777
1 0.201171875 0.31875 0.0109375 0.020833333333333332
1 0.04609375 0.3888888888888889 0.009375 0.019444444444444445
1 0.029296875 0.17569444444444443 0.01171875 0.022222222222222223
1 0.263671875 0.08333333333333333 0.021875 0.05138888888888889
1 0.35234375 0.14444444444444443 0.01171875 0.03611111111111111
1 0.148046875 0.5493055555555556 0.03125 0.05555555555555555
1 0.2125 0.5722222222222222 0.028125 0.03333333333333333
1 0.138671875 0.6847222222222222 0.03046875 0.05138888888888889
1 0.201171875 0.6638888888888889 0.01171875 0.016666666666666666
1 0.09921875 0.7826388888888889 0.01484375 0.03888888888888889
1 0.19140625 0.8972222222222223 0.03046875 0.0763888888888889
0 0.070703125 0.09583333333333334 0.115625 0.19166666666666668
0 0.05703125 0.275 0.1109375 0.3055555555555556
0 0.062890625 0.5833333333333334 0.109375 0.4
1 0.809375 0.8833333333333333 0.02109375 0.03888888888888889
1 0.54609375 0.9784722222222222 0.01953125 0.02361111111111111
1 0.909765625 0.9583333333333334 0.0328125 0.07361111111111111
1 0.839453125 0.9888888888888889 0.0109375 0.020833333333333332
1 0.86796875 0.8548611111111111 0.01796875 0.025
1 0.90625 0.7979166666666667 0.0375 0.1
1 0.945703125 0.9902777777777778 0.0171875 0.015277777777777777
1 0.988671875 0.6743055555555556 0.02109375 0.05555555555555555
1 0.938671875 0.6409722222222223 0.01640625 0.03333333333333333
1 0.821875 0.6131944444444445 0.021875 0.041666666666666664
1 0.933984375 0.44583333333333336 0.0171875 0.027777777777777776
1 0.907421875 0.34375 0.0171875 0.03333333333333333
1 0.953515625 0.3590277777777778 0.04296875 0.08888888888888889
1 0.96953125 0.24791666666666667 0.0234375 0.043055555555555555
1 0.944921875 0.15833333333333333 0.01875 0.0375
1 0.78203125 0.08402777777777778 0.0140625 0.030555555555555555
1 0.73359375 0.29097222222222224 0.03671875 0.08611111111111111
1 0.798828125 0.3590277777777778 0.02109375 0.04583333333333333
1 0.6703125 0.5805555555555556 0.01640625 0.022222222222222223
1 0.46875 0.5083333333333333 0.01796875 0.02361111111111111
1 0.539453125 0.7902777777777777 0.0140625 0.02638888888888889
1 0.47578125 0.15416666666666667 0.0140625 0.022222222222222223
1 0.532421875 0.20416666666666666 0.01171875 0.02361111111111111
1 0.53359375 0.027777777777777776 0.0359375 0.05