1 0.3625 0.013541666666666667 0.0265625 0.025
1 0.88515625 0.7364583333333333 0.01875 0.022916666666666665
1 0.87890625 0.7927083333333333 0.046875 0.05625
1 0.27890625 0.9375 0.0375 0.0625
1 0.221875 0.671875 0.01875 0.01875
1 0.21875 0.64375 0.021875 0.0375
1 0.7109375 0.9354166666666667 0.0359375 0.025
1 0.27578125 0.5177083333333333 0.01875 0.027083333333333334
1 0.67265625 0.8520833333333333 0.0140625 0.025
1 0.30703125 0.515625 0.025 0.022916666666666665
1 0.32109375 0.8239583333333333 0.0234375 0.029166666666666667
1 0.2609375 0.6041666666666666 0.034375 0.05625
1 0.28359375 0.5947916666666667 0.0171875 0.01875
1 0.06015625 0.42291666666666666 0.021875 0.01875
1 0.48828125 0.4427083333333333 0.01875 0.020833333333333332
1 0.8984375 0.9791666666666666 0.0203125 0.022916666666666665
0 0.23359375 0.9302083333333333 0.0734375 0.13958333333333334
1 0.55546875 0.8166666666666667 0.0296875 0.04791666666666667
1 0.425 0.984375 0.0234375 0.020833333333333332
1 0.17109375 0.984375 0.025 0.029166666666666667
0 0.4453125 0.78125 0.4890625 0.4375
0 0.45703125 0.284375 0.321875 0.5625
0 0.5625 0.09583333333333334 0.540625 0.19166666666666668
1 0.3171875 0.43125 0.0359375 0.04375
1 0.57265625 0.515625 0.025 0.03125
1 0.565625 0.3875 0.021875 0.022916666666666665
1 0.46171875 0.42291666666666666 0.0359375 0.0375
1 0.44296875 0.46770833333333334 0.0359375 0.05625
1 0.0203125 0.4583333333333333 0.0234375 0.04583333333333333
1 0.2734375 0.2604166666666667 0.04375 0.029166666666666667
1 0.70546875 0.16354166666666667 0.040625 0.041666666666666664
1 0.84765625 0.353125 0.021875 0.035416666666666666
1 0.65703125 0.47291666666666665 0.0296875 0.03333333333333333
1 0.62421875 0.440625 0.025 0.025
1 0.70390625 0.5489583333333333 0.0375 0.03125
1 0.48984375 0.5729166666666666 0.0203125 0.01875
1 0.34140625 0.1375 0.0265625 0.025
1 0.296875 0.03125 0.028125 0.03125