1 0.90078125 0.12291666666666666 0.015625 0.020833333333333332
1 0.87265625 0.008333333333333333 0.0171875 0.016666666666666666
1 0.893359375 0.044444444444444446 0.01875 0.030555555555555555
1 0.968359375 0.23125 0.05 0.09722222222222222
1 0.91328125 0.2326388888888889 0.0328125 0.075
1 0.95234375 0.10416666666666667 0.0171875 0.034722222222222224
1 0.988671875 0.17430555555555555 0.01875 0.022222222222222223
1 0.76328125 0.3229166666666667 0.01171875 0.02638888888888889
1 0.80390625 0.3402777777777778 0.01015625 0.016666666666666666
1 0.863671875 0.44513888888888886 0.009375 0.02361111111111111
1 0.974609375 0.675 0.0125 0.018055555555555554
1 0.88515625 0.9520833333333333 0.00703125 0.0125
1 0.715625 0.6166666666666667 0.02109375 0.03333333333333333
1 0.679296875 0.6486111111111111 0.01171875 0.013888888888888888
1 0.52578125 0.10069444444444445 0.01015625 0.016666666666666666
1 0.641015625 0.9166666666666666 0.0109375 0.020833333333333332
0 0.669140625 0.9222222222222223 0.11875 0.15555555555555556
0 0.7078125 0.6888888888888889 0.22421875 0.13194444444444445
0 0.669140625 0.4736111111111111 0.228125 0.1638888888888889
1 0.565625 0.3527777777777778 0.00859375 0.02638888888888889
0 0.64296875 0.06805555555555555 0.0375 0.1361111111111111
1 0.334375 0.06736111111111111 0.00859375 0.02361111111111111
0 0.1109375 0.06736111111111111 0.0765625 0.13472222222222222
0 0.0890625 0.36736111111111114 0.15546875 0.4777777777777778
0 0.106640625 0.5673611111111111 0.20859375 0.25833333333333336
0 0.1046875 0.7354166666666667 0.15546875 0.38333333333333336
0 0.14921875 0.90625 0.0546875 0.1875
1 0.062109375 0.011111111111111112 0.0125 0.022222222222222223
1 0.118359375 0.4909722222222222 0.0375 0.04583333333333333
1 0.1671875 0.47430555555555554 0.04453125 0.058333333333333334
1 0.251171875 0.5208333333333334 0.0265625 0.05
1 0.169921875 0.39861111111111114 0.0296875 0.05416666666666667
1 0.2125 0.4027777777777778 0.0140625 0.029166666666666667
1 0.152734375 0.21458333333333332 0.01171875 0.030555555555555555
1 0.1671875 0.02847222222222222 0.01484375 0.022222222222222223
1 0.2109375 0.06597222222222222 0.01484375 0.02638888888888889
1 0.29609375 0.3229166666666667 0.01796875 0.05
1 0.261328125 0.35208333333333336 0.02421875 0.03194444444444444
1 0.29609375 0.25972222222222224 0.0140625 0.022222222222222223
1 0.397265625 0.2881944444444444 0.04609375 0.10138888888888889
1 0.43671875 0.3423611111111111 0.01875 0.0375
1 0.46015625 0.38333333333333336 0.02109375 0.04027777777777778
1 0.43203125 0.2722222222222222 0.0125 0.022222222222222223
1 0.454296875 0.2701388888888889 0.02890625 0.04027777777777778
1 0.491015625 0.31527777777777777 0.03671875 0.04861111111111111
1 0.504296875 0.3548611111111111 0.01640625 0.03611111111111111
1 0.495703125 0.45069444444444445 0.03828125 0.05555555555555555
1 0.497265625 0.5395833333333333 0.0171875 0.0375
1 0.528515625 0.5034722222222222 0.04375 0.07361111111111111
1 0.532421875 0.4479166666666667 0.0265625 0.04583333333333333
1 0.5484375 0.5791666666666667 0.02734375 0.059722222222222225
1 0.554296875 0.6361111111111111 0.03125 0.06388888888888888
1 0.516796875 0.6256944444444444 0.025 0.06388888888888888
1 0.4625 0.6631944444444444 0.03828125 0.10972222222222222
1 0.43984375 0.76875 0.0421875 0.13472222222222222
1 0.485546875 0.8375 0.0546875 0.11666666666666667
1 0.459375 0.9347222222222222 0.040625 0.07916666666666666
1 0.516796875 0.9451388888888889 0.05546875 0.10972222222222222
1 0.5640625 0.9881944444444445 0.03828125 0.02361111111111111
1 0.594921875 0.9618055555555556 0.0203125 0.034722222222222224
1 0.644921875 0.9673611111111111 0.03359375 0.06527777777777778
1 0.66875 0.9409722222222222 0.0234375 0.03333333333333333
1 0.73046875 0.9770833333333333 0.02578125 0.04583333333333333
1 0.780859375 0.98125 0.03125 0.0375
1 0.65 0.8833333333333333 0.01875 0.027777777777777776
1 0.656640625 0.8472222222222222 0.01875 0.03194444444444444
1 0.68828125 0.8881944444444444 0.0171875 0.030555555555555555
1 0.7078125 0.8319444444444445 0.02578125 0.04861111111111111
1 0.767578125 0.8506944444444444 0.01328125 0.022222222222222223
1 0.609765625 0.7840277777777778 0.0171875 0.030555555555555555
1 0.63359375 0.8020833333333334 0.01171875 0.025
1 0.601953125 0.6979166666666666 0.03515625 0.0625
1 0.54921875 0.7479166666666667 0.015625 0.027777777777777776
1 0.083203125 0.9840277777777777 0.034375 0.03194444444444444
1 0.0546875 0.9611111111111111 0.0296875 0.03888888888888889
1 0.113671875 0.9777777777777777 0.0125 0.030555555555555555
1 0.1453125 0.9152777777777777 0.0203125 0.043055555555555555
1 0.180859375 0.9395833333333333 0.0171875 0.034722222222222224
1 0.176953125 0.9875 0.025 0.025
1 0.198828125 0.8965277777777778 0.034375 0.0625
1 0.10390625 0.7465277777777778 0.025 0.03611111111111111
1 0.086328125 0.7604166666666666 0.01328125 0.022222222222222223
1 0.090234375 0.6770833333333334 0.0140625 0.027777777777777776
1 0.051171875 0.5777777777777777 0.021875 0.05
1 0.078125 0.5777777777777777 0.021875 0.05
1 0.082421875 0.38819444444444445 0.04609375 0.08472222222222223
1 0.125 0.43819444444444444 0.02890625 0.05277777777777778
1 0.07890625 0.28958333333333336 0.021875 0.043055555555555555
1 0.06328125 0.3263888888888889 0.01875 0.022222222222222223
1 0.02578125 0.2569444444444444 0.01328125 0.025
1 0.090625 0.21597222222222223 0.028125 0.03194444444444444
1 0.0640625 0.06111111111111111 0.02890625 0.05
1 0.069140625 0.11597222222222223 0.03515625 0.06527777777777778
1 0.171484375 0.13125 0.01640625 0.02638888888888889
1 0.194921875 0.80625 0.0171875 0.022222222222222223
1 0.169140625 0.6576388888888889 0.01640625 0.027777777777777776
1 0.183984375 0.6881944444444444 0.0296875 0.05277777777777778
1 0.16875 0.5868055555555556 0.01875 0.029166666666666667
1 0.223828125 0.6055555555555555 0.0234375 0.03888888888888889
1 0.161328125 0.5236111111111111 0.01640625 0.034722222222222224
1 0.517578125 0.7472222222222222 0.009375 0.018055555555555554
1 0.63203125 0.7576388888888889 0.01328125 0.020833333333333332
1 0.683984375 0.7833333333333333 0.01015625 0.034722222222222224
1 0.732421875 0.7215277777777778 0.028125 0.029166666666666667
1 0.54921875 0.10208333333333333 0.03359375 0.06111111111111111
1 0.933984375 0.8055555555555556 0.00703125 0.0125
1 0.85234375 0.9444444444444444 0.0125 0.013888888888888888
1 0.611328125 0.9902777777777778 0.0203125 0.019444444444444445
1 0.428515625 0.5569444444444445 0.01015625 0.019444444444444445
1 0.219921875 0.7423611111111111 0.01875 0.029166666666666667
1 0.089453125 0.7236111111111111 0.01640625 0.03194444444444444
1 0.65546875 0.5798611111111112 0.02421875 0.029166666666666667
1 0.600390625 0.3770833333333333 0.02734375 0.04861111111111111
1 0.62734375 0.35625 0.015625 0.022222222222222223
1 0.6609375 0.35555555555555557 0.028125 0.03611111111111111
1 0.64375 0.40694444444444444 0.01796875 0.034722222222222224
1 0.755078125 0.425 0.021875 0.04027777777777778
1 0.808984375 0.44027777777777777 0.0515625 0.08194444444444444
1 0.785546875 0.4965277777777778 0.01875 0.05138888888888889
1 0.771875 0.5423611111111111 0.01953125 0.030555555555555555
1 0.73515625 0.5604166666666667 0.02109375 0.03333333333333333
1 0.507421875 0.2569444444444444 0.04140625 0.11527777777777778
1 0.44296875 0.12430555555555556 0.01796875 0.027777777777777776
1 0.91796875 0.08194444444444444 0.0140625 0.019444444444444445
1 0.554296875 0.007638888888888889 0.0109375 0.015277777777777777
1 0.870703125 0.35833333333333334 0.01171875 0.03194444444444444
1 0.9359375 0.9347222222222222 0.0140625 0.03194444444444444
1 0.464453125 0.15902777777777777 0.02109375 0.03888888888888889
1 0.45234375 0.2013888888888889 0.01015625 0.013888888888888888
1 0.36015625 0.1486111111111111 0.02421875 0.04027777777777778
1 0.320703125 0.1361111111111111 0.01640625 0.029166666666666667
1 0.421875 0.04375 0.0375 0.04861111111111111
1 0.41796875 0.006944444444444444 0.01484375 0.013888888888888888
1 0.461328125 0.011111111111111112 0.01640625 0.022222222222222223
1 0.52890625 0.02847222222222222 0.02265625 0.05694444444444444
1 0.583984375 0.14791666666666667 0.02578125 0.06111111111111111
1 0.646484375 0.15486111111111112 0.02890625 0.06944444444444445
1 0.5984375 0.28680555555555554 0.0359375 0.06805555555555555
1 0.659765625 0.2590277777777778 0.0234375 0.05694444444444444
1 0.55546875 0.3090277777777778 0.01171875 0.016666666666666666
1 0.605078125 0.5506944444444445 0.01484375 0.02361111111111111
1 0.425390625 0.5083333333333333 0.04375 0.06527777777777778
1 0.4546875 0.5486111111111112 0.021875 0.03333333333333333
1 0.344140625 0.8111111111111111 0.01953125 0.029166666666666667
1 0.3734375 0.7847222222222222 0.01953125 0.02638888888888889
1 0.120703125 0.9166666666666666 0.01171875 0.02361111111111111
1 0.29375 0.4798611111111111 0.01484375 0.019444444444444445
1 0.805078125 0.7590277777777777 0.015625 0.025
1 0.834375 0.8152777777777778 0.01875 0.034722222222222224
1 0.818359375 0.7347222222222223 0.02890625 0.044444444444444446
1 0.803125 0.6826388888888889 0.025 0.05138888888888889
1 0.84453125 0.6423611111111112 0.01328125 0.027777777777777776
1 0.855859375 0.66875 0.01328125 0.02361111111111111
1 0.9109375 0.775 0.01953125 0.03888888888888889
1 0.880078125 0.9118055555555555 0.015625 0.030555555555555555
1 0.990234375 0.9881944444444445 0.0171875 0.02361111111111111
1 0.957421875 0.9430555555555555 0.0109375 0.02361111111111111
1 0.83046875 0.5798611111111112 0.01484375 0.02638888888888889
1 0.869921875 0.5229166666666667 0.0140625 0.029166666666666667
1 0.90859375 0.5354166666666667 0.01953125 0.027777777777777776
1 0.902734375 0.45416666666666666 0.03359375 0.0625
1 0.992578125 0.4097222222222222 0.01484375 0.05
1 0.719921875 0.25416666666666665 0.04453125 0.06805555555555555
1 0.7625 0.21736111111111112 0.02890625 0.06388888888888888
1 0.8046875 0.225 0.01796875 0.034722222222222224
1 0.696484375 0.1840277777777778 0.015625 0.03333333333333333
1 0.66953125 0.03819444444444445 0.03671875 0.0763888888888889
1 0.8078125 0.09722222222222222 0.02734375 0.05694444444444444
1 0.8328125 0.09444444444444444 0.0109375 0.019444444444444445
1 0.7828125 0.08819444444444445 0.01015625 0.02361111111111111
1 0.850390625 0.20902777777777778 0.0125 0.020833333333333332
1 0.857421875 0.25972222222222224 0.0234375 0.03888888888888889
1 0.8765625 0.1625 0.0375 0.07777777777777778