1 0.23671875 0.5635416666666667 0.021875 0.020833333333333332
1 0.4765625 0.496875 0.0515625 0.058333333333333334
1 0.29609375 0.43854166666666666 0.021875 0.03125
1 0.2796875 0.46875 0.015625 0.025
1 0.33671875 0.5677083333333334 0.025 0.025
1 0.2546875 0.6166666666666667 0.0171875 0.029166666666666667
1 0.24296875 0.6739583333333333 0.0125 0.025
1 0.290625 0.659375 0.0234375 0.029166666666666667
1 0.2859375 0.7104166666666667 0.025 0.029166666666666667
1 0.32890625 0.628125 0.0125 0.020833333333333332
1 0.34921875 0.6177083333333333 0.021875 0.029166666666666667
1 0.52578125 0.378125 0.05 0.03333333333333333
1 0.4296875 0.5197916666666667 0.025 0.025
1 0.625 0.515625 0.10625 0.05625
1 0.68515625 0.46458333333333335 0.0296875 0.03958333333333333
1 0.78828125 0.36666666666666664 0.028125 0.03958333333333333
1 0.7828125 0.315625 0.0203125 0.03958333333333333
1 0.6015625 0.175 0.03125 0.022916666666666665
1 0.68359375 0.16145833333333334 0.025 0.020833333333333332
1 0.7125 0.06875 0.025 0.029166666666666667
1 0.66328125 0.309375 0.021875 0.020833333333333332
1 0.60859375 0.5989583333333334 0.025 0.05625
1 0.74296875 0.8041666666666667 0.0703125 0.1
1 0.6234375 0.6604166666666667 0.0171875 0.025
1 0.93125 0.7916666666666666 0.028125 0.03333333333333333
1 0.609375 0.91875 0.0375 0.020833333333333332
1 0.63046875 0.8895833333333333 0.0328125 0.04375
0 0.415625 0.03958333333333333 0.11875 0.07916666666666666
0 0.45625 0.25 0.1203125 0.42083333333333334
0 0.46484375 0.6520833333333333 0.121875 0.25833333333333336
0 0.471875 0.83125 0.0859375 0.2708333333333333
0 0.428125 0.959375 0.121875 0.08125
1 0.33984375 0.115625 0.0234375 0.03958333333333333
1 0.46640625 0.14895833333333333 0.0421875 0.052083333333333336
1 0.50390625 0.06041666666666667 0.0453125 0.07083333333333333
1 0.5125 0.13125 0.0296875 0.0375
1 0.66796875 0.008333333333333333 0.025 0.016666666666666666
1 0.37734375 0.14479166666666668 0.009375 0.025
1 0.440625 0.8895833333333333 0.0421875 0.029166666666666667
1 0.50390625 0.784375 0.0234375 0.03333333333333333
1 0.35625 0.8072916666666666 0.01875 0.027083333333333334
1 0.5296875 0.18125 0.0234375 0.029166666666666667
1 0.578125 0.025 0.0234375 0.029166666666666667
1 0.5828125 0.1375 0.0203125 0.027083333333333334
1 0.20859375 0.196875 0.0578125 0.058333333333333334
1 0.6859375 0.7489583333333333 0.0234375 0.03125
1 0.58125 0.6541666666666667 0.0171875 0.03125
1 0.98671875 0.45 0.0265625 0.04375
1 0.465625 0.44895833333333335 0.0140625 0.027083333333333334
1 0.65859375 0.3572916666666667 0.0203125 0.052083333333333336
1 0.51015625 0.31145833333333334 0.0359375 0.03958333333333333
1 0.32578125 0.515625 0.0125 0.016666666666666666