1 0.04453125 0.7645833333333333 0.0171875 0.03888888888888889
1 0.9515625 0.11805555555555555 0.0171875 0.029166666666666667
1 0.602734375 0.30069444444444443 0.01484375 0.03194444444444444
1 0.681640625 0.5791666666666667 0.02265625 0.04027777777777778
1 0.848828125 0.20694444444444443 0.01171875 0.022222222222222223
1 0.683203125 0.9006944444444445 0.01875 0.029166666666666667
1 0.8609375 0.8 0.02265625 0.030555555555555555
1 0.65859375 0.2659722222222222 0.01328125 0.02361111111111111
1 0.20078125 0.7680555555555556 0.0171875 0.02638888888888889
0 0.11484375 0.9611111111111111 0.1 0.07083333333333333
1 0.925390625 0.4125 0.0171875 0.03194444444444444
1 0.841015625 0.1 0.01796875 0.027777777777777776
1 0.006640625 0.5236111111111111 0.01328125 0.06388888888888888
1 0.847265625 0.47291666666666665 0.0125 0.019444444444444445
1 0.894140625 0.35625 0.015625 0.03194444444444444
1 0.40703125 0.4270833333333333 0.01171875 0.025
1 0.546484375 0.41180555555555554 0.01484375 0.022222222222222223
1 0.709375 0.46041666666666664 0.0125 0.02638888888888889
1 0.017578125 0.5597222222222222 0.01640625 0.043055555555555555
0 0.53046875 0.008333333333333333 0.05390625 0.016666666666666666
1 0.039453125 0.10416666666666667 0.02265625 0.025
1 0.1 0.4666666666666667 0.01015625 0.03333333333333333
1 0.490625 0.08472222222222223 0.03359375 0.08055555555555556
1 0.86015625 0.39444444444444443 0.028125 0.06111111111111111
0 0.163671875 0.8645833333333334 0.0484375 0.21805555555555556
1 0.869140625 0.7402777777777778 0.03359375 0.07777777777777778
0 0.600390625 0.7979166666666667 0.20390625 0.31666666666666665
1 0.98125 0.26805555555555555 0.0375 0.08055555555555556
1 0.734765625 0.7256944444444444 0.02109375 0.05416666666666667
1 0.921875 0.08263888888888889 0.025 0.043055555555555555
1 0.8203125 0.5166666666666667 0.03046875 0.07361111111111111
1 0.66015625 0.7048611111111112 0.01796875 0.027777777777777776
1 0.953125 0.5944444444444444 0.0234375 0.0375
1 0.211328125 0.3854166666666667 0.06875 0.125
0 0.62109375 0.20694444444444443 0.21328125 0.41388888888888886
0 0.591796875 0.6361111111111111 0.18359375 0.3888888888888889
1 0.146875 0.44305555555555554 0.02265625 0.06388888888888888
1 0.17109375 0.059027777777777776 0.02421875 0.08333333333333333
1 0.7453125 0.5840277777777778 0.02890625 0.0763888888888889
1 0.89140625 0.47291666666666665 0.0234375 0.03333333333333333
1 0.559375 0.30486111111111114 0.01953125 0.04027777777777778
1 0.259375 0.03958333333333333 0.0171875 0.034722222222222224
0 0.103515625 0.4444444444444444 0.1875 0.4125
0 0.063671875 0.15347222222222223 0.12734375 0.30694444444444446
1 0.989453125 0.11527777777777778 0.01640625 0.03333333333333333
1 0.073046875 0.24166666666666667 0.02578125 0.058333333333333334
1 0.5953125 0.06041666666666667 0.021875 0.044444444444444446
1 0.75390625 0.18611111111111112 0.0265625 0.03888888888888889
1 0.91875 0.24930555555555556 0.03359375 0.06666666666666667
1 0.283203125 0.8583333333333333 0.01640625 0.03888888888888889
1 0.089453125 0.75 0.03984375 0.075
1 0.117578125 0.9173611111111111 0.0203125 0.0375
1 0.20078125 0.16041666666666668 0.01953125 0.05
1 0.980859375 0.8625 0.03359375 0.05138888888888889
1 0.20078125 0.55 0.02578125 0.05555555555555555
1 0.7046875 0.5152777777777777 0.021875 0.03611111111111111
0 0.071875 0.6069444444444444 0.14375 0.3875
0 0.6375 0.9604166666666667 0.1125 0.07361111111111111
1 0.099609375 0.8291666666666667 0.02578125 0.04027777777777778
0 0.62890625 0.3472222222222222 0.07734375 0.5597222222222222
1 0.051953125 0.23055555555555557 0.02421875 0.04861111111111111
1 0.03671875 0.27847222222222223 0.04140625 0.04027777777777778
1 0.088671875 0.6770833333333334 0.02421875 0.04583333333333333
1 0.6859375 0.7666666666666667 0.02578125 0.044444444444444446
1 0.70234375 0.9319444444444445 0.0203125 0.03611111111111111
1 0.991796875 0.6736111111111112 0.0125 0.04861111111111111
1 0.94296875 0.16319444444444445 0.01875 0.03333333333333333
1 0.137109375 0.58125 0.02265625 0.04583333333333333
1 0.212890625 0.6520833333333333 0.02109375 0.0375
1 0.26953125 0.2673611111111111 0.02734375 0.04027777777777778
1 0.73671875 0.15208333333333332 0.01796875 0.029166666666666667
1 0.695703125 0.44375 0.01953125 0.04583333333333333
1 0.69609375 0.3215277777777778 0.0203125 0.03333333333333333
1 0.7046875 0.56875 0.01953125 0.03333333333333333
1 0.54375 0.06666666666666667 0.0296875 0.04861111111111111
1 0.220703125 0.45902777777777776 0.0296875 0.05694444444444444
1 0.248828125 0.40208333333333335 0.01640625 0.02638888888888889
1 0.259375 0.32916666666666666 0.02734375 0.06388888888888888
1 0.20546875 0.2875 0.01015625 0.02361111111111111
1 0.2265625 0.2951388888888889 0.0328125 0.05694444444444444
1 0.262890625 0.40208333333333335 0.01171875 0.02638888888888889
1 0.25859375 0.3701388888888889 0.01015625 0.015277777777777777
1 0.271875 0.3798611111111111 0.01015625 0.013888888888888888
1 0.95703125 0.25416666666666665 0.0109375 0.018055555555555554
1 0.842578125 0.7465277777777778 0.0109375 0.016666666666666666