1 0.909765625 0.9659722222222222 0.01328125 0.025
1 0.248828125 0.6166666666666667 0.02421875 0.043055555555555555
1 0.329296875 0.3972222222222222 0.01484375 0.03333333333333333
1 0.665234375 0.9069444444444444 0.015625 0.022222222222222223
1 0.83984375 0.8631944444444445 0.01640625 0.03194444444444444
1 0.98828125 0.8854166666666666 0.0234375 0.05694444444444444
1 0.830859375 0.7458333333333333 0.01484375 0.029166666666666667
1 0.248046875 0.32222222222222224 0.025 0.05
1 0.16328125 0.1986111111111111 0.01796875 0.02638888888888889
1 0.087109375 0.09236111111111112 0.025 0.04027777777777778
1 0.036328125 0.14166666666666666 0.04765625 0.05277777777777778
1 0.193359375 0.17569444444444443 0.02109375 0.029166666666666667
1 0.762109375 0.7611111111111111 0.04765625 0.05555555555555555
1 0.626953125 0.7097222222222223 0.015625 0.03611111111111111
1 0.713671875 0.7805555555555556 0.03203125 0.03611111111111111
1 0.762890625 0.9013888888888889 0.028125 0.075
1 0.885546875 0.9881944444444445 0.0125 0.015277777777777777
1 0.9734375 0.9715277777777778 0.053125 0.05694444444444444
1 0.29296875 0.9555555555555556 0.0171875 0.020833333333333332
1 0.270703125 0.9173611111111111 0.0203125 0.02361111111111111
1 0.52109375 0.9090277777777778 0.0234375 0.03888888888888889
1 0.154296875 0.925 0.03046875 0.05277777777777778
1 0.085546875 0.9006944444444445 0.0203125 0.029166666666666667
1 0.644921875 0.4479166666666667 0.01328125 0.027777777777777776
1 0.094921875 0.7430555555555556 0.03125 0.05694444444444444
1 0.297265625 0.7222222222222222 0.01953125 0.029166666666666667
1 0.230859375 0.7840277777777778 0.02578125 0.044444444444444446
1 0.17265625 0.7826388888888889 0.03515625 0.06111111111111111
1 0.3984375 0.70625 0.0234375 0.03333333333333333
1 0.351171875 0.28055555555555556 0.0125 0.027777777777777776
1 0.3515625 0.5041666666666667 0.01484375 0.08333333333333333
1 0.25859375 0.7027777777777777 0.028125 0.027777777777777776
1 0.192578125 0.025694444444444443 0.02890625 0.05138888888888889
1 0.0671875 0.4513888888888889 0.040625 0.06527777777777778
1 0.12421875 0.42083333333333334 0.0234375 0.08194444444444444
1 0.820703125 0.84375 0.021875 0.03194444444444444
1 0.632421875 0.3486111111111111 0.01484375 0.025
1 0.26015625 0.46875 0.01640625 0.0375
1 0.239453125 0.40555555555555556 0.01640625 0.029166666666666667
0 0.140625 0.9833333333333333 0.00859375 0.03333333333333333
1 0.229296875 0.2375 0.03671875 0.08611111111111111
1 0.2625 0.18888888888888888 0.02578125 0.041666666666666664
1 0.652734375 0.07569444444444444 0.01953125 0.030555555555555555
1 0.537890625 0.38125 0.01015625 0.022222222222222223
1 0.49375 0.16805555555555557 0.02890625 0.044444444444444446
1 0.61796875 0.1597222222222222 0.015625 0.04722222222222222
1 0.844921875 0.9847222222222223 0.04140625 0.030555555555555555
1 0.541796875 0.49027777777777776 0.01484375 0.03194444444444444
1 0.98828125 0.8 0.0234375 0.022222222222222223
1 0.143359375 0.6194444444444445 0.01875 0.03611111111111111
1 0.59609375 0.8909722222222223 0.01171875 0.016666666666666666
1 0.46953125 0.8923611111111112 0.01953125 0.019444444444444445
1 0.13046875 0.5652777777777778 0.01796875 0.04027777777777778
1 0.20390625 0.6881944444444444 0.02578125 0.04861111111111111
1 0.143359375 0.7777777777777778 0.0265625 0.043055555555555555
1 0.47890625 0.9576388888888889 0.0125 0.027777777777777776
1 0.394921875 0.39305555555555555 0.0203125 0.05138888888888889
1 0.542578125 0.17291666666666666 0.0359375 0.0375
1 0.551171875 0.30277777777777776 0.06953125 0.10694444444444444
1 0.57734375 0.42986111111111114 0.01484375 0.02638888888888889
1 0.49375 0.41041666666666665 0.0328125 0.044444444444444446
1 0.2984375 0.8145833333333333 0.034375 0.07222222222222222
1 0.0265625 0.7638888888888888 0.01328125 0.022222222222222223
1 0.51484375 0.65625 0.0390625 0.09027777777777778
1 0.126171875 0.8243055555555555 0.0328125 0.06111111111111111
1 0.573828125 0.6979166666666666 0.01796875 0.043055555555555555
1 0.15078125 0.8229166666666666 0.01875 0.03194444444444444
1 0.6328125 0.84375 0.0203125 0.022222222222222223
1 0.545703125 0.9784722222222222 0.01875 0.020833333333333332
1 0.940625 0.9319444444444445 0.02265625 0.03611111111111111
1 0.04609375 0.8256944444444444 0.0203125 0.02361111111111111
1 0.062890625 0.9840277777777777 0.02421875 0.03194444444444444
1 0.5 0.5444444444444444 0.0296875 0.043055555555555555
1 0.98359375 0.4534722222222222 0.015625 0.02638888888888889
1 0.96484375 0.5673611111111111 0.0234375 0.0375
1 0.883984375 0.48194444444444445 0.02578125 0.03333333333333333
1 0.703515625 0.5131944444444444 0.025 0.044444444444444446
1 0.705859375 0.45555555555555555 0.01640625 0.02638888888888889
1 0.653515625 0.9444444444444444 0.0203125 0.04722222222222222
1 0.69765625 0.5569444444444445 0.0203125 0.0375
1 0.866796875 0.6465277777777778 0.0203125 0.029166666666666667
1 0.61875 0.6270833333333333 0.059375 0.06666666666666667
1 0.76796875 0.6715277777777777 0.01875 0.03194444444444444
1 0.6578125 0.6701388888888888 0.03046875 0.059722222222222225
1 0.912890625 0.6388888888888888 0.02734375 0.04027777777777778
1 0.990625 0.6777777777777778 0.0140625 0.020833333333333332
1 0.927734375 0.7416666666666667 0.05390625 0.08333333333333333
1 0.88203125 0.6715277777777777 0.01015625 0.027777777777777776
1 0.074609375 0.6784722222222223 0.02109375 0.029166666666666667
1 0.067578125 0.7881944444444444 0.025 0.03333333333333333
1 0.745703125 0.6541666666666667 0.01328125 0.015277777777777777
1 0.808984375 0.5854166666666667 0.0125 0.020833333333333332
1 0.829296875 0.6055555555555555 0.01640625 0.034722222222222224
1 0.98515625 0.2916666666666667 0.0296875 0.0875
1 0.94140625 0.006944444444444444 0.01171875 0.013888888888888888
1 0.91640625 0.3958333333333333 0.0234375 0.04722222222222222
1 0.791015625 0.4673611111111111 0.06484375 0.10833333333333334
0 0.11328125 0.6618055555555555 0.2265625 0.2263888888888889
0 0.68125 0.24444444444444444 0.1421875 0.18472222222222223
1 0.846875 0.41180555555555554 0.04296875 0.08194444444444444
1 0.890625 0.38055555555555554 0.02109375 0.05
0 0.121484375 0.2777777777777778 0.24296875 0.2013888888888889
1 0.666796875 0.02013888888888889 0.03515625 0.0375
0 0.614453125 0.1111111111111111 0.209375 0.1527777777777778
1 0.987109375 0.13680555555555557 0.02578125 0.06944444444444445
0 0.669140625 0.8819444444444444 0.1625 0.2361111111111111
0 0.15078125 0.13125 0.12265625 0.2625
1 0.6671875 0.19652777777777777 0.0203125 0.03333333333333333
1 0.88203125 0.013888888888888888 0.015625 0.025
1 0.883984375 0.10277777777777777 0.05625 0.1111111111111111
1 0.7078125 0.35555555555555557 0.04140625 0.1597222222222222
1 0.71953125 0.2659722222222222 0.01875 0.025
1 0.701171875 0.05 0.040625 0.075
0 0.6125 0.12986111111111112 0.0875 0.25972222222222224
1 0.751171875 0.006944444444444444 0.025 0.013888888888888888
1 0.8171875 0.03819444444444445 0.065625 0.0763888888888889
0 0.64375 0.55 0.259375 0.3888888888888889
0 0.105078125 0.42986111111111114 0.2015625 0.33194444444444443
1 0.965234375 0.11875 0.0203125 0.04722222222222222
1 0.83828125 0.12083333333333333 0.0328125 0.07083333333333333
1 0.77109375 0.3236111111111111 0.02421875 0.04583333333333333
1 0.811328125 0.3576388888888889 0.01484375 0.025
1 0.923828125 0.26180555555555557 0.0296875 0.04583333333333333
1 0.909375 0.3111111111111111 0.0203125 0.03888888888888889
1 0.727734375 0.11527777777777778 0.03359375 0.05
1 0.783984375 0.16805555555555557 0.065625 0.1125
1 0.896484375 0.9 0.02265625 0.03611111111111111
1 0.90546875 0.04097222222222222 0.01640625 0.022222222222222223
1 0.952734375 0.2048611111111111 0.04296875 0.08611111111111111
1 0.6546875 0.16666666666666666 0.0203125 0.022222222222222223
1 0.996484375 0.2125 0.00703125 0.015277777777777777
1 0.908984375 0.011111111111111112 0.0203125 0.022222222222222223
1 0.8734375 0.8770833333333333 0.01953125 0.044444444444444446
1 0.681640625 0.7972222222222223 0.03125 0.04027777777777778
1 0.148046875 0.39375 0.015625 0.027777777777777776
1 0.16875 0.3763888888888889 0.02265625 0.04027777777777778