1 0.0171875 0.45729166666666665 0.01875 0.025
1 0.16796875 0.2677083333333333 0.0390625 0.035416666666666666
1 0.2453125 0.20833333333333334 0.021875 0.025
1 0.284375 0.21875 0.025 0.035416666666666666
1 0.26796875 0.13229166666666667 0.0203125 0.04791666666666667
1 0.02265625 0.059375 0.0453125 0.06041666666666667
1 0.93046875 0.09375 0.0125 0.01875
1 0.46875 0.8572916666666667 0.0140625 0.020833333333333332
1 0.13046875 0.6083333333333333 0.015625 0.022916666666666665
1 0.9875 0.171875 0.025 0.01875
1 0.9109375 0.041666666666666664 0.03125 0.03125
1 0.7109375 0.008333333333333333 0.0265625 0.016666666666666666
1 0.64453125 0.010416666666666666 0.0125 0.020833333333333332
1 0.4875 0.08229166666666667 0.0234375 0.0375
1 0.6296875 0.06145833333333333 0.04375 0.05625
1 0.4046875 0.38125 0.0234375 0.035416666666666666
1 0.1875 0.9041666666666667 0.025 0.04375
1 0.1296875 0.9041666666666667 0.040625 0.04583333333333333
1 0.5234375 0.9677083333333333 0.0375 0.04375
1 0.64375 0.9822916666666667 0.015625 0.016666666666666666
1 0.61640625 0.9489583333333333 0.0671875 0.05625
1 0.571875 0.8458333333333333 0.04375 0.05
1 0.584375 0.7677083333333333 0.021875 0.04583333333333333
1 0.403125 0.7114583333333333 0.0328125 0.035416666666666666
1 0.5375 0.7239583333333334 0.028125 0.052083333333333336
1 0.55546875 0.6177083333333333 0.0453125 0.03958333333333333
1 0.5265625 0.5135416666666667 0.0234375 0.0375
1 0.3765625 0.6854166666666667 0.0296875 0.025
1 0.45078125 0.5604166666666667 0.0296875 0.04375
1 0.40390625 0.621875 0.0375 0.025
1 0.41171875 0.5895833333333333 0.040625 0.025
1 0.121875 0.453125 0.059375 0.06458333333333334
1 0.175 0.50625 0.028125 0.041666666666666664
1 0.221875 0.5791666666666667 0.0578125 0.09166666666666666
1 0.54765625 0.28229166666666666 0.0609375 0.13958333333333334
1 0.95859375 0.346875 0.0328125 0.0375
1 0.93125 0.40729166666666666 0.0171875 0.025
1 0.84140625 0.38125 0.01875 0.035416666666666666
1 0.8375 0.409375 0.021875 0.020833333333333332
1 0.721875 0.325 0.009375 0.01875
1 0.7875 0.34479166666666666 0.0265625 0.029166666666666667
1 0.68359375 0.47708333333333336 0.0328125 0.04375
1 0.6578125 0.43645833333333334 0.015625 0.022916666666666665
1 0.10546875 0.28229166666666666 0.0125 0.020833333333333332
1 0.58203125 0.45729166666666665 0.0375 0.05
1 0.44453125 0.9822916666666667 0.0140625 0.035416666666666666
1 0.02421875 0.965625 0.025 0.035416666666666666
1 0.053125 0.8708333333333333 0.046875 0.06041666666666667
1 0.0375 0.8041666666666667 0.0234375 0.01875
1 0.040625 0.7739583333333333 0.01875 0.01875
1 0.4921875 0.878125 0.0125 0.022916666666666665
1 0.6234375 0.6541666666666667 0.046875 0.04583333333333333
1 0.68203125 0.671875 0.0484375 0.04375
1 0.7546875 0.70625 0.0140625 0.020833333333333332
0 0.39453125 0.04479166666666667 0.0875 0.08958333333333333
0 0.41796875 0.22291666666666668 0.14375 0.20208333333333334
0 0.409375 0.453125 0.1828125 0.10416666666666667
0 0.4015625 0.746875 0.2203125 0.25625
0 0.3796875 0.96875 0.0296875 0.0625
1 0.99609375 0.58125 0.0078125 0.025
1 0.99453125 0.50625 0.0109375 0.06041666666666667
1 0.9296875 0.5166666666666667 0.03125 0.0375
1 0.8875 0.5239583333333333 0.025 0.05625
1 0.83515625 0.7791666666666667 0.03125 0.03958333333333333
1 0.8875 0.7979166666666667 0.0296875 0.035416666666666666
1 0.00625 0.6833333333333333 0.0125 0.03333333333333333
1 0.75546875 0.965625 0.0140625 0.035416666666666666
1 0.7984375 0.9427083333333334 0.0265625 0.022916666666666665
1 0.028125 0.41458333333333336 0.0421875 0.041666666666666664
1 0.8921875 0.9447916666666667 0.0125 0.029166666666666667
1 0.87265625 0.6770833333333334 0.01875 0.025
1 0.99140625 0.8010416666666667 0.0171875 0.0375