1 0.423046875 0.025694444444444443 0.03359375 0.04027777777777778
1 0.82578125 0.28680555555555554 0.01796875 0.03333333333333333
1 0.765234375 0.4131944444444444 0.0109375 0.04027777777777778
1 0.810546875 0.33611111111111114 0.015625 0.03194444444444444
1 0.61953125 0.1597222222222222 0.07265625 0.125
1 0.49609375 0.46041666666666664 0.0203125 0.03611111111111111
0 0.11640625 0.04375 0.21015625 0.0763888888888889
1 0.671875 0.38819444444444445 0.03203125 0.06944444444444445
1 0.6625 0.7993055555555556 0.01484375 0.027777777777777776
1 0.6109375 0.8298611111111112 0.0203125 0.03888888888888889
1 0.69140625 0.3138888888888889 0.0171875 0.044444444444444446
1 0.68515625 0.4527777777777778 0.01875 0.03888888888888889
1 0.05234375 0.2048611111111111 0.02578125 0.0375
1 0.20625 0.2569444444444444 0.02578125 0.05138888888888889
0 0.079296875 0.2263888888888889 0.1578125 0.45
0 0.097265625 0.5451388888888888 0.1921875 0.26944444444444443
0 0.594921875 0.3076388888888889 0.2078125 0.2986111111111111
0 0.68046875 0.5215277777777778 0.26640625 0.32916666666666666
0 0.648046875 0.9305555555555556 0.1078125 0.13194444444444445
1 0.704296875 0.2076388888888889 0.07109375 0.13194444444444445
1 0.48984375 0.06111111111111111 0.0140625 0.02361111111111111
1 0.519140625 0.15694444444444444 0.02421875 0.058333333333333334
1 0.8671875 0.19027777777777777 0.025 0.03888888888888889
1 0.861328125 0.12986111111111112 0.01328125 0.03611111111111111
1 0.8828125 0.034027777777777775 0.02578125 0.04583333333333333
1 0.809375 0.04791666666666667 0.01484375 0.027777777777777776
1 0.891015625 0.6756944444444445 0.0453125 0.0625
1 0.72421875 0.6784722222222223 0.01484375 0.03611111111111111
1 0.71015625 0.7916666666666666 0.0171875 0.02361111111111111
1 0.490625 0.7548611111111111 0.1625 0.21666666666666667
1 0.4265625 0.5625 0.02109375 0.058333333333333334
1 0.53359375 0.4965277777777778 0.02265625 0.05555555555555555
1 0.224609375 0.6368055555555555 0.02265625 0.04861111111111111
1 0.165625 0.7444444444444445 0.03671875 0.05
1 0.205859375 0.8236111111111111 0.02890625 0.04861111111111111
1 0.18828125 0.51875 0.021875 0.05
1 0.212890625 0.4270833333333333 0.025 0.05138888888888889