1 0.68671875 0.24791666666666667 0.0296875 0.041666666666666664
1 0.5921875 0.484375 0.015625 0.025
1 0.5375 0.4395833333333333 0.0265625 0.020833333333333332
1 0.5109375 0.38229166666666664 0.025 0.03125
1 0.41796875 0.371875 0.015625 0.016666666666666666
1 0.23671875 0.18020833333333333 0.0265625 0.03125
1 0.2625 0.275 0.0296875 0.025
1 0.3796875 0.609375 0.034375 0.05625
1 0.07578125 0.3260416666666667 0.04375 0.052083333333333336
1 0.11953125 0.7239583333333334 0.015625 0.022916666666666665
1 0.07890625 0.65 0.0125 0.020833333333333332
1 0.04609375 0.478125 0.0390625 0.04375
1 0.5875 0.7177083333333333 0.0296875 0.041666666666666664
1 0.63046875 0.13333333333333333 0.0171875 0.027083333333333334
1 0.41328125 0.30520833333333336 0.0265625 0.029166666666666667
0 0.4625 0.26875 0.1578125 0.13333333333333333
0 0.4921875 0.4791666666666667 0.0515625 0.28958333333333336
0 0.50390625 0.7489583333333333 0.14375 0.26875
0 0.46015625 0.9541666666666667 0.0375 0.09166666666666666
1 0.11953125 0.03854166666666667 0.015625 0.014583333333333334
1 0.178125 0.1375 0.0203125 0.020833333333333332
1 0.83671875 0.05520833333333333 0.0140625 0.020833333333333332
1 0.73125 0.09270833333333334 0.01875 0.027083333333333334
1 0.71171875 0.05 0.0296875 0.041666666666666664
1 0.6171875 0.07916666666666666 0.0171875 0.0375
1 0.85234375 0.9916666666666667 0.0203125 0.016666666666666666
1 0.153125 0.41354166666666664 0.0234375 0.025
1 0.1859375 0.6166666666666667 0.0265625 0.04791666666666667
1 0.42421875 0.9552083333333333 0.0328125 0.058333333333333334
1 0.70546875 0.7291666666666666 0.0140625 0.014583333333333334
1 0.20390625 0.409375 0.0171875 0.020833333333333332
1 0.2953125 0.40625 0.0390625 0.04791666666666667
1 0.60234375 0.590625 0.0265625 0.0375
1 0.63515625 0.6385416666666667 0.04375 0.052083333333333336
1 0.84296875 0.75625 0.0171875 0.025
1 0.9609375 0.86875 0.0234375 0.020833333333333332
1 0.80625 0.99375 0.0203125 0.0125
1 0.61171875 0.175 0.0203125 0.022916666666666665