1 0.940625 0.034027777777777775 0.028125 0.04583333333333333
1 0.8109375 0.95 0.01875 0.027777777777777776
1 0.9046875 0.5840277777777778 0.03515625 0.06805555555555555
1 0.95390625 0.39166666666666666 0.04453125 0.07777777777777778
1 0.596875 0.03680555555555556 0.0484375 0.07083333333333333
1 0.7546875 0.9243055555555556 0.02734375 0.05555555555555555
1 0.90546875 0.6645833333333333 0.03359375 0.06527777777777778
1 0.963671875 0.9819444444444444 0.02109375 0.03333333333333333
1 0.90234375 0.9763888888888889 0.025 0.043055555555555555
1 0.219140625 0.35138888888888886 0.025 0.05
1 0.258203125 0.3298611111111111 0.01796875 0.03194444444444444
1 0.855859375 0.5972222222222222 0.0328125 0.05138888888888889
1 0.47890625 0.88125 0.01328125 0.027777777777777776
1 0.231640625 0.9006944444444445 0.01484375 0.030555555555555555
1 0.5671875 0.5340277777777778 0.01484375 0.030555555555555555
0 0.139453125 0.7784722222222222 0.18515625 0.30972222222222223
1 0.83125 0.6368055555555555 0.01875 0.03888888888888889
1 0.6296875 0.6277777777777778 0.0265625 0.04027777777777778
0 0.69296875 0.9354166666666667 0.1953125 0.12638888888888888
1 0.1078125 0.7541666666666667 0.021875 0.030555555555555555
1 0.674609375 0.5458333333333333 0.03046875 0.05555555555555555
1 0.86171875 0.29097222222222224 0.0234375 0.04861111111111111
1 0.65 0.6083333333333333 0.0296875 0.058333333333333334
1 0.20390625 0.05347222222222222 0.01640625 0.034722222222222224
1 0.909375 0.8444444444444444 0.02109375 0.043055555555555555
1 0.2484375 0.6298611111111111 0.0203125 0.034722222222222224
1 0.849609375 0.7145833333333333 0.028125 0.059722222222222225
1 0.175 0.1125 0.0421875 0.05416666666666667
1 0.953125 0.30694444444444446 0.03203125 0.059722222222222225
0 0.108203125 0.2861111111111111 0.21640625 0.17916666666666667
0 0.134765625 0.13958333333333334 0.14375 0.2791666666666667
0 0.601953125 0.11388888888888889 0.1359375 0.22777777777777777
0 0.692578125 0.2604166666666667 0.17109375 0.5208333333333334
1 0.827734375 0.8555555555555555 0.0453125 0.0875
0 0.1375 0.41458333333333336 0.16484375 0.5388888888888889
0 0.120703125 0.9 0.21796875 0.19444444444444445
1 0.9734375 0.59375 0.028125 0.05555555555555555
0 0.66875 0.6618055555555555 0.1359375 0.4847222222222222
1 0.77890625 0.7645833333333333 0.0375 0.10555555555555556
1 0.671484375 0.052083333333333336 0.0171875 0.03194444444444444
1 0.25234375 0.40902777777777777 0.02109375 0.041666666666666664
1 0.753515625 0.48125 0.0203125 0.03194444444444444
1 0.395703125 0.8479166666666667 0.0171875 0.05416666666666667
1 0.986328125 0.2513888888888889 0.02265625 0.04583333333333333
1 0.61640625 0.2423611111111111 0.021875 0.041666666666666664
1 0.9140625 0.33055555555555555 0.021875 0.0375
1 0.74296875 0.4201388888888889 0.0328125 0.07083333333333333