1 0.803125 0.6416666666666667 0.01875 0.01875
0 0.48671875 0.13229166666666667 0.21875 0.2625
0 0.5609375 0.43020833333333336 0.3765625 0.29583333333333334
0 0.559375 0.6375 0.271875 0.51875
0 0.5625 0.9 0.5671875 0.2
1 0.1203125 0.3104166666666667 0.01875 0.029166666666666667
1 0.26640625 0.103125 0.03125 0.04791666666666667
1 0.72265625 0.042708333333333334 0.0265625 0.03125
1 0.7140625 0.020833333333333332 0.0203125 0.022916666666666665
1 0.68046875 0.014583333333333334 0.0265625 0.025
1 0.765625 0.18541666666666667 0.0203125 0.025
1 0.803125 0.26145833333333335 0.0234375 0.025
1 0.9671875 0.38229166666666664 0.0234375 0.025
1 0.7125 0.40520833333333334 0.025 0.022916666666666665
1 0.8078125 0.5114583333333333 0.028125 0.052083333333333336
1 0.7328125 0.6458333333333334 0.0390625 0.041666666666666664
1 0.94609375 0.61875 0.046875 0.04791666666666667
1 0.3546875 0.9739583333333334 0.025 0.04375
1 0.715625 0.5125 0.015625 0.020833333333333332
1 0.01640625 0.9885416666666667 0.01875 0.022916666666666665
1 0.24765625 0.9322916666666666 0.0140625 0.014583333333333334
1 0.37734375 0.971875 0.01875 0.022916666666666665
1 0.18828125 0.8302083333333333 0.0265625 0.027083333333333334
1 0.31328125 0.784375 0.03125 0.0375
1 0.22109375 0.7020833333333333 0.01875 0.027083333333333334
1 0.24453125 0.6885416666666667 0.0171875 0.022916666666666665
1 0.50390625 0.671875 0.0171875 0.041666666666666664
1 0.91328125 0.93125 0.028125 0.03958333333333333
1 0.88125 0.9333333333333333 0.01875 0.027083333333333334
1 0.98359375 0.871875 0.0328125 0.06041666666666667
1 0.928125 0.8052083333333333 0.0328125 0.035416666666666666
1 0.65703125 0.7541666666666667 0.015625 0.020833333333333332
1 0.74296875 0.80625 0.05 0.04375