1 0.540625 0.4947916666666667 0.01875 0.020833333333333332
1 0.74375 0.20625 0.0671875 0.07083333333333333
1 0.83828125 0.24270833333333333 0.075 0.07916666666666666
1 0.90703125 0.28541666666666665 0.021875 0.029166666666666667
1 0.853125 0.45208333333333334 0.034375 0.041666666666666664
1 0.81953125 0.5583333333333333 0.071875 0.11458333333333333
1 0.8796875 0.740625 0.115625 0.12291666666666666
1 0.78046875 0.7927083333333333 0.05 0.052083333333333336
1 0.6515625 0.8395833333333333 0.0359375 0.04583333333333333
1 0.31953125 0.9864583333333333 0.0515625 0.027083333333333334
1 0.4015625 0.9760416666666667 0.084375 0.04791666666666667
1 0.484375 0.9927083333333333 0.0203125 0.014583333333333334
1 0.19921875 0.99375 0.0234375 0.0125
1 0.30859375 0.8583333333333333 0.096875 0.075
1 0.25234375 0.7302083333333333 0.0390625 0.05416666666666667
1 0.2984375 0.7760416666666666 0.046875 0.04791666666666667
1 0.00625 0.85 0.0125 0.025
1 0.97734375 0.984375 0.03125 0.03125
1 0.8828125 0.896875 0.0328125 0.03958333333333333
1 0.9625 0.834375 0.0609375 0.07083333333333333
1 0.9359375 0.6145833333333334 0.021875 0.041666666666666664
1 0.9625 0.6208333333333333 0.015625 0.016666666666666666
1 0.98359375 0.6427083333333333 0.028125 0.03333333333333333
1 0.859375 0.496875 0.0359375 0.04583333333333333
1 0.88984375 0.509375 0.0234375 0.027083333333333334
1 0.9234375 0.41770833333333335 0.0203125 0.03333333333333333
1 0.99453125 0.35104166666666664 0.0109375 0.020833333333333332
1 0.95703125 0.17083333333333334 0.0453125 0.05
1 0.92890625 0.023958333333333335 0.0546875 0.04791666666666667
1 0.99296875 0.017708333333333333 0.0140625 0.035416666666666666
1 0.3640625 0.20104166666666667 0.028125 0.04375
1 0.2328125 0.309375 0.01875 0.035416666666666666
1 0.32265625 0.4010416666666667 0.015625 0.029166666666666667
1 0.1125 0.1 0.0171875 0.041666666666666664
1 0.0640625 0.23333333333333334 0.0421875 0.06875
1 0.11953125 0.5739583333333333 0.015625 0.027083333333333334
1 0.2640625 0.390625 0.0109375 0.0125
1 0.14375 0.9552083333333333 0.0125 0.0125
1 0.55625 0.18229166666666666 0.0796875 0.06041666666666667
1 0.63046875 0.334375 0.0296875 0.03958333333333333
1 0.53515625 0.309375 0.0390625 0.04791666666666667
1 0.44921875 0.503125 0.03125 0.03333333333333333
1 0.56875 0.43645833333333334 0.0734375 0.06458333333333334
1 0.53671875 0.6260416666666667 0.0296875 0.03958333333333333
1 0.6890625 0.7208333333333333 0.0109375 0.016666666666666666
1 0.67578125 0.6895833333333333 0.03125 0.03125
1 0.59609375 0.6927083333333334 0.040625 0.05416666666666667
1 0.5578125 0.725 0.0765625 0.12916666666666668
0 0.66484375 0.06666666666666667 0.1140625 0.13333333333333333
1 0.61875 0.00625 0.021875 0.0125
0 0.79375 0.146875 0.4125 0.2375
0 0.78203125 0.3333333333333333 0.2140625 0.4
0 0.7421875 0.740625 0.3984375 0.51875
0 0.80625 0.91875 0.3875 0.1625
0 0.7875 0.9739583333333334 0.2859375 0.052083333333333336
1 0.6140625 0.08958333333333333 0.0453125 0.09166666666666666
1 0.503125 0.15416666666666667 0.0125 0.022916666666666665