1 0.633203125 0.6534722222222222 0.02109375 0.0375
0 0.103125 0.11944444444444445 0.08125 0.2388888888888889
0 0.10703125 0.27361111111111114 0.2140625 0.10277777777777777
0 0.078515625 0.42986111111111114 0.15703125 0.4111111111111111
0 0.0734375 0.7597222222222222 0.146875 0.3236111111111111
0 0.07734375 0.9409722222222222 0.1546875 0.11805555555555555
0 0.6296875 0.8770833333333333 0.1171875 0.24583333333333332
0 0.64453125 0.6395833333333333 0.31015625 0.35138888888888886
0 0.680859375 0.3104166666666667 0.28203125 0.275
0 0.556640625 0.11319444444444444 0.15390625 0.2263888888888889
1 0.214453125 0.027083333333333334 0.02109375 0.03333333333333333
1 0.246484375 0.035416666666666666 0.04375 0.058333333333333334
1 0.294921875 0.009722222222222222 0.02578125 0.019444444444444445
1 0.334765625 0.02847222222222222 0.03046875 0.05694444444444444
1 0.386328125 0.034722222222222224 0.04765625 0.06944444444444445
1 0.437890625 0.02013888888888889 0.0171875 0.02361111111111111
1 0.458203125 0.11736111111111111 0.0453125 0.10277777777777777
1 0.324609375 0.1125 0.01953125 0.04027777777777778
1 0.286328125 0.08541666666666667 0.015625 0.029166666666666667
1 0.191015625 0.12083333333333333 0.03515625 0.05138888888888889
1 0.16015625 0.05416666666666667 0.0125 0.022222222222222223
1 0.133984375 0.07222222222222222 0.00703125 0.009722222222222222
1 0.246875 0.20555555555555555 0.04140625 0.07916666666666666
1 0.3390625 0.2326388888888889 0.009375 0.0125
1 0.34609375 0.2826388888888889 0.021875 0.05138888888888889
1 0.413671875 0.2048611111111111 0.009375 0.020833333333333332
1 0.45390625 0.2048611111111111 0.01640625 0.03611111111111111
1 0.526953125 0.2361111111111111 0.03203125 0.0375
1 0.60234375 0.2263888888888889 0.02578125 0.07083333333333333
1 0.52265625 0.1111111111111111 0.03671875 0.058333333333333334
1 0.457421875 0.28125 0.015625 0.027777777777777776
1 0.484765625 0.28194444444444444 0.021875 0.05277777777777778
1 0.378515625 0.4152777777777778 0.04609375 0.08472222222222223
1 0.376171875 0.46805555555555556 0.01484375 0.020833333333333332
1 0.395703125 0.49236111111111114 0.01484375 0.019444444444444445
1 0.303125 0.39444444444444443 0.01484375 0.03194444444444444
1 0.28125 0.42986111111111114 0.0171875 0.019444444444444445
1 0.270703125 0.47708333333333336 0.02109375 0.030555555555555555
1 0.176171875 0.4375 0.0359375 0.07083333333333333
1 0.2140625 0.4840277777777778 0.0171875 0.03333333333333333
1 0.06328125 0.4041666666666667 0.04453125 0.08472222222222223
1 0.088671875 0.3736111111111111 0.01796875 0.034722222222222224
1 0.106640625 0.43472222222222223 0.03125 0.06944444444444445
1 0.13125 0.43333333333333335 0.02109375 0.034722222222222224
1 0.08671875 0.3055555555555556 0.040625 0.05694444444444444
1 0.040625 0.31666666666666665 0.01015625 0.02361111111111111
1 0.168359375 0.3819444444444444 0.01796875 0.0375
1 0.19453125 0.36319444444444443 0.01875 0.030555555555555555
1 0.197265625 0.5979166666666667 0.0328125 0.05694444444444444
1 0.13359375 0.6125 0.0140625 0.030555555555555555
1 0.08671875 0.5743055555555555 0.01640625 0.016666666666666666
1 0.128125 0.7347222222222223 0.00859375 0.015277777777777777
1 0.11953125 0.7847222222222222 0.01796875 0.041666666666666664
1 0.176171875 0.78125 0.01484375 0.020833333333333332
1 0.18828125 0.8395833333333333 0.03671875 0.07361111111111111
1 0.16796875 0.8208333333333333 0.0078125 0.011111111111111112
1 0.096875 0.9097222222222222 0.0171875 0.018055555555555554
1 0.2578125 0.8444444444444444 0.02734375 0.04583333333333333
1 0.26171875 0.9076388888888889 0.0375 0.043055555555555555
1 0.265234375 0.9402777777777778 0.00859375 0.018055555555555554
1 0.31796875 0.8708333333333333 0.0171875 0.025
1 0.341796875 0.8659722222222223 0.021875 0.030555555555555555
1 0.36484375 0.8625 0.01875 0.03333333333333333
1 0.38203125 0.8604166666666667 0.0140625 0.022222222222222223
1 0.2328125 0.76875 0.0265625 0.03333333333333333
1 0.2109375 0.7263888888888889 0.02265625 0.05694444444444444
1 0.25234375 0.6743055555555556 0.021875 0.0375
1 0.267578125 0.6965277777777777 0.0234375 0.04722222222222222
1 0.248046875 0.7388888888888889 0.01171875 0.022222222222222223
1 0.31328125 0.81875 0.00859375 0.011111111111111112
1 0.390234375 0.7777777777777778 0.034375 0.05694444444444444
1 0.33046875 0.7229166666666667 0.01015625 0.02638888888888889
1 0.418359375 0.7048611111111112 0.025 0.05416666666666667
1 0.291015625 0.5493055555555556 0.01640625 0.027777777777777776
1 0.36484375 0.5534722222222223 0.009375 0.015277777777777777
1 0.434375 0.6354166666666666 0.01796875 0.03333333333333333
1 0.462890625 0.6055555555555555 0.028125 0.043055555555555555
1 0.50546875 0.6291666666666667 0.02578125 0.04027777777777778
1 0.501171875 0.6729166666666667 0.02109375 0.0375
1 0.49921875 0.8756944444444444 0.021875 0.05138888888888889
1 0.444921875 0.9923611111111111 0.01796875 0.015277777777777777
1 0.398046875 0.9736111111111111 0.015625 0.022222222222222223
1 0.525390625 0.9680555555555556 0.021875 0.04861111111111111
0 0.677734375 0.7972222222222223 0.240625 0.38055555555555554
1 0.65234375 0.8326388888888889 0.0484375 0.12361111111111112
1 0.6875 0.8673611111111111 0.01875 0.02638888888888889
1 0.70859375 0.8152777777777778 0.01328125 0.020833333333333332
1 0.693359375 0.9618055555555556 0.01484375 0.027777777777777776
1 0.7140625 0.9902777777777778 0.0140625 0.019444444444444445
1 0.730859375 0.9770833333333333 0.03046875 0.04583333333333333
1 0.739453125 0.9409722222222222 0.01328125 0.03611111111111111
1 0.774609375 0.9041666666666667 0.0171875 0.04027777777777778
1 0.883203125 0.9243055555555556 0.01796875 0.03194444444444444
1 0.94140625 0.8576388888888888 0.02265625 0.0625
1 0.88046875 0.7729166666666667 0.0234375 0.043055555555555555
1 0.730859375 0.7409722222222223 0.02109375 0.03333333333333333
1 0.757421875 0.7361111111111112 0.015625 0.027777777777777776
1 0.843359375 0.6291666666666667 0.0140625 0.015277777777777777
1 0.564453125 0.6965277777777777 0.01328125 0.02361111111111111
1 0.52890625 0.5541666666666667 0.02265625 0.02638888888888889
1 0.59375 0.5979166666666667 0.01796875 0.041666666666666664
1 0.481640625 0.45902777777777776 0.0125 0.02638888888888889
1 0.522265625 0.4479166666666667 0.0234375 0.06666666666666667
1 0.53125 0.4986111111111111 0.02421875 0.0375
1 0.498828125 0.3763888888888889 0.02109375 0.041666666666666664
1 0.58359375 0.4152777777777778 0.01328125 0.03333333333333333
1 0.620703125 0.3854166666666667 0.01015625 0.019444444444444445
1 0.633984375 0.40347222222222223 0.01640625 0.02638888888888889
1 0.646875 0.43125 0.01484375 0.034722222222222224
1 0.629296875 0.4340277777777778 0.0140625 0.02361111111111111
1 0.63984375 0.47638888888888886 0.02578125 0.03611111111111111
1 0.695703125 0.5090277777777777 0.01015625 0.019444444444444445
1 0.682421875 0.5395833333333333 0.028125 0.05138888888888889
1 0.704296875 0.55 0.01171875 0.016666666666666666
1 0.65625 0.6118055555555556 0.05859375 0.06805555555555555
1 0.779296875 0.4777777777777778 0.01875 0.06111111111111111
1 0.8328125 0.47430555555555554 0.01328125 0.02361111111111111
1 0.862109375 0.4847222222222222 0.02421875 0.0625
1 0.91484375 0.4861111111111111 0.02265625 0.044444444444444446
1 0.94609375 0.45555555555555555 0.01484375 0.030555555555555555
1 0.9 0.31805555555555554 0.01015625 0.016666666666666666
1 0.922265625 0.2965277777777778 0.01171875 0.022222222222222223
1 0.95703125 0.32916666666666666 0.021875 0.03194444444444444
1 0.925 0.37083333333333335 0.009375 0.015277777777777777
1 0.8640625 0.3611111111111111 0.01015625 0.020833333333333332
1 0.82109375 0.7381944444444445 0.0109375 0.02361111111111111
1 0.95625 0.5791666666666667 0.0140625 0.02361111111111111
1 0.6984375 0.32430555555555557 0.02265625 0.044444444444444446
1 0.724609375 0.2986111111111111 0.0203125 0.043055555555555555
1 0.587109375 0.3 0.0140625 0.027777777777777776
1 0.603125 0.08611111111111111 0.0234375 0.034722222222222224
1 0.669921875 0.1125 0.021875 0.044444444444444446
1 0.676953125 0.14583333333333334 0.01171875 0.019444444444444445
1 0.64296875 0.17222222222222222 0.03828125 0.09583333333333334
1 0.66953125 0.19722222222222222 0.028125 0.05416666666666667
1 0.73125 0.18263888888888888 0.02265625 0.027777777777777776
1 0.714453125 0.20069444444444445 0.0125 0.018055555555555554
1 0.778515625 0.1527777777777778 0.02890625 0.05
1 0.809375 0.04791666666666667 0.0171875 0.05416666666666667
1 0.66328125 0.025694444444444443 0.03125 0.05138888888888889
1 0.569140625 0.004861111111111111 0.0109375 0.009722222222222222
1 0.571484375 0.04236111111111111 0.01171875 0.018055555555555554
1 0.9265625 0.059027777777777776 0.009375 0.018055555555555554
1 0.962109375 0.1361111111111111 0.03359375 0.06527777777777778
1 0.991015625 0.1451388888888889 0.01796875 0.05555555555555555
1 0.52265625 0.005555555555555556 0.009375 0.011111111111111112