1 0.573828125 0.9277777777777778 0.02265625 0.034722222222222224
1 0.631640625 0.8722222222222222 0.01484375 0.03194444444444444
1 0.771875 0.8701388888888889 0.0125 0.020833333333333332
1 0.838671875 0.9625 0.0609375 0.075
1 0.85390625 0.9055555555555556 0.0234375 0.05694444444444444
1 0.954296875 0.58125 0.0234375 0.05694444444444444
1 0.873828125 0.2923611111111111 0.01015625 0.022222222222222223
1 0.94296875 0.42916666666666664 0.015625 0.03611111111111111
1 0.4328125 0.45555555555555555 0.01328125 0.025
1 0.566796875 0.7333333333333333 0.01796875 0.058333333333333334
0 0.662890625 0.13333333333333333 0.16875 0.26666666666666666
0 0.61640625 0.17222222222222222 0.2828125 0.2222222222222222
0 0.646484375 0.49583333333333335 0.215625 0.20277777777777778
0 0.660546875 0.7326388888888888 0.18046875 0.2652777777777778
0 0.589453125 0.9381944444444444 0.1453125 0.12361111111111112
0 0.1203125 0.9229166666666667 0.0953125 0.15416666666666667
0 0.08828125 0.8048611111111111 0.1765625 0.17916666666666667
0 0.076171875 0.5680555555555555 0.15234375 0.4722222222222222
0 0.065234375 0.3472222222222222 0.13046875 0.4666666666666667
0 0.069921875 0.0625 0.13984375 0.125
1 0.721484375 0.08819444444444445 0.0078125 0.015277777777777777
1 0.7890625 0.29097222222222224 0.021875 0.0375
1 0.79765625 0.3215277777777778 0.02265625 0.03888888888888889
1 0.759765625 0.39791666666666664 0.01953125 0.05138888888888889
1 0.748828125 0.5458333333333333 0.02421875 0.03888888888888889
1 0.69921875 0.5854166666666667 0.02578125 0.03611111111111111
1 0.5046875 0.6569444444444444 0.03203125 0.04583333333333333
1 0.529296875 0.6770833333333334 0.01796875 0.030555555555555555
1 0.578515625 0.5743055555555555 0.03203125 0.04583333333333333
1 0.444921875 0.5944444444444444 0.01171875 0.0125
1 0.467578125 0.79375 0.01640625 0.059722222222222225
1 0.423828125 0.8881944444444444 0.0453125 0.10138888888888889
1 0.30234375 0.6833333333333333 0.00703125 0.0125
1 0.38984375 0.6673611111111111 0.01640625 0.027777777777777776
1 0.39296875 0.7569444444444444 0.015625 0.04027777777777778
1 0.41484375 0.7055555555555556 0.00546875 0.0125
1 0.269140625 0.7708333333333334 0.015625 0.08055555555555556
1 0.21484375 0.8138888888888889 0.04296875 0.11388888888888889
1 0.28046875 0.85 0.0140625 0.025
1 0.21171875 0.9722222222222222 0.01875 0.043055555555555555
1 0.09921875 0.9638888888888889 0.01328125 0.027777777777777776
1 0.18203125 0.34375 0.01015625 0.02361111111111111
1 0.330078125 0.70625 0.009375 0.011111111111111112
1 0.3109375 0.7263888888888889 0.01328125 0.016666666666666666
1 0.23125 0.6472222222222223 0.0140625 0.029166666666666667
1 0.666796875 0.2423611111111111 0.01953125 0.0375
1 0.185546875 0.6583333333333333 0.025 0.05694444444444444
1 0.0546875 0.5513888888888889 0.03203125 0.05416666666666667
1 0.041796875 0.25833333333333336 0.01484375 0.03194444444444444
1 0.07890625 0.25625 0.0578125 0.07361111111111111
1 0.06328125 0.1875 0.04140625 0.06805555555555555
1 0.066015625 0.011111111111111112 0.0078125 0.015277777777777777
1 0.051171875 0.005555555555555556 0.02265625 0.011111111111111112
1 0.1625 0.020833333333333332 0.02890625 0.041666666666666664
1 0.120703125 0.07291666666666667 0.009375 0.016666666666666666
1 0.108203125 0.06944444444444445 0.01171875 0.03194444444444444
1 0.353515625 0.01875 0.01796875 0.03333333333333333
1 0.299609375 0.07847222222222222 0.0140625 0.02361111111111111
1 0.282421875 0.06180555555555556 0.01640625 0.030555555555555555
1 0.26640625 0.01597222222222222 0.015625 0.03194444444444444
1 0.521484375 0.03611111111111111 0.00703125 0.019444444444444445
1 0.498046875 0.019444444444444445 0.0359375 0.03888888888888889
1 0.47734375 0.12361111111111112 0.00859375 0.019444444444444445
1 0.591796875 0.10902777777777778 0.01171875 0.022222222222222223
1 0.57890625 0.12569444444444444 0.01796875 0.019444444444444445
1 0.57265625 0.16805555555555557 0.02265625 0.02638888888888889
1 0.595703125 0.14722222222222223 0.02890625 0.06111111111111111
1 0.547265625 0.12986111111111112 0.0125 0.025
1 0.5296875 0.09444444444444444 0.02578125 0.03611111111111111
1 0.496484375 0.1451388888888889 0.01484375 0.025
1 0.519921875 0.13055555555555556 0.0265625 0.05555555555555555
1 0.49765625 0.09027777777777778 0.03125 0.05416666666666667
1 0.44296875 0.11736111111111111 0.0140625 0.034722222222222224
1 0.4953125 0.22291666666666668 0.08515625 0.1597222222222222
1 0.45234375 0.25277777777777777 0.02890625 0.06666666666666667
1 0.32578125 0.45 0.02265625 0.03611111111111111
1 0.53203125 0.3 0.0171875 0.03888888888888889
1 0.434375 0.32708333333333334 0.02265625 0.025
1 0.395703125 0.3701388888888889 0.03203125 0.058333333333333334
1 0.46640625 0.8625 0.02109375 0.05277777777777778
1 0.487109375 0.8951388888888889 0.02265625 0.05138888888888889
1 0.5453125 0.8986111111111111 0.0203125 0.030555555555555555