1 0.98671875 0.9784722222222222 0.0234375 0.043055555555555555
1 0.203515625 0.3034722222222222 0.0234375 0.041666666666666664
1 0.523828125 0.5611111111111111 0.015625 0.019444444444444445
1 0.51640625 0.6743055555555556 0.0140625 0.027777777777777776
1 0.610546875 0.9048611111111111 0.0171875 0.030555555555555555
1 0.596875 0.37083333333333335 0.0203125 0.05555555555555555
1 0.2671875 0.2777777777777778 0.0296875 0.059722222222222225
1 0.2578125 0.36944444444444446 0.01875 0.03888888888888889
1 0.189453125 0.40555555555555556 0.0390625 0.07361111111111111
1 0.3421875 0.7326388888888888 0.0203125 0.05694444444444444
1 0.897265625 0.15069444444444444 0.01953125 0.04722222222222222
1 0.671484375 0.03263888888888889 0.0140625 0.030555555555555555
1 0.901171875 0.3298611111111111 0.0203125 0.043055555555555555
1 0.875 0.22847222222222222 0.0171875 0.034722222222222224
1 0.878515625 0.39375 0.02421875 0.041666666666666664
1 0.803515625 0.47708333333333336 0.034375 0.06805555555555555
1 0.67265625 0.4513888888888889 0.02734375 0.06388888888888888
1 0.689453125 0.4798611111111111 0.03359375 0.07361111111111111
1 0.600390625 0.6694444444444444 0.0515625 0.05694444444444444
1 0.728515625 0.79375 0.0265625 0.043055555555555555
1 0.709375 0.7215277777777778 0.0265625 0.041666666666666664
1 0.8578125 0.8354166666666667 0.0359375 0.05277777777777778
1 0.896875 0.5472222222222223 0.028125 0.041666666666666664
1 0.97109375 0.49444444444444446 0.021875 0.04027777777777778
1 0.740625 0.9465277777777777 0.071875 0.10694444444444444
0 0.147265625 0.8013888888888889 0.21875 0.24027777777777778
0 0.1046875 0.6159722222222223 0.20859375 0.5097222222222222
0 0.123828125 0.3861111111111111 0.23984375 0.17222222222222222
0 0.12890625 0.12986111111111112 0.2578125 0.2513888888888889
0 0.680078125 0.7013888888888888 0.1203125 0.5972222222222222
0 0.70078125 0.4409722222222222 0.19296875 0.6930555555555555
0 0.680078125 0.24444444444444444 0.1953125 0.4888888888888889
1 0.26484375 0.9652777777777778 0.015625 0.041666666666666664
1 0.2875 0.9430555555555555 0.0203125 0.04722222222222222
1 0.341796875 0.8486111111111111 0.0203125 0.043055555555555555
1 0.247265625 0.8826388888888889 0.034375 0.04861111111111111
1 0.17421875 0.9479166666666666 0.0578125 0.08194444444444444
1 0.19296875 0.8111111111111111 0.021875 0.02638888888888889
1 0.232421875 0.7743055555555556 0.021875 0.03333333333333333
1 0.436328125 0.3715277777777778 0.02265625 0.034722222222222224
1 0.498828125 0.4576388888888889 0.01875 0.041666666666666664
1 0.4375 0.5576388888888889 0.01875 0.041666666666666664
1 0.7625 0.7479166666666667 0.02109375 0.027777777777777776
1 0.962890625 0.6354166666666666 0.021875 0.02638888888888889
1 0.958203125 0.8840277777777777 0.0234375 0.05138888888888889
1 0.1546875 0.5277777777777778 0.0375 0.059722222222222225
1 0.273046875 0.5131944444444444 0.03203125 0.058333333333333334
1 0.209375 0.5993055555555555 0.06171875 0.06944444444444445
1 0.262109375 0.6055555555555555 0.0296875 0.059722222222222225
1 0.2609375 0.6986111111111111 0.028125 0.043055555555555555
1 0.166015625 0.2972222222222222 0.04296875 0.06388888888888888
1 0.217578125 0.024305555555555556 0.0453125 0.04861111111111111
1 0.828515625 0.03958333333333333 0.021875 0.041666666666666664