1 0.84765625 0.3375 0.01875 0.05694444444444444
1 0.57421875 0.06527777777777778 0.01640625 0.03194444444444444
1 0.69765625 0.11041666666666666 0.02890625 0.05
1 0.608984375 0.09444444444444444 0.03046875 0.09305555555555556
1 0.747265625 0.23958333333333334 0.03203125 0.041666666666666664
1 0.629296875 0.15833333333333333 0.01875 0.043055555555555555
1 0.896484375 0.20555555555555555 0.0125 0.015277777777777777
1 0.81953125 0.43333333333333335 0.0140625 0.03611111111111111
0 0.1359375 0.8277777777777777 0.09296875 0.34444444444444444
1 0.912109375 0.05555555555555555 0.01484375 0.029166666666666667
1 0.84296875 0.11180555555555556 0.0140625 0.022222222222222223
1 0.91953125 0.12708333333333333 0.0328125 0.09722222222222222
1 0.9859375 0.03333333333333333 0.028125 0.06666666666666667
0 0.141015625 0.26875 0.06328125 0.31805555555555554
0 0.71875 0.31875 0.25703125 0.24722222222222223
0 0.696484375 0.9305555555555556 0.15703125 0.13472222222222222
0 0.69453125 0.6756944444444445 0.1125 0.6013888888888889
1 0.863671875 0.02847222222222222 0.00859375 0.015277777777777777
1 0.8859375 0.009027777777777777 0.015625 0.018055555555555554
1 0.844140625 0.23541666666666666 0.01640625 0.022222222222222223
1 0.80859375 0.05555555555555555 0.02265625 0.04583333333333333
1 0.829296875 0.30833333333333335 0.0234375 0.02361111111111111
1 0.591015625 0.006944444444444444 0.01953125 0.013888888888888888
1 0.728515625 0.1388888888888889 0.02421875 0.03611111111111111
1 0.82109375 0.19930555555555557 0.015625 0.029166666666666667
0 0.665625 0.34652777777777777 0.29609375 0.39444444444444443
1 0.847265625 0.034027777777777775 0.01484375 0.02638888888888889
0 0.190625 0.6444444444444445 0.1296875 0.24166666666666667
0 0.1421875 0.40208333333333335 0.2796875 0.17222222222222222
0 0.136328125 0.05694444444444444 0.05390625 0.11388888888888889
1 0.796875 0.00625 0.0125 0.0125
1 0.775390625 0.24444444444444444 0.01796875 0.029166666666666667
1 0.6015625 0.2263888888888889 0.01953125 0.022222222222222223
1 0.90390625 0.6569444444444444 0.02890625 0.044444444444444446
1 0.2359375 0.45625 0.01328125 0.022222222222222223
1 0.155859375 0.5569444444444445 0.02734375 0.05555555555555555
1 0.0234375 0.5618055555555556 0.04453125 0.07916666666666666
1 0.5171875 0.6631944444444444 0.009375 0.018055555555555554
1 0.994921875 0.74375 0.01015625 0.025
1 0.11640625 0.7854166666666667 0.02265625 0.022222222222222223
1 0.370703125 0.034722222222222224 0.01875 0.041666666666666664
1 0.07578125 0.5756944444444444 0.04765625 0.07361111111111111
1 0.3453125 0.7986111111111112 0.046875 0.06111111111111111
1 0.169921875 0.9354166666666667 0.015625 0.02361111111111111
1 0.015234375 0.15763888888888888 0.0265625 0.044444444444444446
1 0.4125 0.8631944444444445 0.01796875 0.04027777777777778
1 0.056640625 0.3111111111111111 0.02421875 0.027777777777777776
1 0.183203125 0.9909722222222223 0.0125 0.015277777777777777
1 0.377734375 0.18680555555555556 0.00703125 0.015277777777777777
1 0.087890625 0.9888888888888889 0.0140625 0.022222222222222223
1 0.270703125 0.9798611111111111 0.01796875 0.0375
1 0.290234375 0.9208333333333333 0.01484375 0.029166666666666667
1 0.180078125 0.8416666666666667 0.01171875 0.019444444444444445
1 0.328515625 0.7645833333333333 0.02265625 0.03194444444444444
1 0.405859375 0.6909722222222222 0.02890625 0.044444444444444446
1 0.196484375 0.0125 0.01640625 0.025
1 0.33984375 0.09375 0.03203125 0.04861111111111111
1 0.44765625 0.25 0.025 0.044444444444444446
1 0.828125 0.9145833333333333 0.01796875 0.025
1 0.450390625 0.4166666666666667 0.01484375 0.022222222222222223
1 0.067578125 0.7736111111111111 0.0234375 0.04861111111111111
1 0.010546875 0.4930555555555556 0.02109375 0.025
1 0.425 0.47638888888888886 0.01484375 0.016666666666666666
1 0.28125 0.06041666666666667 0.0125 0.020833333333333332
1 0.356640625 0.33611111111111114 0.01484375 0.022222222222222223
1 0.456640625 0.5631944444444444 0.01484375 0.03888888888888889
1 0.56171875 0.9784722222222222 0.02421875 0.043055555555555555
1 0.51015625 0.8888888888888888 0.028125 0.04583333333333333
1 0.45546875 0.8791666666666667 0.01796875 0.03194444444444444
1 0.445703125 0.7319444444444444 0.01640625 0.04861111111111111
1 0.230859375 0.1673611111111111 0.01015625 0.020833333333333332
1 0.159375 0.3104166666666667 0.01328125 0.034722222222222224
1 0.0515625 0.04722222222222222 0.015625 0.020833333333333332
1 0.204296875 0.16041666666666668 0.01953125 0.05
1 0.17890625 0.525 0.0265625 0.03888888888888889
1 0.0859375 0.8666666666666667 0.03046875 0.05694444444444444
1 0.25078125 0.8631944444444445 0.01640625 0.025
1 0.19609375 0.7944444444444444 0.01640625 0.02638888888888889
1 0.180078125 0.26666666666666666 0.02109375 0.04583333333333333
1 0.882421875 0.8861111111111111 0.00546875 0.013888888888888888
1 0.201171875 0.6118055555555556 0.02109375 0.03333333333333333
1 0.13359375 0.5118055555555555 0.03984375 0.05
1 0.04609375 0.4826388888888889 0.02734375 0.034722222222222224
1 0.064453125 0.3486111111111111 0.01484375 0.027777777777777776
1 0.0796875 0.3138888888888889 0.01640625 0.05277777777777778
1 0.123828125 0.32083333333333336 0.01796875 0.059722222222222225
1 0.26875 0.49722222222222223 0.028125 0.0375
1 0.26640625 0.4583333333333333 0.01640625 0.03333333333333333
1 0.99765625 0.9055555555555556 0.0046875 0.03194444444444444
1 0.28203125 0.2222222222222222 0.0125 0.02638888888888889
1 0.3015625 0.60625 0.01640625 0.03194444444444444
1 0.30546875 0.4756944444444444 0.00859375 0.020833333333333332
1 0.2921875 0.6979166666666666 0.02265625 0.022222222222222223
1 0.19140625 0.90625 0.025 0.0375
1 0.121484375 0.7479166666666667 0.02578125 0.04583333333333333
1 0.983203125 0.3076388888888889 0.03046875 0.07916666666666666
1 0.42734375 0.23125 0.01640625 0.03333333333333333
1 0.426953125 0.15347222222222223 0.01953125 0.027777777777777776
1 0.441796875 0.04583333333333333 0.040625 0.041666666666666664
1 0.516015625 0.027777777777777776 0.0171875 0.025
1 0.0390625 0.24930555555555556 0.0484375 0.07083333333333333
1 0.56796875 0.5854166666666667 0.01875 0.0375
1 0.584375 0.6923611111111111 0.03125 0.059722222222222225
1 0.595703125 0.9048611111111111 0.0328125 0.04861111111111111
1 0.6546875 0.7673611111111112 0.01796875 0.022222222222222223
1 0.25859375 0.013888888888888888 0.0140625 0.027777777777777776
1 0.921875 0.9645833333333333 0.05625 0.06944444444444445
1 0.888671875 0.9631944444444445 0.0140625 0.030555555555555555
1 0.41015625 0.7569444444444444 0.015625 0.034722222222222224
1 0.848828125 0.9583333333333334 0.03359375 0.05694444444444444
1 0.913671875 0.7138888888888889 0.0078125 0.022222222222222223
1 0.71328125 0.6305555555555555 0.02421875 0.0375
1 0.856640625 0.6284722222222222 0.01640625 0.029166666666666667
1 0.921875 0.4909722222222222 0.03203125 0.08055555555555556
1 0.9796875 0.6666666666666666 0.021875 0.03194444444444444
1 0.994140625 0.6173611111111111 0.0109375 0.029166666666666667
1 0.874609375 0.5222222222222223 0.04453125 0.06666666666666667
1 0.84609375 0.4909722222222222 0.01796875 0.041666666666666664
1 0.7546875 0.5604166666666667 0.02265625 0.034722222222222224
1 0.768359375 0.575 0.01171875 0.015277777777777777
1 0.673828125 0.3888888888888889 0.01640625 0.022222222222222223
1 0.884375 0.3076388888888889 0.01015625 0.0125
1 0.95546875 0.4395833333333333 0.0390625 0.04583333333333333
1 0.98828125 0.4597222222222222 0.0234375 0.07222222222222222
1 0.859375 0.44513888888888886 0.01640625 0.03194444444444444
1 0.78515625 0.3645833333333333 0.0140625 0.022222222222222223
1 0.984765625 0.38263888888888886 0.03046875 0.05555555555555555
1 0.92109375 0.8694444444444445 0.01796875 0.05416666666666667
1 0.98359375 0.8034722222222223 0.021875 0.030555555555555555
1 0.8578125 0.8888888888888888 0.040625 0.06805555555555555
1 0.80625 0.9041666666666667 0.02109375 0.03611111111111111
1 0.77421875 0.8326388888888889 0.01640625 0.022222222222222223
1 0.64609375 0.6395833333333333 0.0234375 0.05694444444444444
1 0.720703125 0.9340277777777778 0.0171875 0.03888888888888889
1 0.89765625 0.9277777777777778 0.0140625 0.029166666666666667
1 0.93125 0.6430555555555556 0.02890625 0.041666666666666664
1 0.619140625 0.8069444444444445 0.0171875 0.06388888888888888
1 0.61640625 0.9402777777777778 0.0328125 0.06388888888888888
1 0.592578125 0.8388888888888889 0.01015625 0.020833333333333332
1 0.534765625 0.5840277777777778 0.015625 0.02638888888888889
1 0.9203125 0.7402777777777778 0.05078125 0.04861111111111111
1 0.54765625 0.10972222222222222 0.0171875 0.043055555555555555
1 0.867578125 0.5847222222222223 0.0125 0.015277777777777777
1 0.783984375 0.9777777777777777 0.01328125 0.02361111111111111
1 0.888671875 0.6048611111111111 0.0328125 0.04027777777777778
1 0.8109375 0.5722222222222222 0.0109375 0.022222222222222223
1 0.833984375 0.6368055555555555 0.0140625 0.016666666666666666
1 0.805859375 0.6895833333333333 0.01484375 0.029166666666666667
1 0.846875 0.6840277777777778 0.046875 0.0375
1 0.71875 0.5805555555555556 0.015625 0.0375
1 0.7015625 0.6618055555555555 0.0125 0.019444444444444445
1 0.833203125 0.7965277777777777 0.0171875 0.034722222222222224
1 0.934765625 0.8013888888888889 0.0171875 0.0375
1 0.90546875 0.7930555555555555 0.040625 0.07777777777777778
1 0.9390625 0.91875 0.01640625 0.022222222222222223
1 0.900390625 0.44583333333333336 0.02109375 0.03611111111111111
1 0.947265625 0.9847222222222223 0.028125 0.030555555555555555
1 0.837890625 0.5201388888888889 0.01171875 0.019444444444444445
1 0.5171875 0.4951388888888889 0.0171875 0.03333333333333333
1 0.528125 0.5340277777777778 0.01953125 0.029166666666666667
1 0.786328125 0.44722222222222224 0.01015625 0.013888888888888888
1 0.65703125 0.5326388888888889 0.01796875 0.025
1 0.53515625 0.33402777777777776 0.03203125 0.06111111111111111
1 0.59375 0.34444444444444444 0.0484375 0.11527777777777778
1 0.53828125 0.15416666666666667 0.021875 0.03611111111111111
1 0.833984375 0.4361111111111111 0.01171875 0.0375
1 0.51484375 0.21388888888888888 0.03046875 0.06388888888888888