1 0.75859375 0.6784722222222223 0.01484375 0.02638888888888889
1 0.992578125 0.6895833333333333 0.01484375 0.06666666666666667
1 0.944921875 0.6347222222222222 0.01171875 0.03333333333333333
1 0.969921875 0.6423611111111112 0.0203125 0.04861111111111111
1 0.93046875 0.4166666666666667 0.0140625 0.027777777777777776
1 0.59921875 0.6145833333333334 0.02109375 0.03194444444444444
1 0.53125 0.5583333333333333 0.0171875 0.04583333333333333
1 0.501171875 0.5611111111111111 0.015625 0.02361111111111111
1 0.51328125 0.28888888888888886 0.03125 0.04861111111111111
1 0.550390625 0.4076388888888889 0.02109375 0.058333333333333334
1 0.61875 0.4263888888888889 0.0203125 0.030555555555555555
1 0.582421875 0.4013888888888889 0.02265625 0.05555555555555555
1 0.57109375 0.3458333333333333 0.0171875 0.029166666666666667
1 0.750390625 0.4361111111111111 0.0375 0.05694444444444444
1 0.7515625 0.38472222222222224 0.0328125 0.04583333333333333
1 0.801171875 0.4534722222222222 0.03671875 0.09444444444444444
1 0.851171875 0.46319444444444446 0.028125 0.041666666666666664
1 0.826171875 0.38819444444444445 0.0109375 0.02361111111111111
1 0.94609375 0.3034722222222222 0.01328125 0.034722222222222224
1 0.921875 0.3659722222222222 0.02265625 0.041666666666666664
1 0.97421875 0.33402777777777776 0.01875 0.034722222222222224
1 0.718359375 0.09375 0.02109375 0.0375
1 0.77421875 0.27569444444444446 0.0296875 0.06527777777777778
1 0.806640625 0.27847222222222223 0.0203125 0.03611111111111111
1 0.9875 0.1527777777777778 0.025 0.058333333333333334
1 0.92578125 0.17222222222222222 0.03046875 0.05138888888888889
1 0.797265625 0.1638888888888889 0.0171875 0.029166666666666667
1 0.808203125 0.07708333333333334 0.01796875 0.044444444444444446
0 0.55078125 0.05138888888888889 0.05390625 0.10138888888888889
0 0.59375 0.35694444444444445 0.22890625 0.3763888888888889
0 0.6078125 0.49166666666666664 0.18125 0.13194444444444445
0 0.6515625 0.6944444444444444 0.20546875 0.18333333333333332
0 0.673046875 0.9715277777777778 0.11796875 0.05555555555555555
0 0.608203125 0.875 0.16640625 0.225
0 0.084765625 0.8715277777777778 0.09921875 0.2569444444444444
0 0.101953125 0.3090277777777778 0.09765625 0.3527777777777778
0 0.057421875 0.23402777777777778 0.11484375 0.0875
1 0.21796875 0.7541666666666667 0.01328125 0.025
1 0.019140625 0.013888888888888888 0.0171875 0.02638888888888889
1 0.1984375 0.9854166666666667 0.03203125 0.029166666666666667
1 0.221875 0.8840277777777777 0.0171875 0.041666666666666664
1 0.179296875 0.8131944444444444 0.0171875 0.029166666666666667
1 0.155859375 0.6534722222222222 0.01171875 0.022222222222222223
1 0.0859375 0.5777777777777777 0.01484375 0.025
1 0.048828125 0.6722222222222223 0.0296875 0.0375
1 0.1984375 0.5479166666666667 0.0140625 0.015277777777777777
1 0.221484375 0.5069444444444444 0.00859375 0.019444444444444445
1 0.195703125 0.4354166666666667 0.01796875 0.05138888888888889
1 0.08671875 0.14375 0.02265625 0.025
1 0.059765625 0.3326388888888889 0.015625 0.025
1 0.02890625 0.38125 0.01796875 0.03194444444444444
1 0.11171875 0.3159722222222222 0.0328125 0.03888888888888889
1 0.180078125 0.39861111111111114 0.0140625 0.020833333333333332
1 0.1625 0.33958333333333335 0.025 0.027777777777777776
1 0.17734375 0.29583333333333334 0.0328125 0.05277777777777778
1 0.24765625 0.225 0.01171875 0.022222222222222223
1 0.21015625 0.16458333333333333 0.02890625 0.05138888888888889
1 0.06953125 0.08402777777777778 0.025 0.02638888888888889
1 0.025 0.12013888888888889 0.04921875 0.09166666666666666
1 0.01953125 0.059027777777777776 0.03671875 0.05
1 0.50546875 0.10625 0.02734375 0.04583333333333333
1 0.44375 0.050694444444444445 0.0171875 0.03888888888888889
1 0.546484375 0.21736111111111112 0.0234375 0.06527777777777778
1 0.525 0.16527777777777777 0.03203125 0.05694444444444444
1 0.64609375 0.26666666666666666 0.01875 0.025
1 0.665234375 0.1951388888888889 0.01796875 0.025
1 0.658984375 0.09791666666666667 0.04609375 0.11388888888888889
1 0.57421875 0.14930555555555555 0.01875 0.034722222222222224
1 0.38359375 0.6701388888888888 0.03515625 0.044444444444444446
1 0.465234375 0.69375 0.0140625 0.025
1 0.994921875 0.8986111111111111 0.01015625 0.019444444444444445
1 0.6296875 0.9194444444444444 0.0265625 0.02361111111111111
1 0.631640625 0.8847222222222222 0.01171875 0.0125
1 0.73671875 0.9541666666666667 0.01484375 0.030555555555555555
1 0.7625 0.9930555555555556 0.01328125 0.013888888888888888
1 0.68828125 0.9027777777777778 0.025 0.04583333333333333
1 0.63359375 0.7854166666666667 0.0234375 0.06111111111111111
1 0.68515625 0.8388888888888889 0.01328125 0.034722222222222224
1 0.95078125 0.7166666666666667 0.02109375 0.041666666666666664