1 0.534375 0.6430555555555556 0.0203125 0.03333333333333333
0 0.13046875 0.11527777777777778 0.1765625 0.22916666666666666
0 0.102734375 0.5548611111111111 0.20546875 0.10694444444444444
0 0.098046875 0.7055555555555556 0.19609375 0.21666666666666667
0 0.134375 0.9333333333333333 0.084375 0.13333333333333333
0 0.651171875 0.9479166666666666 0.0671875 0.10416666666666667
0 0.69296875 0.78125 0.184375 0.4305555555555556
0 0.696875 0.5416666666666666 0.20859375 0.43333333333333335
0 0.64375 0.29583333333333334 0.24140625 0.425
0 0.673828125 0.12152777777777778 0.15234375 0.14722222222222223
1 0.895703125 0.17291666666666666 0.034375 0.075
1 0.926953125 0.12361111111111112 0.0125 0.016666666666666666
1 0.84296875 0.06041666666666667 0.015625 0.020833333333333332
1 0.648828125 0.03958333333333333 0.0234375 0.04583333333333333
1 0.590625 0.07777777777777778 0.025 0.041666666666666664
1 0.58984375 0.11180555555555556 0.009375 0.02361111111111111
1 0.58359375 0.17430555555555555 0.0265625 0.041666666666666664
1 0.637890625 0.17569444444444443 0.0125 0.020833333333333332
1 0.715625 0.18194444444444444 0.01640625 0.02638888888888889
1 0.78046875 0.24722222222222223 0.01171875 0.022222222222222223
1 0.823828125 0.2076388888888889 0.03359375 0.05138888888888889
1 0.859375 0.3125 0.02109375 0.06388888888888888
1 0.84140625 0.3277777777777778 0.0078125 0.018055555555555554
1 0.816015625 0.36180555555555555 0.01171875 0.02361111111111111
1 0.995703125 0.09444444444444444 0.00859375 0.043055555555555555
1 0.996875 0.21041666666666667 0.00625 0.020833333333333332
1 0.9703125 0.20902777777777778 0.0203125 0.027777777777777776
1 0.996875 0.27708333333333335 0.00625 0.027777777777777776
1 0.955859375 0.3819444444444444 0.02421875 0.04583333333333333
1 0.920703125 0.3888888888888889 0.02109375 0.025
1 0.928515625 0.44513888888888886 0.04921875 0.05416666666666667
1 0.86484375 0.42986111111111114 0.02890625 0.04583333333333333
1 0.909765625 0.5444444444444444 0.05390625 0.09166666666666666
1 0.922265625 0.5104166666666666 0.01875 0.030555555555555555
1 0.97109375 0.54375 0.021875 0.03611111111111111
1 0.993359375 0.46041666666666664 0.01328125 0.02361111111111111
1 0.871484375 0.5173611111111112 0.01328125 0.022222222222222223
1 0.864453125 0.5493055555555556 0.01953125 0.034722222222222224
1 0.86953125 0.5916666666666667 0.01796875 0.029166666666666667
1 0.978515625 0.7166666666666667 0.02265625 0.030555555555555555
1 0.94609375 0.7333333333333333 0.0171875 0.02638888888888889
1 0.858203125 0.6798611111111111 0.01328125 0.02638888888888889
1 0.83984375 0.5923611111111111 0.015625 0.03194444444444444
1 0.792578125 0.6055555555555555 0.0171875 0.027777777777777776
1 0.901953125 0.6270833333333333 0.00625 0.015277777777777777
1 0.76796875 0.475 0.01328125 0.015277777777777777
1 0.959375 0.8395833333333333 0.0265625 0.04583333333333333
1 0.94609375 0.8701388888888889 0.01953125 0.029166666666666667
1 0.921484375 0.8472222222222222 0.01796875 0.02638888888888889
1 0.983203125 0.8090277777777778 0.01015625 0.018055555555555554
1 0.925 0.9451388888888889 0.0171875 0.027777777777777776
1 0.96328125 0.9784722222222222 0.015625 0.034722222222222224
1 0.90703125 0.925 0.00859375 0.011111111111111112
1 0.801171875 0.9069444444444444 0.009375 0.016666666666666666
1 0.744921875 0.8395833333333333 0.02578125 0.027777777777777776
1 0.66875 0.7729166666666667 0.0140625 0.029166666666666667
1 0.6140625 0.8583333333333333 0.02421875 0.05
1 0.595703125 0.7708333333333334 0.0234375 0.034722222222222224
1 0.6 0.7145833333333333 0.028125 0.04861111111111111
1 0.603125 0.6166666666666667 0.0140625 0.04722222222222222
1 0.56484375 0.47430555555555554 0.01328125 0.02361111111111111
1 0.588671875 0.49375 0.02109375 0.0375
1 0.65703125 0.37916666666666665 0.02734375 0.04027777777777778
1 0.660546875 0.32916666666666666 0.015625 0.0125
1 0.59609375 0.37569444444444444 0.02578125 0.059722222222222225
1 0.570703125 0.35 0.0203125 0.0375
1 0.574609375 0.3173611111111111 0.0109375 0.019444444444444445
1 0.30234375 0.9791666666666666 0.0328125 0.030555555555555555
1 0.23125 0.8368055555555556 0.0234375 0.04583333333333333
1 0.275 0.86875 0.01953125 0.029166666666666667
1 0.2546875 0.9361111111111111 0.04609375 0.12222222222222222
1 0.207421875 0.9034722222222222 0.01484375 0.027777777777777776
1 0.178125 0.8527777777777777 0.03359375 0.08888888888888889
1 0.153125 0.8138888888888889 0.0109375 0.016666666666666666
1 0.191796875 0.7868055555555555 0.01640625 0.027777777777777776
1 0.234765625 0.7361111111111112 0.01796875 0.025
1 0.215625 0.6875 0.0296875 0.07361111111111111
1 0.18828125 0.6694444444444444 0.01328125 0.0375
1 0.1609375 0.6208333333333333 0.04765625 0.07222222222222222
1 0.0359375 0.8666666666666667 0.015625 0.04583333333333333
1 0.110546875 0.8722222222222222 0.009375 0.029166666666666667
1 0.13203125 0.9111111111111111 0.03046875 0.04722222222222222
1 0.109765625 0.9381944444444444 0.0125 0.02361111111111111
1 0.118359375 0.9604166666666667 0.01796875 0.03194444444444444
1 0.16484375 0.9708333333333333 0.01484375 0.034722222222222224
1 0.189453125 0.9902777777777778 0.01953125 0.019444444444444445
1 0.296875 0.6243055555555556 0.028125 0.04027777777777778
1 0.26328125 0.6138888888888889 0.0296875 0.06111111111111111
1 0.219921875 0.525 0.05234375 0.09305555555555556
1 0.153515625 0.41458333333333336 0.0671875 0.12083333333333333
1 0.111328125 0.31180555555555556 0.02109375 0.03333333333333333
1 0.036328125 0.40902777777777777 0.02421875 0.059722222222222225
1 0.189453125 0.28541666666666665 0.0109375 0.022222222222222223
1 0.22109375 0.31666666666666665 0.0359375 0.07083333333333333
1 0.208984375 0.23472222222222222 0.02421875 0.05555555555555555
1 0.2765625 0.26458333333333334 0.01015625 0.019444444444444445
1 0.28359375 0.21666666666666667 0.01796875 0.034722222222222224
1 0.2921875 0.18333333333333332 0.0265625 0.04583333333333333
1 0.2515625 0.14305555555555555 0.0390625 0.05138888888888889
1 0.205859375 0.09097222222222222 0.02890625 0.06805555555555555
1 0.168359375 0.029166666666666667 0.0171875 0.04722222222222222
1 0.15078125 0.09652777777777778 0.04453125 0.075
1 0.12109375 0.020833333333333332 0.0421875 0.041666666666666664
1 0.07265625 0.07291666666666667 0.0296875 0.034722222222222224
1 0.08046875 0.13472222222222222 0.021875 0.03611111111111111
1 0.08828125 0.20347222222222222 0.0125 0.022222222222222223
1 0.032421875 0.06944444444444445 0.01640625 0.03194444444444444
1 0.195703125 0.1701388888888889 0.0109375 0.019444444444444445
1 0.32265625 0.004861111111111111 0.01328125 0.009722222222222222