0 0.618359375 0.9180555555555555 0.06875 0.1638888888888889
0 0.14765625 0.9604166666666667 0.18515625 0.07916666666666666
0 0.124609375 0.7347222222222223 0.24921875 0.2652777777777778
0 0.074609375 0.15902777777777777 0.14921875 0.31805555555555554
1 0.794921875 0.65 0.046875 0.10416666666666667
1 0.741015625 0.6784722222222223 0.025 0.04861111111111111
1 0.8515625 0.6229166666666667 0.0140625 0.02361111111111111
1 0.907421875 0.4027777777777778 0.01171875 0.022222222222222223
1 0.118359375 0.6819444444444445 0.01328125 0.022222222222222223
1 0.8953125 0.4666666666666667 0.01484375 0.018055555555555554
1 0.52265625 0.08472222222222223 0.03984375 0.07083333333333333
1 0.21796875 0.42916666666666664 0.02109375 0.06527777777777778
1 0.19921875 0.40555555555555556 0.01015625 0.016666666666666666
1 0.13046875 0.5381944444444444 0.0140625 0.029166666666666667
1 0.24765625 0.5125 0.009375 0.025
1 0.216796875 0.5444444444444444 0.03515625 0.07222222222222222
1 0.18671875 0.6506944444444445 0.02890625 0.0375
1 0.1125 0.8145833333333333 0.01015625 0.018055555555555554
1 0.176171875 0.8597222222222223 0.0140625 0.02361111111111111
1 0.0859375 0.93125 0.01640625 0.02638888888888889
1 0.11953125 0.9222222222222223 0.0171875 0.04583333333333333
1 0.60078125 0.6583333333333333 0.0140625 0.03611111111111111
1 0.585546875 0.975 0.0234375 0.041666666666666664
1 0.727734375 0.8020833333333334 0.01875 0.044444444444444446
1 0.933203125 0.30625 0.0546875 0.14583333333333334
1 0.882421875 0.2152777777777778 0.025 0.05694444444444444
1 0.92421875 0.19305555555555556 0.04453125 0.05138888888888889
1 0.971484375 0.14305555555555555 0.01796875 0.04722222222222222
1 0.864453125 0.12916666666666668 0.02109375 0.041666666666666664
1 0.8796875 0.06944444444444445 0.01640625 0.030555555555555555
1 0.881640625 0.017361111111111112 0.028125 0.034722222222222224
1 0.723046875 0.11458333333333333 0.0171875 0.034722222222222224
1 0.6984375 0.24513888888888888 0.021875 0.04583333333333333
1 0.669921875 0.21041666666666667 0.01171875 0.025
1 0.839453125 0.2423611111111111 0.02890625 0.05
1 0.85234375 0.29583333333333334 0.01953125 0.019444444444444445
1 0.82578125 0.30972222222222223 0.0265625 0.04861111111111111
1 0.707421875 0.5270833333333333 0.0375 0.06111111111111111
1 0.73046875 0.9826388888888888 0.009375 0.016666666666666666
1 0.7609375 0.17708333333333334 0.01171875 0.02638888888888889
1 0.698828125 0.0125 0.02109375 0.025
1 0.6734375 0.1326388888888889 0.021875 0.025
1 0.6984375 0.9368055555555556 0.034375 0.0625
1 0.713671875 0.5979166666666667 0.0171875 0.044444444444444446
1 0.76171875 0.5458333333333333 0.0203125 0.02638888888888889
1 0.984765625 0.8472222222222222 0.03046875 0.08333333333333333
1 0.925 0.6854166666666667 0.02109375 0.034722222222222224
1 0.957421875 0.6145833333333334 0.0203125 0.034722222222222224
1 0.956640625 0.5388888888888889 0.0140625 0.025
1 0.451953125 0.15486111111111112 0.00703125 0.016666666666666666
1 0.440234375 0.1375 0.00703125 0.013888888888888888
1 0.925 0.4125 0.01875 0.027777777777777776
1 0.589453125 0.16527777777777777 0.01796875 0.022222222222222223
1 0.067578125 0.7298611111111111 0.01953125 0.04861111111111111
1 0.717578125 0.47638888888888886 0.01171875 0.02638888888888889
1 0.70859375 0.4270833333333333 0.0171875 0.02361111111111111
1 0.68125 0.3388888888888889 0.015625 0.03611111111111111
1 0.61953125 0.3194444444444444 0.01015625 0.02638888888888889
1 0.60546875 0.44375 0.02421875 0.04583333333333333
1 0.555859375 0.5097222222222222 0.00859375 0.020833333333333332
1 0.18984375 0.25069444444444444 0.0203125 0.03333333333333333
1 0.156640625 0.18125 0.015625 0.034722222222222224
1 0.1828125 0.14930555555555555 0.02734375 0.03611111111111111
1 0.1890625 0.11180555555555556 0.01796875 0.03194444444444444
1 0.25234375 0.11597222222222223 0.02265625 0.04027777777777778
1 0.257421875 0.07361111111111111 0.0140625 0.03333333333333333
1 0.180859375 0.015277777777777777 0.025 0.030555555555555555
1 0.109765625 0.11666666666666667 0.00703125 0.013888888888888888
1 0.121875 0.1284722222222222 0.015625 0.03333333333333333
1 0.1171875 0.1597222222222222 0.015625 0.016666666666666666
1 0.2703125 0.2902777777777778 0.021875 0.07777777777777778
1 0.241796875 0.37222222222222223 0.0109375 0.015277777777777777
1 0.2671875 0.3659722222222222 0.01328125 0.02361111111111111
1 0.23359375 0.34791666666666665 0.01640625 0.04722222222222222
0 0.6421875 0.7958333333333333 0.0875 0.1375
0 0.66015625 0.11041666666666666 0.309375 0.22083333333333333
0 0.6078125 0.32013888888888886 0.1453125 0.23472222222222222
0 0.64921875 0.6222222222222222 0.0953125 0.6138888888888889