0 0.128125 0.3680555555555556 0.25390625 0.18472222222222223
0 0.11796875 0.24791666666666667 0.2359375 0.19305555555555556
1 0.155859375 0.18333333333333332 0.01875 0.03194444444444444
1 0.6359375 0.059722222222222225 0.0140625 0.02638888888888889
1 0.519921875 0.5118055555555555 0.01015625 0.018055555555555554
1 0.751953125 0.7354166666666667 0.015625 0.03194444444444444
1 0.91953125 0.10486111111111111 0.0421875 0.059722222222222225
1 0.5109375 0.35694444444444445 0.03984375 0.043055555555555555
1 0.169140625 0.7256944444444444 0.01015625 0.02638888888888889
1 0.94296875 0.5305555555555556 0.01484375 0.03333333333333333
1 0.9359375 0.7833333333333333 0.02109375 0.027777777777777776
1 0.1859375 0.9166666666666666 0.01484375 0.018055555555555554
1 0.2203125 0.8923611111111112 0.01171875 0.019444444444444445
1 0.16015625 0.32430555555555557 0.015625 0.02361111111111111
1 0.0796875 0.32083333333333336 0.06328125 0.06527777777777778
1 0.16484375 0.41944444444444445 0.025 0.043055555555555555
1 0.2296875 0.4625 0.03125 0.08055555555555556
1 0.237109375 0.6722222222222223 0.01171875 0.04027777777777778
1 0.227734375 0.3013888888888889 0.04296875 0.17916666666666667
1 0.442578125 0.3972222222222222 0.01484375 0.019444444444444445
1 0.42265625 0.3111111111111111 0.009375 0.020833333333333332
1 0.071875 0.11388888888888889 0.025 0.04583333333333333
1 0.537890625 0.4895833333333333 0.01171875 0.02638888888888889
1 0.487109375 0.7138888888888889 0.0203125 0.03194444444444444
1 0.481640625 0.6520833333333333 0.02265625 0.027777777777777776
1 0.45234375 0.8381944444444445 0.05703125 0.05
1 0.625 0.9840277777777777 0.04765625 0.03194444444444444
1 0.888671875 0.8541666666666666 0.0078125 0.018055555555555554
1 0.96953125 0.7604166666666666 0.015625 0.03611111111111111
1 0.6125 0.8090277777777778 0.07890625 0.11944444444444445
1 0.77265625 0.9145833333333333 0.03359375 0.043055555555555555
1 0.749609375 0.8375 0.04609375 0.09027777777777778
1 0.990234375 0.7604166666666666 0.01875 0.03611111111111111
1 0.912109375 0.7583333333333333 0.0171875 0.03888888888888889
1 0.94609375 0.2743055555555556 0.01328125 0.019444444444444445
1 0.969140625 0.38472222222222224 0.01875 0.02638888888888889
1 0.78515625 0.18125 0.03515625 0.04583333333333333
1 0.718359375 0.23194444444444445 0.05859375 0.12638888888888888
1 0.704296875 0.3854166666666667 0.09453125 0.11388888888888889
1 0.80234375 0.013194444444444444 0.0171875 0.02638888888888889
1 0.823828125 0.1326388888888889 0.0296875 0.058333333333333334
1 0.5734375 0.18680555555555556 0.0171875 0.03611111111111111
1 0.54609375 0.23958333333333334 0.028125 0.059722222222222225
1 0.475390625 0.01597222222222222 0.02109375 0.027777777777777776
1 0.49140625 0.11666666666666667 0.01875 0.030555555555555555
1 0.46484375 0.2152777777777778 0.01796875 0.075
1 0.42265625 0.15069444444444444 0.06484375 0.22361111111111112
0 0.66171875 0.7895833333333333 0.25390625 0.33194444444444443
0 0.669921875 0.53125 0.21015625 0.26944444444444443
0 0.71015625 0.3729166666666667 0.2609375 0.20555555555555555
0 0.71640625 0.12013888888888889 0.1890625 0.24027777777777778
0 0.127734375 0.9194444444444444 0.125 0.16111111111111112
0 0.101171875 0.6875 0.20234375 0.20277777777777778