1 0.2890625 0.40208333333333335 0.0421875 0.035416666666666666
1 0.35859375 0.465625 0.034375 0.03125
1 0.35390625 0.4166666666666667 0.0296875 0.03333333333333333
1 0.01015625 0.6 0.0203125 0.027083333333333334
1 0.00546875 0.628125 0.0109375 0.014583333333333334
1 0.02265625 0.3614583333333333 0.03125 0.04375
1 0.96484375 0.18541666666666667 0.0484375 0.07291666666666667
1 0.73515625 0.20729166666666668 0.021875 0.04583333333333333
1 0.76640625 0.23333333333333334 0.0265625 0.035416666666666666
1 0.7796875 0.209375 0.015625 0.027083333333333334
1 0.99453125 0.5760416666666667 0.0109375 0.029166666666666667
1 0.05078125 0.4864583333333333 0.0140625 0.020833333333333332
1 0.4109375 0.14270833333333333 0.009375 0.014583333333333334
1 0.63984375 0.035416666666666666 0.03125 0.0375
1 0.60390625 0.00625 0.01875 0.0125
1 0.559375 0.017708333333333333 0.021875 0.03125
1 0.9953125 0.1 0.009375 0.027083333333333334
1 0.96015625 0.09895833333333333 0.0546875 0.06666666666666667
1 0.8359375 0.371875 0.0296875 0.029166666666666667
1 0.91328125 0.07708333333333334 0.0484375 0.0875
1 0.909375 0.010416666666666666 0.0265625 0.020833333333333332
1 0.8453125 0.035416666666666666 0.096875 0.07083333333333333
1 0.86796875 0.09791666666666667 0.028125 0.03333333333333333
1 0.87578125 0.15520833333333334 0.0453125 0.06875
1 0.97734375 0.2625 0.0125 0.016666666666666666
1 0.8453125 0.20729166666666668 0.028125 0.03125
1 0.753125 0.271875 0.0125 0.0125
1 0.60859375 0.16770833333333332 0.0265625 0.041666666666666664
1 0.6359375 0.14479166666666668 0.0296875 0.04375
1 0.621875 0.23229166666666667 0.0203125 0.03125
1 0.88125 0.50625 0.01875 0.027083333333333334
1 0.90546875 0.903125 0.0484375 0.07916666666666666
1 0.6453125 0.9760416666666667 0.0171875 0.014583333333333334
1 0.58203125 0.9489583333333333 0.0171875 0.014583333333333334
1 0.45703125 0.9916666666666667 0.01875 0.016666666666666666
1 0.43046875 0.9927083333333333 0.0265625 0.014583333333333334
1 0.49140625 0.8229166666666666 0.0265625 0.041666666666666664
1 0.4703125 0.8479166666666667 0.0234375 0.022916666666666665
1 0.3296875 0.7979166666666667 0.025 0.022916666666666665
1 0.29375 0.8958333333333334 0.025 0.01875
1 0.21953125 0.9010416666666666 0.0203125 0.027083333333333334
1 0.12890625 0.9614583333333333 0.0203125 0.020833333333333332
1 0.05625 0.9875 0.0296875 0.025
0 0.4984375 0.9270833333333334 0.5390625 0.14583333333333334
0 0.58828125 0.65 0.3640625 0.33125
0 0.55546875 0.375 0.15 0.3625
0 0.5515625 0.10208333333333333 0.4171875 0.20416666666666666
1 0.12265625 0.371875 0.034375 0.027083333333333334
1 0.29140625 0.25 0.0421875 0.03958333333333333
1 0.475 0.4197916666666667 0.0171875 0.025
1 0.52734375 0.440625 0.0203125 0.04791666666666667
1 0.68046875 0.271875 0.0953125 0.08541666666666667
1 0.67734375 0.40208333333333335 0.0359375 0.052083333333333336
1 0.875 0.39166666666666666 0.0171875 0.027083333333333334
1 0.82109375 0.33958333333333335 0.0203125 0.020833333333333332
1 0.98125 0.37395833333333334 0.0375 0.04583333333333333
1 0.95703125 0.38958333333333334 0.034375 0.04375
1 0.7015625 0.4479166666666667 0.0359375 0.0375
1 0.2703125 0.44166666666666665 0.021875 0.029166666666666667
1 0.609375 0.5979166666666667 0.0453125 0.052083333333333336
1 0.63984375 0.61875 0.0203125 0.03333333333333333
1 0.778125 0.740625 0.021875 0.035416666666666666
1 0.809375 0.7979166666666667 0.0578125 0.07291666666666667
1 0.87890625 0.7458333333333333 0.04375 0.06041666666666667
1 0.80546875 0.6145833333333334 0.021875 0.0375
1 0.69921875 0.6145833333333334 0.0171875 0.027083333333333334
1 0.1375 0.2625 0.0296875 0.03333333333333333
1 0.82265625 0.5458333333333333 0.0234375 0.025
1 0.9265625 0.6270833333333333 0.05625 0.04791666666666667
1 0.98359375 0.6354166666666666 0.0328125 0.05
1 0.94375 0.5572916666666666 0.01875 0.027083333333333334
1 0.19609375 0.18645833333333334 0.0203125 0.022916666666666665
1 0.15625 0.121875 0.071875 0.07916666666666666
1 0.16796875 0.06666666666666667 0.0328125 0.041666666666666664
1 0.309375 0.036458333333333336 0.0703125 0.07291666666666667
1 0.246875 0.020833333333333332 0.025 0.041666666666666664
1 0.44140625 0.13229166666666667 0.0296875 0.08541666666666667
1 0.3828125 0.23020833333333332 0.034375 0.035416666666666666
1 0.3796875 0.3260416666666667 0.0234375 0.025
1 0.253125 0.6510416666666666 0.0171875 0.020833333333333332
1 0.28515625 0.6864583333333333 0.0421875 0.07708333333333334
1 0.3015625 0.621875 0.0296875 0.03125
1 0.16484375 0.7208333333333333 0.0578125 0.09791666666666667
1 0.58046875 0.83125 0.06875 0.1375
1 0.63046875 0.875 0.0625 0.09375
1 0.859375 0.9364583333333333 0.0890625 0.12083333333333333
1 0.6046875 0.6833333333333333 0.0375 0.05416666666666667
1 0.93203125 0.41041666666666665 0.034375 0.027083333333333334
1 0.93359375 0.234375 0.0421875 0.06666666666666667
1 0.4234375 0.5604166666666667 0.05 0.04791666666666667
1 0.46171875 0.5822916666666667 0.0296875 0.05625
1 0.471875 0.6666666666666666 0.04375 0.06875
1 0.50703125 0.575 0.0234375 0.025
1 0.49453125 0.534375 0.01875 0.020833333333333332
1 0.23203125 0.346875 0.0171875 0.022916666666666665
1 0.26171875 0.353125 0.0390625 0.05416666666666667