1 0.89375 0.7208333333333333 0.01875 0.044444444444444446
1 0.89375 0.6618055555555555 0.0171875 0.03194444444444444
1 0.805859375 0.7243055555555555 0.04140625 0.05277777777777778
1 0.566796875 0.5020833333333333 0.0296875 0.05555555555555555
1 0.433984375 0.51875 0.05703125 0.09722222222222222
1 0.1578125 0.3861111111111111 0.015625 0.03333333333333333
1 0.037890625 0.79375 0.01640625 0.05555555555555555
1 0.065625 0.9611111111111111 0.0203125 0.04027777777777778
1 0.080078125 0.8673611111111111 0.01875 0.02361111111111111
1 0.4125 0.9576388888888889 0.015625 0.034722222222222224
1 0.535546875 0.8875 0.01640625 0.06944444444444445
1 0.430078125 0.7 0.025 0.04722222222222222
1 0.443359375 0.8451388888888889 0.0515625 0.06527777777777778
1 0.422265625 0.625 0.0234375 0.04583333333333333
1 0.311328125 0.6902777777777778 0.03046875 0.04861111111111111
1 0.2046875 0.7298611111111111 0.02734375 0.04027777777777778
1 0.2078125 0.6263888888888889 0.021875 0.03611111111111111
1 0.131640625 0.48194444444444445 0.0390625 0.0625
1 0.059375 0.5104166666666666 0.03046875 0.11805555555555555
1 0.08203125 0.2763888888888889 0.0421875 0.06944444444444445
1 0.20390625 0.11458333333333333 0.03828125 0.11388888888888889
1 0.529296875 0.01875 0.0203125 0.0375
1 0.389453125 0.15625 0.01953125 0.05
1 0.603125 0.2465277777777778 0.0203125 0.03888888888888889
1 0.51484375 0.30833333333333335 0.01953125 0.03888888888888889
1 0.498828125 0.2388888888888889 0.0171875 0.030555555555555555
1 0.4203125 0.2923611111111111 0.02421875 0.05138888888888889
1 0.3859375 0.325 0.01484375 0.03888888888888889
1 0.275390625 0.5381944444444444 0.0140625 0.027777777777777776
1 0.21171875 0.40625 0.02109375 0.03333333333333333
1 0.17734375 0.3333333333333333 0.015625 0.025
1 0.23671875 0.42083333333333334 0.02109375 0.029166666666666667
1 0.26953125 0.3541666666666667 0.021875 0.02361111111111111
0 0.709765625 0.16527777777777777 0.26484375 0.3263888888888889
0 0.69140625 0.525 0.26171875 0.3347222222222222
0 0.63671875 0.5569444444444445 0.2828125 0.12916666666666668
0 0.736328125 0.8305555555555556 0.240625 0.3388888888888889
0 0.606640625 0.9576388888888889 0.1109375 0.08472222222222223
0 0.164453125 0.8888888888888888 0.059375 0.2222222222222222
0 0.09765625 0.8277777777777777 0.1953125 0.34444444444444444
0 0.10078125 0.5736111111111111 0.1390625 0.5430555555555555
0 0.079296875 0.28958333333333336 0.15859375 0.38333333333333336
0 0.108984375 0.12013888888888889 0.21796875 0.24027777777777778
1 0.053125 0.12361111111111112 0.02109375 0.03333333333333333
1 0.096484375 0.04027777777777778 0.02890625 0.059722222222222225
1 0.32109375 0.4375 0.01171875 0.025
1 0.41796875 0.052083333333333336 0.01953125 0.03194444444444444
1 0.685546875 0.018055555555555554 0.01484375 0.029166666666666667
1 0.709765625 0.3597222222222222 0.0140625 0.016666666666666666
1 0.841015625 0.29444444444444445 0.028125 0.029166666666666667
1 0.931640625 0.31527777777777777 0.01796875 0.03194444444444444
1 0.881640625 0.4756944444444444 0.025 0.03888888888888889
1 0.82421875 0.4513888888888889 0.021875 0.0375
1 0.883984375 0.5770833333333333 0.025 0.043055555555555555
1 0.903515625 0.8569444444444444 0.01171875 0.025