1 0.737890625 0.54375 0.01875 0.02638888888888889
1 0.2796875 0.9090277777777778 0.0171875 0.029166666666666667
1 0.100390625 0.9479166666666666 0.03515625 0.03888888888888889
1 0.079296875 0.9840277777777777 0.034375 0.03194444444444444
1 0.112109375 0.9076388888888889 0.02890625 0.04027777777777778
1 0.055859375 0.9256944444444445 0.0109375 0.02361111111111111
1 0.199609375 0.7291666666666666 0.0140625 0.022222222222222223
1 0.25859375 0.7236111111111111 0.0171875 0.029166666666666667
1 0.0515625 0.04513888888888889 0.01640625 0.02361111111111111
1 0.7578125 0.06805555555555555 0.0125 0.019444444444444445
1 0.78046875 0.12430555555555556 0.015625 0.03888888888888889
1 0.79765625 0.05347222222222222 0.03046875 0.03888888888888889
1 0.84453125 0.09444444444444444 0.0296875 0.0763888888888889
1 0.81015625 0.16597222222222222 0.01328125 0.015277777777777777
1 0.859765625 0.34097222222222223 0.0265625 0.059722222222222225
1 0.289453125 0.3458333333333333 0.0171875 0.016666666666666666
1 0.8890625 0.35347222222222224 0.02109375 0.044444444444444446
1 0.83203125 0.44027777777777777 0.01953125 0.0375
1 0.876953125 0.4826388888888889 0.02890625 0.041666666666666664
1 0.84140625 0.5375 0.015625 0.02638888888888889
1 0.8484375 0.5902777777777778 0.01875 0.027777777777777776
1 0.9015625 0.6333333333333333 0.01796875 0.043055555555555555
1 0.93671875 0.6743055555555556 0.021875 0.03333333333333333
1 0.74375 0.7326388888888888 0.0171875 0.03333333333333333
1 0.746484375 0.7666666666666667 0.03046875 0.03611111111111111
1 0.60625 0.9659722222222222 0.0078125 0.013888888888888888
1 0.778125 0.8673611111111111 0.053125 0.08055555555555556
1 0.88203125 0.8131944444444444 0.04609375 0.06111111111111111
1 0.87265625 0.85625 0.01796875 0.027777777777777776
1 0.893359375 0.8694444444444445 0.0265625 0.04722222222222222
1 0.95703125 0.8902777777777777 0.0375 0.05
1 0.936328125 0.8486111111111111 0.01328125 0.019444444444444445
1 0.87578125 0.9215277777777777 0.034375 0.05277777777777778
1 0.903515625 0.9138888888888889 0.01640625 0.02361111111111111
1 0.887109375 0.9736111111111111 0.0125 0.025
1 0.833203125 0.7027777777777777 0.01796875 0.05555555555555555
1 0.516796875 0.5659722222222222 0.0171875 0.030555555555555555
1 0.432421875 0.625 0.0171875 0.0375
1 0.170703125 0.25 0.00703125 0.0125
1 0.1234375 0.10486111111111111 0.0078125 0.0125
1 0.616015625 0.5 0.0046875 0.0125
1 0.597265625 0.8993055555555556 0.0203125 0.034722222222222224
1 0.596875 0.7055555555555556 0.0109375 0.0375
1 0.56328125 0.6847222222222222 0.04375 0.07916666666666666
1 0.594140625 0.3277777777777778 0.02421875 0.0375
1 0.619921875 0.6319444444444444 0.021875 0.04722222222222222
1 0.695703125 0.6430555555555556 0.040625 0.09583333333333334
1 0.653515625 0.5743055555555555 0.0265625 0.034722222222222224
1 0.2921875 0.9840277777777777 0.0359375 0.03194444444444444
1 0.465234375 0.3527777777777778 0.01953125 0.02638888888888889
1 0.3828125 0.28194444444444444 0.01015625 0.02361111111111111
1 0.618359375 0.9048611111111111 0.02265625 0.034722222222222224
1 0.0234375 0.5034722222222222 0.01328125 0.022222222222222223
1 0.16796875 0.6076388888888888 0.0265625 0.03333333333333333
1 0.22734375 0.5555555555555556 0.0109375 0.025
0 0.616796875 0.09444444444444444 0.04375 0.18888888888888888
0 0.619140625 0.23125 0.1984375 0.11527777777777778
0 0.645703125 0.5555555555555556 0.075 0.17083333333333334
0 0.612890625 0.4708333333333333 0.08359375 0.13472222222222222
0 0.623046875 0.9402777777777778 0.09296875 0.11944444444444445
0 0.7 0.7833333333333333 0.21640625 0.43333333333333335
0 0.118359375 0.8006944444444445 0.12578125 0.39861111111111114
0 0.087109375 0.5854166666666667 0.17421875 0.2638888888888889
0 0.111328125 0.3159722222222222 0.07890625 0.2833333333333333
0 0.08828125 0.05486111111111111 0.1765625 0.10972222222222222
1 0.1640625 0.18125 0.01015625 0.016666666666666666
1 0.207421875 0.22291666666666668 0.01875 0.05555555555555555
1 0.171875 0.3013888888888889 0.02421875 0.0375
1 0.272265625 0.09861111111111111 0.0328125 0.0625
1 0.2921875 0.16180555555555556 0.04140625 0.09444444444444444
1 0.259765625 0.18611111111111112 0.025 0.06944444444444445
1 0.20546875 0.10694444444444444 0.01484375 0.02638888888888889
1 0.21875 0.07430555555555556 0.00859375 0.015277777777777777
1 0.130078125 0.07569444444444444 0.0125 0.018055555555555554
1 0.330859375 0.08958333333333333 0.01796875 0.02361111111111111
1 0.404296875 0.11666666666666667 0.028125 0.05
1 0.505859375 0.19166666666666668 0.05078125 0.08611111111111111
1 0.5375 0.15833333333333333 0.0171875 0.0375
1 0.4625 0.03888888888888889 0.015625 0.02638888888888889
1 0.55625 0.022916666666666665 0.03203125 0.04583333333333333
1 0.67578125 0.17152777777777778 0.01796875 0.025
1 0.56875 0.3236111111111111 0.025 0.043055555555555555
1 0.412109375 0.3701388888888889 0.028125 0.04861111111111111
1 0.52578125 0.45416666666666666 0.02421875 0.044444444444444446
1 0.562890625 0.44027777777777777 0.025 0.03333333333333333
1 0.662109375 0.40069444444444446 0.01328125 0.020833333333333332
1 0.64375 0.5138888888888888 0.025 0.07916666666666666
1 0.444921875 0.5736111111111111 0.0328125 0.05138888888888889
1 0.418359375 0.5444444444444444 0.0203125 0.02361111111111111
1 0.413671875 0.49027777777777776 0.009375 0.02361111111111111
1 0.348828125 0.43125 0.02109375 0.03333333333333333
1 0.325390625 0.4722222222222222 0.0328125 0.05555555555555555
1 0.26015625 0.4395833333333333 0.03125 0.07916666666666666
1 0.675390625 0.011805555555555555 0.0109375 0.016666666666666666
1 0.44375 0.2972222222222222 0.0078125 0.0125
1 0.188671875 0.5486111111111112 0.0328125 0.06388888888888888
1 0.01484375 0.2423611111111111 0.01328125 0.05138888888888889
1 0.62578125 0.8534722222222222 0.0265625 0.059722222222222225
1 0.581640625 0.9006944444444445 0.0140625 0.020833333333333332
1 0.590625 0.7965277777777777 0.0109375 0.019444444444444445
1 0.515625 0.9006944444444445 0.02578125 0.043055555555555555
1 0.54765625 0.9541666666666667 0.02265625 0.04583333333333333
1 0.476953125 0.9347222222222222 0.02734375 0.03611111111111111
1 0.455859375 0.9784722222222222 0.03359375 0.043055555555555555
1 0.4578125 0.8222222222222222 0.0296875 0.043055555555555555
1 0.493359375 0.8777777777777778 0.02734375 0.06527777777777778
1 0.51484375 0.8395833333333333 0.025 0.04027777777777778
1 0.512890625 0.7965277777777777 0.021875 0.0375
1 0.458203125 0.7194444444444444 0.03515625 0.04722222222222222
1 0.366796875 0.8027777777777778 0.03984375 0.059722222222222225
1 0.33203125 0.93125 0.0296875 0.07083333333333333
1 0.35859375 0.8673611111111111 0.01171875 0.0375
1 0.3796875 0.8847222222222222 0.0171875 0.020833333333333332
1 0.2078125 0.99375 0.02734375 0.0125
1 0.238671875 0.9736111111111111 0.0421875 0.05277777777777778