0 0.475 0.6041666666666666 0.371875 0.10833333333333334
0 0.45546875 0.45729166666666665 0.265625 0.48333333333333334
0 0.48828125 0.065625 0.309375 0.13125
1 0.3765625 0.8302083333333333 0.0203125 0.029166666666666667
1 0.26484375 0.9552083333333333 0.01875 0.025
1 0.83046875 0.99375 0.0171875 0.0125
1 0.7640625 0.9708333333333333 0.0265625 0.01875
1 0.54609375 0.9520833333333333 0.0234375 0.027083333333333334
1 0.2359375 0.6979166666666666 0.03125 0.041666666666666664
1 0.25078125 0.6739583333333333 0.028125 0.035416666666666666
1 0.40390625 0.8072916666666666 0.0171875 0.029166666666666667
1 0.39296875 0.7947916666666667 0.0125 0.01875
1 0.6921875 0.7864583333333334 0.01875 0.035416666666666666
1 0.8109375 0.6625 0.0171875 0.029166666666666667
1 0.8734375 0.821875 0.0265625 0.027083333333333334
1 0.54609375 0.46770833333333334 0.0109375 0.022916666666666665
1 0.5640625 0.3614583333333333 0.0234375 0.025
1 0.68125 0.20416666666666666 0.0234375 0.029166666666666667
1 0.72578125 0.5645833333333333 0.01875 0.01875
1 0.52890625 0.471875 0.015625 0.020833333333333332
1 0.4921875 0.5114583333333333 0.0234375 0.03333333333333333
1 0.40390625 0.46875 0.03125 0.04583333333333333
1 0.47578125 0.41458333333333336 0.0234375 0.022916666666666665
1 0.83828125 0.325 0.015625 0.03125
1 0.7265625 0.45 0.021875 0.0375
1 0.7765625 0.4583333333333333 0.021875 0.025
1 0.8078125 0.440625 0.025 0.029166666666666667
1 0.8328125 0.465625 0.015625 0.014583333333333334
1 0.8890625 0.4479166666666667 0.040625 0.04583333333333333
1 0.84375 0.04375 0.021875 0.035416666666666666
1 0.76328125 0.07708333333333334 0.0375 0.041666666666666664
1 0.81640625 0.196875 0.0234375 0.03125
1 0.7125 0.013541666666666667 0.0234375 0.027083333333333334
1 0.73515625 0.053125 0.01875 0.03125
1 0.74140625 0.19166666666666668 0.0421875 0.05
1 0.71640625 0.16145833333333334 0.0375 0.0375
1 0.3 0.40520833333333334 0.0265625 0.01875
1 0.2484375 0.3625 0.03125 0.03333333333333333
1 0.27109375 0.35208333333333336 0.021875 0.025
1 0.1890625 0.16979166666666667 0.01875 0.020833333333333332
1 0.25859375 0.028125 0.0265625 0.03333333333333333
0 0.35078125 0.8010416666666667 0.3171875 0.39791666666666664