1 0.740625 0.953125 0.034375 0.041666666666666664
1 0.66875 0.853125 0.0390625 0.05
1 0.76328125 0.6635416666666667 0.0421875 0.052083333333333336
1 0.93046875 0.7989583333333333 0.04375 0.052083333333333336
1 0.6171875 0.9364583333333333 0.025 0.03958333333333333
1 0.571875 0.88125 0.028125 0.035416666666666666
1 0.42734375 0.5322916666666667 0.0359375 0.035416666666666666
1 0.47265625 0.553125 0.0234375 0.03125
1 0.50390625 0.63125 0.0265625 0.0625
1 0.70859375 0.36770833333333336 0.021875 0.027083333333333334
1 0.44609375 0.2375 0.0390625 0.052083333333333336
1 0.7265625 0.20833333333333334 0.046875 0.07708333333333334
1 0.990625 0.08541666666666667 0.01875 0.06875
0 0.52421875 0.109375 0.209375 0.20833333333333334
1 0.3453125 0.7583333333333333 0.0359375 0.12916666666666668
1 0.15546875 0.70625 0.034375 0.058333333333333334
0 0.55078125 0.4197916666666667 0.15 0.26666666666666666
0 0.54296875 0.7875 0.278125 0.4083333333333333
0 0.521875 0.91875 0.0984375 0.1625
1 0.38359375 0.45416666666666666 0.03125 0.04791666666666667
1 0.0203125 0.646875 0.040625 0.07916666666666666
1 0.2140625 0.9083333333333333 0.040625 0.04791666666666667
1 0.76171875 0.034375 0.05 0.052083333333333336
1 0.41171875 0.022916666666666665 0.0546875 0.04583333333333333
1 0.16875 0.027083333333333334 0.0625 0.052083333333333336
1 0.271875 0.3625 0.040625 0.05416666666666667
1 0.340625 0.46458333333333335 0.0296875 0.04791666666666667
1 0.3859375 0.9854166666666667 0.03125 0.022916666666666665