0 0.73671875 0.20416666666666666 0.171875 0.25
0 0.63828125 0.7854166666666667 0.3 0.19166666666666668
1 0.6234375 0.5729166666666666 0.021875 0.016666666666666666
1 0.85 0.746875 0.0125 0.027083333333333334
1 0.3640625 0.6489583333333333 0.0203125 0.027083333333333334
1 0.62578125 0.9625 0.021875 0.027083333333333334
1 0.93671875 0.8239583333333333 0.0234375 0.027083333333333334
1 0.85703125 0.921875 0.0359375 0.04583333333333333
0 0.696875 0.9802083333333333 0.0625 0.03958333333333333
1 0.53984375 0.9770833333333333 0.040625 0.04583333333333333
1 0.865625 0.028125 0.028125 0.03958333333333333
1 0.5765625 0.10520833333333333 0.0265625 0.025
1 0.55859375 0.3260416666666667 0.01875 0.020833333333333332
1 0.51328125 0.3 0.03125 0.052083333333333336
0 0.75546875 0.45 0.3234375 0.14791666666666667