1 0.89453125 0.06319444444444444 0.05 0.08333333333333333
0 0.12734375 0.2326388888888889 0.2453125 0.31527777777777777
1 0.25078125 0.10277777777777777 0.01171875 0.016666666666666666
1 0.22421875 0.044444444444444446 0.03125 0.06388888888888888
0 0.15703125 0.5229166666666667 0.09453125 0.3347222222222222
0 0.150390625 0.8159722222222222 0.203125 0.325
0 0.164453125 0.9020833333333333 0.12578125 0.19583333333333333
0 0.717578125 0.8916666666666667 0.20390625 0.21666666666666667
0 0.694140625 0.8388888888888889 0.13046875 0.32222222222222224
0 0.675390625 0.08541666666666667 0.21328125 0.17083333333333334
1 0.2640625 0.11736111111111111 0.0328125 0.0763888888888889
1 0.39296875 0.07569444444444444 0.01015625 0.022222222222222223
1 0.35703125 0.015277777777777777 0.01328125 0.015277777777777777
1 0.253125 0.24097222222222223 0.0234375 0.06388888888888888
1 0.27265625 0.2548611111111111 0.0140625 0.029166666666666667
1 0.307421875 0.23819444444444443 0.0125 0.03333333333333333
1 0.244921875 0.3 0.0171875 0.043055555555555555
1 0.24453125 0.36875 0.01484375 0.02638888888888889
1 0.2515625 0.39652777777777776 0.028125 0.0375
1 0.08515625 0.16597222222222222 0.01796875 0.034722222222222224
1 0.205859375 0.5097222222222222 0.0234375 0.044444444444444446
1 0.2265625 0.5506944444444445 0.06484375 0.09027777777777778
1 0.201171875 0.5958333333333333 0.0296875 0.05138888888888889
1 0.18671875 0.7729166666666667 0.01015625 0.018055555555555554
1 0.177734375 0.8208333333333333 0.01875 0.03888888888888889
1 0.328515625 0.8597222222222223 0.0125 0.03333333333333333
1 0.104296875 0.9868055555555556 0.01484375 0.02638888888888889
1 0.1890625 0.9597222222222223 0.01328125 0.020833333333333332
1 0.615625 0.7694444444444445 0.0265625 0.05138888888888889
1 0.946875 0.19236111111111112 0.06171875 0.13472222222222222
1 0.7390625 0.7548611111111111 0.01484375 0.027777777777777776
1 0.749609375 0.78125 0.01484375 0.03194444444444444
1 0.58046875 0.6875 0.0125 0.020833333333333332
1 0.86953125 0.95625 0.0109375 0.020833333333333332
1 0.81875 0.36666666666666664 0.06640625 0.14027777777777778
1 0.730078125 0.43680555555555556 0.02265625 0.03888888888888889
1 0.680859375 0.46597222222222223 0.01796875 0.030555555555555555
1 0.683984375 0.5208333333333334 0.0296875 0.05
1 0.618359375 0.46805555555555556 0.0578125 0.125
1 0.7046875 0.25763888888888886 0.0171875 0.03611111111111111
1 0.983984375 0.3729166666666667 0.03046875 0.07222222222222222
1 0.9703125 0.27152777777777776 0.01953125 0.03888888888888889
1 0.182421875 0.10625 0.01484375 0.03333333333333333
1 0.5046875 0.2743055555555556 0.0125 0.02638888888888889
1 0.819140625 0.011805555555555555 0.02734375 0.02361111111111111
1 0.565625 0.12777777777777777 0.021875 0.03611111111111111
1 0.60859375 0.14791666666666667 0.0265625 0.05277777777777778
1 0.85546875 0.0875 0.03203125 0.058333333333333334
1 0.83828125 0.04513888888888889 0.02578125 0.05694444444444444