1 0.5546875 0.8777777777777778 0.0234375 0.044444444444444446
1 0.58046875 0.5013888888888889 0.015625 0.03194444444444444
1 0.402734375 0.9861111111111112 0.01875 0.027777777777777776
1 0.353125 0.9881944444444445 0.01875 0.02361111111111111
1 0.12890625 0.9409722222222222 0.0109375 0.030555555555555555
1 0.34765625 0.8430555555555556 0.0140625 0.022222222222222223
1 0.2109375 0.9777777777777777 0.0125 0.02361111111111111
1 0.232421875 0.8513888888888889 0.00859375 0.020833333333333332
1 0.116015625 0.6673611111111111 0.01484375 0.027777777777777776
1 0.164453125 0.5888888888888889 0.025 0.03194444444444444
1 0.19921875 0.48125 0.0140625 0.018055555555555554
1 0.203515625 0.5625 0.025 0.05416666666666667
1 0.235546875 0.6076388888888888 0.0515625 0.1
1 0.29296875 0.6979166666666666 0.021875 0.0375
1 0.3078125 0.6604166666666667 0.021875 0.025
1 0.611328125 0.6763888888888889 0.01640625 0.02638888888888889
1 0.675390625 0.3333333333333333 0.034375 0.027777777777777776
1 0.795703125 0.07222222222222222 0.00859375 0.013888888888888888
1 0.90859375 0.11458333333333333 0.01484375 0.018055555555555554
1 0.880078125 0.1076388888888889 0.03828125 0.05416666666666667
1 0.96328125 0.06805555555555555 0.040625 0.0625
1 0.941796875 0.04027777777777778 0.00625 0.016666666666666666
1 0.900390625 0.05625 0.025 0.04722222222222222
1 0.776953125 0.027083333333333334 0.05234375 0.05138888888888889
1 0.876171875 0.018055555555555554 0.0265625 0.03611111111111111
1 0.896875 0.18333333333333332 0.0234375 0.07222222222222222
1 0.93984375 0.27569444444444446 0.01015625 0.019444444444444445
1 0.89609375 0.3368055555555556 0.00859375 0.018055555555555554
1 0.83046875 0.24444444444444444 0.0234375 0.05138888888888889
1 0.875390625 0.25416666666666665 0.02421875 0.0763888888888889
1 0.78046875 0.5097222222222222 0.01640625 0.022222222222222223
1 0.779296875 0.36736111111111114 0.01953125 0.029166666666666667
1 0.78984375 0.47708333333333336 0.0125 0.03611111111111111
1 0.81640625 0.45625 0.0265625 0.041666666666666664
1 0.861328125 0.9305555555555556 0.02109375 0.043055555555555555
1 0.97109375 0.9583333333333334 0.0234375 0.02361111111111111
1 0.94375 0.9666666666666667 0.01875 0.020833333333333332
1 0.92265625 0.9590277777777778 0.0078125 0.015277777777777777
1 0.913671875 0.8472222222222222 0.009375 0.020833333333333332
1 0.79453125 0.7041666666666667 0.01640625 0.041666666666666664
1 0.908984375 0.7888888888888889 0.01328125 0.030555555555555555
1 0.88515625 0.7798611111111111 0.01328125 0.027777777777777776
1 0.9890625 0.5284722222222222 0.021875 0.06388888888888888
1 0.820703125 0.55 0.00859375 0.027777777777777776
1 0.827734375 0.5979166666666667 0.02578125 0.06666666666666667
1 0.8859375 0.5277777777777778 0.01875 0.030555555555555555
1 0.853125 0.525 0.03125 0.06666666666666667
1 0.78359375 0.8208333333333333 0.02421875 0.03611111111111111
1 0.391796875 0.8069444444444445 0.02109375 0.030555555555555555
1 0.426953125 0.8840277777777777 0.0140625 0.06944444444444445
0 0.1421875 0.044444444444444446 0.0609375 0.08611111111111111
0 0.117578125 0.15833333333333333 0.16953125 0.2916666666666667
0 0.087109375 0.4847222222222222 0.17109375 0.5791666666666667
0 0.108984375 0.8131944444444444 0.21328125 0.2513888888888889
0 0.616796875 0.8263888888888888 0.19375 0.3472222222222222
0 0.624609375 0.8513888888888889 0.115625 0.25833333333333336
0 0.68828125 0.44722222222222224 0.2203125 0.2125
0 0.653515625 0.2125 0.26015625 0.25416666666666665
0 0.663671875 0.10555555555555556 0.2765625 0.2111111111111111
1 0.044921875 0.04513888888888889 0.02578125 0.06527777777777778
1 0.07578125 0.07013888888888889 0.01953125 0.022222222222222223
1 0.086328125 0.08819444444444445 0.01953125 0.0375
1 0.082421875 0.14930555555555555 0.01640625 0.029166666666666667
1 0.21328125 0.16875 0.0484375 0.06388888888888888
1 0.27890625 0.16319444444444445 0.03671875 0.06944444444444445
1 0.31953125 0.10694444444444444 0.0265625 0.059722222222222225
1 0.348046875 0.03194444444444444 0.02109375 0.043055555555555555
1 0.362890625 0.05486111111111111 0.01171875 0.022222222222222223
1 0.264453125 0.09097222222222222 0.0171875 0.02638888888888889
1 0.363671875 0.22430555555555556 0.02578125 0.030555555555555555
1 0.258203125 0.25833333333333336 0.03046875 0.06666666666666667
1 0.28828125 0.3125 0.01171875 0.029166666666666667
1 0.135546875 0.36041666666666666 0.05546875 0.04722222222222222
1 0.109375 0.3951388888888889 0.0125 0.02638888888888889
1 0.069921875 0.3159722222222222 0.01796875 0.022222222222222223
1 0.408203125 0.30416666666666664 0.03125 0.06944444444444445
1 0.442578125 0.33125 0.053125 0.15
1 0.3859375 0.3909722222222222 0.0171875 0.025
1 0.44375 0.18055555555555555 0.03125 0.0763888888888889
1 0.467578125 0.10972222222222222 0.021875 0.05277777777777778
1 0.4890625 0.07361111111111111 0.02421875 0.05138888888888889
1 0.502734375 0.034027777777777775 0.021875 0.03611111111111111
1 0.50703125 0.09930555555555555 0.02734375 0.034722222222222224
1 0.62421875 0.03888888888888889 0.0328125 0.04583333333333333
1 0.57578125 0.09513888888888888 0.0125 0.022222222222222223
1 0.59453125 0.09652777777777778 0.0265625 0.03194444444444444
1 0.538671875 0.1527777777777778 0.01875 0.03333333333333333
1 0.587109375 0.225 0.0265625 0.05555555555555555
1 0.56640625 0.24444444444444444 0.0203125 0.022222222222222223
1 0.52890625 0.33611111111111114 0.02421875 0.030555555555555555
1 0.56015625 0.29930555555555555 0.01953125 0.04722222222222222
1 0.581640625 0.31875 0.02890625 0.05
1 0.58046875 0.36736111111111114 0.0203125 0.05138888888888889
1 0.5671875 0.47638888888888886 0.01953125 0.041666666666666664
1 0.5171875 0.5340277777777778 0.02265625 0.034722222222222224
1 0.546484375 0.4013888888888889 0.01484375 0.030555555555555555
1 0.5890625 0.5673611111111111 0.02421875 0.03333333333333333
1 0.5078125 0.5979166666666667 0.01875 0.030555555555555555
1 0.4421875 0.6298611111111111 0.01640625 0.02638888888888889
1 0.41796875 0.5229166666666667 0.01875 0.03333333333333333
1 0.369921875 0.5368055555555555 0.06015625 0.1
1 0.336328125 0.4583333333333333 0.0359375 0.06805555555555555
1 0.6984375 0.5694444444444444 0.0234375 0.05138888888888889
1 0.70625 0.5020833333333333 0.0328125 0.034722222222222224
1 0.728125 0.4 0.021875 0.034722222222222224
1 0.66953125 0.43472222222222223 0.01640625 0.0375
1 0.6609375 0.475 0.01484375 0.020833333333333332
1 0.624609375 0.6083333333333333 0.01484375 0.022222222222222223
1 0.566796875 0.6611111111111111 0.01796875 0.03888888888888889
1 0.51640625 0.8173611111111111 0.03984375 0.05694444444444444
1 0.5328125 0.8763888888888889 0.01015625 0.025
1 0.455859375 0.8944444444444445 0.03515625 0.05555555555555555