1 0.95390625 0.5569444444444445 0.0234375 0.05
1 0.2328125 0.8611111111111112 0.03125 0.043055555555555555
1 0.209765625 0.10138888888888889 0.02109375 0.05416666666666667
1 0.207421875 0.014583333333333334 0.0203125 0.027777777777777776
1 0.165625 0.12430555555555556 0.0421875 0.0763888888888889
1 0.15859375 0.07569444444444444 0.0171875 0.02638888888888889
1 0.146875 0.041666666666666664 0.03515625 0.08333333333333333
1 0.11953125 0.018055555555555554 0.02109375 0.03611111111111111
1 0.321484375 0.19791666666666666 0.01484375 0.03333333333333333
1 0.525390625 0.01875 0.0171875 0.0375
1 0.551953125 0.09375 0.01640625 0.0375
1 0.647265625 0.08402777777777778 0.03046875 0.058333333333333334
1 0.62265625 0.14097222222222222 0.0203125 0.04861111111111111
1 0.603515625 0.17152777777777778 0.01953125 0.029166666666666667
1 0.559765625 0.1736111111111111 0.021875 0.05277777777777778
1 0.605078125 0.3020833333333333 0.0140625 0.03611111111111111
1 0.6671875 0.29930555555555555 0.0328125 0.05694444444444444
1 0.71875 0.26875 0.01796875 0.041666666666666664
1 0.746484375 0.12986111111111112 0.03125 0.06527777777777778
1 0.755078125 0.029861111111111113 0.03359375 0.05555555555555555
1 0.837890625 0.1326388888888889 0.021875 0.04722222222222222
1 0.866015625 0.0798611111111111 0.02265625 0.04583333333333333
1 0.875390625 0.021527777777777778 0.02578125 0.041666666666666664
1 0.906640625 0.13541666666666666 0.046875 0.058333333333333334
1 0.1375 0.7222222222222222 0.01953125 0.03333333333333333
0 0.658984375 0.06736111111111111 0.06484375 0.13472222222222222
0 0.6375 0.2152777777777778 0.28828125 0.19027777777777777
0 0.68203125 0.3277777777777778 0.2546875 0.3527777777777778
0 0.634765625 0.6076388888888888 0.17109375 0.09861111111111111
0 0.63046875 0.8541666666666666 0.0890625 0.28194444444444444
0 0.66953125 0.91875 0.1421875 0.1625
1 0.5984375 0.55625 0.01875 0.03611111111111111
1 0.559375 0.4375 0.0390625 0.06388888888888888
1 0.51484375 0.3798611111111111 0.0203125 0.04722222222222222
1 0.539453125 0.34375 0.01796875 0.03888888888888889
1 0.768359375 0.2826388888888889 0.0234375 0.04722222222222222
1 0.726171875 0.5118055555555555 0.0265625 0.044444444444444446
1 0.813671875 0.5020833333333333 0.021875 0.030555555555555555
1 0.7578125 0.6027777777777777 0.04140625 0.08888888888888889
1 0.813671875 0.6201388888888889 0.034375 0.09444444444444444
1 0.708984375 0.6895833333333333 0.0234375 0.03611111111111111
1 0.691015625 0.76875 0.02421875 0.03333333333333333
1 0.70625 0.7381944444444445 0.0265625 0.04722222222222222
1 0.4671875 0.6527777777777778 0.03359375 0.05555555555555555
1 0.641796875 0.7680555555555556 0.02578125 0.04583333333333333
1 0.609765625 0.6770833333333334 0.0296875 0.05555555555555555
1 0.57421875 0.74375 0.01796875 0.043055555555555555
1 0.566015625 0.8090277777777778 0.03984375 0.06805555555555555
1 0.596875 0.8597222222222223 0.021875 0.04722222222222222
1 0.57734375 0.98125 0.046875 0.0375
1 0.68046875 0.9673611111111111 0.01953125 0.05555555555555555
1 0.69921875 0.9340277777777778 0.028125 0.05555555555555555
1 0.682421875 0.8826388888888889 0.01953125 0.041666666666666664
1 0.731640625 0.8354166666666667 0.03125 0.04722222222222222
1 0.7703125 0.7638888888888888 0.0296875 0.06666666666666667
1 0.801953125 0.7784722222222222 0.02109375 0.05555555555555555
1 0.83125 0.7715277777777778 0.03828125 0.06805555555555555
1 0.76640625 0.9111111111111111 0.02265625 0.034722222222222224
1 0.78359375 0.9666666666666667 0.01953125 0.043055555555555555
1 0.836328125 0.8791666666666667 0.0265625 0.03888888888888889
1 0.18203125 0.6368055555555555 0.01875 0.043055555555555555
1 0.23515625 0.5444444444444444 0.028125 0.06944444444444445
1 0.28515625 0.5506944444444445 0.0296875 0.043055555555555555
1 0.304296875 0.5298611111111111 0.0234375 0.0375
1 0.255859375 0.4673611111111111 0.01875 0.030555555555555555
1 0.196484375 0.5256944444444445 0.02578125 0.05277777777777778
1 0.1734375 0.40902777777777777 0.02265625 0.04861111111111111
1 0.309375 0.36944444444444446 0.0203125 0.03611111111111111
1 0.881640625 0.8368055555555556 0.0375 0.07916666666666666
1 0.973828125 0.8131944444444444 0.02578125 0.04722222222222222
1 0.890234375 0.7819444444444444 0.02265625 0.04861111111111111
1 0.89296875 0.7173611111111111 0.0203125 0.041666666666666664
1 0.91171875 0.6361111111111111 0.028125 0.041666666666666664
1 0.898828125 0.6652777777777777 0.02421875 0.041666666666666664
1 0.86015625 0.5965277777777778 0.02265625 0.06388888888888888
1 0.89609375 0.5638888888888889 0.0203125 0.044444444444444446
1 0.970703125 0.6076388888888888 0.0328125 0.041666666666666664
1 0.166015625 0.7152777777777778 0.0375 0.05277777777777778
1 0.26171875 0.6618055555555555 0.03125 0.06527777777777778
1 0.19921875 0.7465277777777778 0.03984375 0.0625
1 0.230859375 0.8104166666666667 0.0296875 0.043055555555555555
1 0.9671875 0.17569444444444443 0.02109375 0.03888888888888889
1 0.91796875 0.2388888888888889 0.04296875 0.06805555555555555
1 0.877734375 0.3416666666666667 0.02734375 0.06666666666666667
1 0.911328125 0.35694444444444445 0.03046875 0.04722222222222222
1 0.909765625 0.40208333333333335 0.025 0.044444444444444446
1 0.830078125 0.2986111111111111 0.0203125 0.041666666666666664
1 0.817578125 0.39375 0.05234375 0.08333333333333333
1 0.8203125 0.4638888888888889 0.02109375 0.04027777777777778
1 0.9640625 0.4798611111111111 0.0328125 0.05416666666666667
1 0.288671875 0.25416666666666665 0.01015625 0.027777777777777776
1 0.51015625 0.6472222222222223 0.0125 0.029166666666666667
1 0.48515625 0.6465277777777778 0.01015625 0.029166666666666667
1 0.1703125 0.9055555555555556 0.03203125 0.06111111111111111
1 0.1125 0.9659722222222222 0.01796875 0.041666666666666664
1 0.27421875 0.37222222222222223 0.02265625 0.044444444444444446
1 0.21328125 0.2625 0.03125 0.08333333333333333
1 0.237109375 0.19375 0.0234375 0.05138888888888889
1 0.2578125 0.05277777777777778 0.04375 0.09583333333333334