1 0.68671875 0.9541666666666667 0.0265625 0.035416666666666666
1 0.4625 0.6260416666666667 0.0125 0.025
1 0.8453125 0.40520833333333334 0.0171875 0.020833333333333332
1 0.50625 0.016666666666666666 0.0203125 0.027083333333333334
1 0.24609375 0.2833333333333333 0.0171875 0.03958333333333333
1 0.9640625 0.7875 0.025 0.03125
1 0.56796875 0.93125 0.0203125 0.03125
1 0.34453125 0.9395833333333333 0.0171875 0.025
1 0.81015625 0.5010416666666667 0.0265625 0.03333333333333333
1 0.68046875 0.42291666666666666 0.025 0.03125
1 0.434375 0.08229166666666667 0.028125 0.03125
1 0.3265625 0.08125 0.0203125 0.022916666666666665
1 0.29375 0.09166666666666666 0.0296875 0.022916666666666665
1 0.12421875 0.6166666666666667 0.0390625 0.06666666666666667
1 0.38359375 0.9885416666666667 0.0171875 0.020833333333333332
1 0.43984375 0.8041666666666667 0.0203125 0.022916666666666665
1 0.7375 0.6375 0.0265625 0.03333333333333333
1 0.871875 0.271875 0.028125 0.052083333333333336
1 0.87734375 0.11666666666666667 0.021875 0.0375
1 0.81015625 0.20520833333333333 0.0234375 0.0375
1 0.7609375 0.7458333333333333 0.0234375 0.03958333333333333
1 0.95078125 0.840625 0.0203125 0.03958333333333333
1 0.62578125 0.6614583333333334 0.025 0.025
1 0.2671875 0.875 0.025 0.0625
1 0.65859375 0.64375 0.0296875 0.03333333333333333
1 0.96796875 0.13958333333333334 0.0453125 0.04791666666666667
1 0.940625 0.10208333333333333 0.0328125 0.03958333333333333
1 0.80234375 0.11354166666666667 0.0375 0.058333333333333334
1 0.875 0.03854166666666667 0.0265625 0.04791666666666667
1 0.59296875 0.013541666666666667 0.0375 0.027083333333333334
1 0.40703125 0.24166666666666667 0.0234375 0.03958333333333333
1 0.63125 0.31979166666666664 0.04375 0.035416666666666666
1 0.975 0.5395833333333333 0.0265625 0.03333333333333333
1 0.92578125 0.509375 0.021875 0.027083333333333334
1 0.828125 0.7239583333333334 0.028125 0.041666666666666664
1 0.86328125 0.78125 0.0234375 0.027083333333333334
1 0.38984375 0.66875 0.0390625 0.0375
1 0.91640625 0.46145833333333336 0.0484375 0.05416666666666667
1 0.5203125 0.14270833333333333 0.065625 0.07083333333333333
1 0.4390625 0.13229166666666667 0.05625 0.08333333333333333
1 0.4484375 0.2760416666666667 0.053125 0.05
1 0.94375 0.20416666666666666 0.0328125 0.052083333333333336
1 0.20859375 0.3885416666666667 0.0296875 0.035416666666666666
1 0.39375 0.8166666666666667 0.0359375 0.03958333333333333
1 0.5046875 0.275 0.0203125 0.027083333333333334
1 0.7515625 0.23020833333333332 0.0171875 0.020833333333333332
1 0.96875 0.246875 0.01875 0.0375
1 0.909375 0.7708333333333334 0.025 0.020833333333333332
1 0.66015625 0.5916666666666667 0.03125 0.022916666666666665
1 0.45390625 0.51875 0.0171875 0.025
0 0.66484375 0.5489583333333333 0.0796875 0.14791666666666667
0 0.72578125 0.09583333333333334 0.10625 0.19166666666666668
1 0.1546875 0.03854166666666667 0.03125 0.03958333333333333
1 0.35546875 0.07083333333333333 0.0203125 0.025
1 0.42421875 0.5510416666666667 0.0296875 0.025
1 0.50234375 0.5458333333333333 0.0421875 0.05
1 0.95625 0.43645833333333334 0.028125 0.035416666666666666
1 0.3234375 0.4041666666666667 0.0171875 0.025
0 0.7484375 0.8864583333333333 0.325 0.1625
0 0.6671875 0.3229166666666667 0.14375 0.37916666666666665