1 0.90703125 0.6802083333333333 0.021875 0.027083333333333334
1 0.1484375 0.19375 0.01875 0.01875
1 0.0453125 0.18020833333333333 0.021875 0.03125
1 0.325 0.0625 0.021875 0.025
1 0.478125 0.03229166666666667 0.0234375 0.027083333333333334
1 0.50078125 0.020833333333333332 0.0234375 0.03125
1 0.496875 0.051041666666666666 0.025 0.025
1 0.58828125 0.16458333333333333 0.0453125 0.041666666666666664
1 0.63203125 0.09479166666666666 0.0328125 0.029166666666666667
1 0.68046875 0.09479166666666666 0.0421875 0.04375
1 0.85234375 0.3 0.0203125 0.03125
1 0.8828125 0.325 0.01875 0.01875
1 0.725 0.40625 0.0203125 0.029166666666666667
1 0.66640625 0.428125 0.0234375 0.022916666666666665
1 0.890625 0.55 0.0203125 0.027083333333333334
1 0.38984375 0.49270833333333336 0.034375 0.0375
1 0.309375 0.475 0.0265625 0.035416666666666666
1 0.41953125 0.7354166666666667 0.01875 0.025
1 0.12109375 0.89375 0.04375 0.05416666666666667
1 0.34296875 0.34479166666666666 0.028125 0.03333333333333333
1 0.33125 0.3375 0.01875 0.014583333333333334
1 0.509375 0.17291666666666666 0.0203125 0.025
1 0.15078125 0.10104166666666667 0.0234375 0.016666666666666666
1 0.31953125 0.19791666666666666 0.0125 0.01875
1 0.24453125 0.8739583333333333 0.0421875 0.029166666666666667
1 0.9453125 0.9197916666666667 0.034375 0.0375
1 0.77109375 0.796875 0.0234375 0.022916666666666665
1 0.796875 0.8291666666666667 0.0171875 0.022916666666666665
1 0.69765625 0.6385416666666667 0.0328125 0.03125
1 0.66328125 0.3770833333333333 0.0171875 0.03333333333333333
0 0.45 0.16666666666666666 0.446875 0.3333333333333333
0 0.64765625 0.4 0.3984375 0.47291666666666665
0 0.63046875 0.5802083333333333 0.503125 0.7083333333333334
0 0.70234375 0.871875 0.4484375 0.25625