0 0.5875 0.07430555555555556 0.1203125 0.14305555555555555
0 0.569921875 0.2388888888888889 0.06640625 0.19722222222222222
0 0.55390625 0.3861111111111111 0.11796875 0.14305555555555555
0 0.578515625 0.4534722222222222 0.128125 0.18194444444444444
0 0.548828125 0.8541666666666666 0.08203125 0.23055555555555557
0 0.58359375 0.9472222222222222 0.0953125 0.1
0 0.955078125 0.16527777777777777 0.08984375 0.2263888888888889
0 0.9484375 0.37430555555555556 0.10078125 0.19722222222222222
0 0.944921875 0.49722222222222223 0.08984375 0.18194444444444444
1 0.234375 0.25763888888888886 0.02890625 0.03611111111111111
1 0.25625 0.15763888888888888 0.03046875 0.041666666666666664
1 0.198046875 0.029861111111111113 0.046875 0.05555555555555555
1 0.476171875 0.025694444444444443 0.0375 0.044444444444444446
1 0.455078125 0.12222222222222222 0.01171875 0.02638888888888889
1 0.428515625 0.1798611111111111 0.0171875 0.019444444444444445
1 0.501953125 0.175 0.015625 0.03333333333333333
1 0.666796875 0.2222222222222222 0.034375 0.06527777777777778
1 0.64765625 0.17152777777777778 0.01484375 0.029166666666666667
1 0.6921875 0.15763888888888888 0.0390625 0.03888888888888889
1 0.761328125 0.19791666666666666 0.021875 0.044444444444444446
1 0.733203125 0.2513888888888889 0.0328125 0.06111111111111111
1 0.7359375 0.18194444444444444 0.0234375 0.04027777777777778
1 0.759765625 0.08333333333333333 0.0625 0.10972222222222222
1 0.879296875 0.26458333333333334 0.01796875 0.0875
1 0.8375 0.3125 0.02109375 0.0375
1 0.78046875 0.26458333333333334 0.025 0.04583333333333333
1 0.798828125 0.3472222222222222 0.02734375 0.05
1 0.866796875 0.4131944444444444 0.0328125 0.04722222222222222
1 0.9 0.375 0.03046875 0.07777777777777778
1 0.766796875 0.6458333333333334 0.01953125 0.04722222222222222
1 0.76328125 0.7333333333333333 0.01875 0.020833333333333332
1 0.788671875 0.9465277777777777 0.046875 0.08888888888888889
1 0.676953125 0.8 0.0203125 0.03611111111111111
1 0.718359375 0.9645833333333333 0.0203125 0.027777777777777776
1 0.6296875 0.7444444444444445 0.02109375 0.029166666666666667
1 0.662109375 0.7229166666666667 0.02109375 0.025
1 0.6125 0.8638888888888889 0.0390625 0.029166666666666667
1 0.6 0.8027777777777778 0.01328125 0.0375
1 0.6078125 0.5930555555555556 0.0453125 0.09861111111111111
1 0.631640625 0.48333333333333334 0.03359375 0.06527777777777778
1 0.638671875 0.3854166666666667 0.01875 0.043055555555555555
1 0.7078125 0.36666666666666664 0.01796875 0.02361111111111111
1 0.699609375 0.31527777777777777 0.0265625 0.03194444444444444
1 0.6015625 0.4 0.01796875 0.05555555555555555
1 0.33125 0.9701388888888889 0.03984375 0.058333333333333334
1 0.296875 0.8430555555555556 0.040625 0.05555555555555555
1 0.308984375 0.6361111111111111 0.04296875 0.059722222222222225
1 0.3046875 0.5743055555555555 0.04453125 0.044444444444444446
1 0.2765625 0.5229166666666667 0.025 0.03333333333333333
1 0.27109375 0.4618055555555556 0.0203125 0.0375
1 0.243359375 0.41388888888888886 0.02734375 0.05
1 0.2421875 0.5854166666666667 0.021875 0.03194444444444444
1 0.17734375 0.6243055555555556 0.015625 0.02638888888888889
1 0.2125 0.58125 0.01484375 0.044444444444444446
1 0.234765625 0.6784722222222223 0.04140625 0.05138888888888889
1 0.15 0.24305555555555555 0.0265625 0.04027777777777778
0 0.94140625 0.7340277777777777 0.109375 0.22916666666666666
0 0.9171875 0.9222222222222223 0.0734375 0.13055555555555556
1 0.302734375 0.3659722222222222 0.0109375 0.02361111111111111
1 0.275390625 0.3138888888888889 0.015625 0.04722222222222222
1 0.351953125 0.27847222222222223 0.01640625 0.022222222222222223
1 0.25546875 0.9111111111111111 0.0421875 0.05416666666666667
1 0.43984375 0.8145833333333333 0.0171875 0.029166666666666667
1 0.43984375 0.7173611111111111 0.015625 0.027777777777777776
1 0.387109375 0.6506944444444445 0.01640625 0.02638888888888889
1 0.426171875 0.5361111111111111 0.01875 0.025
1 0.393359375 0.4222222222222222 0.0109375 0.02361111111111111
1 0.2015625 0.3104166666666667 0.01953125 0.04722222222222222
1 0.193359375 0.2548611111111111 0.021875 0.044444444444444446
1 0.359765625 0.16319444444444445 0.01640625 0.022222222222222223
1 0.342578125 0.19375 0.015625 0.02361111111111111
1 0.37421875 0.88125 0.01796875 0.02638888888888889
1 0.50703125 0.7020833333333333 0.01953125 0.030555555555555555
1 0.548828125 0.5701388888888889 0.03671875 0.07083333333333333
1 0.929296875 0.2520833333333333 0.01640625 0.04027777777777778
0 0.17265625 0.11041666666666666 0.14453125 0.21805555555555556
0 0.191796875 0.37083333333333335 0.1375 0.13472222222222222
0 0.15703125 0.6034722222222222 0.159375 0.2013888888888889
0 0.203515625 0.8166666666666667 0.14375 0.11527777777777778