1 0.878125 0.06041666666666667 0.0453125 0.04375
1 0.83125 0.109375 0.015625 0.01875
1 0.60703125 0.021875 0.0265625 0.020833333333333332
1 0.6625 0.065625 0.01875 0.020833333333333332
1 0.71484375 0.026041666666666668 0.01875 0.016666666666666666
1 0.4328125 0.00625 0.0140625 0.0125
1 0.5140625 0.94375 0.0171875 0.027083333333333334
0 0.6609375 0.10625 0.1296875 0.2125
0 0.653125 0.39166666666666666 0.253125 0.08125
0 0.6859375 0.6385416666666667 0.1203125 0.23333333333333334
1 0.534375 0.6604166666666667 0.075 0.13541666666666666
0 0.6953125 0.8072916666666666 0.090625 0.16041666666666668
1 0.69140625 0.9 0.0421875 0.03333333333333333
1 0.7328125 0.88125 0.0234375 0.03958333333333333
1 0.77734375 0.9177083333333333 0.0296875 0.027083333333333334
1 0.8375 0.8979166666666667 0.0203125 0.03333333333333333
1 0.8765625 0.91875 0.040625 0.0375
1 0.84296875 0.9385416666666667 0.015625 0.027083333333333334
1 0.6796875 0.9927083333333333 0.015625 0.014583333333333334
1 0.55859375 0.909375 0.053125 0.07083333333333333
1 0.39375 0.9729166666666667 0.0171875 0.016666666666666666
1 0.33984375 0.8947916666666667 0.0234375 0.016666666666666666
1 0.3796875 0.8458333333333333 0.0125 0.016666666666666666
1 0.571875 0.7395833333333334 0.025 0.022916666666666665
1 0.77109375 0.6510416666666666 0.0421875 0.08541666666666667
1 0.91328125 0.4875 0.0375 0.04375
1 0.6390625 0.578125 0.0265625 0.029166666666666667
1 0.45 0.59375 0.0359375 0.03958333333333333
1 0.48046875 0.5166666666666667 0.028125 0.035416666666666666
1 0.3296875 0.39166666666666666 0.0171875 0.01875
1 0.38125 0.3572916666666667 0.021875 0.022916666666666665
1 0.7828125 0.26979166666666665 0.01875 0.03333333333333333
1 0.8359375 0.36041666666666666 0.0234375 0.020833333333333332
1 0.740625 0.33229166666666665 0.0171875 0.016666666666666666