0 0.50390625 0.5020833333333333 0.1375 0.1875
1 0.24921875 0.8916666666666667 0.025 0.03958333333333333
1 0.209375 0.8666666666666667 0.01875 0.025
1 0.12265625 0.878125 0.0125 0.016666666666666666
1 0.63828125 0.9854166666666667 0.0296875 0.029166666666666667
1 0.59921875 0.9708333333333333 0.028125 0.0375
1 0.42421875 0.978125 0.01875 0.01875
1 0.3671875 0.959375 0.071875 0.07083333333333333
1 0.46484375 0.9010416666666666 0.0296875 0.0375
1 0.60859375 0.8114583333333333 0.025 0.025
1 0.57109375 0.771875 0.040625 0.035416666666666666
1 0.8265625 0.7229166666666667 0.0203125 0.04375
1 0.85546875 0.7760416666666666 0.053125 0.052083333333333336
1 0.80546875 0.775 0.034375 0.027083333333333334
1 0.6828125 0.6479166666666667 0.025 0.022916666666666665
1 0.659375 0.6802083333333333 0.025 0.0375
1 0.6359375 0.6614583333333334 0.01875 0.027083333333333334
1 0.7234375 0.60625 0.0140625 0.025
1 0.75390625 0.590625 0.0171875 0.01875
1 0.8546875 0.5770833333333333 0.01875 0.035416666666666666
1 0.85390625 0.4427083333333333 0.0171875 0.027083333333333334
1 0.82578125 0.459375 0.0234375 0.022916666666666665
1 0.6921875 0.3875 0.0234375 0.029166666666666667
1 0.64140625 0.30833333333333335 0.021875 0.029166666666666667
1 0.05078125 0.6364583333333333 0.0140625 0.01875
1 0.82890625 0.23958333333333334 0.0265625 0.029166666666666667
1 0.72734375 0.24895833333333334 0.0234375 0.03333333333333333
1 0.8140625 0.20416666666666666 0.021875 0.022916666666666665
1 0.840625 0.18229166666666666 0.0328125 0.05625
1 0.8 0.034375 0.015625 0.03333333333333333
1 0.6578125 0.046875 0.0171875 0.01875
1 0.61640625 0.05416666666666667 0.0609375 0.04375
1 0.6546875 0.11979166666666667 0.0203125 0.016666666666666666
1 0.6296875 0.171875 0.0640625 0.07916666666666666
1 0.5828125 0.125 0.040625 0.05416666666666667
1 0.4453125 0.014583333333333334 0.028125 0.029166666666666667
1 0.37890625 0.17916666666666667 0.0140625 0.020833333333333332
1 0.41953125 0.146875 0.025 0.029166666666666667
1 0.340625 0.07604166666666666 0.0390625 0.0625
1 0.23671875 0.16979166666666667 0.0203125 0.014583333333333334
1 0.290625 0.17604166666666668 0.021875 0.03125
1 0.2875 0.1125 0.0265625 0.03958333333333333
1 0.17578125 0.10104166666666667 0.01875 0.03125
1 0.1796875 0.06979166666666667 0.0234375 0.025
1 0.284375 0.059375 0.0375 0.05416666666666667
1 0.25 0.08020833333333334 0.01875 0.035416666666666666
1 0.228125 0.027083333333333334 0.0515625 0.05416666666666667
1 0.1828125 0.013541666666666667 0.03125 0.027083333333333334
1 0.08125 0.027083333333333334 0.0515625 0.05416666666666667
1 0.309375 0.8166666666666667 0.0171875 0.014583333333333334
1 0.32578125 0.8375 0.03125 0.04791666666666667
1 0.265625 0.7614583333333333 0.028125 0.041666666666666664
1 0.28984375 0.7864583333333334 0.0265625 0.029166666666666667
1 0.1421875 0.7479166666666667 0.0171875 0.0375
1 0.3109375 0.7041666666666667 0.0375 0.04375
1 0.2296875 0.6364583333333333 0.040625 0.08541666666666667
1 0.36328125 0.58125 0.028125 0.04791666666666667
1 0.39609375 0.60625 0.0453125 0.04791666666666667
1 0.49375 0.6708333333333333 0.0140625 0.025
1 0.52109375 0.721875 0.025 0.04375
1 0.4265625 0.8 0.0140625 0.022916666666666665
1 0.07421875 0.55625 0.03125 0.029166666666666667
1 0.10390625 0.6020833333333333 0.0125 0.035416666666666666
1 0.0109375 0.421875 0.0140625 0.016666666666666666
1 0.04765625 0.42083333333333334 0.0140625 0.016666666666666666
1 0.02890625 0.465625 0.0265625 0.03333333333333333
1 0.121875 0.4552083333333333 0.0453125 0.052083333333333336
1 0.225 0.40520833333333334 0.0640625 0.0625
1 0.31015625 0.4864583333333333 0.0234375 0.029166666666666667
1 0.159375 0.41458333333333336 0.0546875 0.029166666666666667
1 0.23984375 0.34375 0.046875 0.05625
1 0.30625 0.26875 0.01875 0.027083333333333334
1 0.37890625 0.296875 0.0296875 0.03333333333333333
1 0.41484375 0.31145833333333334 0.015625 0.020833333333333332
1 0.44140625 0.3385416666666667 0.0234375 0.020833333333333332
1 0.51953125 0.3104166666666667 0.0609375 0.05625
1 0.5125 0.4197916666666667 0.0296875 0.03333333333333333
1 0.5703125 0.484375 0.01875 0.014583333333333334
1 0.61484375 0.5239583333333333 0.0171875 0.027083333333333334
1 0.44609375 0.51875 0.0125 0.01875
1 0.12890625 0.3260416666666667 0.015625 0.022916666666666665
1 0.09921875 0.20416666666666666 0.0359375 0.035416666666666666
1 0.0390625 0.246875 0.015625 0.027083333333333334
1 0.00859375 0.103125 0.0171875 0.035416666666666666
1 0.15703125 0.26666666666666666 0.021875 0.052083333333333336
1 0.80390625 0.30520833333333336 0.0171875 0.022916666666666665
1 0.83359375 0.375 0.028125 0.0625
1 0.98359375 0.471875 0.0296875 0.041666666666666664
1 0.97421875 0.34375 0.0203125 0.027083333333333334
1 0.9890625 0.36770833333333336 0.021875 0.03333333333333333
1 0.93046875 0.27291666666666664 0.025 0.03125
1 0.859375 0.3125 0.0125 0.01875
1 0.8109375 0.9458333333333333 0.015625 0.03333333333333333
1 0.0328125 0.7552083333333334 0.0140625 0.01875
1 0.2125 0.91875 0.0140625 0.022916666666666665
1 0.3671875 0.709375 0.01875 0.025
1 0.13984375 0.5625 0.03125 0.022916666666666665
1 0.3265625 0.371875 0.009375 0.014583333333333334
0 0.4984375 0.21979166666666666 0.165625 0.25625
0 0.5171875 0.9729166666666667 0.084375 0.05416666666666667
0 0.4765625 0.7114583333333333 0.0484375 0.14791666666666667