1 0.5953125 0.8875 0.0140625 0.03125
1 0.68828125 0.33125 0.028125 0.01875
1 0.8625 0.31875 0.028125 0.03333333333333333
1 0.56875 0.6895833333333333 0.0609375 0.05
1 0.3609375 0.7208333333333333 0.0359375 0.04375
0 0.39921875 0.8114583333333333 0.3515625 0.11875
0 0.40546875 0.55 0.2484375 0.10625
0 0.3765625 0.15625 0.25 0.28541666666666665
0 0.46640625 0.04791666666666667 0.1484375 0.09583333333333334
1 0.146875 0.4041666666666667 0.0296875 0.058333333333333334
1 0.08125 0.03958333333333333 0.0609375 0.052083333333333336
1 0.2328125 0.009375 0.034375 0.01875
1 0.32890625 0.08333333333333333 0.0359375 0.041666666666666664
1 0.3125 0.16875 0.028125 0.04583333333333333
1 0.45703125 0.17708333333333334 0.0359375 0.04375
1 0.23203125 0.24791666666666667 0.0359375 0.035416666666666666
1 0.51484375 0.18125 0.03125 0.03958333333333333
1 0.4640625 0.015625 0.03125 0.03125
1 0.4984375 0.010416666666666666 0.0234375 0.020833333333333332
1 0.52265625 0.051041666666666666 0.0265625 0.035416666666666666
1 0.61015625 0.07291666666666667 0.03125 0.041666666666666664
1 0.64765625 0.01875 0.040625 0.0375
1 0.6359375 0.14791666666666667 0.025 0.0375
1 0.6828125 0.13125 0.0375 0.03958333333333333
1 0.709375 0.2375 0.0265625 0.025
1 0.73046875 0.21666666666666667 0.028125 0.035416666666666666
1 0.64921875 0.35625 0.0265625 0.035416666666666666
1 0.59921875 0.4041666666666667 0.0265625 0.0625
1 0.57265625 0.34375 0.034375 0.05
1 0.51015625 0.4375 0.0265625 0.0375
1 0.48046875 0.4739583333333333 0.0140625 0.016666666666666666
1 0.5125 0.5489583333333333 0.028125 0.03958333333333333
1 0.51171875 0.61875 0.0265625 0.0375
1 0.5125 0.7833333333333333 0.028125 0.0375
1 0.46171875 0.9416666666666667 0.0265625 0.05416666666666667
1 0.4125 0.8822916666666667 0.021875 0.035416666666666666
1 0.52109375 0.9604166666666667 0.0140625 0.020833333333333332
1 0.69296875 0.9645833333333333 0.028125 0.035416666666666666
1 0.75078125 0.815625 0.025 0.03125
1 0.68125 0.86875 0.015625 0.029166666666666667
1 0.78984375 0.6208333333333333 0.0234375 0.027083333333333334
1 0.68671875 0.3729166666666667 0.0203125 0.027083333333333334
1 0.71171875 0.4010416666666667 0.0265625 0.025
1 0.7375 0.384375 0.01875 0.035416666666666666
1 0.71953125 0.5270833333333333 0.0140625 0.016666666666666666
1 0.5921875 0.5239583333333333 0.0171875 0.022916666666666665
1 0.86171875 0.4239583333333333 0.021875 0.05416666666666667
1 0.9609375 0.275 0.015625 0.020833333333333332
1 0.91640625 0.18229166666666666 0.0203125 0.0375
1 0.7875 0.04583333333333333 0.015625 0.020833333333333332
1 0.30234375 0.38333333333333336 0.0140625 0.029166666666666667
1 0.2765625 0.559375 0.03125 0.020833333333333332
1 0.08671875 0.7833333333333333 0.0125 0.0375
1 0.16015625 0.98125 0.0234375 0.03125
1 0.28828125 0.4739583333333333 0.0171875 0.01875
1 0.65546875 0.9916666666666667 0.0234375 0.016666666666666666
1 0.346875 0.3333333333333333 0.025 0.03125