1 0.273046875 0.5638888888888889 0.01953125 0.0375
1 0.4046875 0.05 0.01484375 0.03888888888888889
1 0.648828125 0.06805555555555555 0.03125 0.06527777777777778
1 0.722265625 0.06805555555555555 0.01484375 0.034722222222222224
1 0.75546875 0.044444444444444446 0.015625 0.03611111111111111
1 0.725 0.25972222222222224 0.0234375 0.04861111111111111
1 0.703515625 0.2263888888888889 0.02265625 0.041666666666666664
1 0.712890625 0.1875 0.02421875 0.04027777777777778
1 0.837890625 0.1076388888888889 0.02421875 0.05555555555555555
1 0.88359375 0.125 0.021875 0.04027777777777778
1 0.971875 0.4048611111111111 0.03203125 0.05138888888888889
1 0.98984375 0.46041666666666664 0.0203125 0.07777777777777778
1 0.926171875 0.47291666666666665 0.02421875 0.04027777777777778
1 0.940234375 0.6159722222222223 0.0234375 0.03611111111111111
1 0.2046875 0.008333333333333333 0.021875 0.016666666666666666
1 0.38671875 0.10625 0.01640625 0.044444444444444446
1 0.208203125 0.11458333333333333 0.015625 0.02638888888888889
1 0.18515625 0.07361111111111111 0.02578125 0.043055555555555555
1 0.17734375 0.11875 0.02734375 0.05555555555555555
1 0.15234375 0.08541666666666667 0.025 0.08888888888888889
1 0.18828125 0.27361111111111114 0.01796875 0.02638888888888889
1 0.280078125 0.17222222222222222 0.02578125 0.034722222222222224
1 0.23984375 0.2298611111111111 0.01484375 0.0375
1 0.22890625 0.3055555555555556 0.04453125 0.08472222222222223
1 0.340625 0.9055555555555556 0.021875 0.044444444444444446
1 0.2859375 0.8097222222222222 0.03125 0.04583333333333333
1 0.15390625 0.7368055555555556 0.03515625 0.07222222222222222
1 0.201171875 0.7881944444444444 0.02578125 0.03611111111111111
1 0.153125 0.9354166666666667 0.0328125 0.04583333333333333
1 0.2078125 0.6875 0.02734375 0.05138888888888889
0 0.133984375 0.3375 0.17265625 0.4125
0 0.196484375 0.5548611111111111 0.15546875 0.1597222222222222
0 0.216015625 0.8381944444444445 0.1296875 0.3236111111111111
0 0.809765625 0.02013888888888889 0.04296875 0.04027777777777778
0 0.7296875 0.15486111111111112 0.21953125 0.23055555555555557
0 0.7015625 0.4388888888888889 0.065625 0.42083333333333334
0 0.7375 0.5423611111111111 0.14140625 0.43472222222222223
0 0.71171875 0.8951388888888889 0.18203125 0.20972222222222223
0 0.708984375 0.9347222222222222 0.13203125 0.13055555555555556
1 0.577734375 0.47430555555555554 0.0140625 0.022222222222222223
1 0.639453125 0.58125 0.040625 0.12083333333333333
1 0.70546875 0.675 0.021875 0.044444444444444446
1 0.74453125 0.7194444444444444 0.0171875 0.029166666666666667
1 0.748828125 0.8541666666666666 0.040625 0.06388888888888888
1 0.78984375 0.9048611111111111 0.0140625 0.029166666666666667
1 0.846484375 0.9256944444444445 0.0375 0.06805555555555555
1 0.940234375 0.9909722222222223 0.0203125 0.018055555555555554
1 0.896484375 0.6215277777777778 0.02109375 0.043055555555555555
1 0.85859375 0.7152777777777778 0.021875 0.05555555555555555
1 0.810546875 0.64375 0.01328125 0.027777777777777776
1 0.901953125 0.7583333333333333 0.03515625 0.06388888888888888
1 0.98828125 0.9798611111111111 0.0234375 0.030555555555555555