1 0.196875 0.2972222222222222 0.02890625 0.05416666666666667
1 0.1828125 0.24305555555555555 0.034375 0.041666666666666664
1 0.237890625 0.15347222222222223 0.01640625 0.02638888888888889
0 0.083203125 0.13680555555555557 0.16640625 0.27361111111111114
0 0.753515625 0.18611111111111112 0.16953125 0.36666666666666664
0 0.689453125 0.08402777777777778 0.0984375 0.16805555555555557
0 0.6546875 0.4722222222222222 0.01953125 0.10277777777777777
0 0.65234375 0.7729166666666667 0.18671875 0.31666666666666665
1 0.514453125 0.7875 0.0078125 0.018055555555555554
0 0.6640625 0.88125 0.040625 0.2375
0 0.670703125 0.9430555555555555 0.071875 0.11388888888888889
0 0.10625 0.88125 0.1078125 0.2375
0 0.0890625 0.80625 0.1703125 0.34444444444444444
0 0.074609375 0.41180555555555554 0.14921875 0.4597222222222222
0 0.09140625 0.31666666666666665 0.15078125 0.15416666666666667
1 0.523046875 0.5916666666666667 0.01796875 0.04722222222222222
1 0.113671875 0.02638888888888889 0.0078125 0.013888888888888888
1 0.25703125 0.1673611111111111 0.01328125 0.016666666666666666
1 0.0828125 0.17847222222222223 0.0375 0.043055555555555555
1 0.4875 0.02013888888888889 0.028125 0.04027777777777778
1 0.45625 0.004861111111111111 0.01875 0.009722222222222222
1 0.557421875 0.05277777777777778 0.0296875 0.04722222222222222
1 0.523046875 0.03888888888888889 0.0515625 0.07777777777777778
1 0.719921875 0.16597222222222222 0.02578125 0.030555555555555555
1 0.678125 0.05763888888888889 0.01171875 0.030555555555555555
1 0.6390625 0.08888888888888889 0.0203125 0.043055555555555555
1 0.67421875 0.28402777777777777 0.0125 0.034722222222222224
1 0.709375 0.3416666666666667 0.0453125 0.0625
1 0.711328125 0.30277777777777776 0.0234375 0.04027777777777778
1 0.799609375 0.3020833333333333 0.0390625 0.05416666666666667
1 0.924609375 0.29305555555555557 0.02734375 0.058333333333333334
1 0.884375 0.34375 0.0484375 0.059722222222222225
1 0.878125 0.47847222222222224 0.01015625 0.025
1 0.89609375 0.4409722222222222 0.0203125 0.03611111111111111
1 0.869921875 0.4388888888888889 0.0171875 0.041666666666666664
1 0.84375 0.4791666666666667 0.02421875 0.0375
1 0.821875 0.4979166666666667 0.0171875 0.043055555555555555
1 0.8203125 0.5791666666666667 0.01875 0.05138888888888889
1 0.8859375 0.7201388888888889 0.0140625 0.027777777777777776
1 0.821484375 0.7701388888888889 0.02109375 0.04027777777777778
1 0.068359375 0.25625 0.015625 0.025
1 0.981640625 0.8708333333333333 0.0171875 0.02638888888888889
1 0.984765625 0.7805555555555556 0.01796875 0.03333333333333333
1 0.994140625 0.42430555555555555 0.01171875 0.022222222222222223
1 0.846875 0.43333333333333335 0.0125 0.025
1 0.758203125 0.6298611111111111 0.009375 0.018055555555555554
1 0.964453125 0.7659722222222223 0.00859375 0.025
1 0.925390625 0.7763888888888889 0.025 0.04861111111111111
1 0.1453125 0.7506944444444444 0.0078125 0.011111111111111112
1 0.871484375 0.9840277777777777 0.01640625 0.03194444444444444
1 0.8125 0.9194444444444444 0.0375 0.09444444444444444
1 0.7421875 0.8208333333333333 0.021875 0.04722222222222222
1 0.702734375 0.7833333333333333 0.0125 0.03333333333333333
1 0.5625 0.9930555555555556 0.0140625 0.013888888888888888
1 0.5796875 0.9701388888888889 0.01640625 0.03888888888888889
1 0.576953125 0.9270833333333334 0.0421875 0.058333333333333334
1 0.471875 0.89375 0.00859375 0.034722222222222224
1 0.48671875 0.8875 0.015625 0.044444444444444446
1 0.496875 0.8541666666666666 0.009375 0.019444444444444445
1 0.516015625 0.8618055555555556 0.021875 0.05416666666666667
1 0.6453125 0.8520833333333333 0.02109375 0.03611111111111111
1 0.580078125 0.8236111111111111 0.03984375 0.04861111111111111
1 0.584765625 0.7777777777777778 0.02265625 0.04722222222222222
1 0.55078125 0.75 0.03515625 0.0763888888888889
1 0.508984375 0.6576388888888889 0.0109375 0.030555555555555555
1 0.482421875 0.6465277777777778 0.0203125 0.034722222222222224
1 0.44296875 0.5194444444444445 0.00859375 0.018055555555555554
1 0.378125 0.44583333333333336 0.0234375 0.034722222222222224
1 0.4703125 0.47708333333333336 0.0171875 0.025
1 0.494140625 0.38333333333333336 0.01640625 0.03888888888888889
1 0.4578125 0.34930555555555554 0.02265625 0.0375
1 0.503125 0.31875 0.02578125 0.04861111111111111
1 0.472265625 0.2833333333333333 0.021875 0.04027777777777778
1 0.422265625 0.1736111111111111 0.0359375 0.058333333333333334
1 0.50078125 0.1986111111111111 0.02421875 0.04583333333333333
1 0.601171875 0.23541666666666666 0.0265625 0.06388888888888888
1 0.58125 0.18958333333333333 0.03828125 0.06944444444444445
1 0.55625 0.18680555555555556 0.0140625 0.05
1 0.56015625 0.1388888888888889 0.0390625 0.0375
1 0.15625 0.8243055555555555 0.0109375 0.020833333333333332
1 0.201171875 0.8138888888888889 0.0203125 0.03333333333333333
1 0.183984375 0.7923611111111111 0.01640625 0.034722222222222224
1 0.19453125 0.8513888888888889 0.01953125 0.03611111111111111
1 0.25703125 0.4888888888888889 0.0203125 0.03888888888888889
1 0.23046875 0.5895833333333333 0.02734375 0.044444444444444446
1 0.10859375 0.425 0.0171875 0.034722222222222224
1 0.149609375 0.3326388888888889 0.0265625 0.04583333333333333
1 0.213671875 0.30416666666666664 0.0125 0.025
1 0.5671875 0.5618055555555556 0.01484375 0.03194444444444444
1 0.5875 0.63125 0.0109375 0.020833333333333332
1 0.627734375 0.6131944444444445 0.02265625 0.05416666666666667
1 0.6984375 0.5805555555555556 0.0140625 0.011111111111111112
1 0.9234375 0.6222222222222222 0.01640625 0.027777777777777776
1 0.660546875 0.03333333333333333 0.009375 0.020833333333333332
1 0.778515625 0.03819444444444445 0.03828125 0.05416666666666667
1 0.828515625 0.021527777777777778 0.0484375 0.043055555555555555
1 0.801953125 0.07222222222222222 0.01796875 0.03611111111111111
1 0.86953125 0.1451388888888889 0.02109375 0.05555555555555555
1 0.917578125 0.16875 0.01484375 0.025
1 0.937109375 0.10347222222222222 0.0109375 0.016666666666666666