1 0.921484375 0.4930555555555556 0.0484375 0.08472222222222223
1 0.184375 0.48125 0.021875 0.043055555555555555
1 0.175 0.42777777777777776 0.01015625 0.02361111111111111
1 0.074609375 0.05138888888888889 0.0234375 0.05138888888888889
1 0.111328125 0.15 0.0140625 0.029166666666666667
1 0.227734375 0.03194444444444444 0.034375 0.06388888888888888
1 0.234765625 0.19375 0.00859375 0.016666666666666666
1 0.065625 0.38055555555555554 0.021875 0.02638888888888889
0 0.161328125 0.32430555555555557 0.07421875 0.075
0 0.13671875 0.12638888888888888 0.09375 0.25277777777777777
0 0.109375 0.5430555555555555 0.21875 0.15138888888888888
0 0.175 0.7916666666666666 0.0890625 0.3
0 0.190625 0.9597222222222223 0.06953125 0.08055555555555556
0 0.554296875 0.9652777777777778 0.028125 0.06944444444444445
0 0.642578125 0.9576388888888889 0.10390625 0.08472222222222223
0 0.7546875 0.975 0.04765625 0.05
0 0.708203125 0.8493055555555555 0.271875 0.24583333333333332
0 0.68828125 0.5902777777777778 0.1703125 0.3375
0 0.7109375 0.41458333333333336 0.18125 0.20833333333333334
0 0.66171875 0.17916666666666667 0.1359375 0.3527777777777778
0 0.598046875 0.05694444444444444 0.04609375 0.11388888888888889
1 0.93515625 0.09166666666666666 0.0390625 0.06111111111111111
1 0.987109375 0.043055555555555555 0.025 0.08611111111111111
1 0.872265625 0.016666666666666666 0.0296875 0.03333333333333333
1 0.75703125 0.027083333333333334 0.03359375 0.05416666666666667
1 0.9046875 0.14375 0.03671875 0.08194444444444444
1 0.7453125 0.24930555555555556 0.02734375 0.044444444444444446
1 0.798046875 0.28958333333333336 0.01328125 0.03194444444444444
1 0.842578125 0.33958333333333335 0.04375 0.0875
1 0.9234375 0.2548611111111111 0.0078125 0.013888888888888888
1 0.934765625 0.28680555555555554 0.02578125 0.06388888888888888
1 0.924609375 0.3194444444444444 0.01328125 0.029166666666666667
1 0.991796875 0.4041666666666667 0.01640625 0.05
1 0.898828125 0.425 0.04375 0.07361111111111111
1 0.094140625 0.45 0.01796875 0.02361111111111111
1 0.053515625 0.2826388888888889 0.02265625 0.05555555555555555
1 0.114453125 0.26666666666666666 0.0265625 0.058333333333333334
1 0.283984375 0.23819444444444443 0.03046875 0.05416666666666667
1 0.266796875 0.4131944444444444 0.01875 0.0375
1 0.13046875 0.7840277777777778 0.02265625 0.05416666666666667
1 0.996484375 0.8465277777777778 0.00703125 0.0375
1 0.742578125 0.9256944444444445 0.01953125 0.019444444444444445
1 0.6890625 0.9222222222222223 0.02578125 0.04583333333333333
1 0.874609375 0.7555555555555555 0.0296875 0.0375
1 0.8859375 0.8923611111111112 0.01484375 0.034722222222222224
1 0.93515625 0.9180555555555555 0.025 0.04583333333333333
1 0.909765625 0.8145833333333333 0.01640625 0.03333333333333333
1 0.932421875 0.7729166666666667 0.01640625 0.03333333333333333
1 0.444921875 0.3284722222222222 0.015625 0.044444444444444446
1 0.593359375 0.17847222222222223 0.025 0.05694444444444444
1 0.768359375 0.46805555555555556 0.01875 0.043055555555555555
1 0.840234375 0.6381944444444444 0.01171875 0.04861111111111111
1 0.990625 0.5847222222222223 0.01875 0.05694444444444444
1 0.930859375 0.5625 0.034375 0.0375