1 0.76875 0.490625 0.0375 0.029166666666666667
1 0.9625 0.5125 0.01875 0.027083333333333334
0 0.50546875 0.19479166666666667 0.1921875 0.38125
0 0.496875 0.65625 0.1640625 0.24375
0 0.46171875 0.9427083333333334 0.171875 0.11458333333333333
0 0.55546875 0.428125 0.184375 0.14375
1 0.43203125 0.8760416666666667 0.05625 0.08333333333333333
1 0.5015625 0.8208333333333333 0.040625 0.027083333333333334
1 0.48046875 0.725 0.0171875 0.025
1 0.66640625 0.75 0.0171875 0.022916666666666665
1 0.915625 0.5854166666666667 0.01875 0.025
1 0.61640625 0.8333333333333334 0.0203125 0.029166666666666667
1 0.946875 0.809375 0.0109375 0.022916666666666665
1 0.55078125 0.5885416666666666 0.0234375 0.027083333333333334
1 0.70390625 0.4739583333333333 0.0140625 0.01875
1 0.575 0.07916666666666666 0.0171875 0.03125
1 0.98046875 0.06145833333333333 0.0125 0.014583333333333334
1 0.95 0.19479166666666667 0.01875 0.01875
1 0.01640625 0.010416666666666666 0.0203125 0.020833333333333332
1 0.059375 0.8541666666666666 0.021875 0.016666666666666666
1 0.39453125 0.89375 0.01875 0.014583333333333334
1 0.265625 0.990625 0.0328125 0.01875
1 0.31484375 0.85625 0.0203125 0.027083333333333334
1 0.4640625 0.559375 0.0171875 0.020833333333333332
1 0.99296875 0.334375 0.0140625 0.03125
1 0.7203125 0.39479166666666665 0.0171875 0.01875
1 0.83046875 0.017708333333333333 0.015625 0.035416666666666666
1 0.73359375 0.06458333333333334 0.0203125 0.022916666666666665
1 0.6453125 0.175 0.0203125 0.05625
1 0.56640625 0.14270833333333333 0.0171875 0.022916666666666665
1 0.65078125 0.058333333333333334 0.03125 0.025
1 0.49609375 0.075 0.0125 0.020833333333333332
1 0.40703125 0.05416666666666667 0.015625 0.025
1 0.4015625 0.016666666666666666 0.0234375 0.03333333333333333
1 0.26796875 0.11041666666666666 0.0171875 0.022916666666666665
1 0.25859375 0.14895833333333333 0.0234375 0.035416666666666666
1 0.325 0.23645833333333333 0.015625 0.03333333333333333
1 0.40859375 0.30625 0.0234375 0.03333333333333333
1 0.39296875 0.390625 0.01875 0.025
1 0.5640625 0.36041666666666666 0.025 0.01875
1 0.55703125 0.4010416666666667 0.034375 0.03125
1 0.77890625 0.63125 0.0203125 0.03958333333333333
1 0.7984375 0.746875 0.021875 0.029166666666666667
1 0.721875 0.81875 0.028125 0.03958333333333333
1 0.68671875 0.8729166666666667 0.0109375 0.01875
1 0.6828125 0.8145833333333333 0.01875 0.035416666666666666
1 0.62890625 0.953125 0.0296875 0.03125
1 0.5640625 0.9375 0.0265625 0.025