1 0.31328125 0.40520833333333334 0.0328125 0.04375
1 0.37265625 0.215625 0.028125 0.025
1 0.4609375 0.4791666666666667 0.0265625 0.029166666666666667
1 0.76328125 0.9375 0.028125 0.025
1 0.64296875 0.1375 0.0421875 0.04583333333333333
1 0.75078125 0.15 0.0515625 0.04375
1 0.66796875 0.40729166666666666 0.0328125 0.029166666666666667
1 0.865625 0.7302083333333333 0.034375 0.07708333333333334
1 0.39921875 0.3625 0.0296875 0.03125
1 0.715625 0.24375 0.034375 0.029166666666666667
1 0.928125 0.5989583333333334 0.0328125 0.027083333333333334
0 0.5765625 0.6 0.096875 0.22291666666666668
1 0.15859375 0.359375 0.0203125 0.025
1 0.95859375 0.23645833333333333 0.03125 0.0375
0 0.52578125 0.8770833333333333 0.05625 0.21458333333333332
1 0.37265625 0.28229166666666666 0.028125 0.020833333333333332
1 0.33671875 0.2916666666666667 0.015625 0.020833333333333332
1 0.8328125 0.18854166666666666 0.0359375 0.04375
1 0.79609375 0.9770833333333333 0.0234375 0.022916666666666665
1 0.74140625 0.9239583333333333 0.01875 0.020833333333333332
1 0.2625 0.46458333333333335 0.0234375 0.029166666666666667
1 0.384375 0.328125 0.01875 0.027083333333333334
1 0.3421875 0.34479166666666666 0.021875 0.029166666666666667
1 0.28203125 0.6260416666666667 0.01875 0.01875
1 0.325 0.915625 0.0203125 0.029166666666666667
1 0.2984375 0.109375 0.0265625 0.022916666666666665
1 0.67734375 0.05 0.0234375 0.035416666666666666
1 0.8078125 0.6270833333333333 0.021875 0.020833333333333332
1 0.3828125 0.6041666666666666 0.01875 0.014583333333333334
1 0.9390625 0.9145833333333333 0.025 0.027083333333333334
1 0.759375 0.390625 0.025 0.01875
1 0.9875 0.5145833333333333 0.025 0.03125
1 0.94140625 0.725 0.025 0.020833333333333332
1 0.93515625 0.640625 0.025 0.03958333333333333
1 0.8296875 0.590625 0.0296875 0.027083333333333334
1 0.28203125 0.6927083333333334 0.0359375 0.041666666666666664
0 0.55546875 0.3625 0.1859375 0.20625
0 0.5703125 0.09270833333333334 0.103125 0.18541666666666667