1 0.34296875 0.3625 0.03125 0.025
1 0.44921875 0.4395833333333333 0.0359375 0.05
0 0.65390625 0.134375 0.125 0.26875
0 0.628125 0.475 0.271875 0.13958333333333334
1 0.390625 0.528125 0.021875 0.025
1 0.59296875 0.6614583333333334 0.0171875 0.01875
1 0.8796875 0.7729166666666667 0.028125 0.03125
0 0.64609375 0.7583333333333333 0.1234375 0.4166666666666667
0 0.63359375 0.9458333333333333 0.190625 0.10833333333333334
1 0.43203125 0.51875 0.0265625 0.020833333333333332
1 0.6109375 0.35104166666666664 0.025 0.025
1 0.634375 0.390625 0.0359375 0.027083333333333334
1 0.73828125 0.4395833333333333 0.0296875 0.052083333333333336
1 0.75078125 0.38645833333333335 0.025 0.0375
1 0.846875 0.503125 0.0265625 0.03125
1 0.7109375 0.35833333333333334 0.025 0.025
1 0.775 0.2989583333333333 0.028125 0.03333333333333333
1 0.5125 0.6260416666666667 0.015625 0.01875
1 0.36953125 0.328125 0.015625 0.020833333333333332
1 0.77265625 0.240625 0.025 0.029166666666666667
1 0.5890625 0.18958333333333333 0.034375 0.058333333333333334
1 0.6140625 0.22083333333333333 0.0234375 0.03125
1 0.46484375 0.08125 0.0265625 0.041666666666666664
1 0.4484375 0.11354166666666667 0.028125 0.0375
1 0.39453125 0.290625 0.0265625 0.05
1 0.44765625 0.9354166666666667 0.0484375 0.03333333333333333
1 0.47109375 0.8854166666666666 0.0234375 0.027083333333333334
1 0.56796875 0.8708333333333333 0.0390625 0.0375
1 0.6890625 0.8802083333333334 0.0234375 0.027083333333333334
1 0.8328125 0.7833333333333333 0.03125 0.041666666666666664
1 0.83671875 0.8416666666666667 0.021875 0.022916666666666665
1 0.8875 0.5916666666666667 0.025 0.058333333333333334
1 0.6890625 0.6270833333333333 0.025 0.04375
1 0.5796875 0.7083333333333334 0.0296875 0.04791666666666667
1 0.7375 0.55625 0.0328125 0.022916666666666665
1 0.51796875 0.271875 0.021875 0.027083333333333334
1 0.84296875 0.2947916666666667 0.0203125 0.020833333333333332
1 0.40078125 0.93125 0.0328125 0.029166666666666667
1 0.5484375 0.6729166666666667 0.025 0.027083333333333334
1 0.77890625 0.8604166666666667 0.0203125 0.025
1 0.46953125 0.009375 0.0203125 0.01875
1 0.540625 0.08645833333333333 0.021875 0.025
1 0.79453125 0.6739583333333333 0.0171875 0.01875
1 0.31953125 0.6177083333333333 0.0171875 0.022916666666666665
1 0.40390625 0.390625 0.0109375 0.020833333333333332
1 0.45625 0.35520833333333335 0.0140625 0.022916666666666665
1 0.1265625 0.06354166666666666 0.0203125 0.029166666666666667
1 0.36796875 0.9510416666666667 0.025 0.041666666666666664
1 0.83359375 0.7385416666666667 0.0421875 0.035416666666666666
1 0.32578125 0.2 0.0234375 0.03125