1 0.9046875 0.25104166666666666 0.0078125 0.016666666666666666
1 0.94609375 0.221875 0.015625 0.025
1 0.93984375 0.24479166666666666 0.0203125 0.014583333333333334
1 0.97578125 0.24375 0.028125 0.0375
1 0.825 0.346875 0.01875 0.029166666666666667
1 0.84140625 0.34479166666666666 0.015625 0.014583333333333334
1 0.86640625 0.484375 0.0140625 0.035416666666666666
1 0.78984375 0.5260416666666666 0.015625 0.01875
1 0.659375 0.5208333333333334 0.034375 0.016666666666666666
1 0.41484375 0.1375 0.0109375 0.01875
1 0.42109375 0.17291666666666666 0.0453125 0.05
1 0.3421875 0.12708333333333333 0.040625 0.058333333333333334
1 0.41875 0.078125 0.0328125 0.041666666666666664
1 0.07578125 0.4552083333333333 0.01875 0.022916666666666665
1 0.1703125 0.34791666666666665 0.0125 0.01875
1 0.190625 0.015625 0.03125 0.027083333333333334
0 0.47421875 0.9614583333333333 0.140625 0.07708333333333334
0 0.55078125 0.865625 0.2390625 0.26875
0 0.6703125 0.5729166666666666 0.353125 0.24375
0 0.565625 0.22708333333333333 0.24375 0.32708333333333334
0 0.5609375 0.1 0.1625 0.2
1 0.465625 0.6302083333333334 0.015625 0.010416666666666666
1 0.68828125 0.4822916666666667 0.0328125 0.041666666666666664
1 0.47890625 0.4895833333333333 0.065625 0.07708333333333334
1 0.63359375 0.39791666666666664 0.0234375 0.03333333333333333
1 0.603125 0.38229166666666664 0.015625 0.03333333333333333
1 0.61640625 0.37916666666666665 0.0140625 0.01875
1 0.51796875 0.39375 0.040625 0.04583333333333333
1 0.5578125 0.3854166666666667 0.01875 0.029166666666666667
1 0.6953125 0.30416666666666664 0.015625 0.027083333333333334
1 0.68046875 0.3104166666666667 0.015625 0.027083333333333334
1 0.7 0.008333333333333333 0.01875 0.016666666666666666
1 0.63046875 0.008333333333333333 0.0421875 0.016666666666666666
1 0.746875 0.015625 0.05625 0.029166666666666667
1 0.7359375 0.046875 0.025 0.035416666666666666
1 0.7921875 0.10416666666666667 0.0375 0.04375
1 0.7375 0.10833333333333334 0.0140625 0.016666666666666666
1 0.67421875 0.15625 0.0109375 0.025
1 0.65234375 0.17395833333333333 0.034375 0.0625
1 0.7734375 0.215625 0.0171875 0.03333333333333333
1 0.74765625 0.221875 0.01875 0.029166666666666667
1 0.69609375 0.19479166666666667 0.034375 0.05
1 0.7203125 0.17604166666666668 0.01875 0.014583333333333334
1 0.48046875 0.053125 0.040625 0.06458333333333334
1 0.50390625 0.15416666666666667 0.0328125 0.027083333333333334
1 0.55234375 0.115625 0.025 0.03958333333333333
1 0.56953125 0.12395833333333334 0.025 0.04583333333333333
1 0.3375 0.37916666666666665 0.015625 0.016666666666666666
1 0.2296875 0.4375 0.015625 0.016666666666666666
1 0.3578125 0.44479166666666664 0.0234375 0.03333333333333333
1 0.4234375 0.42916666666666664 0.065625 0.09166666666666666
1 0.5015625 0.38125 0.0203125 0.029166666666666667
1 0.4671875 0.275 0.0234375 0.01875
1 0.45 0.3145833333333333 0.046875 0.06458333333333334
1 0.43671875 0.278125 0.028125 0.027083333333333334
1 0.2953125 0.384375 0.0453125 0.041666666666666664
1 0.34140625 0.35104166666666664 0.0265625 0.03958333333333333
1 0.36328125 0.325 0.025 0.03333333333333333
1 0.34921875 0.21041666666666667 0.134375 0.09166666666666666
1 0.81484375 0.525 0.0234375 0.03125
1 0.9203125 0.509375 0.01875 0.020833333333333332
1 0.95 0.48541666666666666 0.05625 0.058333333333333334
1 0.96171875 0.5427083333333333 0.015625 0.025
1 0.95 0.5625 0.0125 0.016666666666666666
1 0.7234375 0.6166666666666667 0.0203125 0.022916666666666665
1 0.73828125 0.6479166666666667 0.0359375 0.0375
1 0.48671875 0.5697916666666667 0.034375 0.04583333333333333
1 0.46171875 0.5979166666666667 0.028125 0.03125
1 0.571875 0.6885416666666667 0.0234375 0.025
1 0.62109375 0.7458333333333333 0.0140625 0.022916666666666665
1 0.92109375 0.75 0.01875 0.016666666666666666
1 0.9375 0.7677083333333333 0.021875 0.03125
1 0.9859375 0.6604166666666667 0.01875 0.029166666666666667
1 0.8140625 0.784375 0.0390625 0.04583333333333333
1 0.890625 0.8041666666666667 0.015625 0.0125
1 0.96875 0.8125 0.01875 0.022916666666666665
1 0.72890625 0.8375 0.025 0.027083333333333334
1 0.6265625 0.8177083333333334 0.0296875 0.05
1 0.65 0.8083333333333333 0.0171875 0.03333333333333333
1 0.65703125 0.8364583333333333 0.01875 0.01875
1 0.725 0.8895833333333333 0.0234375 0.03958333333333333
1 0.74296875 0.8729166666666667 0.0125 0.016666666666666666
1 0.74375 0.903125 0.015625 0.01875
1 0.78359375 0.8802083333333334 0.0234375 0.027083333333333334
1 0.7765625 0.9041666666666667 0.0484375 0.04791666666666667
1 0.7609375 0.9354166666666667 0.01875 0.020833333333333332
1 0.8578125 0.9145833333333333 0.0140625 0.020833333333333332
1 0.940625 0.9447916666666667 0.0140625 0.016666666666666666
1 0.8890625 0.971875 0.0140625 0.016666666666666666
1 0.8328125 0.9552083333333333 0.0234375 0.04375
1 0.83203125 0.9833333333333333 0.0109375 0.0125
1 0.93515625 0.9229166666666667 0.0140625 0.016666666666666666
1 0.46328125 0.78125 0.0171875 0.020833333333333332
1 0.4203125 0.7083333333333334 0.021875 0.03125
1 0.3765625 0.5458333333333333 0.01875 0.022916666666666665
1 0.4203125 0.4895833333333333 0.0140625 0.014583333333333334
1 0.315625 0.53125 0.01875 0.020833333333333332
1 0.196875 0.7333333333333333 0.01875 0.03125
1 0.1203125 0.6541666666666667 0.0140625 0.014583333333333334
1 0.24453125 0.65625 0.028125 0.04583333333333333
1 0.3625 0.715625 0.0203125 0.016666666666666666
1 0.3640625 0.6885416666666667 0.0265625 0.03125
1 0.43515625 0.8010416666666667 0.0265625 0.027083333333333334
1 0.384375 0.8552083333333333 0.034375 0.03125
1 0.30859375 0.9114583333333334 0.03125 0.029166666666666667
1 0.31484375 0.9375 0.0140625 0.014583333333333334
1 0.23046875 0.7708333333333334 0.021875 0.01875
1 0.23671875 0.825 0.0203125 0.014583333333333334
1 0.47734375 0.9302083333333333 0.0375 0.01875
1 0.39140625 0.5770833333333333 0.01875 0.029166666666666667
1 0.3796875 0.6041666666666666 0.025 0.0375
1 0.3328125 0.5802083333333333 0.01875 0.016666666666666666
1 0.4375 0.6427083333333333 0.009375 0.0125
1 0.77421875 0.4239583333333333 0.040625 0.06041666666666667
1 0.43984375 0.6125 0.009375 0.020833333333333332
1 0.48125 0.625 0.0140625 0.016666666666666666
1 0.34609375 0.690625 0.0140625 0.016666666666666666
1 0.3828125 0.8291666666666667 0.0140625 0.016666666666666666
1 0.4390625 0.9552083333333333 0.0265625 0.03125
1 0.11875 0.9677083333333333 0.0109375 0.020833333333333332
1 0.06875 0.9552083333333333 0.0125 0.022916666666666665
1 0.04765625 0.928125 0.0125 0.025
1 0.57109375 0.5291666666666667 0.034375 0.027083333333333334
1 0.84140625 0.29375 0.025 0.027083333333333334
1 0.83671875 0.19791666666666666 0.015625 0.029166666666666667
1 0.83515625 0.14270833333333333 0.0296875 0.03125
1 0.91328125 0.10833333333333334 0.0359375 0.04791666666666667
1 0.9296875 0.025 0.0140625 0.016666666666666666
1 0.8484375 0.008333333333333333 0.0078125 0.010416666666666666
1 0.87890625 0.196875 0.0234375 0.035416666666666666
1 0.90234375 0.18229166666666666 0.01875 0.022916666666666665
1 0.9171875 0.21979166666666666 0.0375 0.07291666666666667
1 0.8859375 0.215625 0.0140625 0.014583333333333334