1 0.459375 0.8729166666666667 0.1 0.1375
1 0.5546875 0.803125 0.0328125 0.03958333333333333
1 0.5796875 0.7635416666666667 0.0109375 0.01875
1 0.3953125 0.7083333333333334 0.0453125 0.052083333333333336
1 0.41796875 0.578125 0.040625 0.0625
1 0.50703125 0.56875 0.0390625 0.04375
1 0.4125 0.3541666666666667 0.0296875 0.04375
1 0.5203125 0.3958333333333333 0.028125 0.03958333333333333
1 0.83125 0.8958333333333334 0.0421875 0.07916666666666666
1 0.5796875 0.29270833333333335 0.0359375 0.041666666666666664
1 0.58046875 0.23958333333333334 0.0328125 0.0375
1 0.79140625 0.6166666666666667 0.0265625 0.01875
1 0.81875 0.6583333333333333 0.009375 0.014583333333333334
1 0.7890625 0.42604166666666665 0.0125 0.027083333333333334
0 0.49296875 0.25416666666666665 0.5703125 0.32916666666666666
0 0.6046875 0.030208333333333334 0.0859375 0.058333333333333334
1 0.83125 0.019791666666666666 0.04375 0.03958333333333333
0 0.575 0.284375 0.2625 0.56875
1 0.875 0.18020833333333333 0.021875 0.025
1 0.8375 0.29375 0.028125 0.0375
1 0.98203125 0.403125 0.0359375 0.12708333333333333
1 0.69453125 0.30416666666666664 0.0203125 0.035416666666666666
1 0.7640625 0.3104166666666667 0.01875 0.027083333333333334
1 0.93671875 0.46458333333333335 0.0171875 0.03333333333333333
1 0.76796875 0.521875 0.025 0.035416666666666666
1 0.6375 0.5010416666666667 0.0296875 0.03333333333333333
1 0.65703125 0.54375 0.034375 0.04583333333333333
1 0.6953125 0.5677083333333334 0.05625 0.04583333333333333
1 0.2171875 0.5114583333333333 0.01875 0.014583333333333334
1 0.0265625 0.5989583333333334 0.034375 0.04583333333333333
1 0.04921875 0.68125 0.021875 0.05
1 0.23984375 0.846875 0.0296875 0.04375
1 0.1453125 0.6895833333333333 0.015625 0.016666666666666666
1 0.2234375 0.771875 0.05625 0.05
1 0.290625 0.7322916666666667 0.0453125 0.04583333333333333
1 0.83984375 0.6635416666666667 0.028125 0.0375
1 0.83203125 0.7010416666666667 0.015625 0.014583333333333334
1 0.9203125 0.709375 0.0265625 0.029166666666666667
1 0.82578125 0.7489583333333333 0.0421875 0.058333333333333334
1 0.98359375 0.853125 0.0328125 0.06041666666666667
1 0.971875 0.8979166666666667 0.0390625 0.027083333333333334
1 0.17109375 0.5510416666666667 0.009375 0.016666666666666666
0 0.67578125 0.7885416666666667 0.3640625 0.42291666666666666
0 0.61484375 0.8927083333333333 0.1484375 0.21458333333333332
1 0.18671875 0.08854166666666667 0.0203125 0.035416666666666666
1 0.30703125 0.22708333333333333 0.0578125 0.06041666666666667
1 0.409375 0.190625 0.05 0.05
1 0.4359375 0.23645833333333333 0.0234375 0.035416666666666666
1 0.4796875 0.034375 0.0171875 0.025
1 0.60390625 0.06458333333333334 0.071875 0.07291666666666667
1 0.68125 0.9520833333333333 0.034375 0.04583333333333333
1 0.57109375 0.95 0.071875 0.09791666666666667