1 0.23203125 0.4166666666666667 0.01875 0.03888888888888889
1 0.20625 0.5166666666666667 0.01640625 0.022222222222222223
1 0.20234375 0.7527777777777778 0.03359375 0.04722222222222222
1 0.19453125 0.8201388888888889 0.0109375 0.0125
1 0.27421875 0.7083333333333334 0.0296875 0.058333333333333334
1 0.298046875 0.6055555555555555 0.01171875 0.02361111111111111
1 0.3546875 0.5354166666666667 0.02109375 0.04861111111111111
0 0.69140625 0.8402777777777778 0.30859375 0.3194444444444444
1 0.38359375 0.4625 0.0265625 0.044444444444444446
1 0.8609375 0.8881944444444444 0.01484375 0.020833333333333332
0 0.65625 0.9180555555555555 0.04921875 0.1638888888888889
0 0.13359375 0.91875 0.09296875 0.1625
0 0.115625 0.7881944444444444 0.23125 0.225
0 0.108203125 0.55625 0.21640625 0.24027777777777778
1 0.428515625 0.45069444444444445 0.01875 0.025
0 0.1125 0.3375 0.1453125 0.5013888888888889
0 0.1046875 0.07847222222222222 0.209375 0.15694444444444444
1 0.405859375 0.41388888888888886 0.0265625 0.04722222222222222
1 0.758203125 0.9951388888888889 0.01953125 0.009722222222222222
1 0.633203125 0.9305555555555556 0.0078125 0.020833333333333332
1 0.687890625 0.88125 0.01171875 0.020833333333333332
1 0.959375 0.5041666666666667 0.0125 0.016666666666666666
1 0.869921875 0.5069444444444444 0.0125 0.018055555555555554
1 0.987890625 0.6069444444444444 0.0109375 0.020833333333333332
1 0.99453125 0.7694444444444445 0.0109375 0.04861111111111111
1 0.947265625 0.8347222222222223 0.01484375 0.034722222222222224
1 0.874609375 0.7930555555555555 0.00859375 0.020833333333333332
1 0.787109375 0.7361111111111112 0.015625 0.025
1 0.725 0.7840277777777778 0.02109375 0.03333333333333333
1 0.404296875 0.4840277777777778 0.015625 0.025
0 0.65390625 0.39375 0.1375 0.5388888888888889
0 0.678515625 0.50625 0.165625 0.4708333333333333
1 0.176171875 0.10486111111111111 0.021875 0.030555555555555555
1 0.21328125 0.15416666666666667 0.02578125 0.0375
1 0.069921875 0.01597222222222222 0.02109375 0.03194444444444444
1 0.0765625 0.4 0.0203125 0.0375
1 0.205078125 0.3173611111111111 0.0234375 0.03194444444444444
0 0.684765625 0.09930555555555555 0.3140625 0.1986111111111111
1 0.716015625 0.7243055555555555 0.02109375 0.03194444444444444
1 0.385546875 0.7215277777777778 0.01875 0.027777777777777776
1 0.448046875 0.8756944444444444 0.015625 0.030555555555555555
1 0.53203125 0.9902777777777778 0.021875 0.019444444444444445
1 0.523046875 0.9555555555555556 0.03125 0.04722222222222222
1 0.6 0.8680555555555556 0.0140625 0.02638888888888889
1 0.582421875 0.8729166666666667 0.021875 0.04722222222222222
1 0.549609375 0.6694444444444444 0.01484375 0.029166666666666667
1 0.499609375 0.70625 0.03515625 0.09166666666666666
1 0.65 0.65625 0.015625 0.03611111111111111
1 0.54921875 0.45 0.00703125 0.011111111111111112
1 0.573046875 0.5611111111111111 0.009375 0.02638888888888889
1 0.624609375 0.5368055555555555 0.0171875 0.02361111111111111
1 0.7328125 0.5673611111111111 0.01640625 0.015277777777777777
1 0.77109375 0.5381944444444444 0.01796875 0.025
1 0.995703125 0.4388888888888889 0.00859375 0.025
1 0.986328125 0.25 0.015625 0.025
1 0.998046875 0.059027777777777776 0.00390625 0.015277777777777777
1 0.992578125 0.0125 0.01484375 0.025
1 0.903515625 0.0763888888888889 0.01015625 0.025
1 0.85234375 0.18472222222222223 0.0125 0.0125
1 0.874609375 0.14444444444444443 0.0171875 0.029166666666666667
1 0.791796875 0.3236111111111111 0.01796875 0.03194444444444444
1 0.785546875 0.2763888888888889 0.0328125 0.06111111111111111
1 0.677734375 0.3125 0.0109375 0.025
1 0.780859375 0.20277777777777778 0.0203125 0.027777777777777776
1 0.76171875 0.1361111111111111 0.01171875 0.020833333333333332
1 0.6765625 0.005555555555555556 0.009375 0.011111111111111112
1 0.669921875 0.059027777777777776 0.015625 0.0375
1 0.582421875 0.013888888888888888 0.0328125 0.027777777777777776
1 0.4484375 0.004861111111111111 0.01328125 0.009722222222222222
1 0.52109375 0.06805555555555555 0.01640625 0.034722222222222224
1 0.521484375 0.1111111111111111 0.0140625 0.025
1 0.370703125 0.22291666666666668 0.02421875 0.05416666666666667
1 0.581640625 0.3173611111111111 0.02734375 0.0375
1 0.557421875 0.21666666666666667 0.02265625 0.03611111111111111
1 0.484375 0.22708333333333333 0.0234375 0.0375
1 0.526171875 0.2986111111111111 0.01015625 0.019444444444444445
1 0.478125 0.33055555555555555 0.02265625 0.043055555555555555
1 0.55390625 0.37222222222222223 0.0171875 0.034722222222222224
1 0.479296875 0.5277777777777778 0.0359375 0.06388888888888888
1 0.50703125 0.49027777777777776 0.01953125 0.0375
1 0.4875 0.42916666666666664 0.03671875 0.06111111111111111
1 0.46015625 0.4756944444444444 0.0171875 0.029166666666666667
1 0.390234375 0.3548611111111111 0.009375 0.015277777777777777
1 0.43359375 0.38333333333333336 0.03515625 0.07777777777777778