1 0.59921875 0.125 0.0171875 0.02361111111111111
1 0.740234375 0.2763888888888889 0.01484375 0.029166666666666667
1 0.436328125 0.4173611111111111 0.02265625 0.043055555555555555
1 0.991015625 0.11597222222222223 0.01171875 0.02361111111111111
1 0.43203125 0.3159722222222222 0.015625 0.04722222222222222
1 0.805859375 0.35138888888888886 0.01875 0.03194444444444444
1 0.8484375 0.34791666666666665 0.01796875 0.030555555555555555
1 0.053515625 0.1638888888888889 0.0171875 0.030555555555555555
1 0.932421875 0.20555555555555555 0.0109375 0.02361111111111111
1 0.94375 0.4375 0.01171875 0.07777777777777778
1 0.812890625 0.5576388888888889 0.0234375 0.0375
0 0.158984375 0.06180555555555556 0.1609375 0.12361111111111112
0 0.12421875 0.1986111111111111 0.23046875 0.2916666666666667
0 0.1359375 0.4236111111111111 0.271875 0.2625
0 0.15078125 0.63125 0.20703125 0.225
0 0.17734375 0.7840277777777778 0.18671875 0.4152777777777778
0 0.714453125 0.13680555555555557 0.1953125 0.23055555555555557
0 0.646484375 0.36666666666666664 0.1625 0.3416666666666667
0 0.696875 0.6756944444444445 0.140625 0.44166666666666665
0 0.721875 0.8902777777777777 0.34609375 0.21944444444444444
1 0.737890625 0.9548611111111112 0.0203125 0.03611111111111111
1 0.707421875 0.9833333333333333 0.015625 0.030555555555555555
1 0.907421875 0.8652777777777778 0.02109375 0.04861111111111111
1 0.87578125 0.9 0.025 0.04027777777777778
1 0.83046875 0.8548611111111111 0.04765625 0.10694444444444444
1 0.804296875 0.7840277777777778 0.01953125 0.03888888888888889
1 0.616015625 0.7034722222222223 0.015625 0.03194444444444444
1 0.600390625 0.47847222222222224 0.01875 0.043055555555555555
1 0.749609375 0.6763888888888889 0.01875 0.034722222222222224
1 0.841796875 0.6756944444444445 0.01796875 0.034722222222222224
1 0.848046875 0.575 0.0171875 0.027777777777777776
1 0.906640625 0.5881944444444445 0.0125 0.030555555555555555
1 0.955078125 0.5666666666666667 0.01953125 0.03611111111111111
1 0.877734375 0.5520833333333334 0.021875 0.04583333333333333
1 0.883203125 0.43819444444444444 0.01796875 0.04027777777777778
1 0.965625 0.2263888888888889 0.025 0.04722222222222222
1 0.863671875 0.19652777777777777 0.021875 0.02638888888888889
1 0.865625 0.1375 0.0171875 0.022222222222222223
1 0.81875 0.07222222222222222 0.02734375 0.04861111111111111
1 0.420703125 0.22083333333333333 0.0171875 0.034722222222222224
1 0.3078125 0.034722222222222224 0.03046875 0.05
1 0.271875 0.08125 0.025 0.029166666666666667
1 0.263671875 0.1597222222222222 0.05078125 0.07361111111111111
1 0.121484375 0.2326388888888889 0.01875 0.027777777777777776
1 0.19296875 0.22083333333333333 0.02265625 0.03611111111111111
1 0.1265625 0.35138888888888886 0.03515625 0.05694444444444444
1 0.180078125 0.3958333333333333 0.04296875 0.059722222222222225
1 0.209375 0.30416666666666664 0.03359375 0.05555555555555555
1 0.25546875 0.31180555555555556 0.02265625 0.05555555555555555
1 0.225390625 0.38055555555555554 0.034375 0.04861111111111111
1 0.25703125 0.4263888888888889 0.025 0.04027777777777778
1 0.05625 0.4486111111111111 0.01953125 0.027777777777777776
1 0.078125 0.5354166666666667 0.0359375 0.05277777777777778
1 0.223046875 0.5361111111111111 0.02265625 0.0375
1 0.19375 0.6020833333333333 0.03203125 0.04722222222222222
1 0.203125 0.6541666666666667 0.0359375 0.03888888888888889
1 0.309375 0.6465277777777778 0.02265625 0.04027777777777778
1 0.260546875 0.6652777777777777 0.028125 0.04027777777777778
1 0.223046875 0.7659722222222223 0.02734375 0.06527777777777778
1 0.183984375 0.8368055555555556 0.02421875 0.034722222222222224
1 0.142578125 0.8868055555555555 0.0265625 0.058333333333333334
1 0.1484375 0.9666666666666667 0.02734375 0.0625
1 0.12578125 0.9451388888888889 0.0171875 0.03194444444444444
1 0.31953125 0.9756944444444444 0.0265625 0.04861111111111111
1 0.32109375 0.8430555555555556 0.01953125 0.0375
1 0.301171875 0.8972222222222223 0.025 0.04722222222222222
1 0.2890625 0.94375 0.0234375 0.034722222222222224
1 0.27109375 0.6083333333333333 0.0234375 0.05