1 0.93828125 0.9364583333333333 0.0203125 0.029166666666666667
1 0.91796875 0.9239583333333333 0.01875 0.022916666666666665
1 0.8703125 0.046875 0.0328125 0.027083333333333334
0 0.71640625 0.7947916666666667 0.4078125 0.41041666666666665
0 0.70078125 0.45729166666666665 0.2171875 0.61875
0 0.73671875 0.17291666666666666 0.3484375 0.3458333333333333
0 0.82421875 0.06458333333333334 0.253125 0.12916666666666668
1 0.81875 0.9604166666666667 0.075 0.07916666666666666
1 0.89921875 0.8239583333333333 0.0609375 0.11041666666666666
1 0.66875 0.7895833333333333 0.04375 0.0625
1 0.3609375 0.7822916666666667 0.025 0.01875
1 0.07109375 0.16770833333333332 0.0234375 0.0375
1 0.99609375 0.41875 0.0078125 0.0125
1 0.85625 0.41875 0.0125 0.01875
1 0.94453125 0.35833333333333334 0.0265625 0.04375
1 0.9953125 0.17083333333333334 0.009375 0.04375
1 0.9875 0.075 0.025 0.08333333333333333
1 0.92890625 0.06458333333333334 0.0484375 0.04583333333333333
1 0.828125 0.005208333333333333 0.0140625 0.010416666666666666
1 0.69453125 0.06875 0.025 0.022916666666666665
1 0.8453125 0.16979166666666667 0.0234375 0.020833333333333332
1 0.8609375 0.12708333333333333 0.0625 0.052083333333333336
1 0.37421875 0.8885416666666667 0.0234375 0.04791666666666667
1 0.34140625 0.9197916666666667 0.0625 0.07291666666666667
1 0.30859375 0.8385416666666666 0.0203125 0.0375
1 0.33828125 0.8260416666666667 0.025 0.0375
1 0.384375 0.815625 0.034375 0.04375
1 0.28203125 0.825 0.021875 0.025
1 0.2359375 0.8666666666666667 0.028125 0.03958333333333333
1 0.409375 0.8625 0.0125 0.014583333333333334
1 0.50546875 0.88125 0.03125 0.025
1 0.534375 0.9770833333333333 0.0328125 0.04583333333333333
1 0.63203125 0.940625 0.028125 0.03125
1 0.47734375 0.7791666666666667 0.015625 0.01875
1 0.4984375 0.7645833333333333 0.021875 0.025
1 0.69140625 0.26979166666666665 0.009375 0.01875
1 0.70859375 0.25 0.0265625 0.03958333333333333
1 0.71015625 0.3125 0.0265625 0.04583333333333333
1 0.803125 0.38958333333333334 0.0890625 0.07083333333333333
1 0.48203125 0.6364583333333333 0.04375 0.04375
1 0.34140625 0.6302083333333334 0.025 0.03125
1 0.1046875 0.29583333333333334 0.0109375 0.016666666666666666
1 0.02421875 0.24479166666666666 0.0453125 0.05416666666666667
1 0.0171875 0.05416666666666667 0.021875 0.029166666666666667
1 0.33828125 0.0125 0.053125 0.025
1 0.365625 0.09166666666666666 0.0390625 0.03958333333333333
1 0.33828125 0.11145833333333334 0.0359375 0.041666666666666664
1 0.23828125 0.140625 0.05 0.04375
1 0.55859375 0.18229166666666666 0.05 0.05
1 0.59453125 0.253125 0.0421875 0.06875
1 0.5421875 0.26458333333333334 0.0390625 0.052083333333333336
1 0.4703125 0.2791666666666667 0.0203125 0.03125
1 0.3234375 0.31145833333333334 0.025 0.029166666666666667
1 0.271875 0.3145833333333333 0.0375 0.041666666666666664
1 0.27890625 0.484375 0.0375 0.052083333333333336
1 0.24609375 0.4864583333333333 0.0234375 0.04375
1 0.31796875 0.4322916666666667 0.028125 0.04583333333333333
1 0.31171875 0.39375 0.040625 0.03333333333333333
1 0.378125 0.4322916666666667 0.0234375 0.04583333333333333
1 0.4265625 0.47708333333333336 0.0328125 0.03958333333333333
1 0.44453125 0.5666666666666667 0.0265625 0.029166666666666667
1 0.596875 0.5208333333333334 0.01875 0.027083333333333334
1 0.70625 0.5052083333333334 0.0171875 0.014583333333333334
1 0.90390625 0.5125 0.025 0.0375
1 0.846875 0.7697916666666667 0.040625 0.052083333333333336
1 0.82578125 0.8302083333333333 0.0640625 0.058333333333333334
1 0.67734375 0.834375 0.0171875 0.016666666666666666
1 0.61796875 0.821875 0.0390625 0.04791666666666667
0 0.71796875 0.934375 0.2328125 0.13125
1 0.790625 0.5614583333333333 0.0375 0.04583333333333333
1 0.98671875 0.9958333333333333 0.0125 0.008333333333333333
1 0.996875 0.9604166666666667 0.00625 0.010416666666666666
1 0.984375 0.91875 0.03125 0.0375