1 0.748828125 0.45208333333333334 0.01640625 0.016666666666666666
1 0.73984375 0.36875 0.0328125 0.03888888888888889
1 0.7109375 0.3875 0.02890625 0.03194444444444444
1 0.683203125 0.39375 0.01171875 0.013888888888888888
1 0.646875 0.24375 0.0171875 0.03194444444444444
1 0.646875 0.3034722222222222 0.0453125 0.07777777777777778
1 0.61171875 0.29583333333333334 0.028125 0.06111111111111111
1 0.516015625 0.28402777777777777 0.01015625 0.011111111111111112
1 0.634375 0.08958333333333333 0.028125 0.04722222222222222
1 0.59296875 0.0125 0.01328125 0.025
1 0.5796875 0.06597222222222222 0.02265625 0.05
1 0.548046875 0.09930555555555555 0.0125 0.02638888888888889
1 0.56015625 0.04791666666666667 0.02421875 0.07777777777777778
1 0.5359375 0.020833333333333332 0.01953125 0.041666666666666664
1 0.501953125 0.08263888888888889 0.01875 0.029166666666666667
1 0.4828125 0.21458333333333332 0.01640625 0.019444444444444445
1 0.541796875 0.16666666666666666 0.0234375 0.06944444444444445
1 0.514453125 0.16805555555555557 0.03125 0.06388888888888888
1 0.516015625 0.21319444444444444 0.01796875 0.030555555555555555
1 0.509375 0.24722222222222223 0.02109375 0.04583333333333333
1 0.625390625 0.36736111111111114 0.028125 0.030555555555555555
1 0.5828125 0.3388888888888889 0.0359375 0.059722222222222225
1 0.626171875 0.41458333333333336 0.01640625 0.0375
1 0.589453125 0.5131944444444444 0.009375 0.019444444444444445
1 0.576171875 0.5006944444444444 0.01953125 0.020833333333333332
1 0.62890625 0.6076388888888888 0.02109375 0.03194444444444444
1 0.580078125 0.6027777777777777 0.021875 0.03888888888888889
1 0.573828125 0.6541666666666667 0.01328125 0.020833333333333332
1 0.575390625 0.7430555555555556 0.0125 0.02361111111111111
1 0.562109375 0.7208333333333333 0.0359375 0.041666666666666664
1 0.43984375 0.6722222222222223 0.00625 0.011111111111111112
1 0.466796875 0.7173611111111111 0.00859375 0.015277777777777777
1 0.319140625 0.6270833333333333 0.01015625 0.025
1 0.358203125 0.5486111111111112 0.009375 0.03194444444444444
1 0.477734375 0.3611111111111111 0.01953125 0.03611111111111111
1 0.462890625 0.3840277777777778 0.01484375 0.029166666666666667
1 0.4375 0.47638888888888886 0.01640625 0.027777777777777776
1 0.380859375 0.4444444444444444 0.0125 0.044444444444444446
1 0.394921875 0.4076388888888889 0.015625 0.029166666666666667
1 0.346875 0.3875 0.04375 0.059722222222222225
1 0.371875 0.35555555555555557 0.01015625 0.025
1 0.388671875 0.2875 0.02890625 0.04583333333333333
1 0.446875 0.28888888888888886 0.0203125 0.04583333333333333
1 0.45625 0.24861111111111112 0.015625 0.034722222222222224
1 0.430859375 0.24097222222222223 0.01484375 0.0375
1 0.458984375 0.14583333333333334 0.0234375 0.04722222222222222
1 0.419921875 0.1840277777777778 0.01015625 0.03611111111111111
1 0.36640625 0.17222222222222222 0.00859375 0.022222222222222223
1 0.410546875 0.11875 0.08203125 0.09305555555555556
1 0.301171875 0.01875 0.04375 0.0375
1 0.210546875 0.02361111111111111 0.03125 0.04722222222222222
1 0.1859375 0.029861111111111113 0.02734375 0.05138888888888889
1 0.194921875 0.1451388888888889 0.01640625 0.027777777777777776
1 0.146875 0.3548611111111111 0.01328125 0.02638888888888889
1 0.28203125 0.27152777777777776 0.0203125 0.034722222222222224
1 0.212890625 0.30277777777777776 0.028125 0.03611111111111111
1 0.211328125 0.44930555555555557 0.025 0.0375
1 0.28359375 0.5513888888888889 0.0265625 0.09861111111111111
1 0.25625 0.5069444444444444 0.03125 0.04027777777777778
1 0.26796875 0.47152777777777777 0.03828125 0.05
1 0.183203125 0.5590277777777778 0.028125 0.0875
1 0.13828125 0.7111111111111111 0.02109375 0.025
1 0.071484375 0.6159722222222223 0.03203125 0.08888888888888889
1 0.10078125 0.8354166666666667 0.00859375 0.015277777777777777
1 0.20625 0.8277777777777777 0.015625 0.020833333333333332
1 0.099609375 0.8770833333333333 0.02265625 0.05
1 0.08984375 0.9930555555555556 0.0078125 0.013888888888888888
1 0.055859375 0.9659722222222222 0.01015625 0.020833333333333332
1 0.066015625 0.9444444444444444 0.01484375 0.025
1 0.794921875 0.825 0.015625 0.03888888888888889
1 0.811328125 0.8277777777777777 0.0125 0.058333333333333334
1 0.81484375 0.78125 0.0171875 0.025
1 0.846484375 0.7798611111111111 0.0078125 0.011111111111111112
1 0.837109375 0.7194444444444444 0.009375 0.027777777777777776
1 0.073046875 0.4576388888888889 0.01171875 0.02361111111111111
1 0.520703125 0.9472222222222222 0.021875 0.030555555555555555
1 0.526953125 0.9819444444444444 0.0328125 0.03611111111111111
1 0.56953125 0.9638888888888889 0.03359375 0.05
1 0.56953125 0.9111111111111111 0.02890625 0.06944444444444445
1 0.534375 0.8791666666666667 0.0234375 0.03194444444444444
1 0.569921875 0.8555555555555555 0.01640625 0.027777777777777776
1 0.823046875 0.6347222222222222 0.01484375 0.03333333333333333
1 0.828125 0.68125 0.01015625 0.019444444444444445
1 0.891796875 0.7416666666666667 0.01953125 0.025
1 0.859375 0.9736111111111111 0.01484375 0.034722222222222224
1 0.878515625 0.9493055555555555 0.015625 0.02638888888888889
1 0.948046875 0.9881944444444445 0.0296875 0.02361111111111111
1 0.840234375 0.6076388888888888 0.00703125 0.015277777777777777
1 0.86171875 0.5569444444444445 0.0125 0.030555555555555555
1 0.847265625 0.5236111111111111 0.0203125 0.044444444444444446
1 0.853125 0.47152777777777777 0.0296875 0.05416666666666667
1 0.872265625 0.41875 0.02890625 0.059722222222222225
1 0.93984375 0.47638888888888886 0.03671875 0.05138888888888889
1 0.94609375 0.5236111111111111 0.0265625 0.04722222222222222
1 0.987890625 0.34305555555555556 0.01015625 0.02361111111111111
1 0.917578125 0.3 0.025 0.044444444444444446
1 0.933203125 0.2513888888888889 0.01328125 0.03333333333333333
1 0.8453125 0.32083333333333336 0.0171875 0.034722222222222224
1 0.9234375 0.19722222222222222 0.025 0.044444444444444446
1 0.960546875 0.21736111111111112 0.01484375 0.027777777777777776
1 0.871484375 0.1625 0.01953125 0.043055555555555555
1 0.929296875 0.08263888888888889 0.02578125 0.044444444444444446
1 0.89296875 0.04652777777777778 0.01640625 0.034722222222222224
1 0.776953125 0.07847222222222222 0.0078125 0.022222222222222223
1 0.7015625 0.12569444444444444 0.00625 0.020833333333333332
1 0.71953125 0.25625 0.01640625 0.02638888888888889
1 0.753515625 0.2520833333333333 0.00859375 0.015277777777777777
1 0.784765625 0.27291666666666664 0.03203125 0.07361111111111111
1 0.378515625 0.5951388888888889 0.009375 0.0125
0 0.66875 0.7875 0.09921875 0.4152777777777778
1 0.451953125 0.010416666666666666 0.00625 0.0125
1 0.996875 0.89375 0.00625 0.022222222222222223
1 0.996484375 0.7104166666666667 0.00703125 0.019444444444444445
1 0.203515625 0.9486111111111111 0.0640625 0.06388888888888888
1 0.201953125 0.8888888888888888 0.03515625 0.04722222222222222
1 0.230859375 0.7583333333333333 0.01484375 0.043055555555555555
1 0.2171875 0.7208333333333333 0.0296875 0.05138888888888889
1 0.194140625 0.7090277777777778 0.0140625 0.025
1 0.26875 0.7875 0.0125 0.016666666666666666
1 0.37890625 0.8881944444444444 0.01328125 0.027777777777777776
1 0.330859375 0.9201388888888888 0.01796875 0.027777777777777776
1 0.326171875 0.9666666666666667 0.02109375 0.03194444444444444
1 0.36796875 0.9701388888888889 0.01171875 0.03194444444444444
1 0.360546875 0.9305555555555556 0.01796875 0.0375
1 0.4078125 0.9854166666666667 0.01484375 0.029166666666666667
1 0.40703125 0.8923611111111112 0.0140625 0.029166666666666667
1 0.446484375 0.95 0.06796875 0.09583333333333334
1 0.47109375 0.85625 0.0703125 0.11805555555555555
1 0.487890625 0.7798611111111111 0.028125 0.08472222222222223
1 0.52578125 0.7743055555555556 0.0234375 0.05277777777777778
1 0.516015625 0.7152777777777778 0.0390625 0.06388888888888888
1 0.45703125 0.6111111111111112 0.0125 0.025
1 0.478515625 0.5944444444444444 0.0328125 0.07222222222222222
1 0.522265625 0.6076388888888888 0.0484375 0.09166666666666666
1 0.516015625 0.45555555555555555 0.071875 0.18055555555555555
0 0.69453125 0.17152777777777778 0.2046875 0.33611111111111114
0 0.690234375 0.4513888888888889 0.1984375 0.3861111111111111
0 0.673046875 0.6298611111111111 0.17109375 0.07222222222222222
0 0.1703125 0.9555555555555556 0.11171875 0.08888888888888889
0 0.09921875 0.7972222222222223 0.1984375 0.2388888888888889
0 0.133984375 0.5881944444444445 0.15625 0.4263888888888889
0 0.07734375 0.27569444444444446 0.1546875 0.19305555555555556
0 0.0984375 0.1375 0.121875 0.275
1 0.766015625 0.8361111111111111 0.0109375 0.020833333333333332
1 0.78515625 0.8756944444444444 0.0140625 0.027777777777777776
1 0.764453125 0.8618055555555556 0.03203125 0.03888888888888889
1 0.773046875 0.9027777777777778 0.01328125 0.03194444444444444
1 0.801171875 0.9784722222222222 0.01953125 0.034722222222222224
1 0.7859375 0.9923611111111111 0.01875 0.015277777777777777
1 0.76171875 0.9743055555555555 0.0265625 0.05138888888888889
1 0.63046875 0.8513888888888889 0.0171875 0.05694444444444444
1 0.6875 0.8270833333333333 0.0140625 0.03333333333333333
1 0.728125 0.725 0.015625 0.034722222222222224
1 0.65234375 0.65625 0.01875 0.030555555555555555
1 0.665625 0.6097222222222223 0.021875 0.025
1 0.760546875 0.6263888888888889 0.00546875 0.011111111111111112
1 0.7734375 0.6402777777777777 0.01796875 0.06805555555555555
1 0.77109375 0.5326388888888889 0.0421875 0.05
1 0.73515625 0.5284722222222222 0.01640625 0.03194444444444444