1 0.81171875 0.090625 0.0671875 0.04375
1 0.92421875 0.013541666666666667 0.040625 0.027083333333333334
1 0.8703125 0.051041666666666666 0.040625 0.04375
1 0.815625 0.03958333333333333 0.01875 0.03333333333333333
1 0.3359375 0.29791666666666666 0.034375 0.04583333333333333
1 0.33125 0.23541666666666666 0.046875 0.0375
1 0.178125 0.17916666666666667 0.01875 0.025
1 0.54765625 0.115625 0.034375 0.035416666666666666
1 0.55 0.07291666666666667 0.0296875 0.03125
1 0.3421875 0.053125 0.0375 0.06041666666666667
1 0.3359375 0.008333333333333333 0.053125 0.016666666666666666
1 0.26953125 0.01875 0.0671875 0.0375
0 0.48984375 0.890625 0.28125 0.21875
0 0.4890625 0.7614583333333333 0.2265625 0.36666666666666664
0 0.49609375 0.21458333333333332 0.5140625 0.27291666666666664
1 0.253125 0.19375 0.0265625 0.027083333333333334
1 0.3328125 0.14270833333333333 0.046875 0.05416666666666667
1 0.33203125 0.996875 0.0140625 0.00625
1 0.3078125 0.9854166666666667 0.0203125 0.016666666666666666
1 0.03984375 0.934375 0.0734375 0.0875
1 0.10546875 0.7697916666666667 0.028125 0.04375
1 0.165625 0.640625 0.0296875 0.025
1 0.084375 0.665625 0.05 0.07916666666666666
1 0.1109375 0.5958333333333333 0.0359375 0.04791666666666667
1 0.2125 0.6270833333333333 0.025 0.04375
1 0.2203125 0.5291666666666667 0.0921875 0.09166666666666666
1 0.16328125 0.4708333333333333 0.0203125 0.022916666666666665
1 0.31640625 0.5635416666666667 0.06875 0.11041666666666666
1 0.3796875 0.6489583333333333 0.0328125 0.03958333333333333
1 0.3953125 0.5958333333333333 0.0609375 0.04375
1 0.27578125 0.9875 0.021875 0.020833333333333332
1 0.22421875 0.928125 0.0546875 0.06458333333333334
1 0.1734375 0.871875 0.0203125 0.01875
1 0.25859375 0.8989583333333333 0.025 0.027083333333333334
1 0.24140625 0.840625 0.0515625 0.0375
1 0.4125 0.7364583333333333 0.028125 0.025
1 0.43515625 0.8010416666666667 0.040625 0.041666666666666664
1 0.4015625 0.7802083333333333 0.021875 0.029166666666666667
1 0.4109375 0.9145833333333333 0.0265625 0.041666666666666664
1 0.43125 0.9760416666666667 0.059375 0.04791666666666667
1 0.56328125 0.7364583333333333 0.0265625 0.03125
1 0.54765625 0.8572916666666667 0.01875 0.022916666666666665
1 0.81484375 0.9927083333333333 0.0171875 0.014583333333333334
1 0.684375 0.9625 0.0484375 0.05625
1 0.65234375 0.828125 0.04375 0.05416666666666667
1 0.69609375 0.8135416666666667 0.01875 0.03333333333333333
1 0.77421875 0.9 0.0296875 0.027083333333333334
1 0.60390625 0.030208333333333334 0.1078125 0.06041666666666667
1 0.80859375 0.815625 0.05 0.075
1 0.7625 0.7416666666666667 0.0390625 0.05
1 0.68125 0.715625 0.040625 0.07291666666666667
1 0.99609375 0.725 0.0078125 0.029166666666666667
1 0.946875 0.7552083333333334 0.071875 0.06458333333333334
1 0.93359375 0.7 0.025 0.027083333333333334
1 0.990625 0.6052083333333333 0.01875 0.04375
1 0.91875 0.6166666666666667 0.1265625 0.10625
1 0.80703125 0.6552083333333333 0.0375 0.04375
1 0.8375 0.6291666666666667 0.0265625 0.03958333333333333
1 0.63984375 0.5916666666666667 0.053125 0.08125
1 0.55703125 0.5177083333333333 0.121875 0.10416666666666667
1 0.46796875 0.58125 0.059375 0.06666666666666667
1 0.38359375 0.5145833333333333 0.0484375 0.0625
1 0.3203125 0.42916666666666664 0.065625 0.05416666666666667
1 0.475 0.465625 0.0359375 0.029166666666666667
1 0.79609375 0.584375 0.0265625 0.025
1 0.73515625 0.5479166666666667 0.04375 0.05416666666666667
1 0.9609375 0.5510416666666667 0.0375 0.052083333333333336
1 0.9265625 0.42916666666666664 0.015625 0.03333333333333333
1 0.79765625 0.4427083333333333 0.0390625 0.05416666666666667
1 0.89375 0.3770833333333333 0.03125 0.052083333333333336
1 0.9765625 0.4041666666666667 0.0296875 0.027083333333333334
1 0.9671875 0.32395833333333335 0.0234375 0.03125
1 0.83203125 0.23333333333333334 0.0359375 0.05625
1 0.8625 0.203125 0.0328125 0.03958333333333333
1 0.85703125 0.15520833333333334 0.028125 0.0375
1 0.9765625 0.24166666666666667 0.0328125 0.05
1 0.94765625 0.1875 0.034375 0.0375
1 0.99296875 0.12708333333333333 0.0140625 0.05625
1 0.9015625 0.14270833333333333 0.01875 0.029166666666666667
1 0.75078125 0.21458333333333332 0.0203125 0.020833333333333332
1 0.765625 0.3104166666666667 0.06875 0.0625
1 0.63828125 0.3541666666666667 0.071875 0.09791666666666667
1 0.42578125 0.3927083333333333 0.090625 0.10208333333333333
1 0.2078125 0.203125 0.015625 0.016666666666666666
1 0.7 0.16875 0.034375 0.035416666666666666
1 0.7109375 0.12708333333333333 0.0359375 0.03125
1 0.77265625 0.13229166666666667 0.0328125 0.041666666666666664