0 0.5390625 0.9364583333333333 0.3171875 0.12708333333333333
0 0.5234375 0.8 0.440625 0.2875
0 0.56953125 0.4875 0.4265625 0.42083333333333334
0 0.39375 0.21875 0.1140625 0.43333333333333335
1 0.35703125 0.09895833333333333 0.03125 0.025
1 0.346875 0.375 0.0125 0.027083333333333334
1 0.940625 0.9729166666666667 0.01875 0.022916666666666665
1 0.3125 0.9895833333333334 0.025 0.020833333333333332
1 0.3546875 0.98125 0.034375 0.0375
1 0.25703125 0.925 0.0578125 0.07708333333333334
1 0.48828125 0.8458333333333333 0.034375 0.04791666666666667
1 0.53125 0.7927083333333333 0.03125 0.029166666666666667
1 0.8703125 0.7020833333333333 0.015625 0.01875
1 0.89453125 0.7572916666666667 0.021875 0.027083333333333334
1 0.615625 0.465625 0.025 0.0375
1 0.6453125 0.48125 0.021875 0.0375
1 0.9265625 0.475 0.0328125 0.04583333333333333
1 0.9203125 0.3302083333333333 0.01875 0.029166666666666667
1 0.68359375 0.19791666666666666 0.025 0.0375
1 0.7390625 0.15 0.059375 0.07291666666666667
1 0.2703125 0.0375 0.0453125 0.04583333333333333
1 0.2796875 0.12395833333333334 0.0265625 0.0375
1 0.31328125 0.3541666666666667 0.028125 0.052083333333333336