1 0.27578125 0.6083333333333333 0.03125 0.022916666666666665
0 0.36796875 0.23229166666666667 0.23125 0.4625
0 0.434375 0.35520833333333335 0.6109375 0.19375
0 0.396875 0.5958333333333333 0.403125 0.24166666666666667
0 0.31640625 0.915625 0.303125 0.16875
1 0.7703125 0.0125 0.040625 0.025
1 0.95234375 0.027083333333333334 0.0203125 0.025
1 0.9921875 0.005208333333333333 0.015625 0.010416666666666666
1 0.98984375 0.20833333333333334 0.0203125 0.05416666666666667
1 0.5140625 0.04791666666666667 0.034375 0.04375
1 0.55078125 0.009375 0.0796875 0.01875
1 0.62421875 0.04375 0.0640625 0.0875
1 0.7015625 0.16458333333333333 0.071875 0.058333333333333334
1 0.746875 0.190625 0.0203125 0.041666666666666664
1 0.89453125 0.11458333333333333 0.0328125 0.06458333333333334
1 0.92109375 0.13020833333333334 0.0203125 0.03125
1 0.921875 0.17708333333333334 0.015625 0.029166666666666667
1 0.88046875 0.21770833333333334 0.0421875 0.09166666666666666
1 0.9140625 0.23229166666666667 0.0234375 0.05
1 0.9625 0.27708333333333335 0.0265625 0.03125
1 0.91328125 0.36875 0.0203125 0.01875
1 0.55078125 0.16354166666666667 0.0515625 0.05
1 0.446875 0.20208333333333334 0.040625 0.06666666666666667
1 0.4765625 0.228125 0.021875 0.035416666666666666
1 0.51796875 0.22604166666666667 0.04375 0.04791666666666667
1 0.58125 0.2625 0.0171875 0.03333333333333333
1 0.3609375 0.12395833333333334 0.01875 0.025
1 0.284375 0.121875 0.065625 0.06458333333333334
1 0.3265625 0.016666666666666666 0.046875 0.03333333333333333
1 0.1921875 0.07604166666666666 0.0328125 0.06041666666666667
1 0.1359375 0.005208333333333333 0.0296875 0.010416666666666666
1 0.08203125 0.08854166666666667 0.021875 0.025
1 0.075 0.20520833333333333 0.0328125 0.0375
1 0.1375 0.17083333333333334 0.0421875 0.07083333333333333
1 0.18515625 0.16041666666666668 0.021875 0.04375
1 0.21796875 0.14270833333333333 0.021875 0.035416666666666666
1 0.21328125 0.22395833333333334 0.0359375 0.04375
1 0.2375 0.23541666666666666 0.0140625 0.01875
1 0.3296875 0.278125 0.0375 0.07291666666666667
1 0.33359375 0.33958333333333335 0.040625 0.029166666666666667
1 0.13671875 0.8427083333333333 0.04375 0.05
1 0.22890625 0.8416666666666667 0.0578125 0.06875
1 0.19609375 0.80625 0.0171875 0.022916666666666665
1 0.30859375 0.7604166666666666 0.0578125 0.07083333333333333
1 0.43515625 0.9020833333333333 0.028125 0.029166666666666667
1 0.37578125 0.828125 0.0375 0.03958333333333333
1 0.446875 0.8 0.0421875 0.05
1 0.5171875 0.9895833333333334 0.0171875 0.020833333333333332
1 0.53203125 0.8854166666666666 0.034375 0.0625
1 0.64140625 0.8697916666666666 0.0875 0.11458333333333333
1 0.59453125 0.79375 0.0328125 0.03958333333333333
1 0.8484375 0.8958333333333334 0.015625 0.022916666666666665
1 0.77421875 0.9895833333333334 0.021875 0.020833333333333332
1 0.79140625 0.959375 0.0265625 0.03125
1 0.81953125 0.9239583333333333 0.0203125 0.027083333333333334
1 0.87734375 0.9489583333333333 0.028125 0.05625
1 0.9765625 0.9395833333333333 0.046875 0.10625
1 0.9171875 0.8614583333333333 0.034375 0.04791666666666667
1 0.9859375 0.8375 0.028125 0.035416666666666666
1 0.87890625 0.7625 0.0203125 0.035416666666666666
1 0.96953125 0.7322916666666667 0.0234375 0.020833333333333332
1 0.9953125 0.7114583333333333 0.009375 0.01875
1 0.88046875 0.68125 0.025 0.04583333333333333
1 0.88125 0.615625 0.05625 0.052083333333333336
1 0.98515625 0.60625 0.025 0.03333333333333333
1 0.9078125 0.5604166666666667 0.021875 0.027083333333333334
1 0.996875 0.334375 0.00625 0.014583333333333334
1 0.92265625 0.4708333333333333 0.025 0.020833333333333332
1 0.9890625 0.4625 0.021875 0.041666666666666664
1 0.68984375 0.371875 0.0203125 0.022916666666666665
1 0.76328125 0.3854166666666667 0.0234375 0.0375
1 0.6421875 0.71875 0.0453125 0.05625
1 0.57578125 0.684375 0.025 0.022916666666666665
1 0.521875 0.6666666666666666 0.06875 0.09583333333333334
1 0.63046875 0.303125 0.0125 0.016666666666666666
1 0.7453125 0.44895833333333335 0.015625 0.03333333333333333
1 0.134375 0.2791666666666667 0.0203125 0.016666666666666666
1 0.14609375 0.4635416666666667 0.0140625 0.022916666666666665
1 0.07578125 0.5541666666666667 0.0203125 0.03333333333333333
1 0.07734375 0.5 0.0328125 0.04583333333333333
1 0.103125 0.4 0.0140625 0.03125
1 0.38125 0.5791666666666667 0.01875 0.03125
1 0.359375 0.575 0.0171875 0.04375
1 0.2859375 0.33541666666666664 0.0390625 0.04791666666666667
1 0.28359375 0.07916666666666666 0.0328125 0.01875
1 0.38203125 0.12395833333333334 0.021875 0.029166666666666667
1 0.29140625 0.45208333333333334 0.059375 0.05416666666666667
1 0.36015625 0.5135416666666667 0.025 0.03125
1 0.2828125 0.515625 0.0203125 0.020833333333333332
1 0.2765625 0.578125 0.028125 0.03333333333333333
1 0.1796875 0.5822916666666667 0.0671875 0.06041666666666667
1 0.19609375 0.715625 0.0265625 0.03125
1 0.5375 0.590625 0.0453125 0.04583333333333333
1 0.16171875 0.7385416666666667 0.0390625 0.04583333333333333
1 0.08203125 0.66875 0.071875 0.09791666666666667
1 0.01640625 0.7458333333333333 0.021875 0.03125
1 0.12578125 0.8802083333333334 0.0203125 0.01875
1 0.10078125 0.9822916666666667 0.025 0.020833333333333332
1 0.159375 0.95 0.0734375 0.09375
1 0.60390625 0.5614583333333333 0.01875 0.022916666666666665
1 0.553125 0.5510416666666667 0.01875 0.025
1 0.49375 0.48854166666666665 0.0875 0.07708333333333334
1 0.421875 0.475 0.0453125 0.05625
1 0.55390625 0.2864583333333333 0.0125 0.03333333333333333