1 0.21015625 0.9284722222222223 0.021875 0.04583333333333333
1 0.1953125 0.8152777777777778 0.01796875 0.03888888888888889
1 0.20625 0.76875 0.0203125 0.0375
1 0.184765625 0.7541666666666667 0.021875 0.03611111111111111
1 0.23515625 0.7270833333333333 0.02421875 0.04027777777777778
1 0.265625 0.7 0.02109375 0.044444444444444446
1 0.275 0.7513888888888889 0.01953125 0.03888888888888889
1 0.353515625 0.6055555555555555 0.01796875 0.030555555555555555
1 0.23125 0.6326388888888889 0.0375 0.05138888888888889
1 0.213671875 0.5909722222222222 0.01328125 0.027777777777777776
1 0.175 0.5402777777777777 0.0375 0.02638888888888889
1 0.18515625 0.5875 0.02265625 0.05138888888888889
1 0.181640625 0.6659722222222222 0.01953125 0.05277777777777778
1 0.171875 0.3416666666666667 0.0203125 0.034722222222222224
1 0.24765625 0.36944444444444446 0.025 0.04583333333333333
1 0.289453125 0.3458333333333333 0.05234375 0.04583333333333333
1 0.216015625 0.1486111111111111 0.03828125 0.05
1 0.273828125 0.08541666666666667 0.03046875 0.05416666666666667
1 0.49375 0.13194444444444445 0.0171875 0.03194444444444444
1 0.589453125 0.16319444444444445 0.021875 0.05694444444444444
1 0.584765625 0.09583333333333334 0.01875 0.029166666666666667
1 0.600390625 0.019444444444444445 0.02421875 0.0375
1 0.719140625 0.013194444444444444 0.0203125 0.02638888888888889
1 0.837109375 0.19305555555555556 0.02109375 0.041666666666666664
1 0.91328125 0.1361111111111111 0.0140625 0.03888888888888889
1 0.973046875 0.18333333333333332 0.02578125 0.05277777777777778
1 0.768359375 0.10416666666666667 0.01953125 0.03333333333333333
1 0.831640625 0.07152777777777777 0.01484375 0.03194444444444444
1 0.795703125 0.022222222222222223 0.01640625 0.029166666666666667
1 0.72578125 0.34444444444444444 0.02578125 0.041666666666666664
1 0.7109375 0.44583333333333336 0.02734375 0.07361111111111111
1 0.892578125 0.4152777777777778 0.021875 0.04861111111111111
1 0.991796875 0.4284722222222222 0.01484375 0.04583333333333333
1 0.97578125 0.5138888888888888 0.0234375 0.05
1 0.893359375 0.5013888888888889 0.02734375 0.05416666666666667
1 0.607421875 0.4826388888888889 0.03046875 0.06805555555555555
1 0.599609375 0.6479166666666667 0.02890625 0.05277777777777778
1 0.59609375 0.7604166666666666 0.03125 0.0625
1 0.71171875 0.8340277777777778 0.01875 0.03888888888888889
1 0.600390625 0.8881944444444444 0.021875 0.04583333333333333
1 0.2921875 0.8694444444444445 0.0359375 0.0375
1 0.3171875 0.7979166666666667 0.01640625 0.05416666666666667
0 0.086328125 0.2743055555555556 0.16875 0.5194444444444445
0 0.140625 0.05625 0.0515625 0.1111111111111111
0 0.673046875 0.9270833333333334 0.16953125 0.14583333333333334
0 0.63046875 0.7506944444444444 0.21875 0.49722222222222223
0 0.7171875 0.4798611111111111 0.246875 0.3680555555555556
0 0.684765625 0.3076388888888889 0.11171875 0.6152777777777778
0 0.148046875 0.44375 0.0875 0.2902777777777778
0 0.103125 0.9118055555555555 0.20625 0.14166666666666666
0 0.140625 0.8 0.12109375 0.4
1 0.865234375 0.6666666666666666 0.0375 0.09444444444444444
1 0.882421875 0.7722222222222223 0.02109375 0.03611111111111111
1 0.965625 0.8513888888888889 0.03046875 0.06527777777777778
1 0.901953125 0.9256944444444445 0.03671875 0.06111111111111111
1 0.80859375 0.9861111111111112 0.02265625 0.027777777777777776
1 0.8234375 0.8652777777777778 0.02578125 0.05277777777777778
1 0.7984375 0.7680555555555556 0.03359375 0.08333333333333333
1 0.503125 0.8222222222222222 0.0234375 0.03333333333333333
1 0.51484375 0.7965277777777777 0.0234375 0.044444444444444446
1 0.26328125 0.9368055555555556 0.01953125 0.041666666666666664
1 0.208984375 0.9833333333333333 0.01796875 0.030555555555555555