1 0.3828125 0.1951388888888889 0.01484375 0.034722222222222224
1 0.704296875 0.2222222222222222 0.01328125 0.018055555555555554
1 0.780859375 0.1423611111111111 0.01328125 0.02361111111111111
1 0.758984375 0.32430555555555557 0.00703125 0.018055555555555554
1 0.82265625 0.5722222222222222 0.0078125 0.015277777777777777
1 0.83125 0.7215277777777778 0.0203125 0.05138888888888889
1 0.876171875 0.7694444444444445 0.0265625 0.058333333333333334
1 0.676953125 0.8291666666666667 0.015625 0.034722222222222224
1 0.39765625 0.3972222222222222 0.01640625 0.041666666666666664
1 0.43984375 0.4340277777777778 0.0140625 0.02638888888888889
1 0.430078125 0.3388888888888889 0.0109375 0.018055555555555554
1 0.51328125 0.2659722222222222 0.04453125 0.1125
1 0.5 0.3333333333333333 0.0125 0.015277777777777777
1 0.541796875 0.3638888888888889 0.025 0.06388888888888888
1 0.574609375 0.42986111111111114 0.02109375 0.04027777777777778
1 0.611328125 0.4527777777777778 0.0125 0.029166666666666667
1 0.65078125 0.38472222222222224 0.0109375 0.022222222222222223
1 0.570703125 0.30069444444444443 0.009375 0.0125
1 0.4875 0.23333333333333334 0.01953125 0.03888888888888889
1 0.43515625 0.075 0.04765625 0.15
1 0.480859375 0.030555555555555555 0.0296875 0.06111111111111111
1 0.57890625 0.23958333333333334 0.0234375 0.043055555555555555
1 0.541015625 0.20902777777777778 0.01640625 0.02638888888888889
1 0.8796875 0.6270833333333333 0.009375 0.018055555555555554
1 0.177734375 0.50625 0.01328125 0.02361111111111111
0 0.0875 0.06944444444444445 0.175 0.1388888888888889
0 0.11015625 0.25555555555555554 0.2203125 0.23194444444444445
1 0.508203125 0.009027777777777777 0.00703125 0.015277777777777777
0 0.114453125 0.4847222222222222 0.1203125 0.3138888888888889
0 0.176171875 0.7284722222222222 0.16640625 0.1125
1 0.255078125 0.3951388888888889 0.0265625 0.05277777777777778
0 0.821484375 0.9375 0.053125 0.125
0 0.71640625 0.8868055555555555 0.26875 0.2263888888888889
0 0.650390625 0.5763888888888888 0.09453125 0.5333333333333333
0 0.69921875 0.46458333333333335 0.225 0.30833333333333335
0 0.69765625 0.20833333333333334 0.29609375 0.16944444444444445
0 0.140625 0.9090277777777778 0.134375 0.18194444444444444
1 0.58671875 0.10347222222222222 0.03203125 0.04583333333333333
1 0.55 0.027083333333333334 0.015625 0.03194444444444444
1 0.51484375 0.19722222222222222 0.0109375 0.015277777777777777
1 0.574609375 0.14375 0.015625 0.020833333333333332
1 0.99296875 0.21944444444444444 0.0140625 0.03194444444444444
1 0.91796875 0.0020833333333333333 0.00625 0.004166666666666667
1 0.887890625 0.015277777777777777 0.0234375 0.030555555555555555
1 0.8578125 0.7041666666666667 0.00859375 0.013888888888888888
1 0.889453125 0.5430555555555555 0.01015625 0.0125
1 0.947265625 0.4576388888888889 0.034375 0.05138888888888889
1 0.92109375 0.4076388888888889 0.0203125 0.041666666666666664
1 0.8921875 0.39166666666666666 0.0171875 0.034722222222222224
1 0.962109375 0.7423611111111111 0.00859375 0.020833333333333332
1 0.929296875 0.7465277777777778 0.01640625 0.03333333333333333
1 0.9453125 0.8784722222222222 0.0265625 0.04583333333333333
1 0.927734375 0.8083333333333333 0.0265625 0.05
1 0.871484375 0.93125 0.015625 0.02638888888888889
1 0.8296875 0.8576388888888888 0.009375 0.016666666666666666
1 0.7625 0.9923611111111111 0.0109375 0.015277777777777777
1 0.6484375 0.050694444444444445 0.02890625 0.05555555555555555
1 0.737890625 0.9604166666666667 0.01640625 0.03333333333333333
1 0.74375 0.8576388888888888 0.015625 0.030555555555555555
1 0.697265625 0.8173611111111111 0.009375 0.022222222222222223
1 0.56875 0.04722222222222222 0.0203125 0.043055555555555555
1 0.05234375 0.30486111111111114 0.015625 0.043055555555555555
1 0.178515625 0.14722222222222223 0.02734375 0.05
1 0.184765625 0.04861111111111111 0.0171875 0.03194444444444444
1 0.21171875 0.4131944444444444 0.03515625 0.05
1 0.277734375 0.35138888888888886 0.0140625 0.022222222222222223
1 0.2984375 0.2611111111111111 0.0234375 0.04583333333333333
1 0.237890625 0.2833333333333333 0.02578125 0.04861111111111111
1 0.2171875 0.3548611111111111 0.0328125 0.06666666666666667
1 0.282421875 0.4576388888888889 0.01796875 0.03888888888888889
1 0.310546875 0.42777777777777776 0.00859375 0.013888888888888888
1 0.6703125 0.2708333333333333 0.021875 0.03333333333333333
1 0.6234375 0.28958333333333336 0.0140625 0.025
1 0.71875 0.5847222222222223 0.03828125 0.05
1 0.577734375 0.5847222222222223 0.0265625 0.05
1 0.532421875 0.60625 0.01015625 0.018055555555555554
1 0.549609375 0.7243055555555555 0.03046875 0.034722222222222224
1 0.584765625 0.7229166666666667 0.0140625 0.022222222222222223
1 0.4375 0.6298611111111111 0.01328125 0.029166666666666667
1 0.47109375 0.5041666666666667 0.01015625 0.018055555555555554
1 0.479296875 0.5743055555555555 0.00859375 0.015277777777777777
1 0.391796875 0.5479166666666667 0.02109375 0.025
1 0.35234375 0.5854166666666667 0.0078125 0.019444444444444445
1 0.354296875 0.64375 0.01953125 0.03611111111111111
1 0.199609375 0.6680555555555555 0.0140625 0.03194444444444444
1 0.1484375 0.75625 0.01015625 0.016666666666666666
1 0.29375 0.7819444444444444 0.0140625 0.027777777777777776
1 0.36875 0.8652777777777778 0.0171875 0.03333333333333333
1 0.38515625 0.8993055555555556 0.0078125 0.015277777777777777
1 0.44140625 0.9402777777777778 0.01796875 0.02638888888888889
1 0.46015625 0.8888888888888888 0.0140625 0.030555555555555555
1 0.57109375 0.8569444444444444 0.0515625 0.08194444444444444
1 0.497265625 0.7888888888888889 0.0125 0.02638888888888889
1 0.183203125 0.9756944444444444 0.00859375 0.013888888888888888
1 0.2921875 0.013194444444444444 0.01953125 0.02638888888888889
1 0.385546875 0.15763888888888888 0.02265625 0.03611111111111111