1 0.2234375 0.6510416666666666 0.025 0.03333333333333333
1 0.3640625 0.7427083333333333 0.03125 0.04583333333333333
1 0.36796875 0.7916666666666666 0.015625 0.016666666666666666
1 0.28671875 0.7989583333333333 0.03125 0.025
1 0.26484375 0.75625 0.025 0.05
1 0.23125 0.9864583333333333 0.015625 0.020833333333333332
1 0.23671875 0.859375 0.028125 0.016666666666666666
1 0.103125 0.95 0.0078125 0.016666666666666666
1 0.1375 0.9739583333333334 0.0171875 0.020833333333333332
1 0.08125 0.959375 0.015625 0.020833333333333332
1 0.09921875 0.9020833333333333 0.0515625 0.0625
1 0.0671875 0.8760416666666667 0.0171875 0.020833333333333332
1 0.03984375 0.9427083333333334 0.059375 0.04791666666666667
1 0.15625 0.884375 0.0171875 0.0375
1 0.16953125 0.8302083333333333 0.0390625 0.03333333333333333
1 0.40390625 0.99375 0.0203125 0.0125
1 0.4578125 0.9625 0.01875 0.027083333333333334
1 0.52109375 0.875 0.0109375 0.022916666666666665
1 0.45390625 0.8875 0.0390625 0.04791666666666667
1 0.50546875 0.9395833333333333 0.015625 0.014583333333333334
1 0.6765625 0.95 0.028125 0.041666666666666664
1 0.60625 0.9020833333333333 0.03125 0.06458333333333334
1 0.7140625 0.8604166666666667 0.0234375 0.01875
1 0.71328125 0.8104166666666667 0.0234375 0.025
1 0.6484375 0.7302083333333333 0.053125 0.06666666666666667
1 0.70546875 0.709375 0.0140625 0.016666666666666666
1 0.73828125 0.715625 0.0265625 0.03958333333333333
1 0.759375 0.65 0.0625 0.06458333333333334
1 0.7640625 0.5552083333333333 0.025 0.027083333333333334
1 0.80390625 0.5229166666666667 0.025 0.052083333333333336
1 0.71953125 0.47291666666666665 0.0328125 0.027083333333333334
1 0.69921875 0.49895833333333334 0.05 0.0375
1 0.6625 0.465625 0.03125 0.035416666666666666
1 0.81875 0.38333333333333336 0.0640625 0.07916666666666666
1 0.9171875 0.6604166666666667 0.0171875 0.016666666666666666
1 0.98046875 0.7885416666666667 0.0390625 0.04375
1 0.97578125 0.8864583333333333 0.0484375 0.12916666666666668
1 0.91015625 0.9416666666666667 0.021875 0.022916666666666665
1 0.934375 0.959375 0.0203125 0.020833333333333332
1 0.79296875 0.7916666666666666 0.0140625 0.020833333333333332
1 0.89609375 0.725 0.0203125 0.020833333333333332
1 0.48828125 0.871875 0.0125 0.0125
1 0.0078125 0.7479166666666667 0.015625 0.027083333333333334
1 0.01875 0.5885416666666666 0.01875 0.025
1 0.0796875 0.49895833333333334 0.0671875 0.11041666666666666
1 0.2 0.525 0.053125 0.05625
1 0.93671875 0.7145833333333333 0.025 0.035416666666666666
1 0.28828125 0.50625 0.025 0.025
1 0.30078125 0.5489583333333333 0.0296875 0.0375
1 0.359375 0.43333333333333335 0.0578125 0.07083333333333333
1 0.36796875 0.5072916666666667 0.015625 0.022916666666666665
1 0.21171875 0.4510416666666667 0.028125 0.025
0 0.4609375 0.06979166666666667 0.13125 0.13958333333333334
0 0.4609375 0.3770833333333333 0.0984375 0.31666666666666665
0 0.50390625 0.69375 0.215625 0.16041666666666668
0 0.478125 0.9458333333333333 0.0421875 0.10833333333333334
1 0.21796875 0.28541666666666665 0.1078125 0.14583333333333334
1 0.3109375 0.3854166666666667 0.0203125 0.025
1 0.24453125 0.4166666666666667 0.0328125 0.04375
1 0.37265625 0.346875 0.03125 0.0375
1 0.3953125 0.3020833333333333 0.0203125 0.03125
1 0.40703125 0.240625 0.0234375 0.020833333333333332
1 0.41875 0.215625 0.015625 0.03333333333333333
1 0.3796875 0.175 0.025 0.025
1 0.22578125 0.21666666666666667 0.01875 0.0375
1 0.25078125 0.184375 0.075 0.03958333333333333
1 0.259375 0.09791666666666667 0.0375 0.0375
1 0.209375 0.11666666666666667 0.021875 0.0375
1 0.0125 0.146875 0.025 0.04375
1 0.0546875 0.17604166666666668 0.0390625 0.052083333333333336
1 0.09140625 0.14895833333333333 0.021875 0.035416666666666666
1 0.0390625 0.07916666666666666 0.0671875 0.06875
1 0.09921875 0.017708333333333333 0.025 0.03333333333333333
1 0.12578125 0.04895833333333333 0.03125 0.029166666666666667
1 0.12578125 0.128125 0.0453125 0.06041666666666667
1 0.2421875 0.016666666666666666 0.0375 0.03333333333333333
1 0.265625 0.04791666666666667 0.0328125 0.041666666666666664
1 0.37578125 0.03125 0.0546875 0.0625
1 0.4171875 0.015625 0.0328125 0.03125
1 0.4359375 0.05 0.025 0.03958333333333333
1 0.45 0.06979166666666667 0.0140625 0.0125
1 0.5359375 0.014583333333333334 0.0203125 0.029166666666666667
1 0.0984375 0.265625 0.0265625 0.03958333333333333
1 0.1265625 0.25416666666666665 0.025 0.03333333333333333
1 0.084375 0.328125 0.025 0.04791666666666667
1 0.09453125 0.4239583333333333 0.0140625 0.016666666666666666
1 0.6421875 0.6 0.0296875 0.035416666666666666
1 0.4828125 0.4239583333333333 0.028125 0.025
1 0.775 0.4427083333333333 0.025 0.020833333333333332
1 0.86171875 0.946875 0.015625 0.020833333333333332
1 0.60078125 0.690625 0.01875 0.020833333333333332
1 0.45390625 0.6385416666666667 0.009375 0.0125
1 0.20625 0.590625 0.0140625 0.016666666666666666
1 0.20625 0.39166666666666666 0.021875 0.020833333333333332
1 0.04140625 0.21875 0.0171875 0.03958333333333333
1 0.3609375 0.07708333333333334 0.0140625 0.020833333333333332
1 0.43984375 0.19270833333333334 0.021875 0.016666666666666666
1 0.478125 0.18333333333333332 0.009375 0.0125
1 0.60625 0.425 0.0140625 0.01875
1 0.45625 0.471875 0.015625 0.022916666666666665
1 0.51953125 0.475 0.0109375 0.022916666666666665
1 0.9171875 0.5604166666666667 0.0390625 0.05625
1 0.8875 0.3770833333333333 0.0265625 0.025
1 0.84921875 0.28020833333333334 0.040625 0.03125
1 0.9484375 0.25 0.0484375 0.06041666666666667
1 0.9140625 0.196875 0.0265625 0.03958333333333333
1 0.93984375 0.007291666666666667 0.021875 0.014583333333333334
1 0.80703125 0.11145833333333334 0.0375 0.04791666666666667
1 0.80546875 0.004166666666666667 0.015625 0.008333333333333333
1 0.7671875 0.04583333333333333 0.115625 0.07708333333333334
1 0.69296875 0.08541666666666667 0.0390625 0.041666666666666664
1 0.6984375 0.11666666666666667 0.0171875 0.01875
1 0.740625 0.11770833333333333 0.025 0.03333333333333333
1 0.6796875 0.010416666666666666 0.03125 0.020833333333333332
1 0.64453125 0.06041666666666667 0.0578125 0.05
1 0.62734375 0.09791666666666667 0.025 0.041666666666666664
1 0.5171875 0.12604166666666666 0.0203125 0.022916666666666665
1 0.55546875 0.08020833333333334 0.0671875 0.06875
1 0.7640625 0.15520833333333334 0.021875 0.027083333333333334
1 0.72421875 0.21979166666666666 0.021875 0.027083333333333334
1 0.7125 0.16770833333333332 0.0234375 0.0375
1 0.59296875 0.18541666666666667 0.028125 0.029166666666666667
1 0.66640625 0.22916666666666666 0.0203125 0.03125
1 0.61640625 0.28125 0.0203125 0.035416666666666666
1 0.4703125 0.25104166666666666 0.015625 0.020833333333333332
1 0.540625 0.2947916666666667 0.0265625 0.03958333333333333
1 0.73359375 0.2677083333333333 0.0203125 0.020833333333333332
1 0.6921875 0.275 0.0390625 0.05416666666666667
1 0.72109375 0.31666666666666665 0.0125 0.016666666666666666
1 0.66484375 0.31145833333333334 0.034375 0.03958333333333333
1 0.57265625 0.621875 0.028125 0.022916666666666665
1 0.54453125 0.509375 0.0265625 0.035416666666666666
1 0.615625 0.5677083333333334 0.0234375 0.025
1 0.5890625 0.5479166666666667 0.01875 0.025
1 0.559375 0.56875 0.03125 0.08333333333333333
1 0.51484375 0.5354166666666667 0.034375 0.04583333333333333
1 0.496875 0.5822916666666667 0.0125 0.025
1 0.43359375 0.5333333333333333 0.040625 0.06458333333333334
1 0.40703125 0.584375 0.0421875 0.03958333333333333
1 0.35625 0.5677083333333334 0.0375 0.06041666666666667
1 0.29609375 0.6020833333333333 0.040625 0.0375
1 0.24921875 0.6 0.0296875 0.029166666666666667
1 0.16015625 0.6177083333333333 0.0203125 0.0375
1 0.2328125 0.6947916666666667 0.040625 0.041666666666666664