1 0.5 0.75625 0.01328125 0.027777777777777776
1 0.844921875 0.55625 0.025 0.05694444444444444
1 0.8234375 0.6131944444444445 0.0296875 0.06944444444444445
1 0.273046875 0.6354166666666666 0.01328125 0.03333333333333333
1 0.51015625 0.12986111111111112 0.01171875 0.029166666666666667
1 0.49375 0.4222222222222222 0.0203125 0.06805555555555555
1 0.518359375 0.5541666666666667 0.025 0.029166666666666667
1 0.541796875 0.5861111111111111 0.01328125 0.03611111111111111
1 0.9765625 0.6611111111111111 0.01875 0.025
1 0.546875 0.8722222222222222 0.01796875 0.029166666666666667
1 0.56328125 0.2965277777777778 0.01171875 0.025
1 0.610546875 0.3798611111111111 0.0265625 0.03194444444444444
1 0.682421875 0.20416666666666666 0.01640625 0.03194444444444444
1 0.795703125 0.1840277777777778 0.015625 0.034722222222222224
1 0.79765625 0.12013888888888889 0.01484375 0.027777777777777776
1 0.784375 0.06180555555555556 0.0109375 0.030555555555555555
1 0.765625 0.05416666666666667 0.02421875 0.05138888888888889
1 0.831640625 0.014583333333333334 0.0390625 0.029166666666666667
1 0.865234375 0.11041666666666666 0.03984375 0.03611111111111111
1 0.9015625 0.05138888888888889 0.021875 0.0375
1 0.873828125 0.06111111111111111 0.01640625 0.030555555555555555
1 0.94609375 0.059722222222222225 0.01875 0.043055555555555555
1 0.945703125 0.16041666666666668 0.0125 0.018055555555555554
1 0.986328125 0.21805555555555556 0.01796875 0.03194444444444444
1 0.873828125 0.2833333333333333 0.02265625 0.05138888888888889
1 0.947265625 0.3548611111111111 0.0328125 0.04861111111111111
1 0.989453125 0.3215277777777778 0.02109375 0.06666666666666667
1 0.970703125 0.3715277777777778 0.0203125 0.03611111111111111
1 0.983984375 0.4756944444444444 0.03203125 0.05
1 0.9390625 0.42083333333333334 0.03515625 0.05416666666666667
1 0.920703125 0.4777777777777778 0.01484375 0.030555555555555555
1 0.88046875 0.5618055555555556 0.0203125 0.030555555555555555
1 0.93046875 0.5631944444444444 0.01796875 0.043055555555555555
1 0.81953125 0.5381944444444444 0.01953125 0.03194444444444444
1 0.76953125 0.14722222222222223 0.03046875 0.09444444444444444
1 0.878515625 0.4875 0.0203125 0.043055555555555555
1 0.25390625 0.91875 0.01484375 0.03333333333333333
1 0.34453125 0.5736111111111111 0.02109375 0.03194444444444444
1 0.16953125 0.47847222222222224 0.04609375 0.05555555555555555
1 0.153125 0.9770833333333333 0.025 0.03888888888888889
1 0.8796875 0.3326388888888889 0.02890625 0.044444444444444446
1 0.175390625 0.014583333333333334 0.04375 0.027777777777777776
1 0.872265625 0.5979166666666667 0.01640625 0.034722222222222224
1 0.18984375 0.55 0.01640625 0.0375
1 0.3171875 0.5381944444444444 0.0140625 0.0375
1 0.65234375 0.3472222222222222 0.01484375 0.02638888888888889
1 0.834765625 0.5055555555555555 0.02734375 0.07222222222222222
1 0.7484375 0.41944444444444445 0.021875 0.034722222222222224
1 0.180859375 0.36319444444444443 0.0328125 0.09444444444444444
1 0.070703125 0.4152777777777778 0.01328125 0.03333333333333333
1 0.971875 0.41388888888888886 0.01484375 0.0375
1 0.611328125 0.0798611111111111 0.0203125 0.04583333333333333
1 0.372265625 0.7027777777777777 0.01640625 0.027777777777777776
1 0.724609375 0.4597222222222222 0.02578125 0.06666666666666667
1 0.731640625 0.7041666666666667 0.021875 0.03194444444444444
1 0.890625 0.6944444444444444 0.01171875 0.019444444444444445
1 0.553515625 0.18055555555555555 0.01171875 0.02361111111111111
1 0.965625 0.29791666666666666 0.03671875 0.04583333333333333
1 0.775 0.49027777777777776 0.02890625 0.059722222222222225
1 0.7875 0.33958333333333335 0.01953125 0.034722222222222224
1 0.719921875 0.6680555555555555 0.02578125 0.043055555555555555
1 0.9859375 0.16319444444444445 0.01875 0.027777777777777776
1 0.79921875 0.5722222222222222 0.03125 0.041666666666666664
1 0.97890625 0.05277777777777778 0.01328125 0.03194444444444444
1 0.123828125 0.03680555555555556 0.0203125 0.04583333333333333
1 0.167578125 0.18472222222222223 0.03046875 0.041666666666666664
1 0.166796875 0.2326388888888889 0.01640625 0.019444444444444445
1 0.244921875 0.22013888888888888 0.021875 0.044444444444444446
1 0.142578125 0.175 0.021875 0.04861111111111111
1 0.0359375 0.12916666666666668 0.015625 0.027777777777777776
1 0.0890625 0.13333333333333333 0.02421875 0.04027777777777778
1 0.145703125 0.0625 0.0125 0.016666666666666666
1 0.1625 0.059722222222222225 0.01328125 0.022222222222222223
1 0.20234375 0.04236111111111111 0.02109375 0.03611111111111111
1 0.16953125 0.4326388888888889 0.03125 0.04027777777777778
1 0.233984375 0.4756944444444444 0.01484375 0.02638888888888889
1 0.0609375 0.35833333333333334 0.02109375 0.0625
1 0.030859375 0.26666666666666666 0.0171875 0.02361111111111111
1 0.05390625 0.19652777777777777 0.009375 0.009722222222222222
1 0.04140625 0.5409722222222222 0.01640625 0.022222222222222223
1 0.080078125 0.5236111111111111 0.01171875 0.016666666666666666
1 0.124609375 0.5305555555555556 0.0140625 0.027777777777777776
1 0.1703125 0.6229166666666667 0.009375 0.020833333333333332
1 0.131640625 0.66875 0.009375 0.018055555555555554
1 0.08828125 0.66875 0.01171875 0.013888888888888888
1 0.079296875 0.6923611111111111 0.01875 0.025
1 0.196875 0.7506944444444444 0.01328125 0.030555555555555555
1 0.209375 0.7625 0.0140625 0.030555555555555555
1 0.1890625 0.8472222222222222 0.0203125 0.043055555555555555
1 0.160546875 0.8083333333333333 0.01953125 0.03333333333333333
1 0.105859375 0.8618055555555556 0.0296875 0.06527777777777778
1 0.133984375 0.8798611111111111 0.0203125 0.05
1 0.15078125 0.925 0.01640625 0.029166666666666667
1 0.161328125 0.9479166666666666 0.01015625 0.015277777777777777
1 0.18125 0.9354166666666667 0.02265625 0.06388888888888888
1 0.211328125 0.9902777777777778 0.01328125 0.019444444444444445
1 0.26796875 0.9694444444444444 0.01953125 0.034722222222222224
1 0.34453125 0.9430555555555555 0.01953125 0.03194444444444444
1 0.3828125 0.7958333333333333 0.01875 0.034722222222222224
1 0.31953125 0.7006944444444444 0.01640625 0.020833333333333332
1 0.33359375 0.675 0.015625 0.018055555555555554
1 0.36796875 0.6423611111111112 0.03359375 0.05555555555555555
1 0.462109375 0.6659722222222222 0.01484375 0.029166666666666667
1 0.5046875 0.6083333333333333 0.028125 0.06527777777777778
1 0.427734375 0.5680555555555555 0.02109375 0.02361111111111111
1 0.369921875 0.6 0.01328125 0.03194444444444444
1 0.343359375 0.49583333333333335 0.015625 0.03333333333333333
1 0.432421875 0.4826388888888889 0.015625 0.041666666666666664
1 0.51953125 0.3458333333333333 0.01875 0.03611111111111111
1 0.510546875 0.30069444444444443 0.01328125 0.025
1 0.49453125 0.27569444444444446 0.01484375 0.034722222222222224
1 0.599609375 0.25833333333333336 0.04140625 0.0763888888888889
1 0.664453125 0.28958333333333336 0.01640625 0.018055555555555554
1 0.733984375 0.31180555555555556 0.034375 0.05
1 0.77265625 0.28541666666666665 0.01953125 0.019444444444444445
1 0.6984375 0.3993055555555556 0.02578125 0.0625
1 0.676953125 0.47291666666666665 0.0171875 0.059722222222222225
1 0.625390625 0.5166666666666667 0.0328125 0.034722222222222224
1 0.598046875 0.4840277777777778 0.0203125 0.04861111111111111
1 0.5828125 0.5194444444444445 0.009375 0.019444444444444445
1 0.72265625 0.5402777777777777 0.01015625 0.029166666666666667
1 0.755859375 0.5680555555555555 0.0203125 0.03611111111111111
1 0.698828125 0.6416666666666667 0.0171875 0.03333333333333333
1 0.627734375 0.6618055555555555 0.01640625 0.020833333333333332
1 0.60859375 0.6770833333333334 0.0171875 0.03888888888888889
1 0.656640625 0.68125 0.02734375 0.07222222222222222
1 0.758984375 0.6965277777777777 0.01640625 0.03194444444444444
1 0.78515625 0.7402777777777778 0.01875 0.04027777777777778
1 0.82265625 0.7388888888888889 0.02421875 0.059722222222222225
1 0.848046875 0.9152777777777777 0.0265625 0.04583333333333333
1 0.871875 0.9034722222222222 0.01484375 0.03194444444444444
1 0.89375 0.9236111111111112 0.01640625 0.041666666666666664
1 0.890625 0.8805555555555555 0.0203125 0.034722222222222224
1 0.9125 0.8895833333333333 0.01875 0.03888888888888889
1 0.9171875 0.9638888888888889 0.02890625 0.034722222222222224
1 0.948046875 0.9833333333333333 0.02890625 0.03333333333333333
1 0.968359375 0.9236111111111112 0.01484375 0.016666666666666666
1 0.99140625 0.8854166666666666 0.0171875 0.09166666666666666
0 0.080859375 0.7381944444444445 0.16171875 0.2013888888888889
0 0.543359375 0.09722222222222222 0.1671875 0.19444444444444445
0 0.0703125 0.2951388888888889 0.140625 0.12361111111111112
1 0.63984375 0.5979166666666667 0.04296875 0.07777777777777778
1 0.66640625 0.7666666666666667 0.04375 0.08888888888888889
1 0.785546875 0.8131944444444444 0.04453125 0.09861111111111111
1 0.935546875 0.3159722222222222 0.025 0.04861111111111111
0 0.6203125 0.4305555555555556 0.23828125 0.2722222222222222
0 0.5671875 0.7881944444444444 0.16640625 0.30694444444444446
0 0.082421875 0.06041666666666667 0.1640625 0.11944444444444445
1 0.371875 0.3736111111111111 0.02578125 0.05416666666666667
1 0.247265625 0.5583333333333333 0.03046875 0.05277777777777778
1 0.833984375 0.18263888888888888 0.071875 0.10972222222222222
1 0.17890625 0.050694444444444445 0.02421875 0.03333333333333333
1 0.172265625 0.3034722222222222 0.03828125 0.09583333333333334
1 0.973828125 0.5701388888888889 0.04765625 0.125
1 0.32109375 0.9270833333333334 0.01796875 0.0763888888888889
1 0.705859375 0.04097222222222222 0.0625 0.08194444444444444
1 0.9859375 0.7270833333333333 0.02421875 0.075
1 0.47890625 0.5520833333333334 0.02421875 0.041666666666666664
1 0.65234375 0.46875 0.01796875 0.059722222222222225
1 0.7328125 0.8430555555555556 0.04140625 0.05555555555555555
1 0.820703125 0.06041666666666667 0.03046875 0.06805555555555555
1 0.621875 0.15138888888888888 0.02109375 0.04027777777777778
1 0.54765625 0.23680555555555555 0.01953125 0.08611111111111111
0 0.06171875 0.9256944444444445 0.1234375 0.14444444444444443
1 0.930078125 0.5180555555555556 0.02890625 0.04722222222222222
1 0.691796875 0.6840277777777778 0.02265625 0.03333333333333333
1 0.65390625 0.8590277777777777 0.03046875 0.04722222222222222
1 0.945703125 0.7069444444444445 0.02734375 0.05555555555555555
1 0.66484375 0.39305555555555555 0.01953125 0.059722222222222225
1 0.196484375 0.6076388888888888 0.0203125 0.03611111111111111
0 0.574609375 0.6715277777777777 0.2484375 0.3347222222222222
1 0.7078125 0.18472222222222223 0.02734375 0.043055555555555555
1 0.921484375 0.7631944444444444 0.0171875 0.04583333333333333
1 0.909765625 0.2326388888888889 0.034375 0.059722222222222225
1 0.691015625 0.8381944444444445 0.04296875 0.044444444444444446
1 0.771484375 0.9666666666666667 0.02734375 0.06388888888888888
1 0.703515625 0.3368055555555556 0.01875 0.03333333333333333
1 0.401171875 0.7041666666666667 0.03359375 0.08055555555555556
1 0.86640625 0.5236111111111111 0.0296875 0.05416666666666667
1 0.359375 0.4340277777777778 0.0296875 0.058333333333333334
1 0.3984375 0.6270833333333333 0.0234375 0.05138888888888889
1 0.56640625 0.65 0.01484375 0.030555555555555555
1 0.903515625 0.5805555555555556 0.0203125 0.03333333333333333
1 0.564453125 0.14166666666666666 0.08203125 0.044444444444444446
0 0.09453125 0.5097222222222222 0.084375 0.38333333333333336
1 0.0515625 0.03888888888888889 0.0171875 0.034722222222222224
1 0.721484375 0.25555555555555554 0.0234375 0.05416666666666667
1 0.990234375 0.4125 0.015625 0.044444444444444446
1 0.73046875 0.6159722222222223 0.02890625 0.058333333333333334
1 0.683984375 0.5861111111111111 0.01640625 0.043055555555555555
1 0.146875 0.2298611111111111 0.0234375 0.0375
1 0.659375 0.02013888888888889 0.02421875 0.04027777777777778
1 0.748046875 0.7868055555555555 0.03359375 0.05416666666666667
1 0.13515625 0.7354166666666667 0.01640625 0.04027777777777778
1 0.39453125 0.5291666666666667 0.03828125 0.15138888888888888
1 0.643359375 0.12222222222222222 0.03828125 0.09444444444444444
1 0.521484375 0.45625 0.03984375 0.15416666666666667
1 0.7671875 0.3576388888888889 0.02421875 0.04861111111111111
1 0.13671875 0.5986111111111111 0.0484375 0.06527777777777778
1 0.92578125 0.8256944444444444 0.01875 0.02638888888888889
1 0.922265625 0.8611111111111112 0.02109375 0.041666666666666664
1 0.856640625 0.825 0.009375 0.025
1 0.81484375 0.9604166666666667 0.02265625 0.03888888888888889
1 0.725390625 0.9854166666666667 0.02890625 0.029166666666666667
1 0.7484375 0.9708333333333333 0.015625 0.034722222222222224
1 0.763671875 0.8854166666666666 0.01328125 0.029166666666666667
1 0.705859375 0.9111111111111111 0.02578125 0.04861111111111111
1 0.69375 0.9847222222222223 0.02890625 0.030555555555555555
1 0.65625 0.9430555555555555 0.021875 0.022222222222222223
1 0.666015625 0.9034722222222222 0.02109375 0.034722222222222224
1 0.59765625 0.9180555555555555 0.0296875 0.034722222222222224
1 0.525 0.9770833333333333 0.04453125 0.04583333333333333
1 0.559765625 0.7159722222222222 0.02578125 0.05416666666666667
1 0.559765625 0.7701388888888889 0.01875 0.043055555555555555
1 0.535546875 0.7423611111111111 0.02265625 0.043055555555555555
1 0.530078125 0.7861111111111111 0.02265625 0.034722222222222224
1 0.628125 0.7708333333333334 0.03046875 0.08333333333333333
1 0.973828125 0.8402777777777778 0.0203125 0.04027777777777778
1 0.7046875 0.7555555555555555 0.03359375 0.10555555555555556
0 0.60234375 0.9534722222222223 0.134375 0.09027777777777778
1 0.3421875 0.6180555555555556 0.01796875 0.04027777777777778
1 0.733203125 0.9118055555555555 0.028125 0.08055555555555556
1 0.166015625 0.8875 0.021875 0.05555555555555555
1 0.89765625 0.28125 0.01796875 0.04027777777777778
1 0.10859375 0.6138888888888889 0.0171875 0.041666666666666664
1 0.64609375 0.7145833333333333 0.0203125 0.029166666666666667