1 0.83828125 0.29583333333333334 0.0390625 0.04375
1 0.95703125 0.6 0.03125 0.03125
1 0.6046875 0.909375 0.0484375 0.05416666666666667
0 0.815625 0.8291666666666667 0.36875 0.3416666666666667
1 0.209375 0.5802083333333333 0.0125 0.025
1 0.90078125 0.36354166666666665 0.0359375 0.04791666666666667
1 0.98203125 0.271875 0.025 0.029166666666666667
1 0.96171875 0.21354166666666666 0.0234375 0.027083333333333334
1 0.81171875 0.03333333333333333 0.028125 0.0375
1 0.8421875 0.18541666666666667 0.0546875 0.07916666666666666
1 0.834375 0.11145833333333334 0.0421875 0.03125
1 0.85546875 0.5135416666666667 0.03125 0.0375
1 0.77578125 0.5010416666666667 0.09375 0.09583333333333334
1 0.80703125 0.409375 0.040625 0.04791666666666667
1 0.3921875 0.22708333333333333 0.0421875 0.058333333333333334
1 0.53671875 0.11041666666666666 0.0265625 0.0375
1 0.50546875 0.19895833333333332 0.025 0.016666666666666666
1 0.76796875 0.3104166666666667 0.021875 0.020833333333333332
1 0.596875 0.7270833333333333 0.0421875 0.0375
1 0.6203125 0.7020833333333333 0.0203125 0.022916666666666665
1 0.64453125 0.71875 0.0453125 0.03958333333333333
1 0.21953125 0.46041666666666664 0.0171875 0.035416666666666666
1 0.66796875 0.6572916666666667 0.04375 0.06041666666666667
1 0.48515625 0.278125 0.015625 0.01875
1 0.49375 0.3145833333333333 0.0234375 0.022916666666666665
1 0.57734375 0.38125 0.0234375 0.027083333333333334
1 0.48515625 0.48333333333333334 0.0296875 0.0375
1 0.49765625 0.534375 0.0203125 0.020833333333333332
1 0.56015625 0.4895833333333333 0.0390625 0.05625
1 0.3984375 0.665625 0.01875 0.025
1 0.625 0.459375 0.034375 0.04583333333333333
1 0.65234375 0.471875 0.025 0.03125
1 0.60546875 0.26145833333333335 0.025 0.0375
1 0.67734375 0.12708333333333333 0.028125 0.05
1 0.74609375 0.21458333333333332 0.0328125 0.0375
1 0.803125 0.16145833333333334 0.040625 0.04583333333333333
0 0.78203125 0.628125 0.434375 0.17083333333333334
0 0.83359375 0.07916666666666666 0.24375 0.15833333333333333
1 0.73046875 0.6760416666666667 0.0328125 0.029166666666666667
1 0.59375 0.7697916666666667 0.04375 0.03958333333333333
1 0.51875 0.8489583333333334 0.059375 0.0625
1 0.5640625 0.8770833333333333 0.0296875 0.03958333333333333
1 0.6359375 0.8395833333333333 0.03125 0.035416666666666666
1 0.853125 0.7958333333333333 0.0578125 0.06458333333333334
1 0.81015625 0.8125 0.0203125 0.020833333333333332
1 0.9265625 0.8104166666666667 0.04375 0.041666666666666664
1 0.97890625 0.8958333333333334 0.0265625 0.03333333333333333
1 0.68515625 0.81875 0.0125 0.022916666666666665
1 0.203125 0.85625 0.0171875 0.025
1 0.28671875 0.96875 0.034375 0.05416666666666667
1 0.08515625 0.6291666666666667 0.015625 0.022916666666666665
1 0.0109375 0.24479166666666666 0.021875 0.035416666666666666
1 0.2703125 0.2989583333333333 0.01875 0.01875
1 0.27734375 0.47604166666666664 0.015625 0.014583333333333334