1 0.15390625 0.6166666666666667 0.0125 0.014583333333333334
1 0.15546875 0.7020833333333333 0.0421875 0.03958333333333333
1 0.9046875 0.3104166666666667 0.0125 0.020833333333333332
1 0.6625 0.8447916666666667 0.028125 0.025
1 0.6125 0.8885416666666667 0.0265625 0.03958333333333333
1 0.6828125 0.9802083333333333 0.0390625 0.03958333333333333
1 0.959375 0.8729166666666667 0.0296875 0.052083333333333336
1 0.85546875 0.7395833333333334 0.0140625 0.01875
1 0.934375 0.725 0.0203125 0.020833333333333332
1 0.96171875 0.6822916666666666 0.028125 0.035416666666666666
1 0.9921875 0.79375 0.015625 0.014583333333333334
1 0.8375 0.5416666666666666 0.0296875 0.022916666666666665
1 0.54921875 0.465625 0.0296875 0.035416666666666666
1 0.7625 0.041666666666666664 0.028125 0.022916666666666665
1 0.5125 0.45208333333333334 0.025 0.03333333333333333
1 0.73125 0.3416666666666667 0.01875 0.022916666666666665
1 0.7578125 0.3802083333333333 0.01875 0.025
1 0.8015625 0.38333333333333336 0.0203125 0.035416666666666666
1 0.80546875 0.32708333333333334 0.015625 0.01875
0 0.5515625 0.925 0.146875 0.15
0 0.5109375 0.6875 0.165625 0.32916666666666666
0 0.46875 0.17395833333333333 0.19375 0.06666666666666667
1 0.59921875 0.19166666666666668 0.0234375 0.01875
1 0.30234375 0.20104166666666667 0.021875 0.029166666666666667
1 0.43828125 0.85625 0.01875 0.025
1 0.084375 0.8916666666666667 0.021875 0.029166666666666667
1 0.10625 0.016666666666666666 0.0171875 0.03333333333333333
1 0.50078125 0.008333333333333333 0.0171875 0.016666666666666666
1 0.46015625 0.07291666666666667 0.01875 0.027083333333333334
1 0.3984375 0.125 0.0234375 0.022916666666666665
1 0.32265625 0.08020833333333334 0.0203125 0.027083333333333334
1 0.30078125 0.08854166666666667 0.0140625 0.020833333333333332
1 0.31953125 0.146875 0.0125 0.016666666666666666
1 0.26953125 0.103125 0.0390625 0.09583333333333334
1 0.23046875 0.18958333333333333 0.0140625 0.020833333333333332
1 0.19453125 0.134375 0.0515625 0.04583333333333333
1 0.10390625 0.22395833333333334 0.0234375 0.020833333333333332
1 0.1109375 0.28229166666666666 0.0265625 0.01875
1 0.09453125 0.35 0.0140625 0.0375
1 0.15390625 0.284375 0.0109375 0.035416666666666666
1 0.21953125 0.30833333333333335 0.0140625 0.016666666666666666
1 0.35234375 0.3645833333333333 0.021875 0.03333333333333333
1 0.28828125 0.3541666666666667 0.0484375 0.04583333333333333
1 0.24453125 0.39895833333333336 0.0171875 0.025
1 0.18671875 0.40729166666666666 0.03125 0.052083333333333336
1 0.134375 0.590625 0.01875 0.022916666666666665
1 0.16328125 0.8239583333333333 0.028125 0.04791666666666667
1 0.07734375 0.7885416666666667 0.0265625 0.029166666666666667
1 0.01875 0.990625 0.015625 0.01875
1 0.11953125 0.90625 0.015625 0.016666666666666666
1 0.271875 0.9010416666666666 0.0296875 0.03125
1 0.40625 0.775 0.0140625 0.020833333333333332
1 0.4265625 0.7020833333333333 0.025 0.035416666666666666
1 0.33828125 0.65625 0.0515625 0.05
1 0.375 0.553125 0.025 0.03958333333333333
1 0.33359375 0.5166666666666667 0.021875 0.03333333333333333
1 0.4234375 0.453125 0.0234375 0.029166666666666667
1 0.5890625 0.24895833333333334 0.028125 0.0375
1 0.525 0.24583333333333332 0.025 0.027083333333333334
1 0.625 0.13958333333333334 0.053125 0.04791666666666667
1 0.56171875 0.12395833333333334 0.025 0.022916666666666665
1 0.61015625 0.04895833333333333 0.028125 0.029166666666666667
1 0.646875 0.021875 0.0578125 0.04375
1 0.7671875 0.6645833333333333 0.059375 0.07291666666666667
1 0.78984375 0.784375 0.0234375 0.03333333333333333
1 0.96171875 0.13645833333333332 0.025 0.022916666666666665
1 0.86484375 0.10104166666666667 0.025 0.035416666666666666