1 0.28125 0.43854166666666666 0.0609375 0.058333333333333334
1 0.253125 0.3020833333333333 0.0296875 0.029166666666666667
1 0.36953125 0.365625 0.0578125 0.10416666666666667
1 0.3921875 0.2 0.0171875 0.029166666666666667
1 0.428125 0.275 0.0234375 0.03125
1 0.4171875 0.2375 0.034375 0.03333333333333333
1 0.34296875 0.175 0.0828125 0.15208333333333332
1 0.1671875 0.21458333333333332 0.01875 0.025
1 0.11796875 0.18229166666666666 0.01875 0.03125
1 0.17265625 0.12708333333333333 0.0484375 0.04791666666666667
0 0.54140625 0.8791666666666667 0.146875 0.13125
0 0.54453125 0.48333333333333334 0.1796875 0.13958333333333334
1 0.484375 0.953125 0.021875 0.04791666666666667
1 0.78515625 0.7020833333333333 0.0484375 0.06458333333333334
1 0.88125 0.7104166666666667 0.0234375 0.05625
1 0.99375 0.9072916666666667 0.0125 0.025
1 0.9921875 0.8458333333333333 0.015625 0.01875
1 0.9375 0.5479166666666667 0.028125 0.035416666666666666
1 0.93828125 0.4864583333333333 0.0234375 0.022916666666666665
1 0.9921875 0.47291666666666665 0.015625 0.052083333333333336
1 0.59765625 0.35 0.0234375 0.0375
1 0.76875 0.30833333333333335 0.015625 0.01875
1 0.5171875 0.5427083333333333 0.0609375 0.052083333333333336
1 0.43671875 0.44375 0.028125 0.04791666666666667
1 0.5046875 0.4041666666666667 0.009375 0.0125
1 0.24921875 0.9239583333333333 0.05 0.08333333333333333
1 0.11796875 0.68125 0.0140625 0.03125
1 0.23125 0.7260416666666667 0.015625 0.01875
1 0.05859375 0.5885416666666666 0.0203125 0.029166666666666667
1 0.08671875 0.584375 0.01875 0.035416666666666666
1 0.01171875 0.39375 0.0234375 0.04791666666666667
1 0.02421875 0.5125 0.021875 0.025
1 0.665625 0.9895833333333334 0.021875 0.020833333333333332
1 0.08515625 0.8635416666666667 0.025 0.03125
1 0.4890625 0.7604166666666666 0.015625 0.020833333333333332
1 0.45703125 0.7833333333333333 0.01875 0.027083333333333334
1 0.81484375 0.89375 0.0234375 0.04583333333333333
1 0.75859375 0.8104166666666667 0.0203125 0.027083333333333334
1 0.69765625 0.7833333333333333 0.028125 0.03958333333333333
1 0.6609375 0.7760416666666666 0.025 0.035416666666666666
1 0.66875 0.8510416666666667 0.021875 0.029166666666666667
1 0.609375 0.8302083333333333 0.0234375 0.03958333333333333
1 0.6109375 0.7489583333333333 0.01875 0.029166666666666667
1 0.56328125 0.7125 0.0234375 0.03125
1 0.48515625 0.665625 0.0234375 0.0375
1 0.81875 0.5677083333333334 0.03125 0.035416666666666666
1 0.7421875 0.609375 0.0390625 0.05
1 0.6609375 0.615625 0.0265625 0.035416666666666666
1 0.6875 0.509375 0.0296875 0.04791666666666667
1 0.62421875 0.5364583333333334 0.05 0.06041666666666667
1 0.70546875 0.4354166666666667 0.1171875 0.09791666666666667
1 0.825 0.334375 0.0546875 0.03958333333333333
1 0.9109375 0.13229166666666667 0.0296875 0.06666666666666667
1 0.975 0.07708333333333334 0.028125 0.029166666666666667
1 0.9125 0.035416666666666666 0.028125 0.03958333333333333
1 0.778125 0.035416666666666666 0.0375 0.05416666666666667
1 0.78828125 0.11354166666666667 0.028125 0.03958333333333333
1 0.7 0.178125 0.025 0.029166666666666667
1 0.64921875 0.08333333333333333 0.025 0.035416666666666666
1 0.53046875 0.04583333333333333 0.0390625 0.03333333333333333
1 0.490625 0.020833333333333332 0.0296875 0.029166666666666667
1 0.509375 0.13958333333333334 0.021875 0.058333333333333334
1 0.4578125 0.058333333333333334 0.0234375 0.029166666666666667
1 0.14296875 0.47604166666666664 0.01875 0.022916666666666665
1 0.11015625 0.43854166666666666 0.028125 0.04791666666666667
1 0.02421875 0.6364583333333333 0.0484375 0.06041666666666667
1 0.00546875 0.5885416666666666 0.0109375 0.035416666666666666
1 0.11875 0.859375 0.0140625 0.016666666666666666
1 0.19296875 0.9166666666666666 0.0140625 0.020833333333333332
1 0.13671875 0.9177083333333333 0.0265625 0.0375
1 0.35390625 0.8739583333333333 0.0234375 0.0375
1 0.40859375 0.825 0.025 0.041666666666666664
1 0.41015625 0.7322916666666667 0.0328125 0.03958333333333333
1 0.3875 0.66875 0.0203125 0.0375
1 0.31328125 0.684375 0.0734375 0.035416666666666666
1 0.38359375 0.5875 0.0390625 0.04583333333333333
1 0.3953125 0.540625 0.0578125 0.058333333333333334
1 0.3359375 0.578125 0.0296875 0.03125
1 0.29140625 0.5677083333333334 0.0375 0.058333333333333334
1 0.203125 0.5552083333333333 0.059375 0.04791666666666667
1 0.25 0.48854166666666665 0.0515625 0.0625
1 0.3296875 0.43125 0.028125 0.058333333333333334
1 0.2875 0.3333333333333333 0.0171875 0.035416666666666666