0 0.11875 0.08958333333333333 0.2375 0.1736111111111111
0 0.132421875 0.29444444444444445 0.10234375 0.4666666666666667
0 0.154296875 0.5395833333333333 0.14921875 0.24444444444444444
0 0.11171875 0.7986111111111112 0.12734375 0.4027777777777778
0 0.09765625 0.9604166666666667 0.1953125 0.07916666666666666
0 0.63984375 0.8854166666666666 0.08125 0.22916666666666666
0 0.680859375 0.6972222222222222 0.21015625 0.4625
0 0.68125 0.5819444444444445 0.1921875 0.2708333333333333
0 0.684375 0.2513888888888889 0.13828125 0.49444444444444446
0 0.69140625 0.08819444444444445 0.19921875 0.1763888888888889
1 0.244921875 0.24722222222222223 0.0203125 0.025
1 0.236328125 0.15555555555555556 0.009375 0.022222222222222223
1 0.218359375 0.10069444444444445 0.0109375 0.016666666666666666
1 0.153515625 0.06180555555555556 0.0203125 0.030555555555555555
1 0.09296875 0.2965277777777778 0.0234375 0.05
1 0.1734375 0.34305555555555556 0.01171875 0.030555555555555555
1 0.091796875 0.39375 0.0109375 0.02361111111111111
1 0.26328125 0.4840277777777778 0.01796875 0.0375
1 0.273046875 0.5625 0.0140625 0.025
1 0.3875 0.47708333333333336 0.015625 0.03888888888888889
1 0.476953125 0.41180555555555554 0.01171875 0.027777777777777776
1 0.48046875 0.4673611111111111 0.025 0.041666666666666664
1 0.55703125 0.5444444444444444 0.01015625 0.020833333333333332
1 0.5859375 0.5569444444444445 0.009375 0.025
1 0.600390625 0.4888888888888889 0.0203125 0.043055555555555555
1 0.217578125 0.6902777777777778 0.01171875 0.02361111111111111
1 0.247265625 0.725 0.00859375 0.011111111111111112
1 0.258203125 0.7319444444444444 0.0125 0.025
1 0.256640625 0.7819444444444444 0.02421875 0.04583333333333333
1 0.26796875 0.8458333333333333 0.0265625 0.05
1 0.764453125 0.8993055555555556 0.01875 0.05277777777777778
1 0.759375 0.9673611111111111 0.0234375 0.034722222222222224
1 0.808203125 0.9604166666666667 0.0265625 0.07777777777777778
1 0.86484375 0.9472222222222222 0.01640625 0.02361111111111111
1 0.878125 0.9159722222222222 0.03359375 0.03888888888888889
1 0.87890625 0.9659722222222222 0.00703125 0.020833333333333332
1 0.90546875 0.9923611111111111 0.009375 0.015277777777777777
1 0.932421875 0.85625 0.02109375 0.041666666666666664
1 0.97890625 0.8701388888888889 0.0421875 0.08888888888888889
1 0.986328125 0.7576388888888889 0.0265625 0.059722222222222225
1 0.9578125 0.7173611111111111 0.03359375 0.05416666666666667
1 0.959765625 0.6354166666666666 0.0203125 0.041666666666666664
1 0.891015625 0.6333333333333333 0.021875 0.04583333333333333
1 0.855078125 0.6340277777777777 0.0203125 0.02638888888888889
1 0.8765625 0.7208333333333333 0.0109375 0.019444444444444445
1 0.904296875 0.7423611111111111 0.02265625 0.04027777777777778
1 0.9234375 0.6902777777777778 0.04375 0.10555555555555556
1 0.844140625 0.7423611111111111 0.01328125 0.034722222222222224
1 0.81796875 0.725 0.02109375 0.03611111111111111
1 0.780859375 0.7090277777777778 0.0171875 0.03611111111111111
1 0.77265625 0.7416666666666667 0.02109375 0.022222222222222223
1 0.7328125 0.73125 0.0078125 0.013888888888888888
1 0.70078125 0.7451388888888889 0.01328125 0.02361111111111111
1 0.672265625 0.6458333333333334 0.02265625 0.025
1 0.683984375 0.6215277777777778 0.015625 0.022222222222222223
1 0.553515625 0.7159722222222222 0.05703125 0.11805555555555555
1 0.589453125 0.3680555555555556 0.01875 0.03194444444444444
1 0.603125 0.4083333333333333 0.02421875 0.03888888888888889
1 0.69453125 0.4930555555555556 0.0203125 0.03194444444444444
1 0.718359375 0.5 0.009375 0.015277777777777777
1 0.6546875 0.4305555555555556 0.03046875 0.06666666666666667
1 0.766015625 0.42430555555555555 0.01640625 0.022222222222222223
1 0.794140625 0.37083333333333335 0.021875 0.041666666666666664
1 0.588671875 0.2659722222222222 0.02109375 0.05416666666666667
1 0.50546875 0.28125 0.0375 0.06944444444444445
1 0.50078125 0.16319444444444445 0.01328125 0.018055555555555554
1 0.56875 0.14583333333333334 0.03125 0.05138888888888889
1 0.627734375 0.10625 0.025 0.04861111111111111
1 0.58671875 0.01597222222222222 0.02265625 0.03194444444444444
1 0.735546875 0.8569444444444444 0.01484375 0.02638888888888889
1 0.72734375 0.8916666666666667 0.01796875 0.0375
1 0.6984375 0.9625 0.01640625 0.025
1 0.6765625 0.90625 0.00859375 0.022222222222222223
1 0.540625 0.98125 0.02265625 0.0375
1 0.594921875 0.8868055555555555 0.01484375 0.030555555555555555
1 0.594140625 0.9534722222222223 0.01171875 0.0375
1 0.589453125 0.8201388888888889 0.021875 0.041666666666666664
1 0.529296875 0.8583333333333333 0.02109375 0.05416666666666667
1 0.262109375 0.9263888888888889 0.01484375 0.025
1 0.1984375 0.9347222222222222 0.0171875 0.03194444444444444
1 0.092578125 0.9006944444444445 0.0203125 0.02361111111111111
1 0.094140625 0.8763888888888889 0.00703125 0.016666666666666666
1 0.1296875 0.7798611111111111 0.01796875 0.022222222222222223
1 0.825390625 0.0375 0.015625 0.022222222222222223
1 0.79609375 0.10833333333333334 0.0125 0.020833333333333332
1 0.761328125 0.12013888888888889 0.01015625 0.011111111111111112
1 0.7265625 0.20347222222222222 0.01171875 0.030555555555555555
1 0.783203125 0.18472222222222223 0.0078125 0.018055555555555554
1 0.88515625 0.2513888888888889 0.02421875 0.05277777777777778
1 0.91875 0.27708333333333335 0.02265625 0.05277777777777778
1 0.951171875 0.28958333333333336 0.009375 0.015277777777777777
1 0.97109375 0.29583333333333334 0.00859375 0.0125
1 0.967578125 0.20208333333333334 0.01015625 0.0125
1 0.889453125 0.3909722222222222 0.0171875 0.03888888888888889
1 0.903125 0.4131944444444444 0.0125 0.034722222222222224
1 0.92734375 0.425 0.0171875 0.0375
1 0.983203125 0.10069444444444445 0.0296875 0.0625
1 0.980859375 0.5097222222222222 0.02109375 0.044444444444444446
1 0.9078125 0.5145833333333333 0.03203125 0.05416666666666667
1 0.79609375 0.5625 0.0234375 0.06111111111111111
1 0.778515625 0.5868055555555556 0.01328125 0.016666666666666666