1 0.5453125 0.5138888888888888 0.0265625 0.05694444444444444
0 0.13671875 0.08958333333333333 0.1078125 0.17916666666666667
0 0.10546875 0.375 0.184375 0.5097222222222222
0 0.116796875 0.9034722222222222 0.15625 0.19305555555555556
0 0.542578125 0.01597222222222222 0.01875 0.03194444444444444
0 0.646484375 0.09583333333333334 0.0890625 0.19166666666666668
0 0.70546875 0.18958333333333333 0.18203125 0.2375
0 0.6703125 0.37569444444444444 0.2046875 0.16944444444444445
0 0.677734375 0.9166666666666666 0.13984375 0.12777777777777777
1 0.815234375 0.01597222222222222 0.034375 0.03194444444444444
1 0.8171875 0.07291666666666667 0.02578125 0.03888888888888889
1 0.789453125 0.16111111111111112 0.01640625 0.03194444444444444
1 0.982421875 0.07013888888888889 0.01953125 0.030555555555555555
1 0.9953125 0.18888888888888888 0.00859375 0.02638888888888889
1 0.923046875 0.19444444444444445 0.01640625 0.022222222222222223
1 0.937109375 0.28125 0.01328125 0.02638888888888889
1 0.867578125 0.275 0.01875 0.05416666666666667
1 0.996484375 0.03194444444444444 0.00703125 0.02638888888888889
1 0.9875 0.42430555555555555 0.01953125 0.030555555555555555
1 0.81171875 0.50625 0.04921875 0.11666666666666667
1 0.849609375 0.54375 0.0203125 0.08472222222222223
1 0.912109375 0.6222222222222222 0.06171875 0.11388888888888889
1 0.807421875 0.32222222222222224 0.0140625 0.025
1 0.774609375 0.3076388888888889 0.01328125 0.02361111111111111
1 0.685546875 0.5284722222222222 0.034375 0.04583333333333333
1 0.683984375 0.6166666666666667 0.0328125 0.06666666666666667
1 0.8109375 0.6659722222222222 0.0109375 0.019444444444444445
1 0.63203125 0.5451388888888888 0.02109375 0.041666666666666664
1 0.60703125 0.475 0.0109375 0.029166666666666667
1 0.569921875 0.4270833333333333 0.02109375 0.05694444444444444
1 0.978125 0.7451388888888889 0.01640625 0.05277777777777778
1 0.93046875 0.7284722222222222 0.0109375 0.018055555555555554
1 0.90703125 0.7027777777777777 0.01640625 0.016666666666666666
1 0.898828125 0.7763888888888889 0.03515625 0.043055555555555555
1 0.965234375 0.8458333333333333 0.02890625 0.05416666666666667
1 0.9671875 0.7868055555555555 0.0125 0.029166666666666667
1 0.90546875 0.8645833333333334 0.01640625 0.027777777777777776
1 0.911328125 0.9284722222222223 0.05390625 0.10277777777777777
1 0.83515625 0.9631944444444445 0.0359375 0.06388888888888888
1 0.867578125 0.9645833333333333 0.0125 0.022222222222222223
1 0.965625 0.9826388888888888 0.01328125 0.027777777777777776
1 0.99453125 0.9881944444444445 0.01015625 0.02361111111111111
1 0.838671875 0.8020833333333334 0.00859375 0.025
1 0.7859375 0.7631944444444444 0.03359375 0.06111111111111111
1 0.62109375 0.6909722222222222 0.01015625 0.022222222222222223
1 0.6328125 0.7263888888888889 0.01640625 0.0375
1 0.584375 0.7625 0.01796875 0.027777777777777776
1 0.61953125 0.7986111111111112 0.01953125 0.0375
1 0.561328125 0.5986111111111111 0.034375 0.06666666666666667
1 0.491015625 0.5229166666666667 0.015625 0.027777777777777776
1 0.514453125 0.6152777777777778 0.021875 0.0375
1 0.499609375 0.65 0.02890625 0.06666666666666667
1 0.52734375 0.6958333333333333 0.01484375 0.030555555555555555
1 0.5421875 0.7361111111111112 0.01875 0.027777777777777776
1 0.496875 0.7104166666666667 0.0125 0.022222222222222223
1 0.461328125 0.7513888888888889 0.0265625 0.08055555555555556
1 0.4921875 0.7986111111111112 0.01171875 0.019444444444444445
1 0.548046875 0.80625 0.02578125 0.0375
1 0.562890625 0.8986111111111111 0.02578125 0.07777777777777778
1 0.598046875 0.8597222222222223 0.0265625 0.075
1 0.513671875 0.8798611111111111 0.059375 0.09583333333333334
1 0.487109375 0.9381944444444444 0.02734375 0.0625
1 0.53046875 0.9666666666666667 0.025 0.0375
1 0.41875 0.6722222222222223 0.05 0.0875
1 0.39765625 0.6284722222222222 0.0125 0.030555555555555555
1 0.341796875 0.7944444444444444 0.02421875 0.029166666666666667
1 0.348828125 0.8277777777777777 0.01171875 0.019444444444444445
1 0.3109375 0.7381944444444445 0.01015625 0.015277777777777777
1 0.289453125 0.7958333333333333 0.0140625 0.02638888888888889
1 0.23984375 0.6194444444444445 0.03125 0.05
1 0.125390625 0.6444444444444445 0.01328125 0.018055555555555554
1 0.178515625 0.6354166666666666 0.009375 0.020833333333333332
1 0.2 0.7229166666666667 0.009375 0.015277777777777777
1 0.2625 0.8986111111111111 0.01640625 0.029166666666666667
1 0.219140625 0.8722222222222222 0.00859375 0.016666666666666666
1 0.240234375 0.9701388888888889 0.0109375 0.029166666666666667
1 0.11953125 0.9569444444444445 0.02109375 0.029166666666666667
1 0.089453125 0.8756944444444444 0.01328125 0.03611111111111111
1 0.065625 0.7902777777777777 0.0109375 0.019444444444444445
1 0.080078125 0.7465277777777778 0.0078125 0.015277777777777777
1 0.213671875 0.525 0.0140625 0.025
1 0.191015625 0.3472222222222222 0.01484375 0.027777777777777776
1 0.185546875 0.3840277777777778 0.01328125 0.018055555555555554
1 0.2 0.2048611111111111 0.03359375 0.05277777777777778
1 0.04140625 0.23819444444444443 0.01953125 0.06388888888888888
1 0.087109375 0.27361111111111114 0.02109375 0.03611111111111111
1 0.056640625 0.4048611111111111 0.02578125 0.04722222222222222
1 0.23046875 0.11388888888888889 0.0109375 0.022222222222222223
1 0.2734375 0.12569444444444444 0.01484375 0.029166666666666667
1 0.041796875 0.08541666666666667 0.025 0.04861111111111111
1 0.090625 0.027083333333333334 0.0140625 0.018055555555555554
1 0.067578125 0.004166666666666667 0.025 0.008333333333333333
1 0.389453125 0.017361111111111112 0.01953125 0.034722222222222224
1 0.42421875 0.00625 0.01640625 0.0125
1 0.496875 0.016666666666666666 0.02109375 0.03333333333333333
1 0.5015625 0.08263888888888889 0.0125 0.04583333333333333
1 0.47265625 0.12986111111111112 0.04140625 0.05
1 0.395703125 0.12777777777777777 0.015625 0.034722222222222224
1 0.374609375 0.26944444444444443 0.025 0.05694444444444444
1 0.42734375 0.22777777777777777 0.015625 0.041666666666666664
1 0.437890625 0.2847222222222222 0.0390625 0.09444444444444444
1 0.45234375 0.34305555555555556 0.04140625 0.075
1 0.577734375 0.16527777777777777 0.02265625 0.03888888888888889
1 0.601953125 0.11458333333333333 0.0109375 0.034722222222222224
1 0.621875 0.03888888888888889 0.01640625 0.020833333333333332
1 0.53671875 0.06458333333333334 0.01015625 0.02638888888888889
1 0.559375 0.049305555555555554 0.0109375 0.011111111111111112
1 0.57109375 0.06666666666666667 0.00859375 0.015277777777777777
1 0.64609375 0.21875 0.01953125 0.044444444444444446