0 0.51640625 0.340625 0.234375 0.15208333333333332
0 0.509375 0.9114583333333334 0.275 0.17291666666666666
1 0.56171875 0.85 0.0265625 0.041666666666666664
1 0.67734375 0.8833333333333333 0.034375 0.03125
1 0.68046875 0.9260416666666667 0.0171875 0.020833333333333332
1 0.73671875 0.8291666666666667 0.0265625 0.027083333333333334
1 0.84453125 0.7083333333333334 0.0171875 0.03125
1 0.7 0.515625 0.025 0.03333333333333333
1 0.665625 0.353125 0.034375 0.027083333333333334
1 0.4609375 0.21041666666666667 0.021875 0.022916666666666665
1 0.49375 0.18229166666666666 0.01875 0.03333333333333333
1 0.52890625 0.2125 0.0234375 0.03333333333333333
1 0.6484375 0.021875 0.0328125 0.03125
1 0.8890625 0.2916666666666667 0.0140625 0.0375
1 0.21953125 0.31666666666666665 0.0171875 0.025
1 0.34921875 0.009375 0.025 0.01875
1 0.228125 0.05 0.0171875 0.016666666666666666
1 0.0984375 0.6895833333333333 0.028125 0.04583333333333333
1 0.059375 0.8520833333333333 0.01875 0.03125
1 0.16484375 0.8375 0.021875 0.020833333333333332
1 0.1828125 0.76875 0.0203125 0.025
1 0.19375 0.8333333333333334 0.0265625 0.035416666666666666
1 0.3 0.9041666666666667 0.0296875 0.035416666666666666
1 0.30703125 0.7677083333333333 0.0328125 0.035416666666666666
1 0.43125 0.6854166666666667 0.0296875 0.029166666666666667
1 0.4453125 0.6458333333333334 0.0328125 0.03333333333333333
1 0.47265625 0.6177083333333333 0.021875 0.041666666666666664
0 0.48984375 0.496875 0.2609375 0.16041666666666668