1 0.14140625 0.08229166666666667 0.0359375 0.029166666666666667
1 0.11640625 0.184375 0.0625 0.07291666666666667
1 0.0671875 0.49166666666666664 0.021875 0.022916666666666665
1 0.12734375 0.45729166666666665 0.028125 0.03333333333333333
1 0.20625 0.50625 0.0359375 0.06875
1 0.67734375 0.9229166666666667 0.0390625 0.041666666666666664
1 0.7609375 0.9572916666666667 0.03125 0.03958333333333333
1 0.7953125 0.984375 0.0390625 0.03125
1 0.91640625 0.959375 0.06875 0.08125
1 0.95234375 0.8989583333333333 0.028125 0.03333333333333333
1 0.9796875 0.9447916666666667 0.021875 0.027083333333333334
1 0.91015625 0.8458333333333333 0.0453125 0.04791666666666667
1 0.1921875 0.771875 0.015625 0.016666666666666666
1 0.0640625 0.6458333333333334 0.0234375 0.03125
1 0.0671875 0.6958333333333333 0.046875 0.05416666666666667
1 0.11015625 0.840625 0.059375 0.04375
1 0.46171875 0.9854166666666667 0.021875 0.027083333333333334
1 0.3265625 0.9229166666666667 0.01875 0.027083333333333334
1 0.37578125 0.7770833333333333 0.0265625 0.035416666666666666
1 0.34453125 0.73125 0.0515625 0.08541666666666667
1 0.390625 0.6635416666666667 0.034375 0.052083333333333336
1 0.3953125 0.6114583333333333 0.053125 0.04791666666666667
1 0.5125 0.5770833333333333 0.0375 0.0625
1 0.646875 0.5645833333333333 0.028125 0.029166666666666667
1 0.6 0.6135416666666667 0.03125 0.0375
1 0.584375 0.59375 0.03125 0.06041666666666667
1 0.9640625 0.65 0.0515625 0.04583333333333333
1 0.91328125 0.675 0.021875 0.029166666666666667
1 0.996875 0.809375 0.00625 0.016666666666666666
1 0.95703125 0.7677083333333333 0.0453125 0.04791666666666667
1 0.2140625 0.2125 0.0109375 0.0125
1 0.21953125 0.3145833333333333 0.015625 0.020833333333333332
1 0.6015625 0.7625 0.0125 0.020833333333333332
1 0.6 0.13125 0.0109375 0.014583333333333334
1 0.23125 0.00625 0.0140625 0.0125
1 0.815625 0.9052083333333333 0.0234375 0.0375
0 0.61953125 0.19895833333333332 0.3171875 0.39791666666666664
0 0.5140625 0.4875 0.353125 0.30416666666666664
0 0.53359375 0.7385416666666667 0.1546875 0.47291666666666665
1 0.36328125 0.06770833333333333 0.021875 0.020833333333333332
1 0.246875 0.17916666666666667 0.015625 0.022916666666666665
1 0.16640625 0.153125 0.015625 0.01875
1 0.95703125 0.023958333333333335 0.03125 0.035416666666666666
1 0.8875 0.071875 0.0171875 0.016666666666666666
1 0.81875 0.09375 0.015625 0.020833333333333332
0 0.46953125 0.909375 0.328125 0.18125
1 0.62578125 0.33958333333333335 0.0125 0.022916666666666665
1 0.8859375 0.5354166666666667 0.01875 0.022916666666666665
1 0.13828125 0.303125 0.0265625 0.041666666666666664
1 0.73125 0.775 0.0453125 0.10833333333333334
1 0.6578125 0.7760416666666666 0.05625 0.09375
1 0.1015625 0.64375 0.01875 0.03333333333333333
1 0.32265625 0.453125 0.028125 0.041666666666666664
1 0.40390625 0.521875 0.0578125 0.0375
1 0.47109375 0.45729166666666665 0.04375 0.03125
1 0.41796875 0.3645833333333333 0.0328125 0.04583333333333333
1 0.240625 0.3802083333333333 0.0296875 0.029166666666666667
1 0.35546875 0.3333333333333333 0.0328125 0.035416666666666666
1 0.3859375 0.284375 0.0265625 0.03333333333333333
1 0.47734375 0.27291666666666664 0.0578125 0.06458333333333334
1 0.521875 0.2791666666666667 0.0265625 0.03333333333333333
1 0.584375 0.3145833333333333 0.065625 0.07291666666666667
1 0.69296875 0.28854166666666664 0.0234375 0.029166666666666667
1 0.75703125 0.3625 0.0171875 0.041666666666666664
1 0.69296875 0.459375 0.03125 0.0375
1 0.7546875 0.45625 0.028125 0.027083333333333334
1 0.83984375 0.396875 0.0234375 0.041666666666666664
1 0.89609375 0.421875 0.0328125 0.07291666666666667
1 0.95546875 0.39375 0.0890625 0.09791666666666667
1 0.85078125 0.28229166666666666 0.0453125 0.05
1 0.89140625 0.303125 0.021875 0.03125
1 0.890625 0.20625 0.0125 0.01875
1 0.93828125 0.23020833333333332 0.0125 0.01875
1 0.99609375 0.20729166666666668 0.0078125 0.025
1 0.7609375 0.178125 0.0375 0.03958333333333333
1 0.83359375 0.17291666666666666 0.0359375 0.041666666666666664
1 0.665625 0.15104166666666666 0.0578125 0.10416666666666667
1 0.89765625 0.7510416666666667 0.0296875 0.03333333333333333
1 0.72109375 0.09270833333333334 0.0125 0.01875
1 0.725 0.125 0.0234375 0.0375
1 0.64140625 0.027083333333333334 0.0359375 0.035416666666666666
1 0.425 0.026041666666666668 0.065625 0.052083333333333336
1 0.4828125 0.053125 0.0546875 0.052083333333333336
1 0.52265625 0.036458333333333336 0.0203125 0.035416666666666666
1 0.47578125 0.013541666666666667 0.0390625 0.027083333333333334
1 0.41484375 0.19479166666666667 0.0703125 0.0875
1 0.45703125 0.17395833333333333 0.0390625 0.06458333333333334
1 0.5046875 0.15520833333333334 0.0125 0.014583333333333334
1 0.37421875 0.16145833333333334 0.0328125 0.03958333333333333
1 0.32890625 0.06145833333333333 0.0328125 0.035416666666666666
1 0.19296875 0.03125 0.046875 0.0625