1 0.33125 0.8354166666666667 0.021875 0.025
1 0.4078125 0.75625 0.0203125 0.025
0 0.340625 0.9229166666666667 0.1265625 0.15416666666666667
1 0.109375 0.16145833333333334 0.0875 0.09583333333333334
1 0.03046875 0.10625 0.025 0.027083333333333334
1 0.309375 0.06979166666666667 0.03125 0.04583333333333333
1 0.434375 0.08333333333333333 0.0359375 0.05625
1 0.5046875 0.121875 0.0171875 0.01875
0 0.36796875 0.084375 0.0953125 0.16875
0 0.38984375 0.4510416666666667 0.078125 0.26666666666666666
0 0.29609375 0.7552083333333334 0.2484375 0.22708333333333333
1 0.54375 0.17604166666666668 0.021875 0.025
1 0.728125 0.24583333333333332 0.025 0.03333333333333333
1 0.54296875 0.41875 0.01875 0.03333333333333333
1 0.61875 0.3875 0.0265625 0.020833333333333332
1 0.45234375 0.5239583333333333 0.034375 0.03958333333333333
1 0.49921875 0.7697916666666667 0.021875 0.04791666666666667
1 0.58984375 0.7052083333333333 0.021875 0.03125
1 0.609375 0.6458333333333334 0.021875 0.05416666666666667
1 0.66328125 0.63125 0.021875 0.022916666666666665
1 0.615625 0.5635416666666667 0.0140625 0.016666666666666666
1 0.68671875 0.9791666666666666 0.0234375 0.029166666666666667
1 0.6046875 0.98125 0.0171875 0.022916666666666665
1 0.484375 0.8333333333333334 0.0140625 0.014583333333333334
1 0.9828125 0.6885416666666667 0.034375 0.05416666666666667
1 0.253125 0.41041666666666665 0.059375 0.075
1 0.09921875 0.53125 0.0265625 0.035416666666666666
1 0.79609375 0.2791666666666667 0.021875 0.025
1 0.97265625 0.5145833333333333 0.0109375 0.029166666666666667
1 0.4265625 0.20416666666666666 0.015625 0.020833333333333332
1 0.33515625 0.3104166666666667 0.021875 0.029166666666666667
1 0.0640625 0.47708333333333336 0.01875 0.027083333333333334
1 0.03046875 0.9197916666666667 0.0203125 0.020833333333333332