1 0.930859375 0.7145833333333333 0.02578125 0.04027777777777778
1 0.334765625 0.7145833333333333 0.02265625 0.04722222222222222
1 0.316796875 0.6638888888888889 0.01875 0.04027777777777778
1 0.30234375 0.7180555555555556 0.015625 0.027777777777777776
1 0.2875 0.6875 0.028125 0.05277777777777778
1 0.234375 0.7375 0.03359375 0.044444444444444446
1 0.203125 0.6902777777777778 0.0296875 0.06527777777777778
1 0.255859375 0.6923611111111111 0.01015625 0.015277777777777777
1 0.228125 0.6715277777777777 0.03984375 0.05416666666666667
1 0.253515625 0.6506944444444445 0.02109375 0.059722222222222225
1 0.261328125 0.5611111111111111 0.0265625 0.03888888888888889
1 0.321484375 0.4409722222222222 0.01015625 0.015277777777777777
1 0.2625 0.38055555555555554 0.01015625 0.025
1 0.287109375 0.4236111111111111 0.01875 0.03888888888888889
1 0.21796875 0.5416666666666666 0.01796875 0.025
1 0.21171875 0.5131944444444444 0.02734375 0.029166666666666667
1 0.195703125 0.46041666666666664 0.0328125 0.05416666666666667
1 0.2328125 0.3729166666666667 0.03359375 0.06388888888888888
1 0.851953125 0.3423611111111111 0.0484375 0.08611111111111111
1 0.80078125 0.36875 0.015625 0.043055555555555555
1 0.8515625 0.4756944444444444 0.0296875 0.03611111111111111
1 0.878125 0.5208333333333334 0.0265625 0.041666666666666664
1 0.816796875 0.6555555555555556 0.02421875 0.03888888888888889
1 0.833984375 0.5541666666666667 0.065625 0.1
1 0.76171875 0.5965277777777778 0.0125 0.019444444444444445
1 0.733203125 0.6111111111111112 0.03359375 0.07222222222222222
1 0.771875 0.5305555555555556 0.01640625 0.020833333333333332
1 0.70234375 0.4847222222222222 0.028125 0.06944444444444445
1 0.670703125 0.38958333333333334 0.01640625 0.022222222222222223
0 0.15625 0.4236111111111111 0.1203125 0.06666666666666667
1 0.624609375 0.5388888888888889 0.009375 0.009722222222222222
1 0.640625 0.5284722222222222 0.0171875 0.030555555555555555
1 0.648828125 0.4666666666666667 0.0109375 0.025
1 0.604296875 0.4083333333333333 0.0203125 0.04861111111111111
1 0.494921875 0.5604166666666667 0.01640625 0.030555555555555555
1 0.508984375 0.6048611111111111 0.00859375 0.022222222222222223
1 0.5125 0.5819444444444445 0.015625 0.020833333333333332
1 0.565234375 0.6645833333333333 0.0046875 0.008333333333333333
1 0.619140625 0.6270833333333333 0.01328125 0.02361111111111111
1 0.7140625 0.8 0.021875 0.034722222222222224
1 0.72109375 0.75625 0.0359375 0.05277777777777778
1 0.673828125 0.7402777777777778 0.00703125 0.027777777777777776
1 0.609765625 0.7916666666666666 0.01328125 0.030555555555555555
0 0.1203125 0.14375 0.240625 0.15694444444444444
1 0.598828125 0.8965277777777778 0.021875 0.043055555555555555
1 0.59453125 0.9916666666666667 0.01640625 0.016666666666666666
1 0.0515625 0.40555555555555556 0.00859375 0.013888888888888888
1 0.11640625 0.38333333333333336 0.009375 0.013888888888888888
1 0.03828125 0.5326388888888889 0.0109375 0.018055555555555554
1 0.09453125 0.41597222222222224 0.02734375 0.04861111111111111
1 0.173828125 0.5458333333333333 0.009375 0.013888888888888888
1 0.16796875 0.5208333333333334 0.01484375 0.019444444444444445
1 0.1546875 0.5409722222222222 0.01640625 0.027777777777777776
1 0.16640625 0.63125 0.0078125 0.013888888888888888
1 0.116015625 0.5958333333333333 0.03828125 0.03333333333333333
1 0.134765625 0.6979166666666666 0.01953125 0.02638888888888889
1 0.124609375 0.7604166666666666 0.02578125 0.044444444444444446
1 0.035546875 0.9597222222222223 0.0203125 0.05694444444444444
1 0.110546875 0.9541666666666667 0.0171875 0.027777777777777776
1 0.171875 0.89375 0.01171875 0.015277777777777777
1 0.225390625 0.1486111111111111 0.02109375 0.02638888888888889
1 0.935546875 0.003472222222222222 0.00703125 0.006944444444444444
1 0.47109375 0.3770833333333333 0.0171875 0.058333333333333334
1 0.890234375 0.40208333333333335 0.01484375 0.022222222222222223
1 0.965625 0.44027777777777777 0.015625 0.02361111111111111
1 0.950390625 0.4756944444444444 0.02265625 0.05
1 0.923828125 0.5173611111111112 0.0140625 0.022222222222222223
1 0.91328125 0.5840277777777778 0.02265625 0.03194444444444444
1 0.95859375 0.6215277777777778 0.0125 0.025
1 0.976171875 0.6888888888888889 0.0234375 0.04722222222222222
1 0.94140625 0.75 0.021875 0.025
1 0.9765625 0.7743055555555556 0.01328125 0.019444444444444445
1 0.956640625 0.7923611111111111 0.01875 0.034722222222222224
1 0.982421875 0.9604166666666667 0.02578125 0.04027777777777778
1 0.878515625 0.8659722222222223 0.021875 0.05555555555555555
1 0.8109375 0.8847222222222222 0.0453125 0.07222222222222222
1 0.703515625 0.36180555555555555 0.01640625 0.030555555555555555
1 0.740234375 0.3527777777777778 0.0234375 0.059722222222222225
1 0.727734375 0.2833333333333333 0.01953125 0.03194444444444444
1 0.61640625 0.23333333333333334 0.01484375 0.025
1 0.60625 0.2638888888888889 0.0234375 0.04722222222222222
1 0.630859375 0.23333333333333334 0.015625 0.05694444444444444
1 0.6140625 0.19305555555555556 0.00859375 0.0125
1 0.70078125 0.23541666666666666 0.021875 0.044444444444444446
1 0.673828125 0.21666666666666667 0.03203125 0.06111111111111111
1 0.70234375 0.06041666666666667 0.009375 0.015277777777777777
1 0.671484375 0.07291666666666667 0.02265625 0.043055555555555555
1 0.71796875 0.1486111111111111 0.02578125 0.04861111111111111
1 0.70546875 0.12430555555555556 0.015625 0.02361111111111111
1 0.26640625 0.9930555555555556 0.02890625 0.013888888888888888
1 0.24921875 0.9722222222222222 0.0125 0.025
1 0.288671875 0.9347222222222222 0.025 0.05416666666666667
1 0.333984375 0.7645833333333333 0.015625 0.030555555555555555
1 0.794921875 0.04791666666666667 0.00859375 0.016666666666666666
1 0.880078125 0.030555555555555555 0.02109375 0.03333333333333333
1 0.8640625 0.017361111111111112 0.01875 0.034722222222222224
1 0.978125 0.12638888888888888 0.0265625 0.05416666666666667
1 0.9453125 0.13333333333333333 0.0078125 0.015277777777777777
1 0.89140625 0.19652777777777777 0.0078125 0.015277777777777777
1 0.941015625 0.22430555555555556 0.0125 0.02361111111111111
1 0.96484375 0.20625 0.0359375 0.05694444444444444
1 0.990625 0.25277777777777777 0.01875 0.029166666666666667
1 0.961328125 0.27847222222222223 0.03828125 0.0875
1 0.912890625 0.29791666666666666 0.05859375 0.1388888888888889
1 0.283984375 0.7916666666666666 0.021875 0.043055555555555555
1 0.25078125 0.7819444444444444 0.03828125 0.05416666666666667
1 0.028125 0.08472222222222223 0.0140625 0.022222222222222223
1 0.041796875 0.006944444444444444 0.01015625 0.013888888888888888
1 0.08671875 0.021527777777777778 0.02890625 0.043055555555555555
1 0.052734375 0.08472222222222223 0.025 0.05277777777777778
1 0.075 0.10069444444444445 0.021875 0.03888888888888889
1 0.112109375 0.20833333333333334 0.03359375 0.06527777777777778
1 0.051171875 0.19930555555555557 0.00859375 0.016666666666666666
1 0.038671875 0.2833333333333333 0.03828125 0.05694444444444444
1 0.007421875 0.3298611111111111 0.01484375 0.02638888888888889
1 0.1953125 0.00625 0.025 0.0125
1 0.19140625 0.029166666666666667 0.01796875 0.03194444444444444
1 0.25 0.08541666666666667 0.0140625 0.022222222222222223
1 0.285546875 0.10208333333333333 0.03671875 0.058333333333333334
1 0.3171875 0.125 0.02421875 0.041666666666666664
1 0.23046875 0.24444444444444444 0.02734375 0.05138888888888889
1 0.1921875 0.24097222222222223 0.0078125 0.019444444444444445
1 0.15625 0.31527777777777777 0.01875 0.041666666666666664
1 0.209375 0.2986111111111111 0.0140625 0.043055555555555555
0 0.13125 0.825 0.209375 0.1763888888888889
0 0.178515625 0.9625 0.096875 0.075
0 0.75234375 0.8875 0.21015625 0.225
0 0.691015625 0.9333333333333333 0.1 0.13333333333333333
0 0.701171875 0.7486111111111111 0.175 0.5027777777777778
0 0.6828125 0.3423611111111111 0.08515625 0.45416666666666666
0 0.58671875 0.0763888888888889 0.165625 0.1527777777777778
0 0.643359375 0.14305555555555555 0.21640625 0.2861111111111111
0 0.091796875 0.6451388888888889 0.1828125 0.4625