1 0.85 0.6729166666666667 0.015625 0.016666666666666666
0 0.4765625 0.9166666666666666 0.2234375 0.16666666666666666
0 0.49609375 0.6072916666666667 0.0921875 0.23125
0 0.50859375 0.3458333333333333 0.14375 0.08958333333333333
0 0.4953125 0.12916666666666668 0.1390625 0.25833333333333336
1 0.7859375 0.5520833333333334 0.034375 0.06875
1 0.5453125 0.4708333333333333 0.021875 0.03958333333333333
1 0.615625 0.471875 0.021875 0.03125
1 0.378125 0.45625 0.0453125 0.035416666666666666
1 0.31640625 0.5708333333333333 0.021875 0.022916666666666665
1 0.2375 0.53125 0.025 0.03125
1 0.15546875 0.6875 0.03125 0.025
1 0.07265625 0.7239583333333334 0.021875 0.01875
1 0.1765625 0.6260416666666667 0.0265625 0.0375
1 0.36328125 0.95625 0.040625 0.05
1 0.61015625 0.9885416666666667 0.0265625 0.022916666666666665
1 0.9609375 0.990625 0.0203125 0.01875
1 0.99375 0.9385416666666667 0.0125 0.01875
1 0.96171875 0.8375 0.0265625 0.01875
1 0.99296875 0.7958333333333333 0.0140625 0.016666666666666666
1 0.87578125 0.7375 0.015625 0.03958333333333333
1 0.959375 0.7427083333333333 0.021875 0.025
1 0.79296875 0.7114583333333333 0.01875 0.022916666666666665
1 0.6609375 0.7197916666666667 0.0203125 0.03125
1 0.59765625 0.7552083333333334 0.009375 0.022916666666666665
1 0.625 0.80625 0.0203125 0.01875
1 0.51796875 0.815625 0.034375 0.035416666666666666
1 0.48671875 0.7395833333333334 0.0265625 0.020833333333333332
1 0.07421875 0.31979166666666664 0.025 0.03125
1 0.04765625 0.25 0.0265625 0.029166666666666667
1 0.21953125 0.43333333333333335 0.0109375 0.027083333333333334
1 0.12890625 0.3260416666666667 0.009375 0.014583333333333334
1 0.24453125 0.3729166666666667 0.0390625 0.0375
1 0.2734375 0.41041666666666665 0.0125 0.020833333333333332
1 0.2859375 0.32083333333333336 0.0234375 0.05625
1 0.31484375 0.3541666666666667 0.021875 0.027083333333333334
1 0.2421875 0.25625 0.015625 0.025
1 0.2921875 0.2677083333333333 0.0203125 0.029166666666666667
1 0.09765625 0.13854166666666667 0.0171875 0.020833333333333332
1 0.39375 0.12708333333333333 0.0359375 0.04583333333333333
1 0.4171875 0.30833333333333335 0.0328125 0.04791666666666667
1 0.3546875 0.35833333333333334 0.0171875 0.020833333333333332
1 0.46171875 0.49375 0.0140625 0.016666666666666666
1 0.690625 0.30833333333333335 0.0234375 0.01875
1 0.86484375 0.18958333333333333 0.0265625 0.03958333333333333
1 0.8296875 0.14479166666666668 0.0140625 0.027083333333333334
1 0.85234375 0.008333333333333333 0.015625 0.016666666666666666
1 0.61640625 0.06041666666666667 0.0359375 0.035416666666666666
1 0.4125 0.058333333333333334 0.0265625 0.022916666666666665
1 0.23515625 0.009375 0.025 0.01875
1 0.39296875 0.38125 0.0171875 0.035416666666666666
1 0.96796875 0.5635416666666667 0.0203125 0.029166666666666667
1 0.99375 0.5822916666666667 0.0125 0.020833333333333332