1 0.79296875 0.975 0.01875 0.020833333333333332
1 0.0125 0.64375 0.025 0.029166666666666667
1 0.5859375 0.6666666666666666 0.0296875 0.03333333333333333
1 0.95625 0.6833333333333333 0.0375 0.05
1 0.690625 0.6645833333333333 0.025 0.027083333333333334
1 0.51171875 0.6291666666666667 0.0328125 0.03125
1 0.59375 0.45625 0.015625 0.020833333333333332
1 0.6578125 0.47291666666666665 0.015625 0.014583333333333334
1 0.78359375 0.478125 0.01875 0.027083333333333334
1 0.48515625 0.390625 0.021875 0.016666666666666666
1 0.325 0.4552083333333333 0.0265625 0.035416666666666666
1 0.29921875 0.5916666666666667 0.0265625 0.058333333333333334
1 0.39140625 0.49166666666666664 0.0171875 0.020833333333333332
1 0.7359375 0.9072916666666667 0.0296875 0.03125
1 0.7296875 0.16770833333333332 0.0234375 0.035416666666666666
1 0.58671875 0.259375 0.025 0.01875
1 0.45390625 0.24791666666666667 0.0234375 0.03125
0 0.5359375 0.12083333333333333 0.234375 0.24166666666666667
1 0.49296875 0.265625 0.021875 0.035416666666666666
1 0.3703125 0.14791666666666667 0.0328125 0.03333333333333333
1 0.259375 0.9270833333333334 0.0171875 0.016666666666666666
1 0.3796875 0.6520833333333333 0.0328125 0.041666666666666664
1 0.71953125 0.709375 0.0375 0.04375
0 0.53125 0.93125 0.1109375 0.1375
1 0.2515625 0.20625 0.0328125 0.035416666666666666
1 0.6078125 0.23958333333333334 0.0234375 0.01875
1 0.68046875 0.175 0.015625 0.022916666666666665
1 0.24453125 0.9770833333333333 0.028125 0.020833333333333332
0 0.47734375 0.7083333333333334 0.3296875 0.13541666666666666
0 0.48515625 0.4479166666666667 0.2625 0.17083333333333334