1 0.99140625 0.975 0.0171875 0.05
1 0.93125 0.9833333333333333 0.0171875 0.020833333333333332
1 0.26171875 0.121875 0.028125 0.027083333333333334
1 0.48828125 0.12604166666666666 0.0203125 0.020833333333333332
1 0.57734375 0.026041666666666668 0.046875 0.052083333333333336
1 0.33046875 0.6802083333333333 0.0640625 0.09791666666666667
1 0.37734375 0.721875 0.034375 0.05
1 0.45078125 0.165625 0.04375 0.05625
1 0.4109375 0.734375 0.0234375 0.022916666666666665
1 0.42109375 0.7697916666666667 0.01875 0.027083333333333334
1 0.50390625 0.6489583333333333 0.0234375 0.03958333333333333
1 0.45390625 0.5572916666666666 0.0203125 0.022916666666666665
1 0.53125 0.5447916666666667 0.0375 0.029166666666666667
1 0.50546875 0.5072916666666667 0.0390625 0.04583333333333333
1 0.53125 0.46145833333333336 0.034375 0.05
1 0.48125 0.4166666666666667 0.021875 0.0375
1 0.3625 0.49166666666666664 0.028125 0.01875
1 0.96484375 0.23125 0.0265625 0.03333333333333333
1 0.72109375 0.6791666666666667 0.0125 0.025
1 0.8625 0.35833333333333334 0.0265625 0.05416666666666667
1 0.965625 0.13958333333333334 0.0328125 0.05
1 0.81796875 0.06875 0.0125 0.03333333333333333
1 0.13359375 0.34791666666666665 0.021875 0.03333333333333333
1 0.0796875 0.090625 0.0453125 0.052083333333333336
1 0.59453125 0.76875 0.0140625 0.029166666666666667
1 0.58828125 0.8520833333333333 0.0265625 0.03333333333333333
1 0.73671875 0.925 0.0796875 0.10416666666666667
1 0.68671875 0.9625 0.075 0.075
1 0.8203125 0.8354166666666667 0.0453125 0.03125
1 0.921875 0.4822916666666667 0.0234375 0.022916666666666665
1 0.9125 0.5447916666666667 0.0203125 0.025
1 0.96640625 0.5833333333333334 0.0203125 0.035416666666666666
1 0.77578125 0.63125 0.0359375 0.04375
1 0.69921875 0.34791666666666665 0.0265625 0.0375
1 0.7671875 0.5354166666666667 0.034375 0.04583333333333333
1 0.6390625 0.5822916666666667 0.025 0.0375
1 0.6921875 0.6864583333333333 0.034375 0.03125
1 0.3734375 0.43333333333333335 0.053125 0.05
1 0.52578125 0.08333333333333333 0.028125 0.035416666666666666
1 0.59453125 0.47604166666666664 0.01875 0.022916666666666665
1 0.490625 0.35104166666666664 0.0203125 0.03125
1 0.99375 0.215625 0.0125 0.01875
0 0.50859375 0.065625 0.0453125 0.13125
0 0.50390625 0.965625 0.0296875 0.06875
0 0.5390625 0.246875 0.2359375 0.09583333333333334
1 0.31796875 0.46979166666666666 0.015625 0.0125
1 0.26171875 0.47291666666666665 0.0265625 0.035416666666666666
1 0.26171875 0.36041666666666666 0.075 0.0625
1 0.28359375 0.421875 0.0359375 0.041666666666666664
1 0.46640625 0.025 0.0359375 0.05
1 0.35390625 0.025 0.040625 0.05
1 0.26640625 0.051041666666666666 0.03125 0.03125
1 0.71328125 0.4947916666666667 0.028125 0.010416666666666666
1 0.2578125 0.008333333333333333 0.0171875 0.016666666666666666
1 0.2359375 0.019791666666666666 0.028125 0.03958333333333333
1 0.7859375 0.059375 0.0234375 0.04583333333333333
1 0.8171875 0.14791666666666667 0.021875 0.03333333333333333
1 0.73359375 0.159375 0.034375 0.04791666666666667
1 0.70390625 0.18020833333333333 0.021875 0.035416666666666666
1 0.63828125 0.17395833333333333 0.028125 0.020833333333333332
1 0.6375 0.234375 0.0296875 0.03333333333333333
1 0.15625 0.425 0.015625 0.020833333333333332
1 0.08671875 0.4114583333333333 0.0265625 0.025
1 0.10546875 0.4583333333333333 0.0125 0.016666666666666666
1 0.3125 0.26145833333333335 0.03125 0.041666666666666664
1 0.4140625 0.36770833333333336 0.0296875 0.022916666666666665
1 0.38671875 0.20520833333333333 0.0296875 0.04791666666666667
1 0.3421875 0.103125 0.059375 0.0625
1 0.378125 0.15625 0.03125 0.04583333333333333
1 0.109375 0.9447916666666667 0.0265625 0.03125
1 0.13828125 0.98125 0.0234375 0.029166666666666667
1 0.09296875 0.9916666666666667 0.015625 0.016666666666666666
1 0.24375 0.98125 0.0390625 0.0375
1 0.27734375 0.95 0.05 0.07083333333333333
1 0.32421875 0.9416666666666667 0.0265625 0.05625
1 0.434375 0.9416666666666667 0.0359375 0.05416666666666667
1 0.54609375 0.21875 0.0203125 0.03958333333333333
1 0.28046875 0.8447916666666667 0.0171875 0.027083333333333334
1 0.36484375 0.8666666666666667 0.0640625 0.10833333333333334
1 0.24296875 0.8145833333333333 0.0203125 0.027083333333333334
1 0.1640625 0.715625 0.0234375 0.035416666666666666
1 0.1125 0.6895833333333333 0.025 0.04791666666666667
1 0.16328125 0.63125 0.0265625 0.03333333333333333
1 0.7640625 0.2875 0.015625 0.022916666666666665
1 0.9015625 0.6635416666666667 0.0265625 0.027083333333333334
1 0.95703125 0.8083333333333333 0.0171875 0.022916666666666665