1 0.63046875 0.9177083333333333 0.0171875 0.029166666666666667
1 0.3453125 0.13020833333333334 0.028125 0.029166666666666667
1 0.64296875 0.7427083333333333 0.0328125 0.05
1 0.64765625 0.7020833333333333 0.03125 0.022916666666666665
1 0.6609375 0.7385416666666667 0.0078125 0.04375
1 0.32109375 0.81875 0.0203125 0.025
1 0.1203125 0.828125 0.0171875 0.027083333333333334
1 0.15546875 0.6197916666666666 0.0328125 0.0375
1 0.17265625 0.9885416666666667 0.03125 0.022916666666666665
1 0.2796875 0.5635416666666667 0.0390625 0.07708333333333334
1 0.43203125 0.5645833333333333 0.034375 0.0375
1 0.55 0.5697916666666667 0.015625 0.025
1 0.40625 0.4 0.0328125 0.03125
1 0.41953125 0.36875 0.025 0.03125
1 0.45234375 0.38645833333333335 0.0375 0.04791666666666667
1 0.43671875 0.4270833333333333 0.0265625 0.029166666666666667
1 0.27578125 0.33125 0.028125 0.03333333333333333
1 0.27265625 0.39791666666666664 0.028125 0.03125
1 0.2578125 0.42916666666666664 0.028125 0.0375
1 0.24921875 0.375 0.021875 0.029166666666666667
1 0.1734375 0.33958333333333335 0.015625 0.029166666666666667
1 0.17734375 0.484375 0.0171875 0.029166666666666667
1 0.0390625 0.528125 0.028125 0.03958333333333333
1 0.603125 0.915625 0.0375 0.05416666666666667
1 0.62109375 0.8770833333333333 0.0359375 0.016666666666666666
1 0.625 0.8052083333333333 0.0171875 0.029166666666666667
1 0.60703125 0.7854166666666667 0.028125 0.04791666666666667
1 0.71171875 0.953125 0.0125 0.01875
1 0.7015625 0.7833333333333333 0.0640625 0.0625
1 0.82578125 0.8135416666666667 0.0234375 0.027083333333333334
1 0.77109375 0.834375 0.021875 0.029166666666666667
1 0.746875 0.6333333333333333 0.01875 0.022916666666666665
1 0.89921875 0.615625 0.075 0.10416666666666667
1 0.903125 0.6875 0.0234375 0.022916666666666665
1 0.8578125 0.7020833333333333 0.0171875 0.020833333333333332
1 0.87421875 0.7 0.0171875 0.022916666666666665
1 0.8625 0.675 0.0125 0.020833333333333332
1 0.88515625 0.7635416666666667 0.021875 0.029166666666666667
1 0.9421875 0.5260416666666666 0.0640625 0.052083333333333336
1 0.91015625 0.540625 0.025 0.027083333333333334
1 0.72265625 0.39479166666666665 0.01875 0.022916666666666665
1 0.67890625 0.47604166666666664 0.0140625 0.022916666666666665
1 0.746875 0.45416666666666666 0.0171875 0.01875
1 0.66796875 0.478125 0.0140625 0.0125
1 0.7265625 0.45416666666666666 0.01875 0.020833333333333332
1 0.87578125 0.43125 0.0359375 0.04791666666666667
1 0.67109375 0.38229166666666664 0.0375 0.029166666666666667
1 0.88515625 0.121875 0.015625 0.025
1 0.79375 0.09895833333333333 0.0125 0.025
1 0.7625 0.24479166666666666 0.015625 0.014583333333333334
1 0.77734375 0.225 0.021875 0.020833333333333332
1 0.728125 0.17291666666666666 0.0203125 0.020833333333333332
1 0.821875 0.10625 0.0234375 0.0375
1 0.73984375 0.12291666666666666 0.0125 0.01875
1 0.88359375 0.04479166666666667 0.0296875 0.041666666666666664
0 0.47265625 0.09895833333333333 0.475 0.19791666666666666
0 0.57421875 0.3572916666666667 0.58125 0.2125
0 0.5453125 0.5229166666666667 0.4984375 0.23958333333333334
0 0.5875 0.79375 0.296875 0.4125
0 0.53984375 0.98125 0.2078125 0.0375
1 0.00859375 0.07395833333333333 0.0171875 0.020833333333333332
1 0.85234375 0.05416666666666667 0.0234375 0.035416666666666666
1 0.86796875 0.022916666666666665 0.05 0.03958333333333333
1 0.7484375 0.03229166666666667 0.028125 0.027083333333333334
1 0.75 0.07604166666666666 0.0375 0.04791666666666667
1 0.721875 0.035416666666666666 0.021875 0.022916666666666665
1 0.68828125 0.084375 0.0359375 0.03958333333333333
1 0.61796875 0.023958333333333335 0.040625 0.04375
1 0.6296875 0.14479166666666668 0.0328125 0.05
1 0.625 0.23854166666666668 0.025 0.01875
1 0.60703125 0.19166666666666668 0.0390625 0.05625
1 0.415625 0.203125 0.025 0.022916666666666665
1 0.27421875 0.18645833333333334 0.034375 0.04375
1 0.321875 0.052083333333333336 0.01875 0.022916666666666665