1 0.991796875 0.3736111111111111 0.01640625 0.03611111111111111
0 0.12578125 0.8819444444444444 0.1578125 0.12361111111111112
1 0.690625 0.15416666666666667 0.0109375 0.022222222222222223
0 0.634375 0.8076388888888889 0.09453125 0.38472222222222224
1 0.759765625 0.027777777777777776 0.0296875 0.05555555555555555
1 0.702734375 0.075 0.01328125 0.02638888888888889
1 0.7515625 0.3875 0.0140625 0.025
1 0.73125 0.7381944444444445 0.0109375 0.015277777777777777
1 0.738671875 0.7125 0.01875 0.0375
1 0.859375 0.3368055555555556 0.034375 0.08611111111111111
1 0.930859375 0.4361111111111111 0.0109375 0.015277777777777777
1 0.941015625 0.6319444444444444 0.0203125 0.04583333333333333
1 0.94375 0.6875 0.0296875 0.05138888888888889
1 0.685546875 0.7923611111111111 0.02734375 0.058333333333333334
1 0.761328125 0.9256944444444445 0.01640625 0.03611111111111111
1 0.67578125 0.8965277777777778 0.01328125 0.034722222222222224
1 0.715234375 0.7354166666666667 0.0078125 0.016666666666666666
1 0.73359375 0.9458333333333333 0.01171875 0.022222222222222223
1 0.852734375 0.7881944444444444 0.015625 0.020833333333333332
1 0.854296875 0.8895833333333333 0.0265625 0.044444444444444446
1 0.993359375 0.8083333333333333 0.01328125 0.04861111111111111
1 0.901171875 0.8965277777777778 0.0484375 0.05277777777777778
1 0.93203125 0.7326388888888888 0.01640625 0.02361111111111111
1 0.916796875 0.7041666666666667 0.0171875 0.016666666666666666
1 0.91171875 0.7416666666666667 0.0078125 0.0125
1 0.99375 0.6263888888888889 0.0125 0.03611111111111111
1 0.498828125 0.06666666666666667 0.04296875 0.09583333333333334
1 0.478125 0.15625 0.05546875 0.07361111111111111
1 0.10390625 0.475 0.015625 0.03611111111111111
1 0.156640625 0.47291666666666665 0.0265625 0.06666666666666667
1 0.150390625 0.8138888888888889 0.0109375 0.030555555555555555
1 0.202734375 0.8395833333333333 0.01015625 0.019444444444444445
1 0.139453125 0.8722222222222222 0.02421875 0.03888888888888889
1 0.9375 0.03125 0.0359375 0.0625
1 0.930859375 0.20069444444444445 0.0140625 0.034722222222222224
1 0.244140625 0.8166666666666667 0.015625 0.022222222222222223
1 0.164453125 0.8534722222222222 0.021875 0.027777777777777776
1 0.950390625 0.09027777777777778 0.015625 0.04722222222222222
1 0.705078125 0.6590277777777778 0.00703125 0.013888888888888888
1 0.57578125 0.9625 0.00703125 0.016666666666666666
1 0.17421875 0.8194444444444444 0.01640625 0.02361111111111111
1 0.89375 0.09166666666666666 0.01171875 0.02638888888888889
1 0.686328125 0.7027777777777777 0.01171875 0.019444444444444445
1 0.67734375 0.18611111111111112 0.0109375 0.02361111111111111
1 0.205078125 0.9659722222222222 0.0109375 0.027777777777777776
1 0.686328125 0.6604166666666667 0.009375 0.016666666666666666
1 0.922265625 0.06111111111111111 0.02265625 0.041666666666666664
1 0.933203125 0.10555555555555556 0.01875 0.03611111111111111
1 0.9296875 0.15208333333333332 0.02265625 0.043055555555555555
1 0.941015625 0.2951388888888889 0.0171875 0.03333333333333333
1 0.940625 0.5895833333333333 0.00859375 0.015277777777777777
1 0.973046875 0.3236111111111111 0.02578125 0.043055555555555555
1 0.533203125 0.5159722222222223 0.03125 0.10138888888888889
1 0.97578125 0.7444444444444445 0.01484375 0.027777777777777776
1 0.841796875 0.7638888888888888 0.01796875 0.03333333333333333
1 0.884375 0.9555555555555556 0.04453125 0.06666666666666667
1 0.73515625 0.8326388888888889 0.01953125 0.027777777777777776
1 0.719140625 0.9618055555555556 0.01171875 0.018055555555555554
1 0.669140625 0.7361111111111112 0.025 0.043055555555555555
1 0.8765625 0.5972222222222222 0.0171875 0.03194444444444444
1 0.8390625 0.7236111111111111 0.028125 0.04583333333333333
1 0.903515625 0.6270833333333333 0.03359375 0.0625
1 0.89765625 0.42083333333333334 0.0140625 0.020833333333333332
1 0.8484375 0.4284722222222222 0.0421875 0.058333333333333334
1 0.771875 0.38125 0.01171875 0.025
1 0.79296875 0.3548611111111111 0.01796875 0.041666666666666664
1 0.809765625 0.2902777777777778 0.02265625 0.05
1 0.669921875 0.12013888888888889 0.01171875 0.020833333333333332
1 0.303125 0.9958333333333333 0.009375 0.008333333333333333
1 0.6859375 0.07916666666666666 0.01328125 0.02638888888888889
1 0.783984375 0.022916666666666665 0.0203125 0.044444444444444446
1 0.76015625 0.07291666666666667 0.01328125 0.022222222222222223
0 0.1140625 0.5715277777777777 0.228125 0.17777777777777778
0 0.603125 0.975 0.02265625 0.05
1 0.809765625 0.20902777777777778 0.015625 0.02361111111111111
1 0.812109375 0.11944444444444445 0.02890625 0.058333333333333334
1 0.769921875 0.15416666666666667 0.040625 0.09583333333333334
0 0.134375 0.9520833333333333 0.12109375 0.09583333333333334
1 0.65625 0.19236111111111112 0.0140625 0.0375
0 0.571484375 0.04722222222222222 0.09375 0.09444444444444444
1 0.7078125 0.3236111111111111 0.01796875 0.027777777777777776
1 0.57890625 0.22777777777777777 0.01875 0.03888888888888889
0 0.122265625 0.11666666666666667 0.08046875 0.23333333333333334
1 0.621875 0.32083333333333336 0.0125 0.027777777777777776
1 0.625390625 0.28194444444444444 0.0265625 0.05
1 0.6609375 0.34444444444444444 0.04453125 0.06388888888888888
0 0.640625 0.6930555555555555 0.240625 0.22916666666666666
1 0.695703125 0.41388888888888886 0.01875 0.03333333333333333
1 0.694921875 0.46597222222222223 0.028125 0.041666666666666664
1 0.4421875 0.6118055555555556 0.03359375 0.059722222222222225
1 0.66953125 0.5291666666666667 0.015625 0.03611111111111111
1 0.680859375 0.44513888888888886 0.025 0.05694444444444444
1 0.4296875 0.5451388888888888 0.0375 0.06666666666666667
1 0.28203125 0.3111111111111111 0.04921875 0.07361111111111111
1 0.503515625 0.6909722222222222 0.00859375 0.015277777777777777
1 0.5015625 0.6576388888888889 0.00859375 0.027777777777777776
1 0.559375 0.63125 0.009375 0.025
1 0.35625 0.5243055555555556 0.0171875 0.05
1 0.51953125 0.66875 0.0234375 0.04861111111111111
1 0.428125 0.2638888888888889 0.02265625 0.04583333333333333
1 0.326171875 0.73125 0.0140625 0.025
1 0.456640625 0.7534722222222222 0.01484375 0.03888888888888889
1 0.476953125 0.7083333333333334 0.040625 0.08888888888888889
1 0.299609375 0.6534722222222222 0.01953125 0.04027777777777778
1 0.3609375 0.8333333333333334 0.015625 0.029166666666666667
1 0.339453125 0.8118055555555556 0.0140625 0.025
1 0.50546875 0.99375 0.0109375 0.0125
1 0.407421875 0.8944444444444445 0.0140625 0.025
1 0.479296875 0.9576388888888889 0.01953125 0.041666666666666664
1 0.418359375 0.8486111111111111 0.0203125 0.044444444444444446
1 0.480078125 0.8479166666666667 0.04609375 0.0875
1 0.446875 0.8388888888888889 0.02109375 0.04027777777777778
1 0.59140625 0.8451388888888889 0.0453125 0.06944444444444445
1 0.562109375 0.8701388888888889 0.0265625 0.07222222222222222
1 0.526171875 0.8659722222222223 0.04453125 0.07777777777777778
1 0.23984375 0.9034722222222222 0.01953125 0.034722222222222224
1 0.53046875 0.7604166666666666 0.096875 0.13055555555555556
1 0.3375 0.8659722222222223 0.015625 0.0375
1 0.157421875 0.9916666666666667 0.01171875 0.016666666666666666
1 0.180859375 0.7270833333333333 0.02265625 0.04027777777777778
1 0.190625 0.6652777777777777 0.03046875 0.04861111111111111
1 0.2265625 0.6083333333333333 0.0234375 0.034722222222222224
1 0.164453125 0.5458333333333333 0.04375 0.06527777777777778
1 0.08359375 0.25625 0.01171875 0.029166666666666667
1 0.11796875 0.09583333333333334 0.01484375 0.015277777777777777
1 0.06328125 0.32083333333333336 0.0171875 0.03333333333333333
1 0.083203125 0.05763888888888889 0.0109375 0.022222222222222223
1 0.257421875 0.013194444444444444 0.02109375 0.02638888888888889
1 0.221875 0.024305555555555556 0.03359375 0.04861111111111111
1 0.209765625 0.09722222222222222 0.0203125 0.029166666666666667
1 0.283203125 0.21805555555555556 0.021875 0.03333333333333333
1 0.348046875 0.5736111111111111 0.0171875 0.030555555555555555
1 0.24609375 0.23194444444444445 0.01875 0.025
1 0.528125 0.275 0.01875 0.030555555555555555
1 0.61171875 0.12083333333333333 0.01640625 0.029166666666666667
1 0.571875 0.18194444444444444 0.0125 0.016666666666666666
1 0.55 0.15555555555555556 0.0265625 0.07916666666666666
1 0.541796875 0.02638888888888889 0.0375 0.05277777777777778
1 0.44140625 0.08680555555555555 0.021875 0.05
1 0.58203125 0.3368055555555556 0.028125 0.06527777777777778
1 0.4890625 0.23333333333333334 0.0421875 0.08055555555555556
1 0.540625 0.3506944444444444 0.02421875 0.03888888888888889
1 0.47578125 0.3104166666666667 0.02734375 0.034722222222222224
1 0.440625 0.30069444444444443 0.01171875 0.022222222222222223
1 0.483203125 0.4284722222222222 0.046875 0.0625
1 0.42421875 0.45902777777777776 0.0515625 0.10694444444444444
0 0.615625 0.15625 0.16171875 0.3125
0 0.10703125 0.17430555555555555 0.2140625 0.15833333333333333
0 0.09921875 0.40069444444444446 0.1546875 0.6027777777777777
1 0.370703125 0.7701388888888889 0.0125 0.034722222222222224
1 0.468359375 0.5444444444444444 0.03515625 0.06805555555555555
1 0.5421875 0.6444444444444445 0.025 0.03333333333333333
1 0.6109375 0.4979166666666667 0.0203125 0.041666666666666664
1 0.1953125 0.38333333333333336 0.1046875 0.16527777777777777
0 0.66015625 0.4041666666666667 0.2671875 0.35833333333333334
1 0.03046875 0.5354166666666667 0.04921875 0.0875
1 0.30859375 0.0125 0.00859375 0.016666666666666666
1 0.28125 0.005555555555555556 0.01328125 0.011111111111111112
1 0.19609375 0.18263888888888888 0.01171875 0.013888888888888888
1 0.354296875 0.12569444444444444 0.0171875 0.043055555555555555
1 0.1203125 0.2763888888888889 0.0078125 0.02361111111111111
1 0.07734375 0.4930555555555556 0.0140625 0.03333333333333333
1 0.059765625 0.6805555555555556 0.05546875 0.09166666666666666
1 0.26328125 0.19930555555555557 0.0109375 0.020833333333333332
1 0.6859375 0.9618055555555556 0.01328125 0.018055555555555554
1 0.36796875 0.4895833333333333 0.01015625 0.013888888888888888
1 0.733984375 0.3506944444444444 0.009375 0.019444444444444445
1 0.9203125 0.22708333333333333 0.01796875 0.027777777777777776