1 0.766015625 0.8444444444444444 0.02578125 0.05277777777777778
1 0.78203125 0.8263888888888888 0.02890625 0.044444444444444446
1 0.78515625 0.6826388888888889 0.01484375 0.025
1 0.79609375 0.6604166666666667 0.0109375 0.029166666666666667
1 0.83125 0.6847222222222222 0.01328125 0.018055555555555554
1 0.729296875 0.6222222222222222 0.01640625 0.027777777777777776
1 0.719140625 0.2833333333333333 0.028125 0.029166666666666667
1 0.718359375 0.19027777777777777 0.0265625 0.05416666666666667
1 0.781640625 0.01597222222222222 0.00703125 0.009722222222222222
1 0.84609375 0.03333333333333333 0.0171875 0.044444444444444446
1 0.848828125 0.08680555555555555 0.04140625 0.08333333333333333
1 0.855078125 0.14444444444444443 0.0140625 0.0125
1 0.8484375 0.1875 0.01484375 0.027777777777777776
1 0.90390625 0.13125 0.01484375 0.02638888888888889
1 0.951171875 0.09236111111111112 0.021875 0.03888888888888889
1 0.99765625 0.18263888888888888 0.0046875 0.016666666666666666
1 0.923046875 0.24791666666666667 0.0140625 0.022222222222222223
1 0.843359375 0.3541666666666667 0.0140625 0.02638888888888889
1 0.894921875 0.3729166666666667 0.0140625 0.013888888888888888
1 0.7640625 0.45555555555555555 0.03046875 0.0625
1 0.050390625 0.24097222222222223 0.01484375 0.02361111111111111
0 0.63203125 0.05763888888888889 0.1015625 0.11527777777777778
0 0.623828125 0.15486111111111112 0.1140625 0.30972222222222223
0 0.57265625 0.5805555555555556 0.17734375 0.28888888888888886
0 0.622265625 0.7722222222222223 0.06875 0.45555555555555555
0 0.66328125 0.9076388888888889 0.159375 0.18472222222222223
0 0.131640625 0.8930555555555556 0.08125 0.21388888888888888
0 0.116015625 0.7680555555555556 0.11953125 0.23055555555555557
0 0.083984375 0.5708333333333333 0.16796875 0.19722222222222222
0 0.121875 0.4041666666666667 0.1171875 0.39305555555555555
1 0.966796875 0.006944444444444444 0.01875 0.013888888888888888
1 0.978125 0.5208333333333334 0.0234375 0.04027777777777778
1 0.90390625 0.43472222222222223 0.0328125 0.03194444444444444
1 0.99375 0.7284722222222222 0.01015625 0.013888888888888888
1 0.996875 0.8055555555555556 0.00625 0.027777777777777776
1 0.89375 0.9534722222222223 0.01171875 0.029166666666666667
1 0.862109375 0.9201388888888888 0.01328125 0.02361111111111111
1 0.690234375 0.9493055555555555 0.009375 0.015277777777777777
1 0.835546875 0.7951388888888888 0.0109375 0.016666666666666666
1 0.87734375 0.7909722222222222 0.02421875 0.03333333333333333
1 0.933203125 0.7208333333333333 0.021875 0.027777777777777776
1 0.925 0.6743055555555556 0.01640625 0.03611111111111111
1 0.901953125 0.6395833333333333 0.0078125 0.0125
1 0.855078125 0.5027777777777778 0.02265625 0.03611111111111111
1 0.8234375 0.5048611111111111 0.01484375 0.04722222222222222
1 0.79765625 0.5027777777777778 0.0328125 0.04027777777777778
1 0.5515625 0.9444444444444444 0.01015625 0.013888888888888888
1 0.5140625 0.9625 0.034375 0.06111111111111111
1 0.477734375 0.8763888888888889 0.02265625 0.07777777777777778
1 0.445703125 0.8173611111111111 0.0109375 0.016666666666666666
1 0.415625 0.8576388888888888 0.0234375 0.044444444444444446
1 0.35390625 0.8979166666666667 0.01484375 0.034722222222222224
1 0.36875 0.9875 0.01328125 0.025
1 0.27890625 0.9861111111111112 0.0140625 0.02361111111111111
1 0.192578125 0.9923611111111111 0.0265625 0.015277777777777777
1 0.052734375 0.8986111111111111 0.0234375 0.027777777777777776
1 0.305859375 0.7395833333333334 0.01015625 0.03888888888888889
1 0.258203125 0.7159722222222222 0.046875 0.10277777777777777
1 0.177734375 0.7395833333333334 0.021875 0.03194444444444444
1 0.0671875 0.8125 0.015625 0.0375
1 0.080078125 0.7729166666666667 0.015625 0.025
1 0.176171875 0.6826388888888889 0.01640625 0.04027777777777778
1 0.162109375 0.47708333333333336 0.0140625 0.027777777777777776
1 0.1796875 0.44513888888888886 0.0171875 0.02361111111111111
1 0.244140625 0.4534722222222222 0.01171875 0.029166666666666667
1 0.19453125 0.40694444444444444 0.025 0.05277777777777778
1 0.219921875 0.3104166666666667 0.02265625 0.04583333333333333
1 0.215625 0.2590277777777778 0.01796875 0.027777777777777776
1 0.195703125 0.27708333333333335 0.02109375 0.019444444444444445
1 0.29296875 0.2638888888888889 0.00859375 0.018055555555555554
1 0.26875 0.20902777777777778 0.02578125 0.04027777777777778
1 0.223046875 0.1986111111111111 0.03046875 0.030555555555555555
1 0.2625 0.11666666666666667 0.01171875 0.03194444444444444
1 0.261328125 0.16180555555555556 0.03671875 0.04583333333333333
1 0.225 0.004861111111111111 0.01015625 0.009722222222222222
1 0.2296875 0.07569444444444444 0.02890625 0.08055555555555556
1 0.137109375 0.019444444444444445 0.01484375 0.019444444444444445
1 0.13203125 0.06319444444444444 0.02578125 0.041666666666666664
1 0.09921875 0.022916666666666665 0.03828125 0.04583333333333333
1 0.547265625 0.9868055555555556 0.02265625 0.02638888888888889
1 0.55234375 0.8451388888888889 0.03984375 0.05416666666666667
1 0.38515625 0.6715277777777777 0.015625 0.025
1 0.17265625 0.5263888888888889 0.015625 0.02361111111111111
1 0.438671875 0.6604166666666667 0.0234375 0.0625
1 0.045703125 0.5 0.0140625 0.043055555555555555
1 0.369921875 0.16944444444444445 0.01875 0.030555555555555555
1 0.3875 0.17847222222222223 0.01171875 0.016666666666666666
1 0.396875 0.11597222222222223 0.02578125 0.041666666666666664
1 0.436328125 0.02638888888888889 0.03515625 0.05277777777777778
1 0.49765625 0.05625 0.02734375 0.03611111111111111
1 0.301953125 0.005555555555555556 0.0140625 0.011111111111111112
1 0.448046875 0.3375 0.01484375 0.027777777777777776
1 0.49765625 0.3173611111111111 0.0140625 0.022222222222222223
1 0.469921875 0.41944444444444445 0.01953125 0.0375
1 0.49765625 0.4597222222222222 0.03125 0.05138888888888889
1 0.52421875 0.4722222222222222 0.02109375 0.044444444444444446
1 0.549609375 0.42777777777777776 0.01484375 0.027777777777777776
1 0.569921875 0.4041666666666667 0.015625 0.027777777777777776
1 0.59296875 0.33958333333333335 0.02578125 0.05
1 0.624609375 0.31805555555555554 0.01640625 0.03194444444444444
1 0.61484375 0.24513888888888888 0.0203125 0.025
1 0.653515625 0.24930555555555556 0.01484375 0.025
1 0.644921875 0.20555555555555555 0.01171875 0.025
1 0.553515625 0.2222222222222222 0.02265625 0.058333333333333334
1 0.571875 0.2520833333333333 0.021875 0.02361111111111111
1 0.59140625 0.23958333333333334 0.00859375 0.015277777777777777
1 0.555859375 0.15763888888888888 0.01875 0.022222222222222223
1 0.581640625 0.12986111111111112 0.01953125 0.044444444444444446
1 0.6015625 0.05 0.01640625 0.03194444444444444
1 0.67578125 0.175 0.02890625 0.05138888888888889
1 0.687890625 0.1423611111111111 0.0125 0.015277777777777777
1 0.793359375 0.08055555555555556 0.034375 0.06805555555555555
1 0.787109375 0.1486111111111111 0.03046875 0.03888888888888889
1 0.762109375 0.20069444444444445 0.025 0.0375
1 0.75078125 0.25833333333333336 0.01640625 0.022222222222222223
1 0.78671875 0.2847222222222222 0.021875 0.025
1 0.743359375 0.3111111111111111 0.02109375 0.027777777777777776
1 0.748828125 0.34652777777777777 0.0125 0.025
1 0.6796875 0.4423611111111111 0.00703125 0.013888888888888888
1 0.6390625 0.46875 0.0390625 0.043055555555555555
1 0.626171875 0.51875 0.03671875 0.05694444444444444
1 0.653125 0.5020833333333333 0.01875 0.02638888888888889
1 0.650390625 0.5590277777777778 0.02109375 0.02638888888888889
1 0.651171875 0.6097222222222223 0.01640625 0.034722222222222224
1 0.689453125 0.575 0.01796875 0.04027777777777778
1 0.703125 0.5243055555555556 0.0140625 0.03611111111111111
1 0.730859375 0.55625 0.0359375 0.07222222222222222
1 0.75390625 0.5333333333333333 0.02109375 0.0375
1 0.7828125 0.54375 0.01640625 0.02638888888888889
1 0.769921875 0.5951388888888889 0.02109375 0.034722222222222224
1 0.48515625 0.5111111111111111 0.009375 0.013888888888888888
1 0.50859375 0.5263888888888889 0.028125 0.02638888888888889
1 0.51171875 0.5583333333333333 0.01640625 0.030555555555555555
1 0.489453125 0.5763888888888888 0.0265625 0.06527777777777778
1 0.516015625 0.5944444444444444 0.02890625 0.03888888888888889
1 0.55859375 0.55 0.01953125 0.018055555555555554
1 0.5453125 0.6736111111111112 0.02734375 0.043055555555555555
1 0.540625 0.7131944444444445 0.00859375 0.019444444444444445
1 0.525390625 0.7333333333333333 0.0203125 0.029166666666666667
1 0.578125 0.7 0.01484375 0.019444444444444445
1 0.58984375 0.74375 0.02109375 0.03611111111111111
1 0.638671875 0.7451388888888889 0.01015625 0.018055555555555554
1 0.63125 0.7673611111111112 0.0078125 0.020833333333333332
1 0.67265625 0.6979166666666666 0.01484375 0.029166666666666667
1 0.65703125 0.9284722222222223 0.01484375 0.019444444444444445
1 0.7125 0.91875 0.01484375 0.029166666666666667
1 0.740625 0.9590277777777778 0.03984375 0.043055555555555555
1 0.733203125 0.8555555555555555 0.02578125 0.041666666666666664