0 0.117578125 0.13194444444444445 0.2109375 0.2638888888888889
1 0.243359375 0.7097222222222223 0.01640625 0.05
1 0.190234375 0.5923611111111111 0.01953125 0.03611111111111111
1 0.2109375 0.5763888888888888 0.02109375 0.0375
1 0.23515625 0.5069444444444444 0.02734375 0.05416666666666667
0 0.15 0.31805555555555554 0.0671875 0.23472222222222222
0 0.160546875 0.6486111111111111 0.1390625 0.4861111111111111
0 0.1359375 0.7979166666666667 0.2234375 0.4041666666666667
0 0.191015625 0.9430555555555555 0.0390625 0.11388888888888889
0 0.7078125 0.8625 0.2 0.275
0 0.70390625 0.7111111111111111 0.14296875 0.5777777777777777
0 0.78203125 0.40694444444444444 0.23359375 0.31666666666666665
0 0.656640625 0.12152777777777778 0.16953125 0.24305555555555555
0 0.619921875 0.03888888888888889 0.0609375 0.07777777777777778
1 0.481640625 0.40347222222222223 0.04140625 0.13055555555555556
1 0.523828125 0.4395833333333333 0.02890625 0.07777777777777778
1 0.596875 0.4583333333333333 0.0484375 0.11388888888888889
1 0.61875 0.44027777777777777 0.01328125 0.03194444444444444
1 0.66328125 0.3972222222222222 0.03671875 0.08333333333333333
1 0.521484375 0.3736111111111111 0.00859375 0.019444444444444445
1 0.519140625 0.2951388888888889 0.0265625 0.075
1 0.64375 0.24513888888888888 0.01328125 0.025
1 0.668359375 0.24930555555555556 0.0125 0.029166666666666667
1 0.653125 0.2923611111111111 0.01171875 0.016666666666666666
1 0.74140625 0.2673611111111111 0.03515625 0.07777777777777778
1 0.7703125 0.275 0.01875 0.034722222222222224
1 0.548828125 0.18055555555555555 0.01640625 0.03194444444444444
1 0.5640625 0.19722222222222222 0.021875 0.027777777777777776
1 0.583984375 0.17777777777777778 0.0140625 0.025
1 0.46953125 0.15833333333333333 0.01328125 0.019444444444444445
1 0.477734375 0.1388888888888889 0.009375 0.013888888888888888
1 0.409375 0.15416666666666667 0.015625 0.027777777777777776
1 0.462890625 0.03819444444444445 0.04296875 0.0763888888888889
1 0.540234375 0.03611111111111111 0.01953125 0.03194444444444444
1 0.627734375 0.10416666666666667 0.0125 0.015277777777777777
1 0.7484375 0.1125 0.0109375 0.019444444444444445
1 0.810546875 0.16666666666666666 0.02421875 0.04027777777777778
1 0.093359375 0.7895833333333333 0.096875 0.18472222222222223
1 0.061328125 0.9111111111111111 0.02734375 0.020833333333333332
1 0.105859375 0.6270833333333333 0.01484375 0.0375
1 0.095703125 0.5270833333333333 0.02109375 0.0375
1 0.003515625 0.42777777777777776 0.00703125 0.0125
1 0.126171875 0.13125 0.025 0.03888888888888889
1 0.50703125 0.89375 0.01328125 0.03333333333333333
1 0.543359375 0.8888888888888888 0.04140625 0.05
1 0.584765625 0.8930555555555556 0.0203125 0.034722222222222224
1 0.6046875 0.8333333333333334 0.02890625 0.04861111111111111
1 0.838671875 0.19305555555555556 0.01640625 0.03333333333333333
1 0.234375 0.42569444444444443 0.0453125 0.08333333333333333
1 0.276171875 0.4048611111111111 0.02265625 0.0375
1 0.222265625 0.3416666666666667 0.02265625 0.041666666666666664
1 0.10703125 0.4097222222222222 0.01328125 0.02361111111111111
1 0.031640625 0.34375 0.0125 0.025
1 0.403515625 0.26666666666666666 0.0234375 0.043055555555555555
1 0.66171875 0.8131944444444444 0.01875 0.02638888888888889
1 0.7875 0.99375 0.00859375 0.0125
1 0.790625 0.6715277777777777 0.01875 0.03611111111111111
1 0.995703125 0.7729166666666667 0.00859375 0.0375
1 0.99296875 0.6298611111111111 0.0140625 0.03333333333333333
1 0.96875 0.6541666666666667 0.02265625 0.044444444444444446
1 0.991015625 0.5472222222222223 0.01484375 0.03194444444444444
1 0.884765625 0.5472222222222223 0.02265625 0.03333333333333333
1 0.79296875 0.5 0.01015625 0.02361111111111111
1 0.37421875 0.8993055555555556 0.01796875 0.029166666666666667
1 0.31875 0.8888888888888888 0.0125 0.016666666666666666
1 0.454296875 0.9819444444444444 0.01796875 0.03611111111111111
1 0.5359375 0.9875 0.0234375 0.025
1 0.423046875 0.8388888888888889 0.021875 0.034722222222222224
1 0.502734375 0.7902777777777777 0.01171875 0.02361111111111111
1 0.6 0.7569444444444444 0.0234375 0.05
1 0.616015625 0.6472222222222223 0.01796875 0.034722222222222224
1 0.628515625 0.6180555555555556 0.01875 0.0375
1 0.606640625 0.5895833333333333 0.02578125 0.04722222222222222
1 0.549609375 0.6277777777777778 0.028125 0.05694444444444444
1 0.509375 0.6333333333333333 0.0265625 0.04583333333333333
1 0.487109375 0.7111111111111111 0.0171875 0.025
1 0.441796875 0.6597222222222222 0.01640625 0.020833333333333332
1 0.555859375 0.5694444444444444 0.0109375 0.019444444444444445
1 0.894921875 0.8034722222222223 0.00859375 0.015277777777777777
1 0.032421875 0.11736111111111111 0.0125 0.03611111111111111
1 0.163671875 0.07291666666666667 0.03203125 0.05138888888888889
1 0.200390625 0.2388888888888889 0.02109375 0.0375
1 0.08984375 0.09236111111111112 0.02421875 0.034722222222222224
1 0.1375 0.08819444444444445 0.02421875 0.043055555555555555
1 0.205859375 0.18055555555555555 0.01328125 0.025
1 0.28515625 0.8784722222222222 0.03046875 0.05
1 0.258984375 0.9423611111111111 0.04453125 0.08888888888888889
1 0.3390625 0.9666666666666667 0.0234375 0.04583333333333333
1 0.306640625 0.725 0.0203125 0.041666666666666664
1 0.7765625 0.4083333333333333 0.0203125 0.030555555555555555
1 0.7828125 0.36944444444444446 0.01875 0.029166666666666667
1 0.85 0.26944444444444443 0.00703125 0.009722222222222222
1 0.833984375 0.3326388888888889 0.0171875 0.034722222222222224
1 0.8078125 0.26319444444444445 0.01640625 0.03194444444444444
1 0.98671875 0.059027777777777776 0.021875 0.043055555555555555
1 0.984375 0.2604166666666667 0.0109375 0.013888888888888888
1 0.910546875 0.21319444444444444 0.0171875 0.025
1 0.32265625 0.76875 0.0375 0.05
1 0.334375 0.7041666666666667 0.02265625 0.034722222222222224
1 0.363671875 0.7076388888888889 0.0171875 0.027777777777777776
1 0.330078125 0.6381944444444444 0.0328125 0.05694444444444444
1 0.366796875 0.6590277777777778 0.021875 0.034722222222222224
1 0.3078125 0.5638888888888889 0.034375 0.06805555555555555
1 0.301953125 0.6104166666666667 0.015625 0.02638888888888889
1 0.2375 0.6333333333333333 0.0140625 0.025