1 0.278125 0.42291666666666666 0.028125 0.0375
1 0.4265625 0.08541666666666667 0.04375 0.041666666666666664
1 0.5484375 0.23125 0.040625 0.03958333333333333
1 0.62109375 0.19270833333333334 0.0203125 0.020833333333333332
1 0.47578125 0.42291666666666666 0.0296875 0.027083333333333334
1 0.5 0.35833333333333334 0.05625 0.058333333333333334
1 0.36171875 0.24270833333333333 0.03125 0.025
1 0.26328125 0.22291666666666668 0.0328125 0.04791666666666667
1 0.29765625 0.5510416666666667 0.0234375 0.03958333333333333
1 0.25390625 0.5270833333333333 0.0109375 0.022916666666666665
1 0.18828125 0.6916666666666667 0.034375 0.05
1 0.38671875 0.9572916666666667 0.0234375 0.022916666666666665
1 0.33671875 0.853125 0.0234375 0.029166666666666667
1 0.296875 0.7927083333333333 0.028125 0.035416666666666666
1 0.3109375 0.95 0.028125 0.03125
1 0.25546875 0.940625 0.0171875 0.05
1 0.61796875 0.7802083333333333 0.015625 0.022916666666666665
1 0.63515625 0.878125 0.021875 0.03958333333333333
1 0.4515625 0.7489583333333333 0.028125 0.041666666666666664
1 0.3890625 0.7697916666666667 0.0265625 0.05416666666666667
1 0.66484375 0.615625 0.0265625 0.0375
1 0.58828125 0.6979166666666666 0.0265625 0.041666666666666664
1 0.7453125 0.5 0.103125 0.075
1 0.76484375 0.37083333333333335 0.028125 0.020833333333333332
1 0.8578125 0.35104166666666664 0.0203125 0.03125
1 0.97265625 0.325 0.0453125 0.058333333333333334
1 0.7359375 0.203125 0.046875 0.035416666666666666
1 0.6875 0.27395833333333336 0.021875 0.022916666666666665
1 0.61796875 0.30833333333333335 0.0390625 0.027083333333333334
1 0.67265625 0.134375 0.05 0.10625
1 0.8296875 0.4114583333333333 0.0234375 0.04791666666666667
0 0.47734375 0.12708333333333333 0.09375 0.25416666666666665
0 0.39765625 0.296875 0.3578125 0.11666666666666667
0 0.4296875 0.4895833333333333 0.1453125 0.42916666666666664
0 0.44140625 0.853125 0.121875 0.26666666666666666
1 0.1625 0.28229166666666666 0.015625 0.0375
1 0.7328125 0.8145833333333333 0.0203125 0.03125
1 0.9171875 0.60625 0.0125 0.020833333333333332
1 0.99453125 0.371875 0.0109375 0.022916666666666665
1 0.1859375 0.020833333333333332 0.0234375 0.025
1 0.9078125 0.010416666666666666 0.01875 0.020833333333333332
1 0.5421875 0.007291666666666667 0.0171875 0.014583333333333334
1 0.9375 0.45625 0.0171875 0.03125
1 0.90546875 0.10833333333333334 0.015625 0.01875
1 0.6109375 0.9739583333333334 0.0125 0.020833333333333332
1 0.315625 0.6791666666666667 0.015625 0.029166666666666667