1 0.72421875 0.175 0.0234375 0.04583333333333333
0 0.154296875 0.1625 0.13046875 0.2513888888888889
0 0.069140625 0.06041666666666667 0.11484375 0.11944444444444445
0 0.114453125 0.3993055555555556 0.115625 0.25277777777777777
0 0.1234375 0.6270833333333333 0.1078125 0.13333333333333333
0 0.14296875 0.8465277777777778 0.14453125 0.3055555555555556
0 0.658984375 0.04652777777777778 0.21171875 0.09305555555555556
0 0.652734375 0.19166666666666668 0.0921875 0.3819444444444444
0 0.646484375 0.5020833333333333 0.24609375 0.2708333333333333
0 0.687109375 0.5930555555555556 0.13515625 0.6291666666666667
0 0.6421875 0.8680555555555556 0.11328125 0.2625
1 0.21328125 0.08333333333333333 0.02734375 0.030555555555555555
1 0.244921875 0.09930555555555555 0.03359375 0.06111111111111111
1 0.209765625 0.1388888888888889 0.0171875 0.03611111111111111
1 0.227734375 0.1673611111111111 0.01953125 0.03333333333333333
1 0.196484375 0.029861111111111113 0.015625 0.015277777777777777
1 0.198828125 0.007638888888888889 0.01328125 0.015277777777777777
1 0.02421875 0.10694444444444444 0.0171875 0.029166666666666667
1 0.007421875 0.11666666666666667 0.0078125 0.015277777777777777
1 0.061328125 0.29444444444444445 0.040625 0.05694444444444444
1 0.0171875 0.35138888888888886 0.01328125 0.020833333333333332
1 0.026953125 0.41597222222222224 0.0234375 0.03333333333333333
1 0.044921875 0.4444444444444444 0.015625 0.03888888888888889
1 0.12890625 0.3902777777777778 0.01484375 0.03888888888888889
1 0.206640625 0.3819444444444444 0.0140625 0.02638888888888889
1 0.234375 0.38680555555555557 0.01640625 0.034722222222222224
1 0.263671875 0.25069444444444444 0.00859375 0.022222222222222223
1 0.22734375 0.31180555555555556 0.0171875 0.034722222222222224
1 0.16484375 0.44513888888888886 0.01015625 0.018055555555555554
1 0.1296875 0.4666666666666667 0.01484375 0.02638888888888889
1 0.20546875 0.5930555555555556 0.05078125 0.12083333333333333
1 0.2359375 0.6868055555555556 0.01953125 0.04861111111111111
1 0.299609375 0.6986111111111111 0.01328125 0.022222222222222223
1 0.288671875 0.4618055555555556 0.02890625 0.06805555555555555
1 0.30859375 0.4875 0.01484375 0.0375
1 0.228515625 0.7618055555555555 0.01875 0.034722222222222224
1 0.211328125 0.74375 0.0171875 0.03194444444444444
1 0.197265625 0.7625 0.01328125 0.0375
1 0.0703125 0.7138888888888889 0.0234375 0.02638888888888889
1 0.1375 0.6743055555555556 0.01640625 0.02638888888888889
1 0.178125 0.7770833333333333 0.01796875 0.0375
1 0.179296875 0.8458333333333333 0.0234375 0.034722222222222224
1 0.2609375 0.8770833333333333 0.0203125 0.03888888888888889
1 0.225390625 0.9041666666666667 0.02109375 0.0375
1 0.226171875 0.9416666666666667 0.01796875 0.027777777777777776
1 0.1953125 0.9798611111111111 0.0515625 0.04027777777777778
1 0.190625 0.9340277777777778 0.0140625 0.030555555555555555
1 0.105078125 0.8652777777777778 0.0109375 0.013888888888888888
1 0.5140625 0.85625 0.01171875 0.018055555555555554
1 0.506640625 0.8826388888888889 0.0109375 0.013888888888888888
1 0.601171875 0.8659722222222223 0.03828125 0.05277777777777778
1 0.59140625 0.7944444444444444 0.01796875 0.04027777777777778
1 0.615234375 0.775 0.01875 0.03333333333333333
1 0.679296875 0.6923611111111111 0.01484375 0.02638888888888889
1 0.709765625 0.68125 0.0109375 0.020833333333333332
1 0.6875 0.71875 0.01640625 0.020833333333333332
1 0.694921875 0.7479166666666667 0.02265625 0.0375
1 0.706640625 0.7708333333333334 0.0234375 0.0375
1 0.730078125 0.7270833333333333 0.021875 0.027777777777777776
1 0.7484375 0.7597222222222222 0.01484375 0.02638888888888889
1 0.710546875 0.8180555555555555 0.01796875 0.05
1 0.67421875 0.7895833333333333 0.02421875 0.04722222222222222
1 0.690625 0.8284722222222223 0.00859375 0.019444444444444445
1 0.652734375 0.7159722222222222 0.01171875 0.02361111111111111
1 0.534765625 0.6166666666666667 0.0140625 0.027777777777777776
1 0.56484375 0.5652777777777778 0.0078125 0.019444444444444445
1 0.569140625 0.5909722222222222 0.00859375 0.016666666666666666
1 0.628125 0.5652777777777778 0.009375 0.034722222222222224
1 0.646875 0.5590277777777778 0.00859375 0.015277777777777777
1 0.728125 0.6326388888888889 0.0125 0.03333333333333333
1 0.645703125 0.49375 0.02578125 0.06666666666666667
1 0.665625 0.4791666666666667 0.01015625 0.03888888888888889
1 0.70703125 0.49166666666666664 0.01171875 0.025
1 0.54453125 0.4576388888888889 0.01875 0.03888888888888889
1 0.5109375 0.46111111111111114 0.0265625 0.043055555555555555
1 0.46171875 0.49722222222222223 0.0171875 0.030555555555555555
1 0.480859375 0.48819444444444443 0.00703125 0.011111111111111112
1 0.80703125 0.5416666666666666 0.02734375 0.06388888888888888
1 0.8453125 0.5118055555555555 0.01171875 0.019444444444444445
1 0.798828125 0.6152777777777778 0.0078125 0.013888888888888888
1 0.771484375 0.6604166666666667 0.01171875 0.016666666666666666
1 0.37578125 0.17777777777777778 0.015625 0.030555555555555555
1 0.409375 0.20555555555555555 0.01953125 0.03888888888888889
1 0.448828125 0.15416666666666667 0.02109375 0.03333333333333333
1 0.476171875 0.17291666666666666 0.0140625 0.025
1 0.48359375 0.06319444444444444 0.021875 0.04861111111111111
1 0.5703125 0.030555555555555555 0.0296875 0.06111111111111111
1 0.5625 0.13125 0.01484375 0.02638888888888889
1 0.619140625 0.13472222222222222 0.01171875 0.020833333333333332
1 0.562890625 0.26805555555555555 0.01484375 0.030555555555555555
1 0.546484375 0.29444444444444445 0.01171875 0.03333333333333333
1 0.696875 0.17291666666666666 0.0125 0.016666666666666666
1 0.751953125 0.2076388888888889 0.03046875 0.0763888888888889
1 0.776171875 0.18541666666666667 0.01484375 0.027777777777777776
1 0.8125 0.09444444444444444 0.00859375 0.019444444444444445
1 0.8828125 0.034722222222222224 0.0640625 0.06944444444444445
1 0.944921875 0.009722222222222222 0.01171875 0.019444444444444445
1 0.97265625 0.1076388888888889 0.0171875 0.03333333333333333
1 0.895703125 0.09930555555555555 0.0234375 0.04583333333333333
1 0.914453125 0.16180555555555556 0.028125 0.05138888888888889
1 0.949609375 0.18055555555555555 0.02109375 0.041666666666666664
1 0.98359375 0.20972222222222223 0.0328125 0.09444444444444444
1 0.995703125 0.05694444444444444 0.0078125 0.022222222222222223
1 0.862890625 0.2673611111111111 0.01953125 0.030555555555555555
1 0.874609375 0.32708333333333334 0.05078125 0.08055555555555556
1 0.97578125 0.3506944444444444 0.03828125 0.05277777777777778
1 0.944140625 0.4173611111111111 0.015625 0.03194444444444444
1 0.9515625 0.44583333333333336 0.0125 0.034722222222222224
1 0.88203125 0.5472222222222223 0.0140625 0.022222222222222223
1 0.948828125 0.5638888888888889 0.0125 0.03194444444444444
1 0.96484375 0.6111111111111112 0.0171875 0.02361111111111111
1 0.9875 0.5951388888888889 0.01484375 0.034722222222222224
1 0.886328125 0.6 0.0078125 0.015277777777777777
1 0.938671875 0.6472222222222223 0.015625 0.03333333333333333
1 0.96953125 0.7354166666666667 0.02734375 0.043055555555555555
1 0.940625 0.7458333333333333 0.01015625 0.020833333333333332
1 0.95546875 0.7722222222222223 0.01484375 0.02361111111111111
1 0.862109375 0.7194444444444444 0.01875 0.03888888888888889
1 0.9953125 0.8541666666666666 0.009375 0.03611111111111111
1 0.976171875 0.875 0.01953125 0.04027777777777778
1 0.93203125 0.8708333333333333 0.02109375 0.0375
1 0.926171875 0.8131944444444444 0.01171875 0.027777777777777776
1 0.890234375 0.8243055555555555 0.02109375 0.027777777777777776
1 0.876171875 0.8486111111111111 0.015625 0.04027777777777778
1 0.954296875 0.9555555555555556 0.040625 0.06805555555555555
1 0.923046875 0.9520833333333333 0.015625 0.020833333333333332
1 0.8515625 0.9048611111111111 0.01484375 0.02638888888888889
1 0.876171875 0.9625 0.034375 0.07361111111111111
1 0.817578125 0.7881944444444444 0.01953125 0.034722222222222224
1 0.803125 0.8229166666666666 0.01875 0.03333333333333333
1 0.790625 0.8472222222222222 0.0125 0.030555555555555555
1 0.805859375 0.8798611111111111 0.01875 0.03333333333333333
1 0.81875 0.9125 0.01953125 0.03194444444444444
1 0.821484375 0.8125 0.00859375 0.0125
1 0.744140625 0.8756944444444444 0.01171875 0.016666666666666666
1 0.7265625 0.9138888888888889 0.01953125 0.05694444444444444
1 0.80078125 0.9888888888888889 0.01640625 0.018055555555555554
1 0.7109375 0.24513888888888888 0.04375 0.06666666666666667
1 0.6734375 0.3375 0.0453125 0.0875
1 0.7859375 0.27708333333333335 0.00625 0.015277777777777777
1 0.80859375 0.18333333333333332 0.0109375 0.025
1 0.996875 0.009722222222222222 0.00625 0.019444444444444445
1 0.974609375 0.0798611111111111 0.00546875 0.015277777777777777
1 0.934375 0.004166666666666667 0.0078125 0.008333333333333333
1 0.580078125 0.22361111111111112 0.0109375 0.02638888888888889
1 0.232421875 0.4888888888888889 0.02421875 0.03888888888888889
1 0.58984375 0.6784722222222223 0.009375 0.025
1 0.35546875 0.5979166666666667 0.01484375 0.020833333333333332
1 0.33125 0.23819444444444443 0.00859375 0.015277777777777777
1 0.578515625 0.18055555555555555 0.0140625 0.029166666666666667