1 0.146484375 0.23125 0.028125 0.07361111111111111
1 0.943359375 0.30833333333333335 0.046875 0.11527777777777778
1 0.812890625 0.3770833333333333 0.0390625 0.058333333333333334
1 0.921484375 0.44513888888888886 0.02578125 0.041666666666666664
1 0.9109375 0.6854166666666667 0.04296875 0.041666666666666664
1 0.82421875 0.6444444444444445 0.034375 0.05694444444444444
1 0.728515625 0.6263888888888889 0.03515625 0.07083333333333333
1 0.794140625 0.7333333333333333 0.02890625 0.05138888888888889
1 0.86953125 0.8319444444444445 0.0203125 0.0625
1 0.90625 0.8729166666666667 0.02734375 0.06388888888888888
1 0.782421875 0.95625 0.0578125 0.08611111111111111
1 0.676953125 0.7888888888888889 0.0765625 0.11388888888888889
1 0.601171875 0.675 0.02734375 0.09027777777777778
1 0.65078125 0.6527777777777778 0.0546875 0.10416666666666667
1 0.730859375 0.4375 0.01796875 0.03194444444444444
1 0.715625 0.2548611111111111 0.04765625 0.08472222222222223
1 0.32421875 0.1486111111111111 0.04375 0.05694444444444444
1 0.21015625 0.041666666666666664 0.0203125 0.03194444444444444
1 0.26953125 0.08472222222222223 0.021875 0.03888888888888889
1 0.219140625 0.18055555555555555 0.02578125 0.06527777777777778
1 0.258984375 0.15208333333333332 0.03984375 0.05
1 0.21328125 0.2791666666666667 0.01875 0.03611111111111111
1 0.235546875 0.2965277777777778 0.01875 0.029166666666666667
1 0.201953125 0.60625 0.0203125 0.043055555555555555
1 0.258203125 0.8930555555555556 0.01796875 0.034722222222222224
1 0.822265625 0.8993055555555556 0.021875 0.030555555555555555
1 0.94453125 0.9395833333333333 0.028125 0.058333333333333334
0 0.08515625 0.10138888888888889 0.1703125 0.20277777777777778
0 0.087109375 0.275 0.17421875 0.3888888888888889
0 0.141796875 0.5 0.0984375 0.2791666666666667
0 0.12890625 0.7083333333333334 0.225 0.36527777777777776
0 0.1109375 0.9534722222222223 0.20234375 0.09305555555555556
0 0.6703125 0.15486111111111112 0.24765625 0.2722222222222222
0 0.671875 0.3597222222222222 0.240625 0.37083333333333335
0 0.715625 0.5493055555555556 0.2 0.26805555555555555
0 0.69140625 0.9347222222222222 0.125 0.13055555555555556
1 0.12890625 0.6604166666666667 0.0546875 0.06666666666666667
1 0.16484375 0.6055555555555555 0.0265625 0.044444444444444446
1 0.6765625 0.4666666666666667 0.01953125 0.04027777777777778
1 0.887890625 0.27291666666666664 0.0203125 0.041666666666666664
1 0.994140625 0.16527777777777777 0.01171875 0.05138888888888889
1 0.963671875 0.6909722222222222 0.02890625 0.04583333333333333
1 0.355078125 0.2659722222222222 0.01171875 0.030555555555555555
1 0.289453125 0.7145833333333333 0.01875 0.03888888888888889
1 0.423046875 0.6208333333333333 0.02421875 0.05555555555555555
1 0.349609375 0.29444444444444445 0.0140625 0.022222222222222223
1 0.29609375 0.2604166666666667 0.0171875 0.03611111111111111