1 0.74375 0.9822916666666667 0.0171875 0.035416666666666666
1 0.59375 0.6416666666666667 0.0609375 0.027083333333333334
1 0.48515625 0.6364583333333333 0.03125 0.041666666666666664
1 0.5296875 0.6770833333333334 0.0234375 0.03333333333333333
1 0.33125 0.6354166666666666 0.0390625 0.03125
1 0.2984375 0.7427083333333333 0.0546875 0.05416666666666667
1 0.23046875 0.78125 0.0578125 0.06875
1 0.29296875 0.8333333333333334 0.025 0.027083333333333334
1 0.34140625 0.9208333333333333 0.01875 0.029166666666666667
1 0.5109375 0.9864583333333333 0.0203125 0.027083333333333334
1 0.53671875 0.9375 0.025 0.029166666666666667
1 0.6625 0.9927083333333333 0.0234375 0.014583333333333334
1 0.5609375 0.3302083333333333 0.028125 0.041666666666666664
1 0.54609375 0.375 0.0453125 0.052083333333333336
1 0.53515625 0.44479166666666664 0.0296875 0.03125
1 0.61875 0.4822916666666667 0.03125 0.0375
1 0.85390625 0.8864583333333333 0.0453125 0.04791666666666667
1 0.85 0.9833333333333333 0.0359375 0.03333333333333333
1 0.978125 0.925 0.01875 0.022916666666666665
1 0.93671875 0.7927083333333333 0.0234375 0.01875
1 0.75234375 0.8083333333333333 0.0140625 0.04583333333333333
1 0.70390625 0.8197916666666667 0.0125 0.029166666666666667
1 0.7984375 0.7895833333333333 0.021875 0.022916666666666665
1 0.775 0.696875 0.0203125 0.04375
1 0.69375 0.6697916666666667 0.0328125 0.03333333333333333
1 0.76875 0.6572916666666667 0.015625 0.020833333333333332
1 0.7921875 0.6083333333333333 0.0171875 0.01875
1 0.725 0.5354166666666667 0.0265625 0.03333333333333333
1 0.5359375 0.24791666666666667 0.0734375 0.041666666666666664
1 0.6046875 0.19166666666666668 0.0390625 0.04583333333333333
1 0.73515625 0.134375 0.03125 0.04583333333333333
1 0.7578125 0.05 0.0765625 0.0625
0 0.58671875 0.010416666666666666 0.128125 0.020833333333333332
0 0.46015625 0.9791666666666666 0.0265625 0.041666666666666664
0 0.46796875 0.8010416666666667 0.225 0.13125
1 0.9109375 0.45729166666666665 0.015625 0.022916666666666665
1 0.7515625 0.3770833333333333 0.028125 0.029166666666666667
1 0.77421875 0.3 0.025 0.029166666666666667
1 0.67890625 0.240625 0.021875 0.01875
0 0.4609375 0.4875 0.225 0.14166666666666666
1 0.61953125 0.27395833333333336 0.0125 0.01875
1 0.5078125 0.20208333333333334 0.0203125 0.025
1 0.4234375 0.2375 0.025 0.027083333333333334
1 0.38359375 0.34791666666666665 0.021875 0.03333333333333333
1 0.29140625 0.3958333333333333 0.0140625 0.01875
1 0.32109375 0.503125 0.021875 0.027083333333333334
1 0.4796875 0.5385416666666667 0.015625 0.016666666666666666
1 0.36953125 0.4739583333333333 0.015625 0.01875
1 0.50859375 0.5541666666666667 0.0265625 0.029166666666666667
1 0.303125 0.4583333333333333 0.009375 0.016666666666666666
1 0.340625 0.5791666666666667 0.06875 0.041666666666666664
1 0.1265625 0.7041666666666667 0.0296875 0.0625
1 0.046875 0.7791666666666667 0.021875 0.03958333333333333
1 0.0125 0.90625 0.025 0.04791666666666667
1 0.12578125 0.9604166666666667 0.05 0.07916666666666666
1 0.06015625 0.9739583333333334 0.0171875 0.025
1 0.01796875 0.7270833333333333 0.01875 0.03333333333333333
1 0.0046875 0.628125 0.009375 0.016666666666666666
1 0.0296875 0.6583333333333333 0.0140625 0.01875
1 0.04375 0.55 0.034375 0.035416666666666666
1 0.02109375 0.38125 0.0421875 0.041666666666666664
1 0.2234375 0.34791666666666665 0.040625 0.03333333333333333
1 0.27578125 0.2677083333333333 0.025 0.03125
1 0.1125 0.203125 0.0265625 0.035416666666666666
1 0.165625 0.010416666666666666 0.0203125 0.020833333333333332
1 0.3171875 0.071875 0.0203125 0.022916666666666665
1 0.34609375 0.11666666666666667 0.0453125 0.0375
1 0.475 0.05 0.053125 0.0375
1 0.8125 0.48020833333333335 0.0265625 0.03125
1 0.975 0.47291666666666665 0.0234375 0.01875
1 0.90859375 0.13854166666666667 0.021875 0.035416666666666666
1 0.89375 0.184375 0.015625 0.035416666666666666
1 0.3796875 0.6583333333333333 0.04375 0.041666666666666664
1 0.37890625 0.7260416666666667 0.0265625 0.027083333333333334
1 0.3875 0.8416666666666667 0.0265625 0.025
1 0.53828125 0.7802083333333333 0.0265625 0.027083333333333334
1 0.57109375 0.7979166666666667 0.0234375 0.01875
1 0.50546875 0.8104166666666667 0.015625 0.016666666666666666
1 0.36953125 0.016666666666666666 0.01875 0.03333333333333333
1 0.2109375 0.640625 0.0234375 0.016666666666666666