1 0.7171875 0.703125 0.01875 0.03125
1 0.97109375 0.23541666666666666 0.0140625 0.014583333333333334
1 0.26875 0.8447916666666667 0.0171875 0.0125
0 0.4390625 0.9302083333333333 0.0921875 0.13958333333333334
0 0.4859375 0.6947916666666667 0.15625 0.15625
0 0.459375 0.35208333333333336 0.0921875 0.06875
0 0.44453125 0.15520833333333334 0.16875 0.0625
1 0.059375 0.18854166666666666 0.0203125 0.03125
1 0.18515625 0.12291666666666666 0.021875 0.035416666666666666
1 0.25234375 0.175 0.01875 0.03333333333333333
1 0.2578125 0.21979166666666666 0.015625 0.01875
1 0.34765625 0.221875 0.0265625 0.025
1 0.31953125 0.153125 0.0171875 0.01875
1 0.22890625 0.05520833333333333 0.025 0.027083333333333334
1 0.19765625 0.03333333333333333 0.0171875 0.01875
1 0.175 0.49583333333333335 0.0203125 0.025
1 0.19140625 0.471875 0.0125 0.016666666666666666
1 0.3390625 0.546875 0.0203125 0.025
1 0.34765625 0.484375 0.021875 0.027083333333333334
1 0.38125 0.3697916666666667 0.021875 0.025
1 0.375 0.403125 0.01875 0.01875
1 0.22109375 0.8166666666666667 0.0359375 0.04375
1 0.159375 0.9291666666666667 0.0171875 0.027083333333333334
1 0.359375 0.9510416666666667 0.03125 0.04375
1 0.621875 0.9354166666666667 0.0609375 0.05416666666666667
1 0.41015625 0.6927083333333334 0.0296875 0.035416666666666666
1 0.359375 0.70625 0.01875 0.016666666666666666
1 0.625 0.7458333333333333 0.0265625 0.03333333333333333
1 0.6046875 0.6572916666666667 0.0234375 0.016666666666666666
1 0.75859375 0.634375 0.025 0.04375
1 0.78671875 0.6322916666666667 0.0296875 0.027083333333333334
1 0.6484375 0.5708333333333333 0.028125 0.0375
1 0.7125 0.553125 0.025 0.03333333333333333
1 0.8265625 0.91875 0.0109375 0.014583333333333334
1 0.84765625 0.5489583333333333 0.0125 0.0125
1 0.7625 0.10833333333333334 0.028125 0.025
1 0.6640625 0.040625 0.0203125 0.03125