0 0.828125 0.041666666666666664 0.2546875 0.08333333333333333
1 0.15390625 0.709375 0.0171875 0.022916666666666665
1 0.11640625 0.165625 0.040625 0.0625
1 0.57265625 0.041666666666666664 0.015625 0.03333333333333333
1 0.5109375 0.13020833333333334 0.009375 0.022916666666666665
1 0.5078125 0.22083333333333333 0.01875 0.01875
1 0.36171875 0.17604166666666668 0.0171875 0.022916666666666665
1 0.984375 0.47604166666666664 0.01875 0.022916666666666665
1 0.91171875 0.2552083333333333 0.0171875 0.027083333333333334
1 0.984375 0.4114583333333333 0.0171875 0.025
1 0.99140625 0.259375 0.0171875 0.03125
1 0.8578125 0.13854166666666667 0.0328125 0.04375
1 0.9625 0.11979166666666667 0.040625 0.09583333333333334
1 0.490625 0.534375 0.0109375 0.014583333333333334
1 0.37265625 0.58125 0.0375 0.041666666666666664
1 0.36640625 0.5 0.01875 0.022916666666666665
1 0.00859375 0.7333333333333333 0.0171875 0.020833333333333332
1 0.128125 0.6541666666666667 0.015625 0.01875
1 0.2578125 0.6541666666666667 0.0234375 0.027083333333333334
1 0.3390625 0.7864583333333334 0.0171875 0.020833333333333332
1 0.3703125 0.7885416666666667 0.0296875 0.035416666666666666
1 0.56015625 0.9729166666666667 0.04375 0.041666666666666664
1 0.67890625 0.9135416666666667 0.021875 0.029166666666666667
1 0.5296875 0.8385416666666666 0.03125 0.04791666666666667
1 0.54375 0.865625 0.0296875 0.03958333333333333
1 0.60546875 0.8489583333333334 0.0171875 0.020833333333333332
1 0.58828125 0.8208333333333333 0.0203125 0.03333333333333333
1 0.62421875 0.8177083333333334 0.028125 0.029166666666666667
1 0.84140625 0.8979166666666667 0.0171875 0.025
1 0.8640625 0.875 0.0171875 0.020833333333333332
1 0.83671875 0.7822916666666667 0.025 0.029166666666666667
1 0.7578125 0.7270833333333333 0.0390625 0.09375
1 0.459375 0.73125 0.046875 0.05416666666666667
1 0.44296875 0.6708333333333333 0.0546875 0.075
1 0.4890625 0.6229166666666667 0.0265625 0.0375
1 0.465625 0.6125 0.021875 0.029166666666666667
1 0.5359375 0.5354166666666667 0.0171875 0.016666666666666666
1 0.0359375 0.5208333333333334 0.0203125 0.03125
1 0.2734375 0.46875 0.0375 0.03125
1 0.21796875 0.35208333333333336 0.03125 0.03958333333333333
1 0.39609375 0.503125 0.025 0.029166666666666667
1 0.65859375 0.3145833333333333 0.0328125 0.03125
1 0.41171875 0.38229166666666664 0.0296875 0.041666666666666664
1 0.47265625 0.33645833333333336 0.03125 0.027083333333333334
1 0.49296875 0.26145833333333335 0.0234375 0.029166666666666667
1 0.64296875 0.471875 0.021875 0.020833333333333332
1 0.74765625 0.471875 0.034375 0.0625
1 0.78515625 0.471875 0.0359375 0.0375
1 0.88671875 0.46979166666666666 0.0234375 0.029166666666666667
1 0.8359375 0.3927083333333333 0.01875 0.03333333333333333
1 0.765625 0.32395833333333335 0.034375 0.0375
1 0.89765625 0.11666666666666667 0.01875 0.020833333333333332
1 0.74375 0.253125 0.03125 0.022916666666666665
1 0.67734375 0.18125 0.0234375 0.041666666666666664
1 0.7140625 0.165625 0.025 0.0375
1 0.609375 0.042708333333333334 0.028125 0.041666666666666664
1 0.33984375 0.03333333333333333 0.025 0.035416666666666666
1 0.32109375 0.05520833333333333 0.025 0.041666666666666664
0 0.521875 0.9760416666666667 0.046875 0.04791666666666667
0 0.57734375 0.678125 0.296875 0.50625
0 0.671875 0.45416666666666666 0.590625 0.27708333333333335
0 0.6 0.225 0.1890625 0.45