1 0.254296875 0.30833333333333335 0.02890625 0.06527777777777778
1 0.84375 0.5534722222222223 0.01328125 0.018055555555555554
1 0.720703125 0.3909722222222222 0.02265625 0.034722222222222224
1 0.840625 0.014583333333333334 0.01875 0.029166666666666667
1 0.8546875 0.12777777777777777 0.01328125 0.015277777777777777
0 0.1265625 0.12777777777777777 0.13203125 0.25555555555555554
0 0.675 0.28402777777777777 0.18671875 0.5638888888888889
1 0.817578125 0.21597222222222223 0.028125 0.05277777777777778
1 0.896484375 0.8305555555555556 0.02421875 0.05277777777777778
1 0.812890625 0.9826388888888888 0.01640625 0.034722222222222224
0 0.71328125 0.4930555555555556 0.24921875 0.44166666666666665
0 0.60078125 0.7041666666666667 0.22421875 0.3263888888888889
0 0.723828125 0.9215277777777777 0.2140625 0.15694444444444444
0 0.10078125 0.8979166666666667 0.19921875 0.20416666666666666
0 0.1265625 0.6597222222222222 0.10390625 0.5263888888888889
0 0.116015625 0.43472222222222223 0.18671875 0.30694444444444446
0 0.09140625 0.2298611111111111 0.178125 0.4597222222222222
1 0.9890625 0.9430555555555555 0.021875 0.06527777777777778
1 0.954296875 0.8291666666666667 0.01875 0.03194444444444444
1 0.653125 0.6513888888888889 0.05390625 0.08472222222222223
1 0.590234375 0.6125 0.02109375 0.041666666666666664
1 0.476171875 0.44513888888888886 0.0140625 0.02361111111111111
1 0.443359375 0.4618055555555556 0.03125 0.07222222222222222
1 0.57109375 0.47847222222222224 0.0265625 0.0763888888888889
1 0.58125 0.36319444444444443 0.01484375 0.03333333333333333
1 0.6015625 0.24375 0.0140625 0.025
1 0.645703125 0.14652777777777778 0.021875 0.04861111111111111
1 0.62265625 0.15416666666666667 0.01640625 0.029166666666666667
1 0.57421875 0.20972222222222223 0.01484375 0.020833333333333332
1 0.51484375 0.23819444444444443 0.0140625 0.013888888888888888
1 0.491796875 0.30694444444444446 0.02109375 0.029166666666666667
1 0.47734375 0.35694444444444445 0.053125 0.10416666666666667
1 0.3921875 0.3472222222222222 0.034375 0.06805555555555555
1 0.426171875 0.3055555555555556 0.03515625 0.07361111111111111
1 0.466796875 0.2548611111111111 0.0109375 0.02638888888888889
1 0.51640625 0.15555555555555556 0.0234375 0.04583333333333333
1 0.4703125 0.025 0.0265625 0.05
1 0.447265625 0.11875 0.03203125 0.06666666666666667
1 0.33359375 0.02361111111111111 0.01015625 0.020833333333333332
1 0.2765625 0.06666666666666667 0.0234375 0.05416666666666667
1 0.25078125 0.05347222222222222 0.01953125 0.029166666666666667
1 0.24140625 0.19236111111111112 0.01796875 0.034722222222222224
1 0.9984375 0.8159722222222222 0.003125 0.0125
1 0.12734375 0.4722222222222222 0.01875 0.03194444444444444
1 0.087109375 0.8333333333333334 0.03515625 0.05277777777777778
1 0.053125 0.8770833333333333 0.040625 0.059722222222222225
1 0.04140625 0.9326388888888889 0.0375 0.05694444444444444
1 0.194921875 0.7701388888888889 0.02109375 0.03194444444444444
1 0.251953125 0.5840277777777778 0.01953125 0.03888888888888889
1 0.196875 0.6048611111111111 0.025 0.09305555555555556
1 0.18671875 0.5270833333333333 0.0078125 0.013888888888888888
1 0.246484375 0.41944444444444445 0.02890625 0.04722222222222222
1 0.228125 0.3798611111111111 0.0125 0.030555555555555555
1 0.203125 0.31666666666666665 0.028125 0.04583333333333333
1 0.687109375 0.5263888888888889 0.0375 0.04722222222222222
1 0.99140625 0.3194444444444444 0.0171875 0.0375
1 0.3453125 0.5125 0.009375 0.015277777777777777