1 0.920703125 0.9479166666666666 0.01953125 0.027777777777777776
1 0.7484375 0.7534722222222222 0.028125 0.05
1 0.94921875 0.7125 0.03359375 0.05555555555555555
1 0.817578125 0.40069444444444446 0.03046875 0.0763888888888889
1 0.165234375 0.18611111111111112 0.01796875 0.03194444444444444
1 0.608203125 0.8319444444444445 0.02421875 0.04722222222222222
1 0.65625 0.6138888888888889 0.03828125 0.044444444444444446
0 0.181640625 0.9694444444444444 0.07578125 0.058333333333333334
1 0.84375 0.8548611111111111 0.0109375 0.022222222222222223
1 0.5 0.18541666666666667 0.01171875 0.019444444444444445
1 0.158984375 0.33055555555555555 0.009375 0.018055555555555554
1 0.294140625 0.5027777777777778 0.0125 0.018055555555555554
1 0.105859375 0.8666666666666667 0.0140625 0.025
1 0.987109375 0.3423611111111111 0.0140625 0.025
1 0.20078125 0.1673611111111111 0.01171875 0.027777777777777776
1 0.030859375 0.19375 0.0125 0.0375
1 0.14375 0.2513888888888889 0.0140625 0.02638888888888889
1 0.125 0.8590277777777777 0.01484375 0.03611111111111111
1 0.544921875 0.36944444444444446 0.0125 0.022222222222222223
1 0.266796875 0.49930555555555556 0.015625 0.03194444444444444
1 0.86953125 0.9763888888888889 0.0203125 0.0375
1 0.2734375 0.5861111111111111 0.01484375 0.02638888888888889
1 0.0921875 0.6680555555555555 0.02109375 0.03194444444444444
1 0.436328125 0.06736111111111111 0.03046875 0.03333333333333333
1 0.876171875 0.43194444444444446 0.01953125 0.03333333333333333
1 0.7828125 0.15486111111111112 0.01953125 0.03611111111111111
1 0.321875 0.95625 0.01484375 0.03194444444444444
1 0.72578125 0.8861111111111111 0.02109375 0.03333333333333333
1 0.6453125 0.09722222222222222 0.0125 0.03194444444444444
1 0.0671875 0.7770833333333333 0.015625 0.043055555555555555
1 0.215625 0.4215277777777778 0.01640625 0.034722222222222224
1 0.979296875 0.10972222222222222 0.01875 0.030555555555555555
1 0.54296875 0.04513888888888889 0.025 0.04861111111111111
1 0.17578125 0.6034722222222222 0.0234375 0.04027777777777778
1 0.9625 0.4895833333333333 0.02578125 0.05555555555555555
1 0.2953125 0.47291666666666665 0.0140625 0.02638888888888889
1 0.11484375 0.07916666666666666 0.0203125 0.03888888888888889
1 0.240625 0.8979166666666667 0.01640625 0.02638888888888889
1 0.110546875 0.3909722222222222 0.0203125 0.03611111111111111
1 0.97734375 0.9791666666666666 0.0234375 0.03611111111111111
1 0.198046875 0.48541666666666666 0.01484375 0.030555555555555555
1 0.712890625 0.2520833333333333 0.0265625 0.03888888888888889
0 0.127734375 0.027777777777777776 0.06640625 0.05416666666666667
1 0.91640625 0.6881944444444444 0.028125 0.04583333333333333
1 0.8390625 0.19027777777777777 0.0203125 0.04722222222222222
1 0.86953125 0.5902777777777778 0.03515625 0.0875
1 0.243359375 0.6604166666666667 0.02578125 0.04027777777777778
0 0.6625 0.12222222222222222 0.146875 0.24305555555555555
0 0.6859375 0.24583333333333332 0.1984375 0.49166666666666664
0 0.102734375 0.7326388888888888 0.20546875 0.5347222222222222
1 0.11484375 0.5034722222222222 0.059375 0.09861111111111111
0 0.13359375 0.2569444444444444 0.121875 0.5125
0 0.725390625 0.4152777777777778 0.20625 0.5472222222222223
1 0.569140625 0.7055555555555556 0.04609375 0.08194444444444444
1 0.778125 0.5291666666666667 0.02109375 0.03888888888888889
1 0.821484375 0.13194444444444445 0.03671875 0.08055555555555556
1 0.198828125 0.2881944444444444 0.04765625 0.10833333333333334
1 0.1265625 0.9819444444444444 0.028125 0.03194444444444444
1 0.54140625 0.21666666666666667 0.01953125 0.03888888888888889
1 0.666796875 0.6958333333333333 0.0234375 0.05694444444444444
1 0.071484375 0.33055555555555555 0.01796875 0.044444444444444446
1 0.121484375 0.12569444444444444 0.0234375 0.03611111111111111
0 0.1640625 0.8763888888888889 0.0671875 0.24027777777777778
1 0.948046875 0.06111111111111111 0.01640625 0.03194444444444444
1 0.2703125 0.07361111111111111 0.028125 0.04027777777777778
1 0.161328125 0.50625 0.02265625 0.03611111111111111
1 0.761328125 0.30486111111111114 0.02265625 0.043055555555555555
1 0.23046875 0.8298611111111112 0.02734375 0.06666666666666667
1 0.134375 0.9416666666666667 0.0171875 0.030555555555555555
1 0.948828125 0.2298611111111111 0.03359375 0.05277777777777778
1 0.900390625 0.6277777777777778 0.025 0.058333333333333334
1 0.89296875 0.8854166666666666 0.025 0.0375