1 0.763671875 0.2986111111111111 0.0125 0.019444444444444445
1 0.04765625 0.6833333333333333 0.00859375 0.013888888888888888
0 0.08984375 0.9215277777777777 0.1796875 0.15694444444444444
0 0.123046875 0.8173611111111111 0.12734375 0.3611111111111111
0 0.09296875 0.58125 0.1578125 0.3388888888888889
0 0.0984375 0.2826388888888889 0.17265625 0.2972222222222222
0 0.10625 0.16527777777777777 0.20078125 0.32916666666666666
0 0.626953125 0.3375 0.25234375 0.3736111111111111
0 0.6484375 0.13125 0.17578125 0.2625
0 0.676953125 0.44722222222222224 0.1515625 0.6277777777777778
0 0.696484375 0.7236111111111111 0.1640625 0.5458333333333333
0 0.65078125 0.9041666666666667 0.103125 0.19166666666666668
1 0.034765625 0.08541666666666667 0.0078125 0.008333333333333333
1 0.016015625 0.0375 0.0078125 0.016666666666666666
1 0.072265625 0.22708333333333333 0.0078125 0.015277777777777777
1 0.26328125 0.04097222222222222 0.00625 0.009722222222222222
1 0.308203125 0.09861111111111111 0.01015625 0.02361111111111111
1 0.980859375 0.34444444444444444 0.01328125 0.02361111111111111
1 0.284765625 0.6881944444444444 0.02109375 0.03194444444444444
1 0.28203125 0.7354166666666667 0.0140625 0.0375
1 0.226953125 0.9173611111111111 0.01640625 0.034722222222222224
1 0.1828125 0.8819444444444444 0.015625 0.03194444444444444
1 0.236328125 0.7888888888888889 0.02578125 0.05138888888888889
1 0.211328125 0.7868055555555555 0.0109375 0.022222222222222223
1 0.19765625 0.7680555555555556 0.00625 0.020833333333333332
1 0.173828125 0.8034722222222223 0.0140625 0.03611111111111111
1 0.152734375 0.7666666666666667 0.0203125 0.041666666666666664
1 0.169140625 0.19791666666666666 0.0140625 0.030555555555555555
1 0.154296875 0.07361111111111111 0.0203125 0.0375
1 0.1890625 0.021527777777777778 0.02421875 0.043055555555555555
1 0.209375 0.09375 0.01875 0.03888888888888889
1 0.289453125 0.45694444444444443 0.03359375 0.04583333333333333
1 0.333984375 0.40347222222222223 0.04765625 0.07777777777777778
1 0.581640625 0.6479166666666667 0.0234375 0.03611111111111111
1 0.712109375 0.7284722222222222 0.01015625 0.015277777777777777
1 0.694921875 0.7923611111111111 0.0140625 0.034722222222222224
1 0.601953125 0.8090277777777778 0.0171875 0.02638888888888889
1 0.98203125 0.7611111111111111 0.0125 0.0125
1 0.993359375 0.9166666666666666 0.01328125 0.0375
1 0.84453125 0.9409722222222222 0.01328125 0.019444444444444445
1 0.816015625 0.9256944444444445 0.00859375 0.018055555555555554
1 0.86796875 0.9222222222222223 0.01484375 0.044444444444444446
1 0.90546875 0.8944444444444445 0.0171875 0.03194444444444444
1 0.957421875 0.8388888888888889 0.02890625 0.044444444444444446
1 0.9484375 0.5152777777777777 0.02109375 0.02638888888888889
1 0.975390625 0.4791666666666667 0.03046875 0.06527777777777778
1 0.952734375 0.4465277777777778 0.01484375 0.022222222222222223
1 0.97109375 0.6319444444444444 0.01796875 0.029166666666666667
1 0.874609375 0.71875 0.01328125 0.020833333333333332
1 0.855859375 0.6868055555555556 0.0140625 0.025
1 0.741796875 0.6743055555555556 0.03046875 0.0375
1 0.792578125 0.5388888888888889 0.01953125 0.03888888888888889
1 0.62421875 0.4215277777777778 0.015625 0.03194444444444444
1 0.773828125 0.32083333333333336 0.01328125 0.020833333333333332
1 0.723828125 0.2777777777777778 0.0265625 0.044444444444444446
1 0.803125 0.2611111111111111 0.03359375 0.08194444444444444
1 0.985546875 0.15763888888888888 0.0203125 0.03194444444444444
1 0.8953125 0.014583333333333334 0.02109375 0.029166666666666667
1 0.808984375 0.027083333333333334 0.0125 0.027777777777777776
1 0.649609375 0.15763888888888888 0.025 0.043055555555555555
1 0.74375 0.11944444444444445 0.0125 0.02638888888888889
1 0.71015625 0.08402777777777778 0.015625 0.018055555555555554
1 0.790234375 0.06458333333333334 0.02109375 0.027777777777777776
1 0.7515625 0.011805555555555555 0.01640625 0.02361111111111111