1 0.83671875 0.30520833333333336 0.0515625 0.04375
1 0.84375 0.23854166666666668 0.034375 0.058333333333333334
1 0.85859375 0.19479166666666667 0.034375 0.022916666666666665
1 0.9078125 0.18229166666666666 0.034375 0.058333333333333334
1 0.8796875 0.171875 0.015625 0.020833333333333332
1 0.93203125 0.221875 0.0171875 0.022916666666666665
1 0.95625 0.225 0.015625 0.029166666666666667
1 0.978125 0.20208333333333334 0.01875 0.03333333333333333
1 0.88203125 0.2760416666666667 0.021875 0.035416666666666666
1 0.9296875 0.11979166666666667 0.0375 0.03958333333333333
1 0.9421875 0.029166666666666667 0.0265625 0.041666666666666664
1 0.95078125 0.43020833333333336 0.05 0.06666666666666667
1 0.925 0.4625 0.025 0.029166666666666667
1 0.89375 0.428125 0.01875 0.025
1 0.984375 0.4552083333333333 0.0109375 0.022916666666666665
1 0.99140625 0.4895833333333333 0.0171875 0.027083333333333334
1 0.99296875 0.5239583333333333 0.0140625 0.01875
1 0.7546875 0.3802083333333333 0.0453125 0.0375
1 0.496875 0.36666666666666664 0.1078125 0.15833333333333333
1 0.67109375 0.434375 0.04375 0.09375
1 0.63984375 0.45208333333333334 0.0265625 0.0375
1 0.72578125 0.5135416666666667 0.0203125 0.020833333333333332
1 0.7703125 0.46145833333333336 0.0703125 0.06666666666666667
1 0.8046875 0.54375 0.0140625 0.01875
1 0.7796875 0.51875 0.028125 0.041666666666666664
1 0.75546875 0.6333333333333333 0.01875 0.03333333333333333
1 0.7171875 0.8791666666666667 0.021875 0.03125
1 0.70546875 0.7802083333333333 0.0265625 0.03333333333333333
1 0.63984375 0.7895833333333333 0.0171875 0.016666666666666666
1 0.6109375 0.7916666666666666 0.0171875 0.022916666666666665
1 0.5890625 0.559375 0.0203125 0.0375
1 0.521875 0.5854166666666667 0.0359375 0.04583333333333333
1 0.4453125 0.5302083333333333 0.01875 0.029166666666666667
1 0.48671875 0.69375 0.025 0.041666666666666664
0 0.4734375 0.9833333333333333 0.1421875 0.03333333333333333
0 0.43828125 0.8135416666666667 0.1671875 0.3729166666666667
0 0.3984375 0.04791666666666667 0.190625 0.09583333333333334
0 0.38125 0.215625 0.2625 0.2708333333333333
0 0.4375 0.4875 0.1671875 0.27291666666666664
1 0.25 0.2 0.046875 0.04791666666666667
1 0.1671875 0.11875 0.0265625 0.03333333333333333
1 0.13515625 0.12604166666666666 0.034375 0.06875
1 0.1078125 0.10208333333333333 0.0203125 0.027083333333333334
1 0.134375 0.053125 0.0453125 0.058333333333333334
1 0.00859375 0.16458333333333333 0.0171875 0.035416666666666666
1 0.07109375 0.12916666666666668 0.0421875 0.05416666666666667
1 0.0375 0.10625 0.0328125 0.03125
1 0.02890625 0.058333333333333334 0.040625 0.0375
1 0.00390625 0.04583333333333333 0.0078125 0.022916666666666665
1 0.0046875 0.007291666666666667 0.009375 0.014583333333333334
1 0.20078125 0.6375 0.028125 0.020833333333333332
1 0.12421875 0.5458333333333333 0.015625 0.025
1 0.684375 0.3229166666666667 0.0171875 0.020833333333333332
1 0.68515625 0.365625 0.015625 0.022916666666666665
1 0.78125 0.40520833333333334 0.01875 0.01875
1 0.228125 0.7041666666666667 0.0421875 0.07291666666666667
1 0.371875 0.78125 0.0125 0.027083333333333334
1 0.384375 0.86875 0.021875 0.029166666666666667
1 0.4171875 0.23854166666666668 0.0921875 0.10208333333333333
1 0.4703125 0.14479166666666668 0.0265625 0.06666666666666667
1 0.503125 0.15 0.0453125 0.058333333333333334
1 0.52109375 0.25 0.0515625 0.09791666666666667
1 0.6125 0.225 0.06875 0.07291666666666667
1 0.27109375 0.69375 0.0421875 0.04583333333333333
1 0.26328125 0.6416666666666667 0.0515625 0.04583333333333333
1 0.3203125 0.5979166666666667 0.03125 0.03125
1 0.2921875 0.51875 0.0484375 0.07708333333333334
1 0.01171875 0.8354166666666667 0.0234375 0.022916666666666665
1 0.03046875 0.990625 0.0171875 0.01875
1 0.003125 0.9833333333333333 0.00625 0.029166666666666667
1 0.04921875 0.9625 0.0140625 0.020833333333333332
1 0.2484375 0.9895833333333334 0.03125 0.020833333333333332
1 0.3328125 0.9875 0.0234375 0.025
1 0.4046875 0.9885416666666667 0.0265625 0.022916666666666665
1 0.5234375 0.9447916666666667 0.034375 0.06666666666666667
1 0.4859375 0.9677083333333333 0.0453125 0.052083333333333336
1 0.453125 0.9677083333333333 0.015625 0.029166666666666667
1 0.56171875 0.90625 0.034375 0.0375
1 0.59453125 0.9322916666666666 0.0171875 0.035416666666666666
1 0.6390625 0.8885416666666667 0.028125 0.035416666666666666
1 0.76953125 0.8135416666666667 0.0234375 0.04583333333333333
1 0.80078125 0.875 0.1140625 0.11458333333333333
1 0.8609375 0.915625 0.021875 0.058333333333333334
1 0.8015625 0.9604166666666667 0.0390625 0.04791666666666667
1 0.871875 0.9791666666666666 0.0203125 0.03333333333333333
1 0.97265625 0.8583333333333333 0.0546875 0.1125
1 0.93515625 0.8364583333333333 0.025 0.03958333333333333
1 0.8953125 0.8572916666666667 0.021875 0.01875
1 0.9109375 0.8989583333333333 0.0265625 0.03125
1 0.93203125 0.7833333333333333 0.0578125 0.052083333333333336
1 0.8515625 0.7645833333333333 0.0296875 0.0375
1 0.8734375 0.6208333333333333 0.0390625 0.06458333333333334
1 0.91171875 0.6677083333333333 0.04375 0.1
1 0.9671875 0.5864583333333333 0.0453125 0.04583333333333333
1 0.928125 0.5760416666666667 0.028125 0.029166666666666667
1 0.65703125 0.24375 0.028125 0.05416666666666667
1 0.93359375 0.6145833333333334 0.028125 0.029166666666666667
1 0.80859375 0.65625 0.0484375 0.05
1 0.778125 0.6822916666666666 0.0234375 0.029166666666666667
1 0.6359375 0.628125 0.0625 0.11666666666666667
1 0.6765625 0.6395833333333333 0.0609375 0.08125
1 0.5609375 0.7135416666666666 0.0609375 0.075
1 0.45625 0.778125 0.0328125 0.041666666666666664
1 0.4859375 0.75 0.034375 0.03958333333333333
1 0.47109375 0.8833333333333333 0.0578125 0.0625
1 0.46328125 0.8270833333333333 0.0359375 0.035416666666666666
1 0.746875 0.30520833333333336 0.03125 0.035416666666666666
1 0.71015625 0.303125 0.0328125 0.041666666666666664
1 0.77890625 0.30104166666666665 0.028125 0.035416666666666666
1 0.759375 0.2635416666666667 0.03125 0.03958333333333333
1 0.803125 0.240625 0.0328125 0.06666666666666667
1 0.75625 0.17916666666666667 0.0484375 0.09375
1 0.71875 0.15625 0.01875 0.03333333333333333
1 0.6875 0.22083333333333333 0.03125 0.0375
1 0.61328125 0.14375 0.0109375 0.014583333333333334
1 0.48515625 0.084375 0.040625 0.052083333333333336
1 0.5578125 0.09479166666666666 0.05625 0.0625
1 0.56875 0.046875 0.0484375 0.04791666666666667
1 0.640625 0.078125 0.025 0.035416666666666666
1 0.63984375 0.010416666666666666 0.025 0.020833333333333332
1 0.56484375 0.004166666666666667 0.040625 0.008333333333333333
1 0.825 0.008333333333333333 0.034375 0.016666666666666666
1 0.98671875 0.065625 0.0265625 0.03958333333333333
1 0.9921875 0.027083333333333334 0.015625 0.029166666666666667
1 0.9 0.029166666666666667 0.0578125 0.058333333333333334
1 0.8796875 0.10833333333333334 0.075 0.09166666666666666
1 0.8359375 0.090625 0.0359375 0.05416666666666667
1 0.80703125 0.08645833333333333 0.028125 0.022916666666666665
1 0.85703125 0.046875 0.03125 0.03958333333333333
1 0.78203125 0.12395833333333334 0.0359375 0.05
1 0.74296875 0.1 0.028125 0.04375
1 0.5828125 0.30104166666666665 0.0765625 0.07083333333333333
1 0.6984375 0.10833333333333334 0.040625 0.05
1 0.03828125 0.31979166666666664 0.0703125 0.14791666666666667
1 0.08984375 0.365625 0.0296875 0.03125
1 0.153125 0.3177083333333333 0.05625 0.09375
1 0.1390625 0.3958333333333333 0.0375 0.07083333333333333
1 0.19765625 0.39375 0.0765625 0.09375
1 0.19296875 0.2625 0.0484375 0.041666666666666664
1 0.1984375 0.3104166666666667 0.0234375 0.035416666666666666
1 0.13515625 0.46458333333333335 0.0609375 0.04791666666666667
1 0.17578125 0.49166666666666664 0.0234375 0.03125
1 0.178125 0.55 0.0515625 0.05625
1 0.0109375 0.51875 0.021875 0.027083333333333334
1 0.0203125 0.56875 0.040625 0.06041666666666667
1 0.18984375 0.7458333333333333 0.06875 0.06458333333333334