1 0.679296875 0.88125 0.03203125 0.05138888888888889
1 0.860546875 0.06736111111111111 0.025 0.0625
1 0.9 0.04097222222222222 0.0125 0.029166666666666667
1 0.895703125 0.009722222222222222 0.01640625 0.019444444444444445
1 0.930859375 0.10833333333333334 0.0109375 0.02638888888888889
1 0.9140625 0.12152777777777778 0.0125 0.025
1 0.90078125 0.24861111111111112 0.0125 0.029166666666666667
1 0.926171875 0.2722222222222222 0.0296875 0.03611111111111111
1 0.967578125 0.2423611111111111 0.01484375 0.022222222222222223
1 0.975 0.07013888888888889 0.01328125 0.025
1 0.948828125 0.006944444444444444 0.0140625 0.013888888888888888
1 0.88203125 0.32083333333333336 0.01171875 0.04027777777777778
1 0.915234375 0.675 0.0078125 0.019444444444444445
1 0.772265625 0.7854166666666667 0.01953125 0.030555555555555555
1 0.696484375 0.6222222222222222 0.02265625 0.04722222222222222
1 0.680859375 0.675 0.0453125 0.08611111111111111
1 0.690234375 0.74375 0.05625 0.0625
1 0.605078125 0.6701388888888888 0.015625 0.015277777777777777
1 0.43125 0.08194444444444444 0.01328125 0.03194444444444444
1 0.5890625 0.07847222222222222 0.0171875 0.027777777777777776
1 0.443359375 0.3840277777777778 0.01171875 0.018055555555555554
1 0.962890625 0.9659722222222222 0.01328125 0.027777777777777776
1 0.99609375 0.9944444444444445 0.0078125 0.011111111111111112
1 0.770703125 0.8569444444444444 0.01015625 0.018055555555555554
1 0.827734375 0.8930555555555556 0.00703125 0.0125
1 0.70859375 0.5694444444444444 0.0171875 0.022222222222222223
1 0.562109375 0.43125 0.0109375 0.016666666666666666
1 0.603125 0.5041666666666667 0.01171875 0.018055555555555554
1 0.61171875 0.5680555555555555 0.0453125 0.08472222222222223
1 0.62734375 0.5111111111111111 0.021875 0.05
1 0.71484375 0.44027777777777777 0.0296875 0.04027777777777778
1 0.82421875 0.3819444444444444 0.015625 0.03888888888888889
1 0.983984375 0.34791666666666665 0.03203125 0.05138888888888889
1 0.97421875 0.4361111111111111 0.015625 0.029166666666666667
1 0.8140625 0.1361111111111111 0.01640625 0.027777777777777776
1 0.755078125 0.12013888888888889 0.0125 0.029166666666666667
1 0.687890625 0.12013888888888889 0.021875 0.02638888888888889
1 0.731640625 0.25277777777777777 0.01328125 0.029166666666666667
1 0.642578125 0.19583333333333333 0.01484375 0.03194444444444444
1 0.614453125 0.23125 0.02421875 0.04861111111111111
1 0.562890625 0.33958333333333335 0.0265625 0.058333333333333334
1 0.68359375 0.3840277777777778 0.02421875 0.03194444444444444
1 0.55234375 0.4965277777777778 0.01328125 0.015277777777777777
1 0.64140625 0.4534722222222222 0.025 0.06805555555555555
0 0.737890625 0.16041666666666668 0.18515625 0.32083333333333336
0 0.65 0.34375 0.30234375 0.24166666666666667
0 0.659765625 0.56875 0.24140625 0.1375
0 0.7046875 0.8159722222222222 0.221875 0.1625
0 0.73984375 0.9576388888888889 0.1671875 0.08472222222222223
0 0.12421875 0.7430555555555556 0.1421875 0.4597222222222222
0 0.137109375 0.5888888888888889 0.0890625 0.24861111111111112
0 0.140234375 0.3229166666666667 0.1171875 0.41944444444444445
0 0.1484375 0.08541666666666667 0.1734375 0.1
1 0.235546875 0.5638888888888889 0.04765625 0.1736111111111111
1 0.1921875 0.5333333333333333 0.01953125 0.034722222222222224
1 0.20078125 0.5902777777777778 0.01640625 0.02361111111111111
1 0.18046875 0.6625 0.0140625 0.02638888888888889
1 0.2328125 0.7340277777777777 0.03671875 0.04722222222222222
1 0.24375 0.79375 0.01328125 0.025
1 0.219140625 0.8541666666666666 0.0125 0.02638888888888889
1 0.167578125 0.9027777777777778 0.0296875 0.05277777777777778
1 0.25703125 0.9027777777777778 0.01640625 0.04722222222222222
1 0.100390625 0.4875 0.01171875 0.029166666666666667
1 0.1125 0.55 0.0125 0.03611111111111111
1 0.142578125 0.5333333333333333 0.0203125 0.04583333333333333
1 0.21953125 0.33611111111111114 0.01484375 0.03333333333333333
1 0.246484375 0.2548611111111111 0.034375 0.05416666666666667
1 0.2875 0.18263888888888888 0.02578125 0.059722222222222225
1 0.290625 0.2423611111111111 0.01171875 0.030555555555555555
1 0.308203125 0.29930555555555555 0.02421875 0.02638888888888889
1 0.180859375 0.22569444444444445 0.015625 0.034722222222222224
1 0.221484375 0.14652777777777778 0.01484375 0.034722222222222224
1 0.166015625 0.15069444444444444 0.01953125 0.03888888888888889
1 0.1859375 0.16527777777777777 0.01015625 0.02361111111111111
1 0.2359375 0.08958333333333333 0.03515625 0.05694444444444444
1 0.221484375 0.0125 0.02109375 0.025
1 0.29609375 0.01875 0.01328125 0.0375
1 0.262109375 0.4041666666666667 0.0125 0.015277777777777777
1 0.175390625 0.4847222222222222 0.01484375 0.03611111111111111
1 0.68359375 0.8243055555555555 0.0203125 0.059722222222222225
1 0.7015625 0.8875 0.02265625 0.09305555555555556
1 0.70703125 0.8131944444444444 0.01484375 0.022222222222222223
1 0.7390625 0.8368055555555556 0.01796875 0.043055555555555555
1 0.727734375 0.8840277777777777 0.01953125 0.03194444444444444
1 0.71796875 0.9104166666666667 0.01015625 0.025
1 0.790625 0.9826388888888888 0.03359375 0.034722222222222224
1 0.833984375 0.95625 0.01875 0.04861111111111111
1 0.796875 0.9125 0.0078125 0.022222222222222223
1 0.928515625 0.85625 0.03359375 0.05277777777777778
1 0.884765625 0.8256944444444444 0.02109375 0.0375
1 0.91484375 0.7673611111111112 0.0203125 0.043055555555555555
1 0.959765625 0.7604166666666666 0.03046875 0.034722222222222224
1 0.899609375 0.6152777777777778 0.0265625 0.05277777777777778
1 0.954296875 0.6 0.03125 0.04583333333333333
1 0.990234375 0.6145833333333334 0.01015625 0.020833333333333332
1 0.9953125 0.6388888888888888 0.009375 0.013888888888888888
1 0.8125 0.6236111111111111 0.0125 0.022222222222222223
1 0.86640625 0.5277777777777778 0.01953125 0.05555555555555555
1 0.884765625 0.5326388888888889 0.0171875 0.0375
1 0.887890625 0.4777777777777778 0.01875 0.04583333333333333
1 0.937109375 0.3972222222222222 0.03515625 0.08055555555555556
1 0.884765625 0.1638888888888889 0.021875 0.041666666666666664