1 0.66171875 0.371875 0.021875 0.022916666666666665
1 0.5578125 0.3541666666666667 0.0328125 0.025
1 0.41015625 0.4395833333333333 0.0234375 0.01875
1 0.7625 0.46145833333333336 0.0296875 0.016666666666666666
1 0.6203125 0.6541666666666667 0.0265625 0.04791666666666667
1 0.284375 0.13854166666666667 0.0171875 0.014583333333333334
1 0.2859375 0.08645833333333333 0.01875 0.025
1 0.434375 0.30416666666666664 0.028125 0.027083333333333334
1 0.46875 0.18541666666666667 0.021875 0.025
1 0.76171875 0.18125 0.0421875 0.0375
1 0.89375 0.3572916666666667 0.028125 0.022916666666666665
1 0.29453125 0.7822916666666667 0.0421875 0.04583333333333333
1 0.175 0.521875 0.0265625 0.020833333333333332
1 0.53046875 0.5520833333333334 0.040625 0.05625
1 0.9859375 0.3385416666666667 0.028125 0.035416666666666666
1 0.38203125 0.39375 0.0203125 0.020833333333333332
1 0.1125 0.5145833333333333 0.028125 0.025
1 0.828125 0.8020833333333334 0.0234375 0.03125
1 0.85546875 0.8114583333333333 0.025 0.03125
1 0.8265625 0.15 0.05 0.03333333333333333
1 0.69296875 0.29583333333333334 0.03125 0.029166666666666667
1 0.68671875 0.346875 0.0171875 0.025
1 0.86640625 0.4947916666666667 0.034375 0.029166666666666667
1 0.71640625 0.06145833333333333 0.0359375 0.03125
1 0.76171875 0.4 0.03125 0.0375
1 0.734375 0.31875 0.0265625 0.025
1 0.78671875 0.21145833333333333 0.0203125 0.029166666666666667
1 0.5796875 0.9052083333333333 0.015625 0.0375
1 0.85859375 0.058333333333333334 0.025 0.05625
1 0.89453125 0.6125 0.096875 0.21041666666666667
0 0.51484375 0.9635416666666666 0.2234375 0.07291666666666667
0 0.59140625 0.684375 0.2375 0.15416666666666667
1 0.7265625 0.49166666666666664 0.021875 0.022916666666666665
1 0.43671875 0.9145833333333333 0.03125 0.05416666666666667
1 0.43671875 0.8260416666666667 0.028125 0.020833333333333332
1 0.3984375 0.9479166666666666 0.028125 0.03125
1 0.540625 0.7614583333333333 0.0390625 0.04583333333333333
1 0.76015625 0.9604166666666667 0.028125 0.04583333333333333
1 0.80078125 0.75 0.05625 0.041666666666666664
1 0.76875 0.8416666666666667 0.028125 0.04375
1 0.80703125 0.5822916666666667 0.0375 0.06666666666666667
1 0.7109375 0.5375 0.025 0.03125
1 0.77578125 0.0625 0.0234375 0.035416666666666666
1 0.5453125 0.14583333333333334 0.03125 0.035416666666666666
1 0.5625 0.007291666666666667 0.028125 0.014583333333333334
1 0.70859375 0.10729166666666666 0.021875 0.029166666666666667
1 0.4 0.009375 0.021875 0.01875
1 0.3390625 0.8854166666666666 0.0265625 0.022916666666666665
1 0.8203125 0.3072916666666667 0.0171875 0.020833333333333332
1 0.87265625 0.19791666666666666 0.0625 0.075
0 0.58203125 0.4041666666666667 0.284375 0.14791666666666667
0 0.615625 0.20520833333333333 0.078125 0.24375