1 0.43515625 0.6451388888888889 0.01328125 0.027777777777777776
1 0.378515625 0.6277777777777778 0.0546875 0.05416666666666667
1 0.1640625 0.5701388888888889 0.02265625 0.03333333333333333
0 0.152734375 0.9763888888888889 0.05546875 0.04722222222222222
0 0.1171875 0.5090277777777777 0.10859375 0.4930555555555556
1 0.465234375 0.6569444444444444 0.03671875 0.06388888888888888
1 0.213671875 0.6263888888888889 0.0125 0.03194444444444444
1 0.166015625 0.27152777777777776 0.0328125 0.05
0 0.609765625 0.07916666666666666 0.2328125 0.15833333333333333
0 0.088671875 0.18194444444444444 0.17734375 0.3638888888888889
1 0.51796875 0.36736111111111114 0.01640625 0.027777777777777776
0 0.609765625 0.28888888888888886 0.0734375 0.5041666666666667
0 0.637109375 0.58125 0.13671875 0.3597222222222222
1 0.59453125 0.7854166666666667 0.0125 0.019444444444444445
0 0.648828125 0.9416666666666667 0.0859375 0.11666666666666667
0 0.640625 0.8194444444444444 0.11640625 0.1388888888888889
1 0.06171875 0.2263888888888889 0.0078125 0.0125
1 0.101953125 0.5888888888888889 0.0140625 0.02361111111111111
1 0.269921875 0.9013888888888889 0.01328125 0.019444444444444445
1 0.284765625 0.8840277777777777 0.01953125 0.043055555555555555
1 0.87109375 0.19583333333333333 0.0203125 0.03611111111111111
1 0.396484375 0.00625 0.01953125 0.0125
1 0.59140625 0.40347222222222223 0.009375 0.034722222222222224
1 0.403125 0.21666666666666667 0.00859375 0.013888888888888888
1 0.59765625 0.4444444444444444 0.02109375 0.044444444444444446
1 0.577734375 0.39375 0.01015625 0.016666666666666666
1 0.559765625 0.99375 0.00703125 0.0125
1 0.683203125 0.9611111111111111 0.01953125 0.034722222222222224
1 0.73671875 0.8986111111111111 0.0203125 0.043055555555555555
1 0.72109375 0.8520833333333333 0.00859375 0.020833333333333332
1 0.912109375 0.8604166666666667 0.0109375 0.016666666666666666
1 0.893359375 0.7354166666666667 0.01328125 0.027777777777777776
1 0.97109375 0.9888888888888889 0.015625 0.022222222222222223
1 0.87421875 0.9486111111111111 0.0171875 0.043055555555555555
1 0.79453125 0.9631944444444445 0.01328125 0.041666666666666664
1 0.84609375 0.9847222222222223 0.01640625 0.030555555555555555
1 0.94375 0.9944444444444445 0.0140625 0.011111111111111112
1 0.934765625 0.9638888888888889 0.03125 0.05277777777777778
1 0.81796875 0.8840277777777777 0.015625 0.025
1 0.793359375 0.8756944444444444 0.01640625 0.05555555555555555
1 0.828125 0.39444444444444443 0.0078125 0.0125
1 0.85390625 0.9041666666666667 0.025 0.034722222222222224
1 0.9015625 0.9388888888888889 0.03046875 0.03611111111111111
1 0.815625 0.4215277777777778 0.00703125 0.015277777777777777
1 0.871484375 0.3861111111111111 0.02734375 0.05555555555555555
1 0.8296875 0.3125 0.0109375 0.018055555555555554
1 0.99609375 0.011805555555555555 0.0078125 0.02361111111111111
1 0.844921875 0.29930555555555555 0.02734375 0.05
1 0.8546875 0.005555555555555556 0.0140625 0.011111111111111112
1 0.88828125 0.021527777777777778 0.04296875 0.043055555555555555
1 0.905859375 0.059722222222222225 0.0078125 0.015277777777777777
1 0.89140625 0.08611111111111111 0.021875 0.06805555555555555
1 0.9234375 0.12708333333333333 0.0203125 0.04027777777777778
1 0.898046875 0.1763888888888889 0.0140625 0.027777777777777776
1 0.82890625 0.050694444444444445 0.02109375 0.0763888888888889
1 0.861328125 0.15138888888888888 0.040625 0.07361111111111111
1 0.862890625 0.0625 0.0359375 0.04861111111111111
1 0.797265625 0.09722222222222222 0.0421875 0.06666666666666667
1 0.78359375 0.01875 0.028125 0.0375
1 0.755078125 0.12083333333333333 0.02109375 0.05277777777777778
1 0.604296875 0.0763888888888889 0.01640625 0.043055555555555555
1 0.58515625 0.041666666666666664 0.0140625 0.030555555555555555
1 0.6796875 0.009722222222222222 0.02734375 0.019444444444444445
1 0.6046875 0.024305555555555556 0.01640625 0.029166666666666667
1 0.691796875 0.21597222222222223 0.02109375 0.059722222222222225
1 0.640625 0.27847222222222223 0.02421875 0.044444444444444446
1 0.662890625 0.24513888888888888 0.0234375 0.04861111111111111
1 0.714453125 0.29930555555555555 0.0265625 0.04722222222222222
1 0.688671875 0.3458333333333333 0.015625 0.0375
1 0.669921875 0.3729166666666667 0.01875 0.03888888888888889
1 0.65 0.38333333333333336 0.0171875 0.03333333333333333
1 0.734375 0.4027777777777778 0.05703125 0.0875
1 0.93359375 0.6152777777777778 0.03359375 0.075
1 0.9359375 0.4597222222222222 0.015625 0.027777777777777776
1 0.8671875 0.4548611111111111 0.0171875 0.030555555555555555
1 0.881640625 0.6208333333333333 0.01328125 0.02638888888888889
1 0.8609375 0.5513888888888889 0.0421875 0.07361111111111111
1 0.7984375 0.5923611111111111 0.0359375 0.05694444444444444
1 0.7921875 0.6479166666666667 0.0171875 0.034722222222222224
1 0.681640625 0.49444444444444446 0.0125 0.025
1 0.742578125 0.6388888888888888 0.0125 0.02638888888888889
1 0.667578125 0.5694444444444444 0.02578125 0.06111111111111111
1 0.667578125 0.64375 0.0359375 0.04861111111111111
1 0.742578125 0.6902777777777778 0.01640625 0.03333333333333333
1 0.7078125 0.7263888888888889 0.01171875 0.020833333333333332
1 0.733203125 0.8041666666666667 0.01015625 0.016666666666666666
1 0.672265625 0.8340277777777778 0.015625 0.020833333333333332
1 0.498046875 0.7993055555555556 0.02265625 0.03333333333333333
1 0.702734375 0.8263888888888888 0.00859375 0.0125
1 0.675390625 0.7875 0.03046875 0.06805555555555555
1 0.536328125 0.7493055555555556 0.0625 0.0875
1 0.608984375 0.8854166666666666 0.0453125 0.0625
1 0.512890625 0.9333333333333333 0.01484375 0.02638888888888889
1 0.484765625 0.9902777777777778 0.00703125 0.019444444444444445
1 0.412890625 0.9784722222222222 0.01171875 0.022222222222222223
1 0.446875 0.9361111111111111 0.03046875 0.034722222222222224
1 0.443359375 0.9763888888888889 0.0109375 0.044444444444444446
1 0.479296875 0.8618055555555556 0.01484375 0.02638888888888889
1 0.459375 0.7888888888888889 0.040625 0.11527777777777778
1 0.498046875 0.7111111111111111 0.02421875 0.06805555555555555
1 0.448828125 0.49583333333333335 0.0265625 0.0375
1 0.546484375 0.5201388888888889 0.01953125 0.030555555555555555
1 0.475 0.40555555555555556 0.0375 0.14166666666666666
1 0.364453125 0.3506944444444444 0.01640625 0.0375
1 0.4140625 0.37083333333333335 0.0109375 0.03611111111111111
1 0.4328125 0.3034722222222222 0.02265625 0.0375
1 0.541796875 0.1875 0.02734375 0.04861111111111111
1 0.523828125 0.23333333333333334 0.0421875 0.07916666666666666
1 0.5015625 0.17152777777777778 0.02734375 0.043055555555555555
1 0.496875 0.11805555555555555 0.0203125 0.05
1 0.476953125 0.14444444444444443 0.01796875 0.04027777777777778
1 0.4796875 0.08958333333333333 0.0296875 0.043055555555555555
1 0.459375 0.16180555555555556 0.01171875 0.03611111111111111
1 0.422265625 0.21597222222222223 0.01796875 0.034722222222222224
1 0.41328125 0.1125 0.03125 0.04583333333333333
1 0.440625 0.4013888888888889 0.0203125 0.03333333333333333
1 0.4109375 0.18125 0.01875 0.03611111111111111
1 0.273046875 0.18541666666666667 0.0140625 0.025
1 0.276953125 0.14930555555555555 0.02109375 0.03611111111111111
1 0.19453125 0.08194444444444444 0.04296875 0.08055555555555556
1 0.212109375 0.03263888888888889 0.0328125 0.06527777777777778
1 0.21328125 0.1673611111111111 0.025 0.06944444444444445
1 0.242578125 0.3611111111111111 0.01796875 0.03888888888888889
1 0.0515625 0.11041666666666666 0.03515625 0.07916666666666666
1 0.215625 0.3 0.05625 0.10277777777777777
1 0.015625 0.36527777777777776 0.01484375 0.025
1 0.0640625 0.3888888888888889 0.0234375 0.07361111111111111
1 0.134765625 0.47152777777777777 0.021875 0.03888888888888889
1 0.100390625 0.7243055555555555 0.01484375 0.020833333333333332
1 0.103515625 0.8569444444444444 0.01953125 0.03194444444444444
1 0.209765625 0.71875 0.021875 0.04861111111111111
1 0.7328125 0.020833333333333332 0.03203125 0.041666666666666664
1 0.195703125 0.6868055555555556 0.0171875 0.03194444444444444
1 0.18984375 0.6506944444444445 0.0203125 0.034722222222222224
1 0.14140625 0.6888888888888889 0.02109375 0.03888888888888889
1 0.1296875 0.7944444444444444 0.03046875 0.075
1 0.702734375 0.06041666666666667 0.02421875 0.04861111111111111
1 0.17734375 0.525 0.021875 0.05555555555555555
1 0.6640625 0.07847222222222222 0.021875 0.034722222222222224
1 0.221484375 0.7791666666666667 0.021875 0.041666666666666664
1 0.68828125 0.10416666666666667 0.01796875 0.041666666666666664
1 0.398046875 0.5409722222222222 0.03046875 0.08472222222222223
1 0.4765625 0.2833333333333333 0.0453125 0.08055555555555556
1 0.387109375 0.3736111111111111 0.0171875 0.04027777777777778
1 0.51796875 0.6090277777777777 0.0140625 0.02638888888888889
1 0.54375 0.4388888888888889 0.05703125 0.14027777777777778
1 0.160546875 0.5243055555555556 0.015625 0.0125
1 0.195703125 0.5381944444444444 0.0140625 0.030555555555555555
1 0.248046875 0.53125 0.02265625 0.041666666666666664