1 0.75703125 0.45416666666666666 0.0171875 0.025
1 0.64921875 0.27708333333333335 0.0265625 0.03958333333333333
1 0.2859375 0.25729166666666664 0.0125 0.01875
1 0.2703125 0.31666666666666665 0.01875 0.020833333333333332
1 0.31171875 0.12083333333333333 0.028125 0.027083333333333334
1 0.48203125 0.13958333333333334 0.0203125 0.03333333333333333
1 0.39296875 0.008333333333333333 0.0140625 0.016666666666666666
1 0.46875 0.7708333333333334 0.021875 0.03125
1 0.78046875 0.9333333333333333 0.0265625 0.0375
1 0.98203125 0.975 0.0265625 0.0375
1 0.65 0.5895833333333333 0.0265625 0.029166666666666667
1 0.7171875 0.37395833333333334 0.01875 0.022916666666666665
1 0.63203125 0.42916666666666664 0.015625 0.0375
1 0.303125 0.16979166666666667 0.0296875 0.020833333333333332
1 0.71875 0.19895833333333332 0.0265625 0.03958333333333333
1 0.0515625 0.4947916666666667 0.0421875 0.041666666666666664
0 0.5703125 0.9489583333333333 0.10625 0.09583333333333334
1 0.80234375 0.011458333333333333 0.025 0.022916666666666665
1 0.40234375 0.853125 0.0453125 0.041666666666666664
1 0.775 0.34479166666666666 0.0234375 0.029166666666666667
1 0.890625 0.390625 0.0234375 0.022916666666666665
1 0.35234375 0.7166666666666667 0.0203125 0.020833333333333332
1 0.17578125 0.95 0.0234375 0.01875
0 0.53046875 0.678125 0.178125 0.17291666666666666
0 0.565625 0.42916666666666664 0.1375 0.13541666666666666
0 0.5265625 0.19270833333333334 0.121875 0.22291666666666668
1 0.284375 0.5489583333333333 0.0234375 0.04375
1 0.26796875 0.6625 0.0390625 0.06875
1 0.23828125 0.9395833333333333 0.0359375 0.05416666666666667
1 0.08984375 0.86875 0.0375 0.04375
1 0.7671875 0.69375 0.034375 0.035416666666666666
1 0.76875 0.628125 0.03125 0.03958333333333333
1 0.37421875 0.3625 0.0328125 0.035416666666666666
1 0.57421875 0.5552083333333333 0.0265625 0.029166666666666667
1 0.4234375 0.94375 0.0265625 0.03125
1 0.4546875 0.9822916666666667 0.0328125 0.035416666666666666
1 0.3515625 0.09583333333333334 0.04375 0.05
1 0.2546875 0.734375 0.04375 0.0375
1 0.4515625 0.36041666666666666 0.028125 0.03125
1 0.540625 0.4322916666666667 0.0234375 0.025
1 0.615625 0.340625 0.0171875 0.022916666666666665