1 0.736328125 0.31805555555555554 0.01796875 0.029166666666666667
1 0.569921875 0.05555555555555555 0.01640625 0.044444444444444446
1 0.642578125 0.4777777777777778 0.021875 0.03194444444444444
1 0.2140625 0.45902777777777776 0.0125 0.027777777777777776
1 0.200390625 0.9777777777777777 0.02109375 0.04027777777777778
1 0.7875 0.25416666666666665 0.01875 0.03333333333333333
1 0.951171875 0.43333333333333335 0.01484375 0.03333333333333333
1 0.751171875 0.9270833333333334 0.01484375 0.020833333333333332
1 0.520703125 0.3680555555555556 0.01171875 0.020833333333333332
1 0.774609375 0.5131944444444444 0.01484375 0.029166666666666667
1 0.751171875 0.9902777777777778 0.02421875 0.016666666666666666
1 0.698828125 0.05277777777777778 0.01875 0.05555555555555555
1 0.843359375 0.7909722222222222 0.0109375 0.020833333333333332
1 0.824609375 0.20069444444444445 0.01171875 0.02638888888888889
1 0.4 0.5548611111111111 0.01640625 0.02361111111111111
1 0.240234375 0.15902777777777777 0.0125 0.027777777777777776
1 0.1 0.5333333333333333 0.015625 0.029166666666666667
1 0.213671875 0.5444444444444444 0.01796875 0.02361111111111111
1 0.20625 0.7458333333333333 0.01484375 0.02361111111111111
1 0.2609375 0.9138888888888889 0.01328125 0.019444444444444445
1 0.52734375 0.010416666666666666 0.0140625 0.020833333333333332
1 0.946875 0.32708333333333334 0.0125 0.019444444444444445
0 0.5953125 0.002777777777777778 0.03046875 0.005555555555555556
0 0.68515625 0.20208333333333334 0.10390625 0.4041666666666667
1 0.68984375 0.9708333333333333 0.01640625 0.034722222222222224
1 0.104296875 0.21944444444444444 0.04765625 0.05138888888888889
1 0.821875 0.8680555555555556 0.03828125 0.0875
1 0.810546875 0.6173611111111111 0.0203125 0.044444444444444446
1 0.601953125 0.9520833333333333 0.02578125 0.05
0 0.1546875 0.5652777777777778 0.1359375 0.4930555555555556
1 0.939453125 0.20694444444444443 0.02421875 0.04861111111111111
1 0.939453125 0.6604166666666667 0.0234375 0.05138888888888889
1 0.916015625 0.24791666666666667 0.021875 0.030555555555555555
1 0.685546875 0.38333333333333336 0.01484375 0.027777777777777776
0 0.62734375 0.5944444444444444 0.22890625 0.4
0 0.6609375 0.38333333333333336 0.234375 0.37222222222222223
0 0.13359375 0.8152777777777778 0.2671875 0.19166666666666668
0 0.715625 0.8881944444444444 0.25703125 0.22361111111111112
0 0.11171875 0.14444444444444443 0.11875 0.28888888888888886
1 0.19609375 0.1625 0.04765625 0.06805555555555555
1 0.272265625 0.79375 0.028125 0.06388888888888888
1 0.590625 0.049305555555555554 0.01875 0.04861111111111111
1 0.853125 0.6125 0.034375 0.043055555555555555
1 0.116015625 0.29097222222222224 0.02578125 0.05416666666666667
1 0.916015625 0.6722222222222223 0.01875 0.03611111111111111
0 0.1140625 0.3645833333333333 0.21875 0.43194444444444446
1 0.2359375 0.45 0.02265625 0.04722222222222222
1 0.978125 0.8590277777777777 0.02109375 0.029166666666666667
1 0.90703125 0.14583333333333334 0.03203125 0.07222222222222222
1 0.230078125 0.2826388888888889 0.02265625 0.041666666666666664
0 0.134765625 0.9270833333333334 0.02734375 0.14166666666666666
1 0.74921875 0.4840277777777778 0.021875 0.03611111111111111
1 0.39296875 0.016666666666666666 0.01953125 0.029166666666666667
1 0.86328125 0.22777777777777777 0.021875 0.0375
1 0.236328125 0.3888888888888889 0.03828125 0.06111111111111111
1 0.16953125 0.2722222222222222 0.0203125 0.034722222222222224
1 0.856640625 0.9055555555555556 0.0234375 0.043055555555555555
1 0.766015625 0.3576388888888889 0.01953125 0.027777777777777776
1 0.4796875 0.03333333333333333 0.0265625 0.06527777777777778
1 0.261328125 0.9506944444444444 0.015625 0.043055555555555555
1 0.12265625 0.8715277777777778 0.01875 0.027777777777777776
1 0.7875 0.9645833333333333 0.02421875 0.059722222222222225
1 0.832421875 0.9208333333333333 0.01953125 0.05277777777777778
1 0.86796875 0.02361111111111111 0.02109375 0.04722222222222222
1 0.1953125 0.9104166666666667 0.02265625 0.041666666666666664
1 0.44453125 0.34791666666666665 0.01875 0.03888888888888889
1 0.626953125 0.10902777777777778 0.0171875 0.029166666666666667
1 0.765234375 0.2881944444444444 0.021875 0.03333333333333333
1 0.363671875 0.4215277777777778 0.02890625 0.05138888888888889
1 0.432421875 0.7215277777777778 0.02421875 0.043055555555555555
1 0.794921875 0.76875 0.01796875 0.030555555555555555
1 0.5515625 0.4111111111111111 0.01875 0.03888888888888889
1 0.698828125 0.022916666666666665 0.01953125 0.04583333333333333
1 0.222265625 0.9125 0.015625 0.030555555555555555
1 0.834375 0.35555555555555557 0.01484375 0.029166666666666667