1 0.41953125 0.8520833333333333 0.01171875 0.027777777777777776
1 0.29765625 0.45555555555555555 0.00703125 0.020833333333333332
1 0.462890625 0.5784722222222223 0.0359375 0.09444444444444444
1 0.428515625 0.58125 0.015625 0.029166666666666667
1 0.3953125 0.6416666666666667 0.01171875 0.019444444444444445
1 0.409765625 0.6736111111111112 0.02109375 0.0375
1 0.385546875 0.6986111111111111 0.01796875 0.020833333333333332
1 0.369140625 0.6680555555555555 0.01015625 0.025
1 0.327734375 0.6631944444444444 0.009375 0.027777777777777776
1 0.598828125 0.8041666666666667 0.01796875 0.034722222222222224
1 0.95234375 0.2111111111111111 0.0109375 0.020833333333333332
1 0.790234375 0.025694444444444443 0.02109375 0.043055555555555555
1 0.58828125 0.08541666666666667 0.0125 0.019444444444444445
1 0.6359375 0.05277777777777778 0.0109375 0.022222222222222223
1 0.6515625 0.04513888888888889 0.01640625 0.030555555555555555
1 0.731640625 0.32083333333333336 0.015625 0.043055555555555555
1 0.730859375 0.26458333333333334 0.0140625 0.025
1 0.697265625 0.17222222222222222 0.0125 0.016666666666666666
1 0.72734375 0.17847222222222223 0.03359375 0.09166666666666666
1 0.811328125 0.4076388888888889 0.02421875 0.0625
1 0.756640625 0.4756944444444444 0.01484375 0.022222222222222223
1 0.7859375 0.5319444444444444 0.02109375 0.041666666666666664
1 0.715234375 0.5256944444444445 0.03984375 0.06111111111111111
1 0.68984375 0.4736111111111111 0.01875 0.027777777777777776
1 0.612109375 0.4951388888888889 0.0125 0.016666666666666666
1 0.676953125 0.5104166666666666 0.0203125 0.044444444444444446
1 0.54453125 0.6541666666666667 0.025 0.04583333333333333
1 0.624609375 0.6215277777777778 0.0171875 0.030555555555555555
1 0.75859375 0.6875 0.021875 0.04722222222222222
1 0.883203125 0.86875 0.009375 0.025
1 0.79375 0.9854166666666667 0.015625 0.029166666666666667
1 0.780078125 0.9590277777777778 0.02421875 0.029166666666666667
1 0.73125 0.96875 0.0296875 0.0625
1 0.723046875 0.8861111111111111 0.01640625 0.03611111111111111
1 0.685546875 0.9069444444444444 0.0234375 0.043055555555555555
1 0.619140625 0.9291666666666667 0.0140625 0.019444444444444445
1 0.6609375 0.9791666666666666 0.01171875 0.03611111111111111
1 0.65234375 0.9333333333333333 0.03046875 0.06527777777777778
1 0.648828125 0.8833333333333333 0.01484375 0.03194444444444444
1 0.630078125 0.8388888888888889 0.0234375 0.03888888888888889
1 0.516015625 0.9875 0.0203125 0.025
1 0.46796875 0.9333333333333333 0.02265625 0.04583333333333333
1 0.44609375 0.9881944444444445 0.01796875 0.02361111111111111
1 0.392578125 0.9881944444444445 0.0140625 0.02361111111111111
1 0.415625 0.9729166666666667 0.02109375 0.034722222222222224
1 0.343359375 0.9590277777777778 0.0171875 0.03194444444444444
1 0.37109375 0.8694444444444445 0.0078125 0.015277777777777777
1 0.444921875 0.7791666666666667 0.034375 0.041666666666666664
1 0.594921875 0.015277777777777777 0.03046875 0.030555555555555555
1 0.4796875 0.022222222222222223 0.03515625 0.044444444444444446
1 0.331640625 0.034027777777777775 0.01796875 0.041666666666666664
1 0.25625 0.07013888888888889 0.0359375 0.0625
1 0.179296875 0.015277777777777777 0.02109375 0.030555555555555555
1 0.033984375 0.1125 0.01015625 0.011111111111111112
1 0.0453125 0.24097222222222223 0.01796875 0.03611111111111111
1 0.055078125 0.8430555555555556 0.028125 0.041666666666666664
1 0.038671875 0.4888888888888889 0.0109375 0.020833333333333332
1 0.034375 0.4270833333333333 0.00703125 0.0125
1 0.068359375 0.3229166666666667 0.0109375 0.020833333333333332
0 0.60703125 0.043055555555555555 0.1578125 0.08611111111111111
1 0.108984375 0.5416666666666666 0.01484375 0.029166666666666667
0 0.6671875 0.275 0.125 0.30972222222222223
0 0.626171875 0.5479166666666667 0.2 0.4375
0 0.678515625 0.7708333333333334 0.20625 0.26666666666666666
0 0.6140625 0.9645833333333333 0.0546875 0.07083333333333333
0 0.107421875 0.91875 0.20390625 0.1625
0 0.13203125 0.7493055555555556 0.11953125 0.5013888888888889
0 0.097265625 0.075 0.109375 0.15
0 0.115625 0.21319444444444444 0.10859375 0.30833333333333335
0 0.100390625 0.30416666666666664 0.10625 0.4583333333333333
1 0.51328125 0.9451388888888889 0.01796875 0.02361111111111111
1 0.847265625 0.027083333333333334 0.00703125 0.020833333333333332
1 0.10625 0.5979166666666667 0.0140625 0.025
1 0.090234375 0.5125 0.02421875 0.03888888888888889
1 0.211328125 0.4534722222222222 0.04296875 0.06527777777777778
1 0.157421875 0.4930555555555556 0.015625 0.030555555555555555
1 0.141015625 0.41041666666666665 0.0171875 0.04861111111111111
1 0.1171875 0.42916666666666664 0.01796875 0.03194444444444444
1 0.1703125 0.36666666666666664 0.01328125 0.02361111111111111
1 0.238671875 0.2875 0.015625 0.02361111111111111
1 0.344140625 0.2534722222222222 0.028125 0.06666666666666667
1 0.3984375 0.30416666666666664 0.0171875 0.03333333333333333
1 0.424609375 0.38263888888888886 0.0171875 0.027777777777777776
1 0.465234375 0.40694444444444444 0.01953125 0.029166666666666667
1 0.6140625 0.28125 0.01015625 0.016666666666666666
1 0.5671875 0.27708333333333335 0.0375 0.07222222222222222
1 0.554296875 0.19791666666666666 0.05625 0.09027777777777778
1 0.103125 0.65625 0.015625 0.02361111111111111
1 0.13125 0.7472222222222222 0.02109375 0.034722222222222224
1 0.215625 0.7541666666666667 0.0203125 0.041666666666666664
1 0.273828125 0.7666666666666667 0.028125 0.05
1 0.2796875 0.8125 0.0296875 0.044444444444444446
1 0.325 0.7673611111111112 0.028125 0.05
1 0.222265625 0.8770833333333333 0.03515625 0.07222222222222222
1 0.21328125 0.925 0.03125 0.04861111111111111
1 0.869921875 0.4465277777777778 0.01328125 0.02638888888888889
1 0.68046875 0.5638888888888889 0.009375 0.020833333333333332
1 0.671484375 0.6194444444444445 0.015625 0.029166666666666667
1 0.433984375 0.5465277777777777 0.01015625 0.020833333333333332