1 0.91015625 0.9631944444444445 0.01796875 0.058333333333333334
1 0.23359375 0.8451388888888889 0.0296875 0.05
1 0.31015625 0.8770833333333333 0.0359375 0.05694444444444444
1 0.31875 0.93125 0.01640625 0.0375
1 0.293359375 0.9631944444444445 0.03125 0.04027777777777778
1 0.16328125 0.7506944444444444 0.02890625 0.04583333333333333
1 0.239453125 0.6277777777777778 0.0265625 0.04861111111111111
1 0.3078125 0.6215277777777778 0.01640625 0.0375
1 0.34765625 0.5944444444444444 0.03359375 0.07916666666666666
1 0.226171875 0.09513888888888888 0.02421875 0.043055555555555555
1 0.2328125 0.029861111111111113 0.0390625 0.05694444444444444
1 0.279296875 0.21805555555555556 0.01796875 0.03611111111111111
1 0.4375 0.1361111111111111 0.021875 0.034722222222222224
1 0.4578125 0.2111111111111111 0.02734375 0.02361111111111111
1 0.54140625 0.15763888888888888 0.03828125 0.09861111111111111
1 0.70234375 0.11944444444444445 0.03828125 0.0625
1 0.660546875 0.1326388888888889 0.01953125 0.04583333333333333
1 0.78671875 0.043055555555555555 0.02578125 0.05277777777777778
1 0.946484375 0.05277777777777778 0.03515625 0.06666666666666667
1 0.991796875 0.2590277777777778 0.01640625 0.05416666666666667
1 0.946484375 0.19583333333333333 0.02265625 0.05416666666666667
1 0.926953125 0.24513888888888888 0.0140625 0.029166666666666667
1 0.903125 0.2652777777777778 0.01796875 0.04027777777777778
1 0.892578125 0.31875 0.01953125 0.04027777777777778
1 0.956640625 0.3416666666666667 0.01484375 0.029166666666666667
1 0.98984375 0.4395833333333333 0.015625 0.043055555555555555
1 0.969140625 0.4479166666666667 0.01796875 0.059722222222222225
1 0.8578125 0.3875 0.01640625 0.030555555555555555
1 0.823046875 0.4965277777777778 0.02890625 0.07777777777777778
1 0.9109375 0.54375 0.0171875 0.03611111111111111
1 0.930859375 0.5944444444444444 0.04296875 0.10416666666666667
1 0.867578125 0.60625 0.0265625 0.0625
1 0.8953125 0.6840277777777778 0.025 0.05694444444444444
1 0.947265625 0.6944444444444444 0.03671875 0.06666666666666667
1 0.99453125 0.6722222222222223 0.0109375 0.027777777777777776
1 0.981640625 0.6479166666666667 0.03046875 0.05138888888888889
1 0.98671875 0.7972222222222223 0.0265625 0.05694444444444444
1 0.959375 0.8430555555555556 0.02578125 0.041666666666666664
1 0.61484375 0.8868055555555555 0.02578125 0.06527777777777778
1 0.6890625 0.8631944444444445 0.015625 0.043055555555555555
1 0.590625 0.5791666666666667 0.0203125 0.05694444444444444
1 0.65859375 0.5270833333333333 0.0203125 0.034722222222222224
1 0.684375 0.5451388888888888 0.0265625 0.05555555555555555
0 0.12265625 0.7055555555555556 0.13125 0.5888888888888889
0 0.115625 0.4305555555555556 0.2296875 0.525
0 0.151953125 0.29444444444444445 0.30390625 0.2972222222222222
0 0.129296875 0.07083333333333333 0.1546875 0.14166666666666666
0 0.701171875 0.7354166666666667 0.16640625 0.5166666666666667
0 0.702734375 0.7722222222222223 0.128125 0.45555555555555555
0 0.687890625 0.49444444444444446 0.17890625 0.37777777777777777
0 0.70390625 0.25555555555555554 0.146875 0.3125
0 0.644140625 0.16041666666666668 0.11015625 0.32083333333333336