1 0.871484375 0.025694444444444443 0.021875 0.03333333333333333
1 0.908984375 0.20694444444444443 0.0171875 0.034722222222222224
1 0.984765625 0.6604166666666667 0.015625 0.029166666666666667
0 0.669921875 0.8680555555555556 0.16640625 0.22777777777777777
1 0.221875 0.6833333333333333 0.02109375 0.05138888888888889
1 0.73984375 0.5951388888888889 0.05703125 0.05416666666666667
1 0.671484375 0.4840277777777778 0.02734375 0.05138888888888889
1 0.607421875 0.47152777777777777 0.05078125 0.13194444444444445
1 0.565625 0.059722222222222225 0.0296875 0.06111111111111111
1 0.10546875 0.5208333333333334 0.021875 0.034722222222222224
0 0.6546875 0.58125 0.16328125 0.2625
0 0.16328125 0.7319444444444444 0.11640625 0.48333333333333334
1 0.23125 0.2951388888888889 0.03359375 0.04583333333333333
1 0.897265625 0.5347222222222222 0.01484375 0.034722222222222224
1 0.98203125 0.08055555555555556 0.0171875 0.03194444444444444
1 0.55546875 0.9861111111111112 0.02109375 0.025
1 0.10234375 0.9472222222222222 0.02109375 0.029166666666666667
1 0.431640625 0.5284722222222222 0.01640625 0.029166666666666667
1 0.2765625 0.6319444444444444 0.01875 0.04583333333333333
1 0.969140625 0.86875 0.02578125 0.05416666666666667
0 0.721875 0.08958333333333333 0.2296875 0.17916666666666667
1 0.438671875 0.7194444444444444 0.01875 0.0375
1 0.93828125 0.024305555555555556 0.02890625 0.043055555555555555
1 0.721875 0.15694444444444444 0.02578125 0.0375
1 0.399609375 0.35833333333333334 0.0125 0.02638888888888889
1 0.823828125 0.2222222222222222 0.01328125 0.025
1 0.49453125 0.5555555555555556 0.01484375 0.02638888888888889
1 0.32109375 0.8715277777777778 0.01484375 0.027777777777777776
1 0.127734375 0.6381944444444444 0.01484375 0.030555555555555555
1 0.903125 0.4048611111111111 0.0109375 0.020833333333333332
1 0.625 0.36319444444444443 0.01640625 0.025
1 0.489453125 0.4215277777777778 0.01484375 0.03611111111111111
1 0.51328125 0.41805555555555557 0.01953125 0.025
1 0.121484375 0.5506944444444445 0.0171875 0.02361111111111111
1 0.6875 0.9777777777777777 0.01640625 0.03888888888888889
1 0.59375 0.8701388888888889 0.0109375 0.034722222222222224
1 0.562109375 0.8027777777777778 0.01015625 0.018055555555555554
1 0.389453125 0.013194444444444444 0.03125 0.02638888888888889
1 0.99296875 0.7993055555555556 0.0140625 0.03194444444444444
0 0.136328125 0.9326388888888889 0.1171875 0.13472222222222222
0 0.176171875 0.8208333333333333 0.13515625 0.20694444444444443
0 0.636328125 0.034027777777777775 0.0984375 0.06805555555555555
1 0.58671875 0.02361111111111111 0.01484375 0.03888888888888889
1 0.8140625 0.7506944444444444 0.015625 0.025
1 0.592578125 0.6041666666666666 0.01796875 0.04027777777777778
1 0.73828125 0.008333333333333333 0.0203125 0.016666666666666666
1 0.75625 0.5430555555555555 0.0140625 0.02638888888888889
1 0.154296875 0.8638888888888889 0.0125 0.029166666666666667
1 0.1703125 0.29930555555555555 0.015625 0.022222222222222223
1 0.69921875 0.07847222222222222 0.01953125 0.030555555555555555
1 0.562109375 0.38263888888888886 0.01328125 0.025
1 0.2578125 0.2659722222222222 0.0140625 0.029166666666666667
1 0.2375 0.04722222222222222 0.01796875 0.030555555555555555
1 0.159375 0.024305555555555556 0.0171875 0.04583333333333333
1 0.833203125 0.6493055555555556 0.01796875 0.02638888888888889
1 0.655078125 0.2826388888888889 0.0171875 0.03888888888888889
1 0.73984375 0.06736111111111111 0.02578125 0.03611111111111111
1 0.68203125 0.7694444444444445 0.0234375 0.030555555555555555
1 0.948046875 0.8125 0.02265625 0.03333333333333333
1 0.92734375 0.25 0.0390625 0.05694444444444444
1 0.8328125 0.7416666666666667 0.01484375 0.03611111111111111
1 0.142578125 0.27847222222222223 0.02421875 0.041666666666666664
1 0.5359375 0.3597222222222222 0.01875 0.03333333333333333
1 0.187109375 0.37430555555555556 0.01875 0.034722222222222224
1 0.8484375 0.23402777777777778 0.02109375 0.04027777777777778
1 0.7296875 0.7743055555555556 0.0140625 0.03194444444444444
1 0.987890625 0.4027777777777778 0.01796875 0.05694444444444444
0 0.659375 0.9777777777777777 0.04921875 0.043055555555555555
0 0.09609375 0.19652777777777777 0.18203125 0.3819444444444444
1 0.826171875 0.5597222222222222 0.01796875 0.030555555555555555
1 0.9140625 0.29305555555555557 0.03671875 0.043055555555555555
1 0.2390625 0.9215277777777777 0.03828125 0.05138888888888889
1 0.73515625 0.9861111111111112 0.02265625 0.02638888888888889
1 0.919921875 0.3451388888888889 0.028125 0.06805555555555555
1 0.275390625 0.14722222222222223 0.034375 0.04583333333333333
1 0.863671875 0.30625 0.0203125 0.0375
1 0.64296875 0.4465277777777778 0.034375 0.04722222222222222
1 0.59296875 0.5590277777777778 0.02890625 0.04583333333333333
1 0.254296875 0.8513888888888889 0.01953125 0.029166666666666667
1 0.376171875 0.08263888888888889 0.06328125 0.1
1 0.858984375 0.8652777777777778 0.02578125 0.043055555555555555
1 0.091015625 0.6527777777777778 0.0234375 0.04027777777777778
1 0.741015625 0.24513888888888888 0.02109375 0.05694444444444444
0 0.713671875 0.38125 0.20390625 0.2375
1 0.71640625 0.4652777777777778 0.01875 0.05277777777777778
1 0.840234375 0.6854166666666667 0.028125 0.044444444444444446
1 0.6984375 0.6270833333333333 0.01953125 0.034722222222222224
0 0.123828125 0.2611111111111111 0.21171875 0.43194444444444446
1 0.85390625 0.41805555555555557 0.028125 0.04583333333333333
1 0.948046875 0.4840277777777778 0.0203125 0.03611111111111111