1 0.44375 0.846875 0.015625 0.022916666666666665
1 0.5234375 0.8364583333333333 0.025 0.035416666666666666
1 0.50390625 0.7375 0.021875 0.020833333333333332
1 0.340625 0.6427083333333333 0.0203125 0.01875
1 0.3390625 0.565625 0.01875 0.022916666666666665
1 0.28125 0.5135416666666667 0.021875 0.029166666666666667
1 0.128125 0.4875 0.021875 0.022916666666666665
1 0.16484375 0.3 0.028125 0.029166666666666667
1 0.1203125 0.29791666666666666 0.0109375 0.01875
1 0.1078125 0.259375 0.0140625 0.025
1 0.340625 0.28125 0.0203125 0.01875
1 0.3109375 0.32708333333333334 0.03125 0.035416666666666666
1 0.91640625 0.25833333333333336 0.009375 0.029166666666666667
1 0.7890625 0.278125 0.01875 0.016666666666666666
1 0.82734375 0.13020833333333334 0.015625 0.022916666666666665
1 0.803125 0.14375 0.009375 0.020833333333333332
1 0.79296875 0.009375 0.015625 0.01875
1 0.78984375 0.059375 0.021875 0.027083333333333334
1 0.48515625 0.103125 0.015625 0.03125
1 0.4421875 0.008333333333333333 0.03125 0.016666666666666666
1 0.3421875 0.057291666666666664 0.0203125 0.025
1 0.3078125 0.046875 0.0234375 0.01875
1 0.77265625 0.9833333333333333 0.0546875 0.022916666666666665
1 0.80078125 0.8135416666666667 0.0171875 0.020833333333333332
1 0.8609375 0.7229166666666667 0.0234375 0.020833333333333332
1 0.82265625 0.4197916666666667 0.0234375 0.0375
1 0.78515625 0.3572916666666667 0.0140625 0.010416666666666666
1 0.54765625 0.5354166666666667 0.0296875 0.041666666666666664
1 0.51875 0.22395833333333334 0.015625 0.010416666666666666
1 0.5328125 0.30520833333333336 0.03125 0.029166666666666667
1 0.63203125 0.26458333333333334 0.01875 0.020833333333333332
0 0.55234375 0.9385416666666667 0.1640625 0.12291666666666666
0 0.5296875 0.7020833333333333 0.2578125 0.12708333333333333
0 0.5265625 0.39375 0.1765625 0.10416666666666667
0 0.53125 0.15416666666666667 0.29375 0.1
1 0.6515625 0.9822916666666667 0.0359375 0.025
1 0.03359375 0.9552083333333333 0.01875 0.016666666666666666
1 0.340625 0.946875 0.0203125 0.029166666666666667
1 0.31328125 0.821875 0.0234375 0.03333333333333333