1 0.31171875 0.6166666666666667 0.0296875 0.03125
0 0.434375 0.940625 0.134375 0.11875
0 0.5078125 0.7666666666666667 0.225 0.26458333333333334
1 0.52421875 0.23958333333333334 0.021875 0.03333333333333333
1 0.4484375 0.26666666666666666 0.0265625 0.03958333333333333
1 0.83984375 0.8552083333333333 0.021875 0.04375
1 0.05390625 0.44166666666666665 0.0109375 0.01875
1 0.06484375 0.2604166666666667 0.0203125 0.027083333333333334
1 0.2625 0.46770833333333334 0.0265625 0.03125
1 0.6359375 0.37395833333333334 0.015625 0.020833333333333332
1 0.73203125 0.940625 0.0171875 0.01875
1 0.9890625 0.9875 0.015625 0.022916666666666665
1 0.49375 0.8416666666666667 0.015625 0.016666666666666666
1 0.23671875 0.25625 0.021875 0.020833333333333332
1 0.07890625 0.058333333333333334 0.0515625 0.0625
1 0.01171875 0.040625 0.0234375 0.01875
1 0.70625 0.10729166666666666 0.015625 0.01875
1 0.79296875 0.24375 0.0375 0.04375
1 0.71171875 0.28541666666666665 0.028125 0.029166666666666667
1 0.66171875 0.22395833333333334 0.0203125 0.020833333333333332
1 0.77578125 0.5541666666666667 0.0203125 0.029166666666666667
1 0.28984375 0.9666666666666667 0.0234375 0.03125
1 0.33203125 0.990625 0.0296875 0.01875
1 0.6140625 0.9322916666666666 0.028125 0.022916666666666665
0 0.503125 0.06041666666666667 0.075 0.11666666666666667
0 0.4734375 0.14166666666666666 0.328125 0.20208333333333334
0 0.51015625 0.515625 0.259375 0.20208333333333334
1 0.36171875 0.790625 0.01875 0.020833333333333332
1 0.30859375 0.8520833333333333 0.0265625 0.029166666666666667