1 0.3546875 0.35104166666666664 0.0234375 0.016666666666666666
1 0.28984375 0.8875 0.0171875 0.027083333333333334
1 0.1640625 0.16145833333333334 0.0140625 0.010416666666666666
1 0.2125 0.38958333333333334 0.034375 0.04791666666666667
1 0.4203125 0.32916666666666666 0.015625 0.022916666666666665
1 0.47890625 0.2 0.015625 0.01875
1 0.44140625 0.17395833333333333 0.0140625 0.014583333333333334
1 0.696875 0.44375 0.01875 0.010416666666666666
0 0.50703125 0.07604166666666666 0.0828125 0.15208333333333332
0 0.4828125 0.2875 0.234375 0.075
0 0.521875 0.5635416666666667 0.1109375 0.1625
0 0.45859375 0.7802083333333333 0.2375 0.24791666666666667
0 0.49921875 0.9614583333333333 0.0578125 0.07708333333333334
1 0.25 0.03229166666666667 0.0859375 0.06458333333333334
1 0.33046875 0.09166666666666666 0.03125 0.058333333333333334
1 0.359375 0.48125 0.059375 0.07916666666666666
1 0.1953125 0.4354166666666667 0.059375 0.03958333333333333
1 0.28515625 0.44583333333333336 0.028125 0.029166666666666667
1 0.315625 0.30104166666666665 0.025 0.029166666666666667
1 0.75234375 0.178125 0.0203125 0.029166666666666667
1 0.978125 0.30625 0.0265625 0.029166666666666667
1 0.784375 0.32916666666666666 0.0203125 0.025
1 0.7421875 0.5822916666666667 0.040625 0.041666666666666664
1 0.66953125 0.5885416666666666 0.040625 0.10833333333333334
1 0.77265625 0.115625 0.025 0.035416666666666666
1 0.32421875 0.8385416666666666 0.053125 0.08125
1 0.24921875 0.9677083333333333 0.040625 0.06458333333333334
1 0.25859375 0.6989583333333333 0.03125 0.027083333333333334
1 0.22109375 0.16666666666666666 0.0203125 0.03333333333333333
1 0.228125 0.10416666666666667 0.0265625 0.029166666666666667
1 0.296875 0.15208333333333332 0.03125 0.03333333333333333
1 0.1 0.9416666666666667 0.0140625 0.041666666666666664
1 0.09140625 0.178125 0.0578125 0.15
1 0.2125 0.53125 0.021875 0.025
1 0.253125 0.5072916666666667 0.0140625 0.022916666666666665
1 0.42890625 0.05 0.028125 0.025
1 0.584375 0.6239583333333333 0.0203125 0.029166666666666667
1 0.0328125 0.030208333333333334 0.0203125 0.020833333333333332
1 0.95390625 0.13020833333333334 0.0140625 0.025
1 0.51953125 0.33125 0.021875 0.027083333333333334