0 0.638671875 0.6895833333333333 0.2046875 0.6069444444444444
0 0.67265625 0.46875 0.159375 0.5041666666666667
0 0.65859375 0.33958333333333335 0.23984375 0.2569444444444444
0 0.708984375 0.07152777777777777 0.23203125 0.14305555555555555
0 0.178125 0.9527777777777777 0.18203125 0.09444444444444444
1 0.990234375 0.7194444444444444 0.01953125 0.043055555555555555
1 0.887109375 0.5652777777777778 0.02734375 0.04722222222222222
1 0.812109375 0.4847222222222222 0.01328125 0.02361111111111111
1 0.973828125 0.5006944444444444 0.0171875 0.030555555555555555
1 0.908203125 0.27361111111111114 0.015625 0.02638888888888889
1 0.662109375 0.20833333333333334 0.01328125 0.019444444444444445
1 0.756640625 0.027777777777777776 0.01796875 0.0375
1 0.7859375 0.03194444444444444 0.01796875 0.029166666666666667
1 0.8296875 0.06180555555555556 0.0234375 0.06111111111111111
1 0.60859375 0.42569444444444443 0.0171875 0.030555555555555555
1 0.41171875 0.8965277777777778 0.0203125 0.025
1 0.822265625 0.8569444444444444 0.02421875 0.044444444444444446
1 0.763671875 0.7243055555555555 0.01953125 0.04861111111111111
1 0.7421875 0.6319444444444444 0.0265625 0.034722222222222224
1 0.823046875 0.6722222222222223 0.0171875 0.027777777777777776
1 0.10234375 0.6881944444444444 0.0109375 0.022222222222222223
1 0.2203125 0.42569444444444443 0.0140625 0.022222222222222223
1 0.26484375 0.9916666666666667 0.01875 0.016666666666666666
1 0.979296875 0.8194444444444444 0.0078125 0.020833333333333332
1 0.931640625 0.9263888888888889 0.0125 0.019444444444444445
1 0.2546875 0.9458333333333333 0.0109375 0.020833333333333332
1 0.038671875 0.8368055555555556 0.0234375 0.041666666666666664
1 0.11796875 0.7618055555555555 0.025 0.03888888888888889
1 0.09453125 0.13402777777777777 0.028125 0.034722222222222224
1 0.191796875 0.06111111111111111 0.01484375 0.03333333333333333
1 0.15234375 0.018055555555555554 0.0234375 0.03611111111111111
1 0.18515625 0.225 0.01484375 0.034722222222222224
1 0.187109375 0.2972222222222222 0.0140625 0.015277777777777777
1 0.29375 0.4701388888888889 0.0203125 0.0375
1 0.0875 0.38263888888888886 0.0203125 0.05277777777777778
1 0.86640625 0.7270833333333333 0.01328125 0.03888888888888889
1 0.2703125 0.2847222222222222 0.0203125 0.034722222222222224
1 0.412109375 0.06875 0.02109375 0.030555555555555555
1 0.36015625 0.15694444444444444 0.0109375 0.013888888888888888
1 0.305078125 0.4895833333333333 0.0109375 0.019444444444444445
1 0.367578125 0.12777777777777777 0.02265625 0.044444444444444446
1 0.3546875 0.08888888888888889 0.01015625 0.027777777777777776
0 0.112109375 0.13402777777777777 0.15546875 0.26805555555555555
0 0.103125 0.32569444444444445 0.15 0.4305555555555556
0 0.131640625 0.5298611111111111 0.17890625 0.20416666666666666
1 0.2015625 0.24027777777777778 0.0203125 0.044444444444444446
0 0.169140625 0.8284722222222223 0.22421875 0.20972222222222223
1 0.429296875 0.5458333333333333 0.025 0.04722222222222222
1 0.40546875 0.60625 0.021875 0.04583333333333333
1 0.482421875 0.6125 0.0234375 0.030555555555555555
1 0.54921875 0.5916666666666667 0.01484375 0.02638888888888889
1 0.425390625 0.6506944444444445 0.01640625 0.041666666666666664
1 0.29765625 0.6965277777777777 0.01640625 0.02638888888888889
1 0.2046875 0.7020833333333333 0.01015625 0.0125
1 0.3125 0.8958333333333334 0.0171875 0.041666666666666664
1 0.36875 0.8847222222222222 0.03671875 0.07916666666666666
1 0.492578125 0.7784722222222222 0.01953125 0.034722222222222224
1 0.316796875 0.5402777777777777 0.025 0.043055555555555555
1 0.4328125 0.31180555555555556 0.015625 0.030555555555555555
1 0.503125 0.3159722222222222 0.0234375 0.0375
1 0.246875 0.23125 0.02109375 0.027777777777777776
1 0.566015625 0.0798611111111111 0.0109375 0.013888888888888888
1 0.646875 0.13541666666666666 0.01640625 0.034722222222222224
1 0.80234375 0.22916666666666666 0.025 0.041666666666666664
1 0.841796875 0.27569444444444446 0.02421875 0.05138888888888889
1 0.82734375 0.3104166666666667 0.01875 0.019444444444444445
1 0.772265625 0.32013888888888886 0.02109375 0.030555555555555555
1 0.87421875 0.11041666666666666 0.01875 0.027777777777777776
1 0.036328125 0.11805555555555555 0.01171875 0.0125
1 0.06796875 0.06666666666666667 0.01484375 0.020833333333333332
0 0.63828125 0.8652777777777778 0.165625 0.26944444444444443