1 0.96171875 0.10833333333333334 0.0140625 0.01875
1 0.978125 0.10625 0.0140625 0.041666666666666664
1 0.99296875 0.06458333333333334 0.0109375 0.014583333333333334
1 0.92734375 0.284375 0.0453125 0.0625
1 0.85 0.28229166666666666 0.015625 0.016666666666666666
1 0.8328125 0.365625 0.0078125 0.010416666666666666
1 0.9265625 0.4270833333333333 0.0125 0.014583333333333334
1 0.73125 0.3020833333333333 0.015625 0.016666666666666666
1 0.7796875 0.246875 0.0140625 0.016666666666666666
1 0.75703125 0.21979166666666666 0.0109375 0.01875
1 0.784375 0.6072916666666667 0.0234375 0.035416666666666666
1 0.96171875 0.6 0.0203125 0.0375
1 0.98984375 0.5916666666666667 0.01875 0.03958333333333333
1 0.98203125 0.4197916666666667 0.0046875 0.014583333333333334
1 0.76796875 0.6145833333333334 0.0203125 0.035416666666666666
1 0.81171875 0.725 0.0140625 0.014583333333333334
1 0.94375 0.7020833333333333 0.0140625 0.016666666666666666
1 0.8140625 0.7875 0.0203125 0.025
1 0.71640625 0.7604166666666666 0.01875 0.029166666666666667
1 0.7078125 0.7354166666666667 0.0125 0.014583333333333334
1 0.77890625 0.646875 0.009375 0.010416666666666666
1 0.88671875 0.853125 0.01875 0.025
1 0.8453125 0.84375 0.01875 0.0125
1 0.7328125 0.8958333333333334 0.03125 0.020833333333333332
1 0.8890625 0.9260416666666667 0.025 0.035416666666666666
1 0.99296875 0.8552083333333333 0.0140625 0.03125
1 0.79375 0.9791666666666666 0.01875 0.03333333333333333
1 0.72265625 0.9708333333333333 0.0390625 0.035416666666666666
1 0.43203125 0.8885416666666667 0.0265625 0.04791666666666667
1 0.47734375 0.8729166666666667 0.021875 0.022916666666666665
1 0.4046875 0.8947916666666667 0.021875 0.03125
1 0.37421875 0.9604166666666667 0.0546875 0.0625
1 0.4046875 0.8697916666666666 0.0140625 0.016666666666666666
1 0.5015625 0.81875 0.0234375 0.035416666666666666
1 0.44140625 0.74375 0.028125 0.04583333333333333
1 0.2765625 0.75 0.0265625 0.05
1 0.23203125 0.9833333333333333 0.025 0.025
1 0.2953125 0.6739583333333333 0.0390625 0.04375
1 0.27109375 0.634375 0.0234375 0.041666666666666664
1 0.2953125 0.621875 0.025 0.035416666666666666
1 0.09140625 0.6458333333333334 0.028125 0.035416666666666666
1 0.365625 0.5864583333333333 0.0359375 0.041666666666666664
1 0.1203125 0.9291666666666667 0.0203125 0.010416666666666666
1 0.25703125 0.7458333333333333 0.0109375 0.029166666666666667
1 0.240625 0.771875 0.0140625 0.027083333333333334
1 0.15234375 0.846875 0.0265625 0.022916666666666665
1 0.1484375 0.9854166666666667 0.0171875 0.025
1 0.00703125 0.12708333333333333 0.0140625 0.016666666666666666
0 0.5703125 0.190625 0.296875 0.34791666666666665
0 0.5765625 0.428125 0.45625 0.53125
0 0.509375 0.6479166666666667 0.3765625 0.45
0 0.5734375 0.8625 0.2515625 0.275
1 0.1234375 0.11979166666666667 0.0296875 0.025
1 0.271875 0.016666666666666666 0.0359375 0.03333333333333333
1 0.18828125 0.21979166666666666 0.0171875 0.016666666666666666
1 0.265625 0.22604166666666667 0.021875 0.016666666666666666
1 0.46796875 0.146875 0.0296875 0.029166666666666667
1 0.50546875 0.016666666666666666 0.0296875 0.03125
1 0.50234375 0.09479166666666666 0.015625 0.029166666666666667
1 0.46796875 0.090625 0.03125 0.041666666666666664
1 0.61171875 0.13125 0.028125 0.041666666666666664
1 0.375 0.13125 0.015625 0.03125
1 0.39609375 0.12291666666666666 0.0171875 0.029166666666666667
1 0.40703125 0.15416666666666667 0.04375 0.05416666666666667
1 0.375 0.2677083333333333 0.021875 0.035416666666666666
1 0.43828125 0.26875 0.025 0.025
1 0.4296875 0.3072916666666667 0.01875 0.027083333333333334
1 0.265625 0.3385416666666667 0.0234375 0.0375
1 0.36640625 0.371875 0.0203125 0.022916666666666665
1 0.4140625 0.409375 0.0328125 0.0375
1 0.465625 0.3375 0.03125 0.041666666666666664
1 0.49375 0.29583333333333334 0.015625 0.035416666666666666
1 0.5625 0.23229166666666667 0.0578125 0.058333333333333334
1 0.575 0.27395833333333336 0.0296875 0.029166666666666667
1 0.5546875 0.3104166666666667 0.0140625 0.01875
1 0.4609375 0.40729166666666666 0.0375 0.04583333333333333
1 0.75390625 0.13020833333333334 0.009375 0.01875
1 0.74453125 0.39791666666666664 0.034375 0.03958333333333333
1 0.7234375 0.4041666666666667 0.0125 0.022916666666666665
1 0.63125 0.3770833333333333 0.0234375 0.035416666666666666
1 0.6015625 0.459375 0.01875 0.027083333333333334
1 0.50390625 0.546875 0.028125 0.04375
1 0.534375 0.5489583333333333 0.0171875 0.025
1 0.896875 0.19583333333333333 0.0296875 0.029166666666666667
1 0.96328125 0.08125 0.021875 0.03125