1 0.7390625 0.9180555555555555 0.0265625 0.06944444444444445
1 0.7578125 0.9298611111111111 0.0125 0.02361111111111111
1 0.751953125 0.8597222222222223 0.009375 0.022222222222222223
1 0.798046875 0.9479166666666666 0.02890625 0.06111111111111111
1 0.815234375 0.89375 0.03125 0.04722222222222222
1 0.8921875 0.9256944444444445 0.01875 0.03194444444444444
1 0.8296875 0.8270833333333333 0.01015625 0.022222222222222223
1 0.844921875 0.8097222222222222 0.021875 0.029166666666666667
1 0.90234375 0.7777777777777778 0.015625 0.030555555555555555
1 0.923828125 0.8180555555555555 0.02265625 0.030555555555555555
1 0.753125 0.75625 0.01015625 0.016666666666666666
1 0.7796875 0.7770833333333333 0.01484375 0.029166666666666667
1 0.834375 0.7430555555555556 0.046875 0.07222222222222222
1 0.796484375 0.6888888888888889 0.028125 0.04722222222222222
1 0.55859375 0.7951388888888888 0.01640625 0.02361111111111111
1 0.592578125 0.7958333333333333 0.01640625 0.029166666666666667
1 0.2796875 0.6798611111111111 0.0140625 0.041666666666666664
1 0.693359375 0.1625 0.0296875 0.043055555555555555
1 0.719921875 0.25 0.03359375 0.06527777777777778
1 0.7484375 0.18472222222222223 0.01328125 0.03194444444444444
1 0.73125 0.3527777777777778 0.01953125 0.044444444444444446
1 0.765234375 0.30694444444444446 0.015625 0.027777777777777776
1 0.778515625 0.15833333333333333 0.021875 0.059722222222222225
1 0.584765625 0.003472222222222222 0.00703125 0.006944444444444444
1 0.81953125 0.04583333333333333 0.02578125 0.0875
1 0.892578125 0.029861111111111113 0.021875 0.05277777777777778
1 0.804296875 0.16458333333333333 0.03359375 0.06805555555555555
1 0.824609375 0.15138888888888888 0.0171875 0.029166666666666667
1 0.87109375 0.16458333333333333 0.01640625 0.030555555555555555
1 0.88671875 0.32708333333333334 0.0171875 0.041666666666666664
1 0.988671875 0.26875 0.02265625 0.06111111111111111
1 0.996484375 0.32222222222222224 0.00703125 0.015277777777777777
1 0.990625 0.3923611111111111 0.01875 0.0375
1 0.985546875 0.15902777777777777 0.02890625 0.041666666666666664
1 0.984765625 0.19375 0.021875 0.03194444444444444
1 0.987109375 0.22291666666666668 0.015625 0.02638888888888889
1 0.7484375 0.4201388888888889 0.028125 0.05138888888888889
1 0.79921875 0.45208333333333334 0.0125 0.019444444444444445
1 0.839453125 0.48541666666666666 0.03203125 0.041666666666666664
1 0.701953125 0.4666666666666667 0.0265625 0.06527777777777778
1 0.702734375 0.6076388888888888 0.028125 0.04583333333333333
1 0.110546875 0.9520833333333333 0.01484375 0.02361111111111111
1 0.084375 0.9486111111111111 0.0375 0.0625
1 0.223828125 0.7618055555555555 0.0328125 0.04861111111111111
1 0.2515625 0.3541666666666667 0.02109375 0.030555555555555555
1 0.266015625 0.30694444444444446 0.0171875 0.034722222222222224
1 0.269140625 0.3819444444444444 0.0265625 0.058333333333333334
1 0.29296875 0.44513888888888886 0.02265625 0.043055555555555555
1 0.32265625 0.40347222222222223 0.0296875 0.05694444444444444
1 0.34296875 0.30833333333333335 0.0140625 0.03333333333333333
1 0.244140625 0.4722222222222222 0.02578125 0.075
1 0.20859375 0.5125 0.02578125 0.04027777777777778
1 0.22265625 0.5791666666666667 0.01328125 0.027777777777777776
1 0.196484375 0.5881944444444445 0.03125 0.05694444444444444
1 0.33671875 0.5208333333333334 0.01796875 0.034722222222222224
1 0.36015625 0.5930555555555556 0.01796875 0.05416666666666667
1 0.09453125 0.5486111111111112 0.0125 0.022222222222222223
1 0.071875 0.4847222222222222 0.01171875 0.016666666666666666
1 0.06015625 0.5326388888888889 0.02109375 0.03611111111111111
1 0.021875 0.60625 0.02265625 0.04583333333333333
1 0.048046875 0.6090277777777777 0.01875 0.034722222222222224
1 0.1234375 0.6583333333333333 0.01328125 0.018055555555555554
1 0.159375 0.7152777777777778 0.01015625 0.02638888888888889
1 0.048046875 0.7277777777777777 0.01640625 0.03333333333333333
1 0.066015625 0.7270833333333333 0.021875 0.04027777777777778
1 0.12265625 0.7847222222222222 0.02734375 0.05694444444444444
1 0.168359375 0.80625 0.01953125 0.03611111111111111
1 0.41796875 0.5027777777777778 0.009375 0.020833333333333332
1 0.392578125 0.3888888888888889 0.03125 0.07777777777777778
1 0.419140625 0.3993055555555556 0.0234375 0.07777777777777778
1 0.468359375 0.3625 0.03203125 0.07916666666666666
1 0.458984375 0.25555555555555554 0.0203125 0.0375
1 0.507421875 0.3326388888888889 0.01875 0.034722222222222224
1 0.54296875 0.30416666666666664 0.021875 0.04027777777777778
1 0.55234375 0.17708333333333334 0.02421875 0.04027777777777778
1 0.566796875 0.21805555555555556 0.0203125 0.04861111111111111
1 0.546875 0.22569444444444445 0.02265625 0.059722222222222225
1 0.444921875 0.19305555555555556 0.02421875 0.0375
1 0.4171875 0.18888888888888888 0.025 0.044444444444444446
1 0.53828125 0.13333333333333333 0.01875 0.04583333333333333
1 0.600390625 0.16527777777777777 0.025 0.04861111111111111
1 0.619921875 0.15694444444444444 0.01015625 0.029166666666666667
1 0.33203125 0.8472222222222222 0.021875 0.029166666666666667
1 0.29375 0.7375 0.01796875 0.03194444444444444
1 0.3484375 0.7451388888888889 0.021875 0.034722222222222224
1 0.375390625 0.7284722222222222 0.01640625 0.03333333333333333
1 0.39609375 0.7763888888888889 0.02421875 0.044444444444444446
1 0.36328125 0.6548611111111111 0.0359375 0.059722222222222225
1 0.719921875 0.9395833333333333 0.01640625 0.03194444444444444
1 0.4265625 0.6291666666666667 0.01484375 0.02638888888888889
1 0.459375 0.6604166666666667 0.01484375 0.030555555555555555
1 0.47265625 0.6701388888888888 0.01328125 0.03333333333333333
1 0.473828125 0.6111111111111112 0.0296875 0.044444444444444446
1 0.497265625 0.5958333333333333 0.01484375 0.02638888888888889
1 0.652734375 0.20277777777777778 0.03828125 0.06527777777777778
1 0.5296875 0.6625 0.0328125 0.044444444444444446
1 0.500390625 0.6854166666666667 0.015625 0.019444444444444445
1 0.50234375 0.7243055555555555 0.0203125 0.05555555555555555
1 0.52421875 0.7423611111111111 0.01171875 0.03333333333333333
1 0.5671875 0.6666666666666666 0.03046875 0.04583333333333333
1 0.584375 0.6777777777777778 0.01328125 0.029166666666666667
1 0.5984375 0.7020833333333333 0.01640625 0.03194444444444444
1 0.535546875 0.5881944444444445 0.01015625 0.0125
1 0.51875 0.5590277777777778 0.02890625 0.04583333333333333
1 0.562109375 0.5340277777777778 0.015625 0.016666666666666666
1 0.301171875 0.9923611111111111 0.01015625 0.015277777777777777
1 0.33203125 0.99375 0.0234375 0.0125
1 0.2234375 0.9118055555555555 0.01015625 0.025
1 0.28984375 0.85625 0.01171875 0.018055555555555554
0 0.7078125 0.06180555555555556 0.2125 0.12361111111111112
0 0.6109375 0.35833333333333334 0.06953125 0.49444444444444446
1 0.88359375 0.7243055555555555 0.00859375 0.019444444444444445
0 0.634375 0.49444444444444446 0.13359375 0.4666666666666667
0 0.65703125 0.8027777777777778 0.2515625 0.24305555555555555
0 0.615234375 0.9083333333333333 0.1015625 0.18333333333333332
0 0.127734375 0.8881944444444444 0.11875 0.22361111111111112
0 0.146484375 0.6895833333333333 0.14375 0.2916666666666667
0 0.105859375 0.46319444444444446 0.1578125 0.2013888888888889
0 0.083203125 0.1111111111111111 0.1484375 0.2222222222222222
0 0.123046875 0.020833333333333332 0.04140625 0.041666666666666664
1 0.50703125 0.48194444444444445 0.0140625 0.027777777777777776
1 0.52421875 0.4965277777777778 0.02265625 0.059722222222222225
1 0.547265625 0.4479166666666667 0.02578125 0.020833333333333332
1 0.4859375 0.4222222222222222 0.0265625 0.03888888888888889
1 0.451953125 0.5402777777777777 0.02265625 0.05277777777777778
1 0.359765625 0.08125 0.025 0.05416666666666667
1 0.421875 0.05763888888888889 0.02109375 0.043055555555555555
1 0.4453125 0.05277777777777778 0.01484375 0.027777777777777776
1 0.253515625 0.9194444444444444 0.03984375 0.07361111111111111
1 0.17265625 0.9840277777777777 0.01875 0.03194444444444444
1 0.268359375 0.04236111111111111 0.021875 0.04027777777777778
1 0.187109375 0.052083333333333336 0.015625 0.029166666666666667
1 0.1578125 0.003472222222222222 0.0125 0.006944444444444444
1 0.1046875 0.002777777777777778 0.0078125 0.005555555555555556
1 0.040234375 0.41597222222222224 0.028125 0.05555555555555555
1 0.068359375 0.35833333333333334 0.02734375 0.041666666666666664
1 0.094140625 0.36180555555555555 0.025 0.04027777777777778
1 0.0203125 0.4423611111111111 0.0109375 0.022222222222222223
1 0.1296875 0.7395833333333334 0.02109375 0.04722222222222222
1 0.46953125 0.8743055555555556 0.03671875 0.04583333333333333
1 0.4921875 0.8534722222222222 0.0109375 0.02638888888888889
1 0.505078125 0.8194444444444444 0.0265625 0.03194444444444444
1 0.4875 0.9201388888888888 0.01953125 0.029166666666666667
1 0.535546875 0.95 0.02265625 0.04583333333333333
1 0.55234375 0.9263888888888889 0.0171875 0.03611111111111111
1 0.55703125 0.8944444444444445 0.0125 0.018055555555555554
1 0.580078125 0.9298611111111111 0.0171875 0.025
1 0.5640625 0.9701388888888889 0.01953125 0.0375
1 0.615625 0.9520833333333333 0.01328125 0.041666666666666664
1 0.6 0.8777777777777778 0.0140625 0.02361111111111111
1 0.547265625 0.8326388888888889 0.00859375 0.0125
1 0.952734375 0.5055555555555555 0.01015625 0.015277777777777777
1 0.93125 0.004166666666666667 0.01015625 0.008333333333333333
1 0.652734375 0.9395833333333333 0.009375 0.022222222222222223
1 0.790234375 0.9923611111111111 0.009375 0.015277777777777777
1 0.97734375 0.9118055555555555 0.028125 0.0375
1 0.85625 0.7118055555555556 0.00859375 0.018055555555555554
1 0.993359375 0.5201388888888889 0.01328125 0.020833333333333332
1 0.983984375 0.5736111111111111 0.0265625 0.05694444444444444
1 0.907421875 0.6451388888888889 0.01640625 0.029166666666666667
1 0.883984375 0.5868055555555556 0.02890625 0.04722222222222222
1 0.82578125 0.6493055555555556 0.01875 0.03194444444444444
1 0.79765625 0.6305555555555555 0.02890625 0.041666666666666664
1 0.662109375 0.6729166666666667 0.02890625 0.03611111111111111
1 0.601953125 0.4861111111111111 0.009375 0.020833333333333332
1 0.76875 0.5770833333333333 0.0203125 0.03333333333333333
1 0.665234375 0.9208333333333333 0.0140625 0.025
1 0.6734375 0.9493055555555555 0.01171875 0.03194444444444444
1 0.70078125 0.93125 0.021875 0.043055555555555555
1 0.715234375 0.9756944444444444 0.0265625 0.04861111111111111
1 0.7390625 0.9798611111111111 0.0203125 0.04027777777777778
1 0.08515625 0.2534722222222222 0.0328125 0.04583333333333333
1 0.12109375 0.22430555555555556 0.01875 0.029166666666666667
1 0.145703125 0.23333333333333334 0.0140625 0.02361111111111111
1 0.205859375 0.20625 0.02109375 0.03333333333333333
1 0.233984375 0.23472222222222222 0.03671875 0.08333333333333333
1 0.211328125 0.3368055555555556 0.0203125 0.029166666666666667
1 0.23125 0.32083333333333336 0.01328125 0.022222222222222223