1 0.78359375 0.796875 0.0359375 0.029166666666666667
0 0.61484375 0.05520833333333333 0.153125 0.11041666666666666
0 0.63203125 0.171875 0.278125 0.32083333333333336
0 0.77578125 0.43125 0.4421875 0.39791666666666664
0 0.62734375 0.709375 0.2703125 0.58125
0 0.58515625 0.9677083333333333 0.1078125 0.0625
0 0.66640625 0.9916666666666667 0.00625 0.016666666666666666
1 0.21328125 0.06666666666666667 0.025 0.03333333333333333
1 0.09921875 0.196875 0.03125 0.03958333333333333
1 0.16015625 0.26145833333333335 0.0359375 0.035416666666666666
1 0.16015625 0.30104166666666665 0.01875 0.020833333333333332
1 0.02734375 0.22083333333333333 0.0140625 0.014583333333333334
1 0.00625 0.265625 0.0125 0.025
1 0.10859375 0.446875 0.0171875 0.03125
1 0.28203125 0.6291666666666667 0.0453125 0.04375
1 0.115625 0.690625 0.0265625 0.029166666666666667
1 0.2265625 0.8239583333333333 0.0375 0.041666666666666664
1 0.378125 0.7447916666666666 0.025 0.03125
1 0.4765625 0.709375 0.0359375 0.06041666666666667
1 0.5859375 0.7739583333333333 0.0375 0.035416666666666666
1 0.415625 0.9229166666666667 0.025 0.03125
1 0.35703125 0.603125 0.0125 0.01875
1 0.51171875 0.5510416666666667 0.05625 0.08541666666666667
1 0.278125 0.2833333333333333 0.040625 0.04375
1 0.4671875 0.259375 0.2390625 0.3875
1 0.66796875 0.3541666666666667 0.0234375 0.035416666666666666
1 0.62421875 0.396875 0.028125 0.04375
1 0.70859375 0.03229166666666667 0.03125 0.04583333333333333
1 0.77109375 0.115625 0.0359375 0.07916666666666666
1 0.7421875 0.196875 0.0265625 0.03333333333333333
1 0.6765625 0.23541666666666666 0.021875 0.029166666666666667
1 0.80546875 0.4979166666666667 0.028125 0.04375
1 0.73125 0.4375 0.0171875 0.027083333333333334
1 0.8890625 0.6177083333333333 0.04375 0.04375
1 0.7375 0.6916666666666667 0.0421875 0.04791666666666667
1 0.7265625 0.85625 0.0375 0.05625
1 0.58203125 0.6729166666666667 0.0203125 0.027083333333333334
1 0.93828125 0.525 0.0140625 0.020833333333333332
1 0.1609375 0.004166666666666667 0.0109375 0.008333333333333333