1 0.947265625 0.24930555555555556 0.0171875 0.030555555555555555
1 0.99375 0.18611111111111112 0.0125 0.03888888888888889
1 0.885546875 0.3909722222222222 0.01875 0.029166666666666667
1 0.990625 0.43125 0.0171875 0.04027777777777778
1 0.884375 0.475 0.05234375 0.05416666666666667
1 0.9203125 0.51875 0.02265625 0.05277777777777778
1 0.949609375 0.5534722222222223 0.03046875 0.06944444444444445
1 0.8296875 0.5034722222222222 0.02109375 0.04722222222222222
1 0.78046875 0.48541666666666666 0.02265625 0.030555555555555555
1 0.723046875 0.4986111111111111 0.0296875 0.034722222222222224
1 0.81171875 0.5423611111111111 0.0453125 0.07361111111111111
1 0.798046875 0.5840277777777778 0.01484375 0.027777777777777776
1 0.625390625 0.6041666666666666 0.025 0.034722222222222224
1 0.67890625 0.8104166666666667 0.0484375 0.07083333333333333
1 0.628125 0.9138888888888889 0.0203125 0.043055555555555555
1 0.721875 0.8944444444444445 0.0703125 0.08611111111111111
1 0.76640625 0.9131944444444444 0.0234375 0.044444444444444446
1 0.828125 0.9430555555555555 0.02265625 0.043055555555555555
1 0.825 0.825 0.0453125 0.05694444444444444
1 0.823828125 0.7381944444444445 0.02578125 0.044444444444444446
1 0.890625 0.7722222222222223 0.0203125 0.0375
1 0.92421875 0.8465277777777778 0.04375 0.12083333333333333
1 0.9515625 0.7201388888888889 0.0296875 0.0625
1 0.982421875 0.80625 0.01484375 0.041666666666666664
1 0.971484375 0.9145833333333333 0.05703125 0.14166666666666666
0 0.65 0.8944444444444445 0.2484375 0.2111111111111111
0 0.67421875 0.7006944444444444 0.24453125 0.43194444444444446
0 0.6421875 0.34930555555555554 0.3015625 0.2986111111111111
0 0.67265625 0.24444444444444444 0.2875 0.3819444444444444
0 0.12578125 0.8166666666666667 0.13984375 0.3375
0 0.16640625 0.6645833333333333 0.065625 0.33194444444444443
0 0.110546875 0.42291666666666666 0.22109375 0.11944444444444445
0 0.11015625 0.1125 0.20859375 0.225
1 0.2625 0.5319444444444444 0.0296875 0.04027777777777778
1 0.096875 0.6534722222222222 0.01484375 0.034722222222222224
1 0.125390625 0.9145833333333333 0.02734375 0.03333333333333333
1 0.4765625 0.6194444444444445 0.03046875 0.05
1 0.205859375 0.9361111111111111 0.0515625 0.075
1 0.30859375 0.8298611111111112 0.015625 0.029166666666666667
1 0.3421875 0.7680555555555556 0.01953125 0.034722222222222224
1 0.24375 0.9180555555555555 0.01875 0.030555555555555555
1 0.157421875 0.3736111111111111 0.01796875 0.03194444444444444
1 0.090234375 0.29305555555555557 0.0265625 0.043055555555555555
1 0.186328125 0.24930555555555556 0.02265625 0.0375
1 0.23984375 0.2513888888888889 0.02421875 0.05694444444444444
1 0.301171875 0.18472222222222223 0.01640625 0.02638888888888889
1 0.276953125 0.10972222222222222 0.015625 0.029166666666666667
1 0.200390625 0.0125 0.0265625 0.025
1 0.621875 0.14375 0.02734375 0.05416666666666667
1 0.672265625 0.09791666666666667 0.03671875 0.06805555555555555
1 0.645703125 0.06180555555555556 0.03046875 0.05416666666666667
1 0.681640625 0.016666666666666666 0.02421875 0.03333333333333333
1 0.68984375 0.225 0.01875 0.03611111111111111
1 0.715234375 0.16805555555555557 0.0328125 0.05138888888888889
1 0.75 0.25 0.01640625 0.041666666666666664
1 0.78671875 0.2902777777777778 0.0171875 0.0375
1 0.81953125 0.24791666666666667 0.021875 0.041666666666666664
1 0.82421875 0.13958333333333334 0.0421875 0.07222222222222222
1 0.838671875 0.03611111111111111 0.04375 0.06944444444444445
1 0.902734375 0.02361111111111111 0.040625 0.04722222222222222
1 0.901953125 0.18611111111111112 0.02421875 0.04583333333333333
1 0.905859375 0.24791666666666667 0.015625 0.03611111111111111
1 0.934375 0.2763888888888889 0.02109375 0.03194444444444444