1 0.055859375 0.4930555555555556 0.01953125 0.03194444444444444
1 0.887890625 0.6375 0.0140625 0.020833333333333332
1 0.83515625 0.6277777777777778 0.02421875 0.06111111111111111
1 0.89609375 0.5777777777777777 0.028125 0.04722222222222222
1 0.933984375 0.47638888888888886 0.01796875 0.02638888888888889
1 0.878515625 0.48680555555555555 0.01015625 0.027777777777777776
1 0.86953125 0.5402777777777777 0.01640625 0.02638888888888889
1 0.851171875 0.5090277777777777 0.01796875 0.041666666666666664
1 0.84296875 0.5430555555555555 0.0125 0.02638888888888889
1 0.7703125 0.5534722222222223 0.03125 0.08194444444444444
1 0.723828125 0.5055555555555555 0.0109375 0.025
1 0.75234375 0.29375 0.00859375 0.015277777777777777
1 0.94375 0.3770833333333333 0.01640625 0.027777777777777776
1 0.914453125 0.3402777777777778 0.01875 0.034722222222222224
1 0.8453125 0.30069444444444443 0.01171875 0.020833333333333332
1 0.885546875 0.28055555555555556 0.02265625 0.04583333333333333
1 0.9953125 0.18819444444444444 0.009375 0.025
1 0.832421875 0.10555555555555556 0.0203125 0.05
1 0.64453125 0.00625 0.0109375 0.0125
1 0.6875 0.007638888888888889 0.01640625 0.015277777777777777
1 0.74140625 0.025694444444444443 0.0109375 0.011111111111111112
1 0.810546875 0.03125 0.0265625 0.04722222222222222
1 0.7203125 0.12291666666666666 0.0296875 0.019444444444444445
1 0.6921875 0.22291666666666668 0.0234375 0.05
1 0.66796875 0.2152777777777778 0.01484375 0.04722222222222222
1 0.65625 0.15 0.0140625 0.030555555555555555
1 0.6265625 0.18055555555555555 0.015625 0.04722222222222222
1 0.615234375 0.11805555555555555 0.03359375 0.09027777777777778
1 0.71640625 0.41944444444444445 0.0171875 0.020833333333333332
1 0.68515625 0.39861111111111114 0.0328125 0.022222222222222223
1 0.69140625 0.35833333333333334 0.025 0.0625
1 0.675 0.32222222222222224 0.02421875 0.04583333333333333
1 0.631640625 0.3506944444444444 0.01328125 0.020833333333333332
1 0.61015625 0.34097222222222223 0.028125 0.05138888888888889
1 0.52890625 0.35694444444444445 0.0109375 0.020833333333333332
1 0.4625 0.3541666666666667 0.025 0.044444444444444446
1 0.2703125 0.4409722222222222 0.040625 0.09166666666666666
1 0.531640625 0.4986111111111111 0.021875 0.03888888888888889
1 0.48359375 0.49166666666666664 0.01796875 0.03333333333333333
1 0.415625 0.4895833333333333 0.0296875 0.04861111111111111
1 0.42265625 0.5270833333333333 0.0203125 0.03194444444444444
1 0.389453125 0.5743055555555555 0.01640625 0.03194444444444444
1 0.380078125 0.5451388888888888 0.01171875 0.025
1 0.297265625 0.5597222222222222 0.0203125 0.04861111111111111
1 0.3203125 0.6208333333333333 0.021875 0.04861111111111111
1 0.30859375 0.6784722222222223 0.01875 0.04861111111111111
1 0.2875 0.675 0.02109375 0.03611111111111111
1 0.363671875 0.6680555555555555 0.01796875 0.022222222222222223
1 0.36015625 0.7013888888888888 0.015625 0.02361111111111111
1 0.40546875 0.6979166666666666 0.0125 0.027777777777777776
1 0.478125 0.7090277777777778 0.02109375 0.0375
1 0.898828125 0.6215277777777778 0.01015625 0.015277777777777777
1 0.932421875 0.6083333333333333 0.01796875 0.03333333333333333
1 0.811328125 0.3277777777777778 0.01015625 0.013888888888888888
1 0.65078125 0.3770833333333333 0.01640625 0.022222222222222223
1 0.61796875 0.4875 0.02421875 0.030555555555555555
1 0.612890625 0.5770833333333333 0.028125 0.044444444444444446
1 0.505078125 0.5972222222222222 0.0171875 0.03194444444444444
1 0.551171875 0.6152777777777778 0.03046875 0.07777777777777778
1 0.537890625 0.6618055555555555 0.02578125 0.03611111111111111
1 0.5078125 0.6458333333333334 0.01875 0.04027777777777778
1 0.5390625 0.7180555555555556 0.01953125 0.059722222222222225
1 0.534765625 0.7659722222222223 0.0078125 0.013888888888888888
1 0.570703125 0.8111111111111111 0.0328125 0.043055555555555555
1 0.587109375 0.8444444444444444 0.01953125 0.02638888888888889
1 0.55859375 0.8590277777777777 0.034375 0.06666666666666667
1 0.56171875 0.9229166666666667 0.034375 0.06805555555555555
1 0.70234375 0.9854166666666667 0.02890625 0.029166666666666667
1 0.66640625 0.8131944444444444 0.03046875 0.09444444444444444
1 0.807421875 0.9395833333333333 0.02109375 0.03611111111111111
1 0.73125 0.7402777777777778 0.0125 0.019444444444444445
1 0.68671875 0.73125 0.009375 0.025
1 0.990234375 0.79375 0.01953125 0.043055555555555555
1 0.99296875 0.12083333333333333 0.01015625 0.025
1 0.39296875 0.018055555555555554 0.01015625 0.03611111111111111
1 0.40703125 0.005555555555555556 0.0109375 0.011111111111111112
1 0.44453125 0.018055555555555554 0.015625 0.03611111111111111
1 0.3875 0.4215277777777778 0.0234375 0.05277777777777778
1 0.44921875 0.7145833333333333 0.009375 0.018055555555555554
1 0.43125 0.7368055555555556 0.01484375 0.04027777777777778
1 0.440234375 0.8402777777777778 0.009375 0.009722222222222222
1 0.413671875 0.8333333333333334 0.0234375 0.025
1 0.39375 0.8409722222222222 0.01328125 0.034722222222222224
1 0.455859375 0.9916666666666667 0.02109375 0.016666666666666666
1 0.3921875 0.9006944444444445 0.015625 0.019444444444444445
1 0.378515625 0.9513888888888888 0.021875 0.0625
1 0.33125 0.9923611111111111 0.00625 0.015277777777777777
1 0.228125 0.95 0.009375 0.0125
1 0.262109375 0.9 0.034375 0.06666666666666667
1 0.2546875 0.8222222222222222 0.01875 0.03194444444444444
1 0.2265625 0.8527777777777777 0.02421875 0.034722222222222224
1 0.216015625 0.8868055555555555 0.02734375 0.029166666666666667
1 0.096875 0.9666666666666667 0.03359375 0.06666666666666667
1 0.1828125 0.8131944444444444 0.01953125 0.025
1 0.226953125 0.5631944444444444 0.02421875 0.03333333333333333
1 0.162890625 0.5 0.0171875 0.027777777777777776
1 0.11875 0.4979166666666667 0.02890625 0.043055555555555555
1 0.08046875 0.5361111111111111 0.03671875 0.0625
1 0.176953125 0.21041666666666667 0.02265625 0.043055555555555555
1 0.041015625 0.06597222222222222 0.01015625 0.022222222222222223
1 0.00546875 0.1701388888888889 0.0109375 0.03333333333333333
1 0.0609375 0.32013888888888886 0.0234375 0.029166666666666667
1 0.035546875 0.34097222222222223 0.01015625 0.02361111111111111
1 0.0734375 0.38819444444444445 0.01015625 0.020833333333333332
1 0.028125 0.4173611111111111 0.01796875 0.043055555555555555
1 0.58046875 0.11597222222222223 0.03046875 0.05555555555555555
1 0.51328125 0.1951388888888889 0.05703125 0.08472222222222223
1 0.453515625 0.14930555555555555 0.01796875 0.03611111111111111
1 0.441015625 0.26180555555555557 0.03359375 0.0763888888888889
1 0.43046875 0.20625 0.01796875 0.03611111111111111
1 0.416796875 0.15902777777777777 0.015625 0.022222222222222223
1 0.36875 0.14652777777777778 0.015625 0.034722222222222224
1 0.361328125 0.20833333333333334 0.03046875 0.07222222222222222
1 0.26640625 0.18472222222222223 0.02578125 0.05694444444444444
1 0.213671875 0.058333333333333334 0.05 0.10277777777777777
0 0.671484375 0.07430555555555556 0.2296875 0.1486111111111111
0 0.66953125 0.4375 0.2125 0.09583333333333334
0 0.68515625 0.5986111111111111 0.18359375 0.40555555555555556
0 0.668359375 0.8402777777777778 0.19296875 0.2611111111111111
0 0.131640625 0.9722222222222222 0.02578125 0.05555555555555555
0 0.10390625 0.6833333333333333 0.2078125 0.37777777777777777
0 0.098828125 0.41180555555555554 0.11171875 0.3125
0 0.101953125 0.24305555555555555 0.20390625 0.2652777777777778
0 0.09609375 0.09236111111111112 0.11640625 0.18472222222222223