1 0.723828125 0.5138888888888888 0.03203125 0.04861111111111111
1 0.573828125 0.011111111111111112 0.025 0.022222222222222223
1 0.741796875 0.3597222222222222 0.01796875 0.03888888888888889
1 0.85625 0.4048611111111111 0.01484375 0.03611111111111111
1 0.247265625 0.2777777777777778 0.02578125 0.03888888888888889
1 0.824609375 0.3055555555555556 0.03046875 0.06527777777777778
1 0.844921875 0.2298611111111111 0.0125 0.02361111111111111
1 0.178515625 0.10555555555555556 0.015625 0.041666666666666664
1 0.224609375 0.40069444444444446 0.0203125 0.022222222222222223
1 0.23046875 0.43125 0.01640625 0.029166666666666667
1 0.144140625 0.60625 0.01328125 0.04027777777777778
1 0.18359375 0.7416666666666667 0.01484375 0.03888888888888889
1 0.239453125 0.9881944444444445 0.01953125 0.02361111111111111
1 0.27265625 0.8770833333333333 0.0203125 0.02638888888888889
1 0.995703125 0.7805555555555556 0.00859375 0.041666666666666664
1 0.969140625 0.6173611111111111 0.040625 0.05694444444444444
1 0.81484375 0.7013888888888888 0.0125 0.022222222222222223
1 0.632421875 0.7166666666666667 0.01015625 0.02361111111111111
1 0.571484375 0.6402777777777777 0.01875 0.029166666666666667
1 0.6515625 0.5930555555555556 0.0203125 0.043055555555555555
0 0.1375 0.08611111111111111 0.1078125 0.17222222222222222
0 0.1578125 0.3854166666666667 0.13984375 0.25555555555555554
0 0.13515625 0.5201388888888889 0.1921875 0.16944444444444445
0 0.1484375 0.7159722222222222 0.08046875 0.16527777777777777
1 0.50625 0.46805555555555556 0.01640625 0.06805555555555555
1 0.965625 0.0763888888888889 0.0203125 0.030555555555555555
1 0.97265625 0.1875 0.01953125 0.03611111111111111
1 0.980078125 0.005555555555555556 0.00859375 0.011111111111111112
0 0.7125 0.22291666666666668 0.14375 0.4166666666666667
0 0.600390625 0.14652777777777778 0.259375 0.29305555555555557
0 0.65390625 0.7020833333333333 0.26875 0.2847222222222222
0 0.14609375 0.9590277777777778 0.1171875 0.08194444444444444
0 0.716796875 0.7722222222222223 0.1640625 0.45555555555555555
0 0.728125 0.95 0.1703125 0.1