1 0.396875 0.303125 0.025 0.0375
1 0.5421875 0.9875 0.03125 0.025
0 0.7640625 0.04479166666666667 0.209375 0.08958333333333333
0 0.6828125 0.49375 0.1546875 0.29375
0 0.72578125 0.31145833333333334 0.2984375 0.1875
0 0.59921875 0.8104166666666667 0.2171875 0.2125
0 0.5765625 0.9666666666666667 0.1 0.06666666666666667
1 0.53671875 0.4479166666666667 0.01875 0.022916666666666665
1 0.215625 0.10104166666666667 0.01875 0.03333333333333333
1 0.5 0.33958333333333335 0.0203125 0.016666666666666666
1 0.35703125 0.11145833333333334 0.015625 0.01875
1 0.75078125 0.9927083333333333 0.0234375 0.014583333333333334
1 0.53125 0.5583333333333333 0.0171875 0.01875
1 0.2734375 0.08958333333333333 0.03125 0.027083333333333334
1 0.446875 0.20729166666666668 0.015625 0.022916666666666665
1 0.48828125 0.18541666666666667 0.021875 0.022916666666666665
1 0.8140625 0.21354166666666666 0.01875 0.035416666666666666
1 0.76953125 0.24270833333333333 0.0171875 0.020833333333333332
1 0.61953125 0.33125 0.0328125 0.058333333333333334
1 0.5625 0.8479166666666667 0.0265625 0.035416666666666666
1 0.46640625 0.88125 0.0265625 0.0375
1 0.36015625 0.9604166666666667 0.0203125 0.035416666666666666
1 0.2703125 0.9833333333333333 0.01875 0.01875
1 0.34765625 0.8760416666666667 0.0140625 0.022916666666666665
1 0.3609375 0.675 0.034375 0.05
1 0.32890625 0.625 0.0328125 0.058333333333333334
1 0.51640625 0.609375 0.0265625 0.035416666666666666
1 0.4828125 0.49270833333333336 0.021875 0.03125
1 0.63671875 0.20520833333333333 0.0265625 0.03125
1 0.88125 0.109375 0.04375 0.025
1 0.8421875 0.078125 0.0140625 0.025
1 0.875 0.28854166666666664 0.0265625 0.027083333333333334
1 0.75078125 0.1625 0.021875 0.03125
1 0.71640625 0.5447916666666667 0.015625 0.022916666666666665
1 0.7875 0.41770833333333335 0.028125 0.0375
1 0.9359375 0.45 0.025 0.03958333333333333
1 0.984375 0.425 0.0203125 0.022916666666666665
1 0.83125 0.525 0.0640625 0.075
1 0.77421875 0.5697916666666667 0.0265625 0.0375
1 0.8171875 0.6177083333333333 0.0203125 0.027083333333333334
1 0.9125 0.6760416666666667 0.028125 0.016666666666666666
1 0.875 0.615625 0.0375 0.07083333333333333
1 0.80859375 0.734375 0.025 0.03333333333333333
1 0.79140625 0.6760416666666667 0.0375 0.05
1 0.99140625 0.8083333333333333 0.0171875 0.01875
1 0.93046875 0.9677083333333333 0.0375 0.025
1 0.9 0.9208333333333333 0.021875 0.027083333333333334
1 0.86171875 0.9177083333333333 0.0203125 0.025
1 0.8125 0.8739583333333333 0.0640625 0.08333333333333333
1 0.75546875 0.834375 0.01875 0.03125