1 0.7890625 0.18333333333333332 0.0140625 0.01875
0 0.571875 0.1 0.0609375 0.19791666666666666
0 0.5765625 0.3625 0.0890625 0.2520833333333333
0 0.5625 0.5895833333333333 0.14375 0.27291666666666664
0 0.58125 0.8770833333333333 0.140625 0.2375
1 0.309375 0.4197916666666667 0.0671875 0.05416666666666667
1 0.3640625 0.4822916666666667 0.0421875 0.06666666666666667
1 0.375 0.5427083333333333 0.0375 0.04791666666666667
1 0.39296875 0.3333333333333333 0.0390625 0.041666666666666664
1 0.440625 0.309375 0.0171875 0.025
1 0.65078125 0.03333333333333333 0.03125 0.0375
1 0.68828125 0.06979166666666667 0.0171875 0.035416666666666666
1 0.75234375 0.01875 0.0390625 0.0375
1 0.85078125 0.06458333333333334 0.065625 0.04375
1 0.88203125 0.59375 0.0203125 0.04791666666666667
1 0.61171875 0.546875 0.03125 0.05625
1 0.6921875 0.6052083333333333 0.0421875 0.041666666666666664
1 0.76171875 0.50625 0.05 0.035416666666666666
1 0.81328125 0.4666666666666667 0.01875 0.016666666666666666
1 0.8171875 0.3458333333333333 0.034375 0.041666666666666664
1 0.9015625 0.4041666666666667 0.0203125 0.0375
1 0.6828125 0.42083333333333334 0.0328125 0.05
1 0.68203125 0.509375 0.0515625 0.07916666666666666
1 0.71953125 0.240625 0.03125 0.0375
1 0.77578125 0.26666666666666666 0.053125 0.041666666666666664
1 0.85390625 0.21875 0.0171875 0.029166666666666667
1 0.38046875 0.4197916666666667 0.015625 0.027083333333333334
1 0.4296875 0.4895833333333333 0.0234375 0.027083333333333334
1 0.50234375 0.49895833333333334 0.0546875 0.07083333333333333
1 0.51171875 0.446875 0.0203125 0.027083333333333334
1 0.29609375 0.7145833333333333 0.034375 0.05625
1 0.33125 0.7447916666666666 0.0265625 0.05416666666666667
1 0.41015625 0.7989583333333333 0.021875 0.03333333333333333
1 0.13359375 0.4979166666666667 0.03125 0.03125
1 0.78046875 0.12395833333333334 0.021875 0.029166666666666667
1 0.75546875 0.44583333333333336 0.021875 0.025
1 0.71953125 0.9604166666666667 0.0328125 0.052083333333333336
1 0.809375 0.984375 0.0265625 0.03125
1 0.63359375 0.6729166666666667 0.028125 0.04583333333333333
1 0.26953125 0.32916666666666666 0.0484375 0.058333333333333334
1 0.33984375 0.215625 0.021875 0.022916666666666665
1 0.146875 0.36666666666666664 0.0421875 0.07916666666666666
1 0.26171875 0.815625 0.0265625 0.03125
1 0.31328125 0.9614583333333333 0.0140625 0.0375
1 0.48515625 0.93125 0.0265625 0.025
1 0.75390625 0.68125 0.021875 0.041666666666666664
1 0.6390625 0.8354166666666667 0.03125 0.03333333333333333
1 0.04921875 0.553125 0.0140625 0.01875
1 0.1375 0.840625 0.015625 0.027083333333333334
1 0.78671875 0.7177083333333333 0.01875 0.029166666666666667
1 0.2875 0.04375 0.0546875 0.06875