0 0.54765625 0.30520833333333336 0.1046875 0.22083333333333333
0 0.475 0.5229166666666667 0.103125 0.325
0 0.55234375 0.7916666666666666 0.1796875 0.13333333333333333
0 0.553125 0.9645833333333333 0.0640625 0.07083333333333333
0 0.5171875 0.041666666666666664 0.1421875 0.08333333333333333
1 0.534375 0.66875 0.0171875 0.01875
1 0.3734375 0.32083333333333336 0.053125 0.04583333333333333
1 0.15859375 0.10729166666666666 0.021875 0.025
1 0.90703125 0.8604166666666667 0.0390625 0.06875
1 0.66328125 0.24895833333333334 0.0171875 0.035416666666666666
1 0.70546875 0.303125 0.015625 0.0375
1 0.7625 0.3072916666666667 0.0265625 0.027083333333333334
1 0.73671875 0.525 0.0140625 0.020833333333333332
1 0.68203125 0.6385416666666667 0.028125 0.04583333333333333
1 0.640625 0.5625 0.021875 0.029166666666666667
1 0.6125 0.578125 0.0234375 0.03333333333333333
1 0.47578125 0.6010416666666667 0.0234375 0.025
1 0.4453125 0.5135416666666667 0.0171875 0.020833333333333332
1 0.4109375 0.51875 0.0234375 0.020833333333333332
1 0.38203125 0.43333333333333335 0.040625 0.058333333333333334
1 0.6046875 0.8708333333333333 0.0328125 0.04375
1 0.4046875 0.940625 0.0203125 0.020833333333333332
1 0.35546875 0.8645833333333334 0.0421875 0.04791666666666667