1 0.571484375 0.49444444444444446 0.021875 0.0375
1 0.664453125 0.5104166666666666 0.021875 0.03888888888888889
1 0.505078125 0.5868055555555556 0.02890625 0.06111111111111111
1 0.467578125 0.6104166666666667 0.01640625 0.02638888888888889
1 0.468359375 0.6708333333333333 0.03515625 0.04583333333333333
1 0.479296875 0.7125 0.0328125 0.041666666666666664
1 0.88125 0.5916666666666667 0.009375 0.013888888888888888
1 0.2578125 0.5465277777777777 0.0171875 0.016666666666666666
1 0.179296875 0.11180555555555556 0.025 0.04722222222222222
1 0.199609375 0.10694444444444444 0.01015625 0.022222222222222223
1 0.221875 0.09305555555555556 0.01328125 0.02638888888888889
1 0.0765625 0.004166666666666667 0.009375 0.008333333333333333
1 0.094921875 0.03125 0.015625 0.025
1 0.133984375 0.03333333333333333 0.0578125 0.06666666666666667
1 0.1421875 0.09027777777777778 0.0234375 0.04583333333333333
1 0.35078125 0.175 0.01484375 0.02638888888888889
1 0.35 0.21597222222222223 0.01328125 0.03194444444444444
1 0.418359375 0.16805555555555557 0.015625 0.03194444444444444
1 0.4171875 0.2638888888888889 0.02890625 0.0375
1 0.4 0.7048611111111112 0.02421875 0.041666666666666664
1 0.41015625 0.7881944444444444 0.0109375 0.027777777777777776
1 0.467578125 0.8673611111111111 0.01796875 0.034722222222222224
1 0.55 0.7881944444444444 0.015625 0.02638888888888889
1 0.46015625 0.825 0.0109375 0.015277777777777777
1 0.564453125 0.7388888888888889 0.015625 0.0375
1 0.411328125 0.6215277777777778 0.02734375 0.04027777777777778
1 0.5015625 0.6388888888888888 0.01875 0.03888888888888889
1 0.612109375 0.5986111111111111 0.021875 0.06111111111111111
1 0.62578125 0.5472222222222223 0.015625 0.04722222222222222
1 0.6640625 0.6604166666666667 0.034375 0.05555555555555555
1 0.39609375 0.4013888888888889 0.021875 0.0625
1 0.2125 0.27361111111111114 0.03828125 0.08194444444444444
1 0.16484375 0.34444444444444444 0.021875 0.04722222222222222
1 0.074609375 0.36875 0.0265625 0.08333333333333333
1 0.103515625 0.39444444444444443 0.03203125 0.0625
1 0.02578125 0.4326388888888889 0.0140625 0.029166666666666667
1 0.08671875 0.4409722222222222 0.02109375 0.04027777777777778
1 0.110546875 0.4576388888888889 0.0203125 0.04583333333333333
1 0.065234375 0.2673611111111111 0.02109375 0.0875
1 0.050390625 0.15138888888888888 0.01484375 0.03194444444444444
1 0.087109375 0.2048611111111111 0.02734375 0.10277777777777777
1 0.638671875 0.24375 0.0109375 0.016666666666666666
1 0.666015625 0.21736111111111112 0.0125 0.019444444444444445
1 0.228125 0.3909722222222222 0.02109375 0.04027777777777778
1 0.226171875 0.5 0.01796875 0.027777777777777776
1 0.174609375 0.5354166666666667 0.0375 0.07222222222222222
1 0.142578125 0.5652777777777778 0.02265625 0.027777777777777776
1 0.139453125 0.6034722222222222 0.025 0.03888888888888889
1 0.1875 0.21597222222222223 0.025 0.034722222222222224
1 0.137109375 0.19166666666666668 0.015625 0.03194444444444444
1 0.105078125 0.14722222222222223 0.0171875 0.03194444444444444
0 0.646875 0.12083333333333333 0.09140625 0.24166666666666667
0 0.60859375 0.28680555555555554 0.1859375 0.20694444444444443
0 0.6625 0.8409722222222222 0.20390625 0.29444444444444445
0 0.61328125 0.7041666666666667 0.21328125 0.40555555555555556
0 0.105078125 0.5722222222222222 0.21015625 0.15833333333333333
0 0.097265625 0.30972222222222223 0.10859375 0.13055555555555556
0 0.088671875 0.1375 0.11484375 0.275
1 0.087890625 0.6034722222222222 0.0390625 0.10138888888888889
1 0.055859375 0.5930555555555556 0.01796875 0.0375
1 0.223828125 0.6381944444444444 0.05 0.11388888888888889
1 0.216015625 0.6944444444444444 0.053125 0.06805555555555555
1 0.221875 0.7763888888888889 0.046875 0.09722222222222222
1 0.0796875 0.7402777777777778 0.06640625 0.0875
1 0.05859375 0.8340277777777778 0.04296875 0.1486111111111111
1 0.090625 0.9631944444444445 0.03203125 0.07361111111111111
1 0.119140625 0.9826388888888888 0.01953125 0.034722222222222224
1 0.125390625 0.8673611111111111 0.04921875 0.09583333333333334
1 0.17890625 0.8465277777777778 0.025 0.058333333333333334
1 0.2125 0.8923611111111112 0.028125 0.0625
1 0.13671875 0.6826388888888889 0.03046875 0.0375
1 0.049609375 0.6520833333333333 0.02421875 0.05416666666666667
0 0.591015625 0.3645833333333333 0.13203125 0.49444444444444446
1 0.471484375 0.42986111111111114 0.03359375 0.04027777777777778
1 0.108984375 0.6694444444444444 0.0234375 0.027777777777777776
1 0.173046875 0.6083333333333333 0.0140625 0.030555555555555555
1 0.11796875 0.8020833333333334 0.028125 0.03611111111111111
1 0.153515625 0.7388888888888889 0.01171875 0.03194444444444444
1 0.5046875 0.9729166666666667 0.0421875 0.044444444444444446
1 0.5453125 0.9138888888888889 0.028125 0.034722222222222224
1 0.587109375 0.9298611111111111 0.028125 0.058333333333333334
1 0.629296875 0.9805555555555555 0.03828125 0.03888888888888889
1 0.633984375 0.9208333333333333 0.02734375 0.0625
1 0.655859375 0.95 0.01640625 0.03333333333333333
1 0.612890625 0.8847222222222222 0.02578125 0.04027777777777778
1 0.603515625 0.8215277777777777 0.0234375 0.03611111111111111
1 0.715625 0.8381944444444445 0.02421875 0.03333333333333333
1 0.7203125 0.8756944444444444 0.02578125 0.03611111111111111
1 0.762109375 0.90625 0.03046875 0.05416666666666667
1 0.758984375 0.8548611111111111 0.0140625 0.025
1 0.778125 0.8611111111111112 0.02265625 0.0375
1 0.814453125 0.9131944444444444 0.0296875 0.05
1 0.86015625 0.9840277777777777 0.01875 0.03194444444444444
1 0.8609375 0.9409722222222222 0.0125 0.018055555555555554
1 0.813671875 0.7909722222222222 0.0296875 0.05138888888888889
1 0.830859375 0.8270833333333333 0.0171875 0.03611111111111111
1 0.748828125 0.7958333333333333 0.021875 0.03611111111111111
1 0.823046875 0.7243055555555555 0.03984375 0.07222222222222222
1 0.901171875 0.8611111111111112 0.0109375 0.015277777777777777
1 0.905859375 0.6152777777777778 0.015625 0.03333333333333333
1 0.9703125 0.6270833333333333 0.0109375 0.019444444444444445
1 0.719921875 0.6111111111111112 0.0140625 0.019444444444444445
1 0.773046875 0.5888888888888889 0.0203125 0.02638888888888889
1 0.685546875 0.63125 0.00703125 0.013888888888888888
1 0.821484375 0.5173611111111112 0.02109375 0.03611111111111111
1 0.798828125 0.4638888888888889 0.040625 0.044444444444444446
1 0.77265625 0.4388888888888889 0.03125 0.04027777777777778
1 0.794921875 0.4083333333333333 0.03359375 0.043055555555555555
1 0.824609375 0.4125 0.021875 0.027777777777777776
1 0.85390625 0.38055555555555554 0.03046875 0.03888888888888889
1 0.676953125 0.4236111111111111 0.03359375 0.04861111111111111
1 0.644921875 0.4465277777777778 0.015625 0.03194444444444444
1 0.726171875 0.4173611111111111 0.0140625 0.013888888888888888
1 0.594921875 0.36527777777777776 0.0171875 0.025
1 0.675 0.34305555555555556 0.01953125 0.030555555555555555
1 0.75859375 0.35555555555555557 0.01171875 0.016666666666666666
1 0.684375 0.3680555555555556 0.01015625 0.022222222222222223
0 0.14375 0.7597222222222222 0.1671875 0.42916666666666664
1 0.190625 0.7423611111111111 0.01015625 0.018055555555555554
1 0.86953125 0.20625 0.01171875 0.020833333333333332
1 0.8140625 0.60625 0.00625 0.0125
1 0.79296875 0.6020833333333333 0.01328125 0.019444444444444445
1 0.959765625 0.28402777777777777 0.009375 0.019444444444444445
1 0.86875 0.029166666666666667 0.03203125 0.058333333333333334
1 0.900390625 0.32569444444444445 0.01484375 0.020833333333333332
1 0.943359375 0.4222222222222222 0.01484375 0.0375
1 0.9953125 0.33541666666666664 0.009375 0.02638888888888889
1 0.951953125 0.22708333333333333 0.01875 0.03611111111111111
1 0.571484375 0.21319444444444444 0.01640625 0.020833333333333332
1 0.601953125 0.20208333333333334 0.021875 0.03888888888888889
1 0.73828125 0.2659722222222222 0.0453125 0.07222222222222222
1 0.777734375 0.20416666666666666 0.03671875 0.05694444444444444
1 0.779296875 0.14583333333333334 0.01875 0.03333333333333333
1 0.703515625 0.05138888888888889 0.01875 0.03194444444444444
1 0.697265625 0.017361111111111112 0.0234375 0.034722222222222224
1 0.68984375 0.11458333333333333 0.0234375 0.043055555555555555
1 0.67734375 0.08402777777777778 0.01640625 0.027777777777777776
1 0.5640625 0.09444444444444444 0.01328125 0.016666666666666666
1 0.6140625 0.10416666666666667 0.034375 0.05555555555555555
1 0.52109375 0.11875 0.01875 0.025
1 0.50078125 0.03819444444444445 0.0140625 0.019444444444444445
1 0.528125 0.17777777777777778 0.071875 0.09166666666666666
1 0.478515625 0.05416666666666667 0.03046875 0.06944444444444445
1 0.4296875 0.06180555555555556 0.08671875 0.12361111111111112
1 0.7015625 0.22708333333333333 0.0125 0.019444444444444445
1 0.004296875 0.006944444444444444 0.00859375 0.013888888888888888
1 0.046875 0.020833333333333332 0.02890625 0.041666666666666664
1 0.0203125 0.06736111111111111 0.01953125 0.04722222222222222
1 0.051171875 0.07013888888888889 0.02109375 0.034722222222222224
1 0.0125 0.10138888888888889 0.025 0.03333333333333333
1 0.0484375 0.1076388888888889 0.01171875 0.016666666666666666
1 0.243359375 0.18680555555555556 0.025 0.04722222222222222
1 0.18203125 0.24444444444444444 0.01171875 0.02361111111111111
1 0.4171875 0.2048611111111111 0.01171875 0.016666666666666666
1 0.72109375 0.20208333333333334 0.02109375 0.044444444444444446
1 0.531640625 0.2534722222222222 0.0265625 0.058333333333333334
1 0.49453125 0.27152777777777776 0.03203125 0.059722222222222225
1 0.53984375 0.32083333333333336 0.021875 0.044444444444444446
1 0.558984375 0.35625 0.02109375 0.05138888888888889
1 0.555859375 0.26458333333333334 0.01171875 0.041666666666666664
1 0.4890625 0.3715277777777778 0.01171875 0.029166666666666667
1 0.41875 0.3326388888888889 0.0296875 0.08888888888888889
1 0.443359375 0.3576388888888889 0.015625 0.04027777777777778
1 0.466796875 0.38125 0.0328125 0.041666666666666664
1 0.44921875 0.4722222222222222 0.04609375 0.05277777777777778
1 0.462109375 0.5291666666666667 0.02734375 0.043055555555555555
1 0.506640625 0.3861111111111111 0.02265625 0.043055555555555555
1 0.542578125 0.3840277777777778 0.02578125 0.04722222222222222
1 0.53359375 0.4409722222222222 0.05703125 0.08611111111111111
1 0.575390625 0.4215277777777778 0.0390625 0.09166666666666666
1 0.54921875 0.5069444444444444 0.0265625 0.04722222222222222
1 0.635546875 0.4986111111111111 0.02265625 0.04861111111111111