1 0.8515625 0.7597222222222222 0.01796875 0.030555555555555555
0 0.7234375 0.12777777777777777 0.22109375 0.25416666666666665
0 0.641015625 0.2833333333333333 0.18046875 0.14583333333333334
0 0.667578125 0.6375 0.22109375 0.3125
0 0.668359375 0.7173611111111111 0.23515625 0.2013888888888889
0 0.695703125 0.93125 0.15234375 0.1375
0 0.138671875 0.041666666666666664 0.15234375 0.08333333333333333
0 0.11875 0.2701388888888889 0.18046875 0.38472222222222224
0 0.178515625 0.6847222222222222 0.12578125 0.22916666666666666
0 0.174609375 0.8458333333333333 0.109375 0.30833333333333335
1 0.673828125 0.9763888888888889 0.03125 0.04722222222222222
1 0.6796875 0.9166666666666666 0.02734375 0.0625
1 0.66484375 0.8701388888888889 0.03359375 0.0625
1 0.71875 0.8611111111111112 0.02265625 0.04027777777777778
1 0.9109375 0.7694444444444445 0.021875 0.027777777777777776
1 0.84609375 0.9736111111111111 0.021875 0.03194444444444444
1 0.80390625 0.875 0.01796875 0.03333333333333333
1 0.834375 0.8631944444444445 0.03046875 0.0763888888888889
1 0.990625 0.9611111111111111 0.01875 0.07777777777777778
1 0.9703125 0.8277777777777777 0.059375 0.18611111111111112
1 0.980078125 0.6715277777777777 0.0203125 0.03194444444444444
1 0.81640625 0.6430555555555556 0.01953125 0.030555555555555555
1 0.726171875 0.6013888888888889 0.02265625 0.0375
1 0.797265625 0.5895833333333333 0.0203125 0.041666666666666664
1 0.98828125 0.5263888888888889 0.0234375 0.059722222222222225
1 0.96171875 0.3402777777777778 0.0203125 0.034722222222222224
1 0.9046875 0.3993055555555556 0.025 0.05694444444444444
1 0.900390625 0.31527777777777777 0.025 0.07777777777777778
1 0.891796875 0.20069444444444445 0.028125 0.04861111111111111
1 0.993359375 0.10347222222222222 0.01328125 0.025
1 0.974609375 0.17708333333333334 0.05078125 0.09583333333333334
1 0.981640625 0.03819444444444445 0.03671875 0.075
1 0.9015625 0.03888888888888889 0.053125 0.07777777777777778
1 0.8453125 0.35138888888888886 0.01953125 0.041666666666666664
1 0.815625 0.4041666666666667 0.025 0.03888888888888889
1 0.782421875 0.44166666666666665 0.03046875 0.04583333333333333
1 0.811328125 0.14583333333333334 0.01953125 0.04027777777777778
1 0.7296875 0.1951388888888889 0.02578125 0.043055555555555555
1 0.684375 0.3298611111111111 0.02734375 0.03611111111111111
1 0.66171875 0.24305555555555555 0.01796875 0.04027777777777778
1 0.695703125 0.10069444444444445 0.02421875 0.04027777777777778
1 0.591015625 0.15416666666666667 0.0203125 0.034722222222222224
1 0.6171875 0.4083333333333333 0.01875 0.034722222222222224
1 0.282421875 0.09583333333333334 0.0203125 0.04583333333333333
1 0.184765625 0.13819444444444445 0.028125 0.03888888888888889
1 0.21875 0.2833333333333333 0.02265625 0.04027777777777778
1 0.368359375 0.20625 0.01953125 0.044444444444444446
1 0.37890625 0.26944444444444443 0.0171875 0.044444444444444446
1 0.42265625 0.3784722222222222 0.01640625 0.034722222222222224
1 0.325 0.3388888888888889 0.01953125 0.04861111111111111
1 0.5734375 0.9729166666666667 0.05625 0.05416666666666667
1 0.442578125 0.9694444444444444 0.03671875 0.04583333333333333
1 0.312109375 0.6708333333333333 0.021875 0.07083333333333333
1 0.319140625 0.8270833333333333 0.01796875 0.04583333333333333
1 0.262890625 0.8131944444444444 0.01796875 0.044444444444444446
1 0.237109375 0.46805555555555556 0.02265625 0.08055555555555556
1 0.148828125 0.5173611111111112 0.02578125 0.044444444444444446
1 0.132421875 0.5833333333333334 0.02265625 0.05
1 0.096484375 0.5444444444444444 0.02265625 0.044444444444444446
1 0.061328125 0.5798611111111112 0.02578125 0.05