1 0.36640625 0.4041666666666667 0.05 0.04791666666666667
1 0.16953125 0.559375 0.025 0.022916666666666665
1 0.71640625 0.19583333333333333 0.0234375 0.035416666666666666
1 0.925 0.5833333333333334 0.0125 0.01875
1 0.51875 0.010416666666666666 0.03125 0.020833333333333332
1 0.2203125 0.7302083333333333 0.03125 0.041666666666666664
1 0.13046875 0.7552083333333334 0.0171875 0.014583333333333334
1 0.1 0.809375 0.0328125 0.03125
1 0.04140625 0.8489583333333334 0.0265625 0.03333333333333333
1 0.2140625 0.9697916666666667 0.01875 0.022916666666666665
1 0.17421875 0.9239583333333333 0.0609375 0.06875
1 0.2828125 0.9166666666666666 0.034375 0.041666666666666664
1 0.41953125 0.9260416666666667 0.05625 0.07083333333333333
1 0.5109375 0.9791666666666666 0.046875 0.041666666666666664
1 0.46796875 0.8697916666666666 0.034375 0.0625
1 0.49609375 0.8427083333333333 0.0265625 0.020833333333333332
1 0.41171875 0.7833333333333333 0.034375 0.0375
1 0.425 0.7322916666666667 0.0328125 0.04791666666666667
1 0.50234375 0.7416666666666667 0.05 0.05416666666666667
1 0.5296875 0.63125 0.153125 0.12291666666666666
1 0.634375 0.665625 0.0359375 0.06041666666666667
1 0.61640625 0.8875 0.0328125 0.041666666666666664
1 0.65078125 0.8270833333333333 0.015625 0.029166666666666667
1 0.71484375 0.8395833333333333 0.0234375 0.027083333333333334
1 0.721875 0.9020833333333333 0.021875 0.022916666666666665
1 0.81328125 0.93125 0.1515625 0.09583333333333334
1 0.9453125 0.9083333333333333 0.0171875 0.020833333333333332
1 0.9359375 0.828125 0.0203125 0.025
1 0.99609375 0.8083333333333333 0.0078125 0.03125
1 0.865625 0.7322916666666667 0.01875 0.020833333333333332
1 0.959375 0.7458333333333333 0.0171875 0.020833333333333332
1 0.94375 0.765625 0.021875 0.020833333333333332
1 0.90703125 0.7114583333333333 0.0515625 0.08958333333333333
1 0.8953125 0.625 0.0203125 0.03333333333333333
1 0.87421875 0.49166666666666664 0.0171875 0.0125
1 0.82578125 0.465625 0.0140625 0.014583333333333334
1 0.98125 0.4947916666666667 0.0375 0.05416666666666667
1 0.7328125 0.5197916666666667 0.01875 0.03125
1 0.671875 0.565625 0.0140625 0.020833333333333332
1 0.63046875 0.5333333333333333 0.015625 0.027083333333333334
1 0.6046875 0.503125 0.0328125 0.025
1 0.6140625 0.4322916666666667 0.0703125 0.0625
1 0.70859375 0.42604166666666665 0.0234375 0.03125
1 0.68359375 0.40208333333333335 0.0203125 0.022916666666666665
1 0.92265625 0.40625 0.028125 0.029166666666666667
1 0.821875 0.40729166666666666 0.028125 0.03125
1 0.7828125 0.33645833333333336 0.078125 0.1125
1 0.86015625 0.3072916666666667 0.0171875 0.03125
1 0.90234375 0.3458333333333333 0.0265625 0.04791666666666667
1 0.91171875 0.2864583333333333 0.0234375 0.03958333333333333
1 0.91640625 0.21458333333333332 0.0171875 0.020833333333333332
1 0.9109375 0.09375 0.08125 0.10208333333333333
1 0.99453125 0.020833333333333332 0.0109375 0.03333333333333333
1 0.94140625 0.019791666666666666 0.0421875 0.03958333333333333
0 0.4390625 0.078125 0.4375 0.15416666666666667
0 0.38203125 0.3614583333333333 0.43125 0.22916666666666666
0 0.34921875 0.9802083333333333 0.0625 0.03958333333333333
1 0.11875 0.07604166666666666 0.0546875 0.07083333333333333
1 0.17265625 0.096875 0.021875 0.029166666666666667
1 0.18984375 0.128125 0.021875 0.035416666666666666
1 0.20625 0.165625 0.05 0.06041666666666667
1 0.26640625 0.04375 0.034375 0.04375
1 0.2984375 0.15104166666666666 0.0578125 0.07708333333333334
1 0.52421875 0.14166666666666666 0.065625 0.06458333333333334
1 0.4140625 0.17395833333333333 0.015625 0.03125
1 0.44765625 0.17083333333333334 0.0234375 0.03333333333333333
1 0.4328125 0.2125 0.0296875 0.035416666666666666
1 0.121875 0.22395833333333334 0.028125 0.04375
1 0.2671875 0.23125 0.025 0.03125
1 0.353125 0.26875 0.0453125 0.04583333333333333
1 0.40546875 0.2875 0.0234375 0.027083333333333334
1 0.30546875 0.30520833333333336 0.040625 0.04583333333333333
1 0.20703125 0.27291666666666664 0.04375 0.05416666666666667
1 0.17265625 0.3145833333333333 0.040625 0.04583333333333333
1 0.1328125 0.4114583333333333 0.0921875 0.13958333333333334
1 0.2265625 0.36770833333333336 0.025 0.0375
1 0.89765625 0.028125 0.025 0.020833333333333332
1 0.8609375 0.020833333333333332 0.034375 0.041666666666666664
1 0.82421875 0.09895833333333333 0.0703125 0.07291666666666667
1 0.79296875 0.034375 0.015625 0.027083333333333334
1 0.84453125 0.175 0.03125 0.04375
1 0.771875 0.20520833333333333 0.0453125 0.05416666666666667
1 0.75390625 0.15208333333333332 0.0421875 0.04791666666666667
1 0.6921875 0.203125 0.015625 0.027083333333333334
1 0.65078125 0.32395833333333335 0.0671875 0.08125
1 0.62265625 0.2552083333333333 0.021875 0.03958333333333333
1 0.57265625 0.21875 0.0515625 0.10208333333333333
1 0.60546875 0.17083333333333334 0.0359375 0.041666666666666664
1 0.58359375 0.365625 0.0203125 0.025
1 0.49375 0.5020833333333333 0.0234375 0.025
1 0.36328125 0.5916666666666667 0.053125 0.10208333333333333
1 0.35625 0.5166666666666667 0.025 0.035416666666666666
1 0.29140625 0.578125 0.0484375 0.07708333333333334
1 0.06875 0.625 0.0390625 0.04791666666666667
1 0.0328125 0.6229166666666667 0.0265625 0.0375
1 0.45703125 0.42291666666666666 0.025 0.025