1 0.3890625 0.06944444444444445 0.021875 0.07777777777777778
1 0.325390625 0.23402777777777778 0.0203125 0.025
1 0.513671875 0.9909722222222223 0.021875 0.018055555555555554
1 0.916796875 0.9125 0.01484375 0.02638888888888889
1 0.97109375 0.8652777777777778 0.01640625 0.029166666666666667
1 0.875390625 0.5208333333333334 0.01796875 0.02638888888888889
1 0.30625 0.0763888888888889 0.01875 0.029166666666666667
1 0.28203125 0.2916666666666667 0.01484375 0.03194444444444444
1 0.553515625 0.23402777777777778 0.0140625 0.027777777777777776
1 0.572265625 0.24375 0.01328125 0.022222222222222223
1 0.5296875 0.60625 0.01640625 0.020833333333333332
1 0.66875 0.6 0.01484375 0.019444444444444445
1 0.154296875 0.15625 0.02734375 0.05138888888888889
1 0.182421875 0.9486111111111111 0.0203125 0.03333333333333333
1 0.2140625 0.9638888888888889 0.02265625 0.0375
1 0.20625 0.9152777777777777 0.0390625 0.041666666666666664
1 0.1921875 0.8472222222222222 0.0171875 0.03333333333333333
1 0.215625 0.8270833333333333 0.0328125 0.06666666666666667
1 0.291796875 0.8076388888888889 0.0171875 0.04722222222222222
1 0.505859375 0.8680555555555556 0.02109375 0.041666666666666664
1 0.5609375 0.8743055555555556 0.02734375 0.05694444444444444
1 0.269921875 0.6847222222222222 0.0203125 0.04027777777777778
1 0.255859375 0.65 0.0203125 0.034722222222222224
1 0.262890625 0.5902777777777778 0.02890625 0.04722222222222222
1 0.223046875 0.6791666666666667 0.03046875 0.05138888888888889
1 0.196875 0.6944444444444444 0.0234375 0.030555555555555555
1 0.15 0.6652777777777777 0.02421875 0.044444444444444446
1 0.051171875 0.5277777777777778 0.02265625 0.05
1 0.1578125 0.41805555555555557 0.05859375 0.05
1 0.20859375 0.4986111111111111 0.01640625 0.025
1 0.227734375 0.38263888888888886 0.02578125 0.041666666666666664
1 0.255859375 0.3020833333333333 0.02421875 0.08333333333333333
1 0.213671875 0.24166666666666667 0.02109375 0.0375
1 0.287109375 0.2076388888888889 0.0265625 0.075
1 0.438671875 0.2902777777777778 0.02421875 0.04027777777777778
1 0.326171875 0.10972222222222222 0.02265625 0.04722222222222222
1 0.225390625 0.08472222222222223 0.02890625 0.05
1 0.191015625 0.08541666666666667 0.02265625 0.07777777777777778
1 0.177734375 0.025 0.0546875 0.05
1 0.128515625 0.03680555555555556 0.0421875 0.058333333333333334
1 0.140234375 0.24097222222222223 0.02578125 0.03888888888888889
1 0.591796875 0.3402777777777778 0.0296875 0.075
1 0.616015625 0.25833333333333336 0.02734375 0.05277777777777778
1 0.72109375 0.19305555555555556 0.0703125 0.10555555555555556
1 0.59765625 0.019444444444444445 0.03046875 0.0375
1 0.808984375 0.12986111111111112 0.03125 0.04861111111111111
1 0.802734375 0.30694444444444446 0.02421875 0.03888888888888889
1 0.86328125 0.2548611111111111 0.021875 0.04861111111111111
1 0.879296875 0.3236111111111111 0.02578125 0.04722222222222222
1 0.9015625 0.28055555555555556 0.02109375 0.030555555555555555
1 0.95859375 0.2916666666666667 0.0265625 0.044444444444444446
1 0.98359375 0.275 0.03203125 0.058333333333333334
1 0.947265625 0.5423611111111111 0.01875 0.04583333333333333
1 0.95234375 0.6236111111111111 0.04609375 0.05277777777777778
1 0.9796875 0.675 0.040625 0.05277777777777778
1 0.890625 0.7208333333333333 0.03203125 0.0625
1 0.82421875 0.5625 0.01484375 0.041666666666666664
1 0.816015625 0.6152777777777778 0.03125 0.04583333333333333
1 0.792578125 0.5611111111111111 0.03046875 0.05
1 0.723828125 0.5423611111111111 0.02421875 0.041666666666666664
1 0.7328125 0.6097222222222223 0.025 0.04583333333333333
1 0.668359375 0.49027777777777776 0.0265625 0.044444444444444446
1 0.93359375 0.7423611111111111 0.028125 0.05277777777777778
1 0.8921875 0.90625 0.02265625 0.04722222222222222
1 0.879296875 0.9652777777777778 0.034375 0.058333333333333334
1 0.668359375 0.9673611111111111 0.0265625 0.05138888888888889
1 0.690234375 0.8868055555555555 0.0234375 0.04722222222222222
1 0.721484375 0.9340277777777778 0.0265625 0.0375
1 0.750390625 0.85625 0.03125 0.05138888888888889
1 0.7953125 0.7909722222222222 0.0234375 0.03611111111111111
1 0.66796875 0.8354166666666667 0.02109375 0.03888888888888889
1 0.702734375 0.8263888888888888 0.0265625 0.05277777777777778
1 0.724609375 0.7486111111111111 0.025 0.041666666666666664
1 0.613671875 0.7118055555555556 0.03515625 0.0375
1 0.59921875 0.7541666666666667 0.0234375 0.0625
1 0.53984375 0.5291666666666667 0.0265625 0.04027777777777778
1 0.634765625 0.5152777777777777 0.0265625 0.04722222222222222
0 0.14453125 0.8319444444444445 0.1375 0.2763888888888889
0 0.151953125 0.65625 0.171875 0.32083333333333336
0 0.12421875 0.3541666666666667 0.2484375 0.20694444444444443
0 0.709765625 0.7576388888888889 0.25078125 0.20694444444444443
0 0.673828125 0.6604166666666667 0.11328125 0.40555555555555556
0 0.648828125 0.4375 0.2234375 0.2125
0 0.640625 0.1375 0.2890625 0.23472222222222222
1 0.33359375 0.5451388888888888 0.02578125 0.027777777777777776
1 0.458984375 0.2298611111111111 0.0234375 0.034722222222222224