1 0.22578125 0.21354166666666666 0.021875 0.04583333333333333
1 0.746875 0.24270833333333333 0.0578125 0.0625
1 0.84375 0.18854166666666666 0.0265625 0.03333333333333333
1 0.73828125 0.7125 0.0796875 0.075
1 0.90390625 0.04791666666666667 0.090625 0.09166666666666666
1 0.82421875 0.4552083333333333 0.0796875 0.11875
1 0.81171875 0.5822916666666667 0.040625 0.058333333333333334
1 0.890625 0.6239583333333333 0.0203125 0.0375
1 0.93359375 0.6708333333333333 0.028125 0.06875
1 0.4890625 0.7927083333333333 0.0375 0.05416666666666667
1 0.48515625 0.8895833333333333 0.04375 0.03958333333333333
1 0.40234375 0.975 0.03125 0.041666666666666664
1 0.31953125 0.9666666666666667 0.0625 0.058333333333333334
1 0.33359375 0.6427083333333333 0.06875 0.052083333333333336
1 0.3578125 0.6 0.0515625 0.04583333333333333
1 0.3671875 0.5333333333333333 0.0203125 0.03958333333333333
1 0.55234375 0.3104166666666667 0.0671875 0.0625
1 0.303125 0.4010416666666667 0.0421875 0.035416666666666666
1 0.38046875 0.41354166666666664 0.0296875 0.035416666666666666
1 0.35625 0.375 0.0296875 0.041666666666666664
0 0.775 0.8916666666666667 0.446875 0.2125
0 0.6828125 0.6333333333333333 0.384375 0.3020833333333333
0 0.6375 0.3645833333333333 0.2078125 0.41041666666666665
0 0.778125 0.19583333333333333 0.3734375 0.36666666666666664
1 0.6625 0.5541666666666667 0.0421875 0.03333333333333333
1 0.47578125 0.09583333333333334 0.028125 0.04583333333333333
1 0.865625 0.9833333333333333 0.034375 0.025
1 0.79296875 0.9697916666666667 0.059375 0.04583333333333333
1 0.8734375 0.909375 0.0359375 0.0875
1 0.71796875 0.440625 0.0234375 0.04791666666666667
1 0.74921875 0.47604166666666664 0.046875 0.058333333333333334
1 0.64609375 0.46770833333333334 0.0375 0.05416666666666667
1 0.37734375 0.0625 0.0234375 0.029166666666666667
1 0.471875 0.19479166666666667 0.1625 0.2604166666666667
1 0.52578125 0.46770833333333334 0.0890625 0.10625
1 0.2 0.5708333333333333 0.0390625 0.027083333333333334
1 0.43671875 0.175 0.040625 0.029166666666666667
1 0.4765625 0.34270833333333334 0.021875 0.03333333333333333