1 0.55859375 0.65625 0.0109375 0.020833333333333332
1 0.5671875 0.9416666666666667 0.0109375 0.022916666666666665
1 0.01328125 0.203125 0.0265625 0.03333333333333333
1 0.05859375 0.026041666666666668 0.025 0.025
1 0.1046875 0.065625 0.0359375 0.035416666666666666
1 0.5828125 0.0125 0.0234375 0.025
1 0.48046875 0.14270833333333333 0.0234375 0.029166666666666667
1 0.48671875 0.07395833333333333 0.0234375 0.0375
1 0.46953125 0.05625 0.0171875 0.025
1 0.29765625 0.051041666666666666 0.0109375 0.01875
1 0.2640625 0.035416666666666666 0.0375 0.07083333333333333
1 0.22890625 0.05625 0.0359375 0.03958333333333333
1 0.3234375 0.090625 0.0234375 0.03333333333333333
1 0.44609375 0.22708333333333333 0.0125 0.014583333333333334
1 0.409375 0.17083333333333334 0.025 0.027083333333333334
1 0.37890625 0.18125 0.021875 0.027083333333333334
1 0.278125 0.29375 0.0265625 0.041666666666666664
1 0.221875 0.25833333333333336 0.0375 0.04583333333333333
1 0.20078125 0.30104166666666665 0.025 0.03125
1 0.1578125 0.2635416666666667 0.025 0.0375
1 0.07421875 0.559375 0.0203125 0.022916666666666665
1 0.01796875 0.6572916666666667 0.0234375 0.03125
1 0.1109375 0.9302083333333333 0.0234375 0.029166666666666667
1 0.2421875 0.9447916666666667 0.025 0.0375
1 0.215625 0.9229166666666667 0.01875 0.029166666666666667
1 0.94453125 0.6708333333333333 0.021875 0.01875
1 0.94921875 0.5822916666666667 0.01875 0.03333333333333333
1 0.7515625 0.5770833333333333 0.0171875 0.03125
1 0.7828125 0.603125 0.0296875 0.029166666666666667
1 0.77734375 0.56875 0.0109375 0.0125
1 0.96171875 0.42291666666666666 0.015625 0.020833333333333332
1 0.4453125 0.3416666666666667 0.034375 0.04375
1 0.4125 0.4625 0.0296875 0.05416666666666667
1 0.353125 0.41770833333333335 0.03125 0.0375
1 0.40859375 0.38958333333333334 0.015625 0.022916666666666665
1 0.32265625 0.4270833333333333 0.0203125 0.03333333333333333
1 0.2921875 0.403125 0.0203125 0.027083333333333334
1 0.32265625 0.5 0.0328125 0.03333333333333333
1 0.21171875 0.496875 0.0328125 0.03125
1 0.24375 0.5239583333333333 0.040625 0.05625
0 0.465625 0.8270833333333333 0.1234375 0.2791666666666667
1 0.3453125 0.8875 0.015625 0.022916666666666665
0 0.40625 0.5177083333333333 0.2359375 0.14166666666666666
0 0.4953125 0.30416666666666664 0.0703125 0.16041666666666668
1 0.58359375 0.35625 0.0109375 0.010416666666666666
0 0.44765625 0.057291666666666664 0.0375 0.11458333333333333
1 0.2078125 0.5447916666666667 0.0296875 0.03333333333333333
1 0.36953125 0.296875 0.034375 0.03333333333333333
1 0.21953125 0.840625 0.059375 0.07291666666666667
1 0.38984375 0.890625 0.034375 0.052083333333333336
1 0.6328125 0.8197916666666667 0.0203125 0.03125
1 0.69296875 0.9885416666666667 0.0265625 0.022916666666666665
1 0.78359375 0.9510416666666667 0.0296875 0.03125
1 0.73125 0.9427083333333334 0.05 0.1
1 0.55390625 0.10208333333333333 0.0296875 0.035416666666666666
1 0.61015625 0.07083333333333333 0.015625 0.022916666666666665
1 0.609375 0.11979166666666667 0.046875 0.058333333333333334
1 0.64921875 0.20625 0.015625 0.0375
1 0.66015625 0.953125 0.0328125 0.06458333333333334
1 0.59140625 0.928125 0.021875 0.027083333333333334
1 0.68203125 0.1 0.0171875 0.029166666666666667
1 0.740625 0.04791666666666667 0.025 0.05
1 0.58125 0.878125 0.0109375 0.027083333333333334
1 0.209375 0.6229166666666667 0.021875 0.020833333333333332
1 0.23359375 0.7166666666666667 0.0859375 0.12291666666666666
1 0.32890625 0.7458333333333333 0.0265625 0.07083333333333333
1 0.36640625 0.771875 0.0296875 0.035416666666666666
1 0.35859375 0.68125 0.0234375 0.03333333333333333
1 0.42890625 0.715625 0.0265625 0.0375
1 0.43828125 0.75625 0.0296875 0.03333333333333333
1 0.5015625 0.8208333333333333 0.01875 0.029166666666666667
1 0.7578125 0.18958333333333333 0.0171875 0.020833333333333332
1 0.84375 0.22083333333333333 0.0375 0.03333333333333333
1 0.93828125 0.08854166666666667 0.1234375 0.17708333333333334
1 0.85078125 0.07708333333333334 0.01875 0.029166666666666667
1 0.5453125 0.24375 0.025 0.03125
1 0.565625 0.2677083333333333 0.0140625 0.025
1 0.58046875 0.24791666666666667 0.01875 0.0125
1 0.603125 0.27395833333333336 0.0296875 0.0375
1 0.6234375 0.34791666666666665 0.025 0.029166666666666667
1 0.70703125 0.3572916666666667 0.0265625 0.022916666666666665
1 0.52578125 0.40520833333333334 0.0265625 0.03125
1 0.5921875 0.403125 0.0203125 0.022916666666666665
1 0.5890625 0.4635416666666667 0.0359375 0.0375
1 0.52890625 0.5208333333333334 0.03125 0.041666666666666664
1 0.60546875 0.5885416666666666 0.0125 0.016666666666666666
1 0.6734375 0.6822916666666666 0.0296875 0.0375
1 0.72265625 0.7229166666666667 0.0296875 0.03333333333333333
1 0.66796875 0.7291666666666666 0.015625 0.01875
1 0.8 0.78125 0.0203125 0.01875
1 0.73828125 0.6739583333333333 0.0171875 0.01875
1 0.83828125 0.7083333333333334 0.0265625 0.027083333333333334
1 0.89140625 0.703125 0.021875 0.020833333333333332
1 0.89140625 0.7604166666666666 0.015625 0.016666666666666666
1 0.95390625 0.8354166666666667 0.0203125 0.025