1 0.098046875 0.21041666666666667 0.04375 0.08333333333333333
1 0.140625 0.6701388888888888 0.025 0.05138888888888889
1 0.073046875 0.41875 0.028125 0.05277777777777778
1 0.8625 0.17708333333333334 0.03203125 0.06527777777777778
1 0.922265625 0.6534722222222222 0.0171875 0.029166666666666667
1 0.78828125 0.5166666666666667 0.02421875 0.05138888888888889
1 0.05 0.19444444444444445 0.03515625 0.0763888888888889
1 0.669140625 0.5909722222222222 0.03203125 0.05555555555555555
1 0.07421875 0.6131944444444445 0.02109375 0.0375
1 0.160546875 0.5340277777777778 0.028125 0.044444444444444446
1 0.07734375 0.3645833333333333 0.03515625 0.041666666666666664
1 0.76171875 0.22430555555555556 0.02890625 0.05277777777777778
1 0.101171875 0.41388888888888886 0.0265625 0.05694444444444444
1 0.165625 0.4444444444444444 0.0296875 0.05277777777777778
1 0.73359375 0.4097222222222222 0.03203125 0.04722222222222222
1 0.222265625 0.575 0.0171875 0.030555555555555555
1 0.9640625 0.5340277777777778 0.03203125 0.06111111111111111
1 0.98203125 0.6708333333333333 0.02890625 0.05277777777777778
1 0.1203125 0.7076388888888889 0.03203125 0.04583333333333333
1 0.1859375 0.34652777777777777 0.03671875 0.05555555555555555
1 0.921484375 0.5979166666666667 0.02109375 0.044444444444444446
1 0.70234375 0.9194444444444444 0.0375 0.059722222222222225
1 0.742578125 0.2708333333333333 0.03671875 0.04722222222222222
1 0.926953125 0.4708333333333333 0.0265625 0.05
1 0.516796875 0.08263888888888889 0.025 0.03194444444444444
1 0.77109375 0.3923611111111111 0.03046875 0.05277777777777778
1 0.69765625 0.5277777777777778 0.021875 0.06111111111111111
1 0.87890625 0.6347222222222222 0.053125 0.09722222222222222
1 0.845703125 0.5069444444444444 0.0390625 0.059722222222222225
0 0.6234375 0.8944444444444445 0.053125 0.2111111111111111
0 0.56953125 0.7638888888888888 0.3109375 0.42916666666666664
0 0.63671875 0.4618055555555556 0.2796875 0.20972222222222223
0 0.630859375 0.2326388888888889 0.15390625 0.3194444444444444
0 0.646484375 0.09861111111111111 0.18046875 0.19722222222222222
0 0.1359375 0.9527777777777777 0.14453125 0.09444444444444444
0 0.065234375 0.8381944444444445 0.13046875 0.3236111111111111
0 0.10546875 0.5583333333333333 0.2109375 0.17222222222222222
0 0.0890625 0.3125 0.178125 0.12777777777777777
1 0.144921875 0.017361111111111112 0.0234375 0.03194444444444444
1 0.973046875 0.8527777777777777 0.03203125 0.05277777777777778
1 0.75078125 0.12013888888888889 0.03671875 0.08472222222222223
1 0.162109375 0.8680555555555556 0.03359375 0.041666666666666664
1 0.624609375 0.8611111111111112 0.015625 0.029166666666666667
1 0.7828125 0.008333333333333333 0.01953125 0.016666666666666666
1 0.128125 0.4048611111111111 0.01875 0.02638888888888889
1 0.280078125 0.007638888888888889 0.01328125 0.013888888888888888
1 0.8296875 0.010416666666666666 0.02578125 0.020833333333333332
1 0.261328125 0.6784722222222223 0.01484375 0.02638888888888889
1 0.9921875 0.4041666666666667 0.01171875 0.04861111111111111
1 0.538671875 0.17708333333333334 0.0140625 0.03333333333333333
1 0.19375 0.12222222222222222 0.0203125 0.04583333333333333
1 0.9265625 0.9645833333333333 0.046875 0.05416666666666667
1 0.7015625 0.6881944444444444 0.01640625 0.030555555555555555
1 0.787109375 0.9625 0.01484375 0.02638888888888889
1 0.56953125 0.9861111111111112 0.01953125 0.022222222222222223
1 0.866796875 0.5555555555555556 0.01953125 0.03333333333333333
1 0.244140625 0.9680555555555556 0.0265625 0.03333333333333333
1 0.127734375 0.14444444444444443 0.01953125 0.029166666666666667
1 0.832421875 0.6263888888888889 0.015625 0.02361111111111111
1 0.7046875 0.6340277777777777 0.01875 0.03611111111111111
1 0.185546875 0.25763888888888886 0.01875 0.030555555555555555
1 0.65703125 0.27708333333333335 0.02734375 0.04722222222222222
1 0.63203125 0.23055555555555557 0.0203125 0.03333333333333333
1 0.819140625 0.19652777777777777 0.021875 0.034722222222222224
1 0.223046875 0.6125 0.02265625 0.03888888888888889
1 0.1484375 0.6270833333333333 0.015625 0.02361111111111111
1 0.5109375 0.42777777777777776 0.0140625 0.03611111111111111
1 0.18828125 0.8131944444444444 0.03125 0.03888888888888889
1 0.788671875 0.2465277777777778 0.02421875 0.05416666666666667
1 0.92421875 0.12083333333333333 0.0484375 0.12222222222222222
1 0.920703125 0.9041666666666667 0.05625 0.09027777777777778