1 0.83671875 0.4597222222222222 0.0296875 0.043055555555555555
1 0.782421875 0.4423611111111111 0.01484375 0.020833333333333332
1 0.937890625 0.4201388888888889 0.025 0.03888888888888889
1 0.959765625 0.34375 0.02109375 0.03194444444444444
1 0.809375 0.20625 0.02265625 0.03888888888888889
1 0.715625 0.21319444444444444 0.01015625 0.016666666666666666
1 0.716015625 0.24375 0.021875 0.030555555555555555
1 0.7296875 0.18263888888888888 0.01484375 0.03888888888888889
1 0.709375 0.044444444444444446 0.02734375 0.044444444444444446
1 0.9828125 0.12152777777777778 0.02421875 0.034722222222222224
1 0.9765625 0.16944444444444445 0.01484375 0.02361111111111111
1 0.979296875 0.23541666666666666 0.01640625 0.02638888888888889
1 0.6828125 0.7590277777777777 0.01015625 0.025
1 0.085546875 0.43819444444444444 0.04140625 0.04861111111111111
1 0.0859375 0.3861111111111111 0.01875 0.04027777777777778
1 0.021484375 0.31527777777777777 0.0203125 0.04722222222222222
1 0.2390625 0.4048611111111111 0.02890625 0.05138888888888889
1 0.31484375 0.4284722222222222 0.01171875 0.022222222222222223
1 0.28359375 0.31875 0.01640625 0.02638888888888889
1 0.27734375 0.21944444444444444 0.01484375 0.025
1 0.196484375 0.29305555555555557 0.0078125 0.0125
1 0.0046875 0.11319444444444444 0.00703125 0.013888888888888888
0 0.11875 0.07777777777777778 0.1125 0.15555555555555556
0 0.1375 0.29791666666666666 0.2140625 0.14027777777777778
0 0.118359375 0.4354166666666667 0.21015625 0.4097222222222222
0 0.1359375 0.7208333333333333 0.26171875 0.18888888888888888
0 0.11171875 0.9083333333333333 0.2234375 0.18333333333333332
0 0.604296875 0.8256944444444444 0.17109375 0.3486111111111111
0 0.659765625 0.7319444444444444 0.16328125 0.4041666666666667
0 0.639453125 0.4861111111111111 0.29296875 0.2125
0 0.647265625 0.2590277777777778 0.2671875 0.12777777777777777
0 0.71171875 0.07013888888888889 0.165625 0.14027777777777778
1 0.617578125 0.9222222222222223 0.02578125 0.04027777777777778
1 0.453125 0.8548611111111111 0.03984375 0.09027777777777778
1 0.483984375 0.9215277777777777 0.021875 0.03888888888888889
1 0.49921875 0.8791666666666667 0.034375 0.058333333333333334
1 0.426171875 0.9763888888888889 0.0203125 0.0375
1 0.445703125 0.9888888888888889 0.01484375 0.022222222222222223
1 0.26171875 0.9819444444444444 0.01875 0.03611111111111111
1 0.16484375 0.9854166666666667 0.01640625 0.029166666666666667
1 0.16328125 0.7888888888888889 0.015625 0.044444444444444446
1 0.438671875 0.9416666666666667 0.0140625 0.013888888888888888
1 0.56953125 0.9875 0.02265625 0.025
1 0.74921875 0.8972222222222223 0.01484375 0.02638888888888889
1 0.88125 0.9138888888888889 0.01484375 0.027777777777777776
1 0.96640625 0.8694444444444445 0.02265625 0.04027777777777778
1 0.961328125 0.7451388888888889 0.0234375 0.04722222222222222
1 0.74921875 0.5215277777777778 0.01171875 0.022222222222222223
1 0.58125 0.60625 0.025 0.04722222222222222
1 0.590625 0.6770833333333334 0.03203125 0.08055555555555556
1 0.519140625 0.7430555555555556 0.01640625 0.025
1 0.51015625 0.6701388888888888 0.01875 0.03194444444444444
1 0.465234375 0.5951388888888889 0.0234375 0.041666666666666664
1 0.330859375 0.6222222222222222 0.021875 0.041666666666666664
1 0.37578125 0.6958333333333333 0.0203125 0.034722222222222224
1 0.376953125 0.6118055555555556 0.02109375 0.03888888888888889
1 0.4609375 0.4444444444444444 0.01171875 0.025
1 0.409765625 0.34930555555555554 0.0140625 0.029166666666666667
1 0.51796875 0.2791666666666667 0.0375 0.05555555555555555
1 0.56640625 0.18680555555555556 0.0328125 0.07083333333333333
1 0.444921875 0.12569444444444444 0.01953125 0.043055555555555555
1 0.491796875 0.10486111111111111 0.021875 0.041666666666666664
1 0.9421875 0.6951388888888889 0.01875 0.03888888888888889
1 0.759375 0.6791666666666667 0.01171875 0.022222222222222223