0 0.76484375 0.17916666666666667 0.25625 0.35833333333333334
0 0.7390625 0.24479166666666666 0.3421875 0.35833333333333334
0 0.79921875 0.6083333333333333 0.4015625 0.25416666666666665
1 0.45625 0.6229166666666667 0.0765625 0.1
1 0.4984375 0.65625 0.0296875 0.05
1 0.5734375 0.7458333333333333 0.021875 0.022916666666666665
1 0.48828125 0.8072916666666666 0.015625 0.01875
1 0.49765625 0.8364583333333333 0.0359375 0.04583333333333333
1 0.4578125 0.8625 0.015625 0.020833333333333332
1 0.290625 0.7114583333333333 0.040625 0.04375
1 0.55078125 0.99375 0.0140625 0.0125
1 0.659375 0.965625 0.01875 0.025
1 0.82109375 0.9541666666666667 0.0421875 0.04375
1 0.98984375 0.9760416666666667 0.0140625 0.027083333333333334
1 0.9453125 0.9364583333333333 0.0234375 0.022916666666666665
1 0.93984375 0.8020833333333334 0.025 0.03125
1 0.95 0.7427083333333333 0.0203125 0.029166666666666667
1 0.9421875 0.6114583333333333 0.0390625 0.03333333333333333
1 0.98203125 0.440625 0.0265625 0.03125
1 0.76015625 0.5104166666666666 0.0296875 0.035416666666666666
1 0.640625 0.5791666666666667 0.028125 0.029166666666666667
1 0.55546875 0.48333333333333334 0.0515625 0.0625
1 0.60859375 0.521875 0.0296875 0.03125
1 0.71484375 0.46875 0.04375 0.041666666666666664
1 0.8640625 0.46875 0.0828125 0.08541666666666667
1 0.953125 0.32916666666666666 0.0359375 0.05625
1 0.9875 0.33229166666666665 0.025 0.06458333333333334
1 0.85 0.303125 0.01875 0.035416666666666666
1 0.71484375 0.25416666666666665 0.03125 0.029166666666666667
1 0.68046875 0.215625 0.0234375 0.016666666666666666
1 0.8015625 0.10104166666666667 0.05 0.075
1 0.8609375 0.12604166666666666 0.0671875 0.06458333333333334
1 0.98671875 0.228125 0.0203125 0.022916666666666665
1 0.965625 0.09166666666666666 0.0390625 0.04375
1 0.9953125 0.14479166666666668 0.009375 0.016666666666666666
1 0.91640625 0.013541666666666667 0.053125 0.027083333333333334
1 0.9953125 0.07604166666666666 0.009375 0.016666666666666666
1 0.809375 0.036458333333333336 0.021875 0.022916666666666665
1 0.5625 0.14479166666666668 0.0265625 0.035416666666666666
1 0.46953125 0.23020833333333332 0.0203125 0.020833333333333332
1 0.33671875 0.2677083333333333 0.021875 0.03125
1 0.37890625 0.2677083333333333 0.0265625 0.027083333333333334
1 0.39140625 0.30104166666666665 0.03125 0.027083333333333334
1 0.44921875 0.3572916666666667 0.0640625 0.09791666666666667
1 0.32421875 0.41770833333333335 0.04375 0.04375
1 0.2234375 0.475 0.028125 0.0375
1 0.209375 0.5510416666666667 0.05 0.04791666666666667
1 0.0046875 0.4354166666666667 0.009375 0.03125
1 0.15390625 0.035416666666666666 0.0171875 0.0375
1 0.26640625 0.08854166666666667 0.0875 0.12291666666666666
1 0.321875 0.052083333333333336 0.05 0.052083333333333336
1 0.3171875 0.013541666666666667 0.021875 0.025
1 0.553125 0.30625 0.0296875 0.020833333333333332
1 0.73515625 0.8885416666666667 0.0125 0.016666666666666666
0 0.7234375 0.8864583333333333 0.24375 0.22708333333333333