1 0.658984375 0.4361111111111111 0.02265625 0.058333333333333334
1 0.99453125 0.06458333333333334 0.0109375 0.027777777777777776
1 0.813671875 0.08958333333333333 0.0125 0.030555555555555555
1 0.873828125 0.10694444444444444 0.02265625 0.03333333333333333
1 0.9921875 0.1701388888888889 0.0125 0.02361111111111111
1 0.967578125 0.2048611111111111 0.02578125 0.03611111111111111
1 0.921484375 0.23680555555555555 0.0109375 0.016666666666666666
1 0.89296875 0.18125 0.02109375 0.03611111111111111
1 0.84609375 0.18680555555555556 0.0140625 0.02638888888888889
1 0.776953125 0.16041666666666668 0.0203125 0.03888888888888889
1 0.7453125 0.013888888888888888 0.021875 0.027777777777777776
1 0.6703125 0.20416666666666666 0.01796875 0.03333333333333333
1 0.67578125 0.1638888888888889 0.028125 0.05416666666666667
1 0.24140625 0.23958333333333334 0.0078125 0.0125
1 0.2546875 0.3736111111111111 0.05625 0.12361111111111112
1 0.1625 0.41597222222222224 0.0359375 0.058333333333333334
1 0.0625 0.5048611111111111 0.01875 0.03333333333333333
1 0.058203125 0.5895833333333333 0.0453125 0.04722222222222222
1 0.105859375 0.5375 0.0171875 0.029166666666666667
1 0.13359375 0.5284722222222222 0.01875 0.025
1 0.1234375 0.5979166666666667 0.03203125 0.06527777777777778
1 0.19296875 0.49166666666666664 0.021875 0.044444444444444446
1 0.23046875 0.5631944444444444 0.01640625 0.027777777777777776
1 0.248046875 0.5861111111111111 0.0140625 0.025
1 0.10859375 0.7527777777777778 0.02578125 0.04583333333333333
1 0.159765625 0.7652777777777777 0.01796875 0.030555555555555555
1 0.094921875 0.8833333333333333 0.0234375 0.030555555555555555
1 0.05 0.9097222222222222 0.03046875 0.04027777777777778
1 0.180859375 0.9569444444444445 0.0234375 0.03194444444444444
1 0.15078125 0.8680555555555556 0.0203125 0.0375
1 0.218359375 0.8402777777777778 0.03125 0.05
1 0.2203125 0.7638888888888888 0.0234375 0.03888888888888889
1 0.23359375 0.7208333333333333 0.02890625 0.05
1 0.319921875 0.7555555555555555 0.0203125 0.03194444444444444
1 0.312109375 0.7958333333333333 0.01015625 0.016666666666666666
1 0.29453125 0.84375 0.01796875 0.029166666666666667
1 0.212109375 0.9833333333333333 0.0328125 0.03333333333333333
1 0.25390625 0.9826388888888888 0.02265625 0.034722222222222224
1 0.31328125 0.9375 0.103125 0.125
1 0.38828125 0.8666666666666667 0.015625 0.022222222222222223
1 0.4078125 0.9451388888888889 0.025 0.04583333333333333
1 0.431640625 0.8472222222222222 0.03203125 0.044444444444444446
1 0.451171875 0.8666666666666667 0.01015625 0.022222222222222223
1 0.453515625 0.7645833333333333 0.04296875 0.09305555555555556
1 0.404296875 0.7354166666666667 0.01484375 0.025
1 0.4125 0.7048611111111112 0.0171875 0.03333333333333333
1 0.374609375 0.6520833333333333 0.0125 0.016666666666666666
1 0.4609375 0.6451388888888889 0.0296875 0.09027777777777778
1 0.47734375 0.68125 0.0109375 0.022222222222222223
1 0.490234375 0.5729166666666666 0.03046875 0.058333333333333334
1 0.509765625 0.5986111111111111 0.0296875 0.05
1 0.49609375 0.625 0.01953125 0.034722222222222224
1 0.459375 0.5423611111111111 0.05859375 0.10833333333333334
1 0.361328125 0.45625 0.015625 0.03333333333333333
1 0.367578125 0.3104166666666667 0.02265625 0.07083333333333333
1 0.343359375 0.3229166666666667 0.0109375 0.013888888888888888
1 0.401171875 0.3423611111111111 0.04453125 0.09444444444444444
1 0.434765625 0.3819444444444444 0.02890625 0.04722222222222222
1 0.53046875 0.3138888888888889 0.0453125 0.11388888888888889
1 0.4921875 0.22083333333333333 0.0359375 0.0763888888888889
1 0.458984375 0.27152777777777776 0.02578125 0.04027777777777778
1 0.47109375 0.33055555555555555 0.02578125 0.05277777777777778
1 0.4953125 0.29791666666666666 0.03515625 0.10416666666666667
1 0.54140625 0.21180555555555555 0.04296875 0.08611111111111111
1 0.387890625 0.17777777777777778 0.0171875 0.025
1 0.526953125 0.05347222222222222 0.06640625 0.10694444444444444
1 0.569921875 0.013888888888888888 0.01171875 0.027777777777777776
1 0.588671875 0.04097222222222222 0.0125 0.02638888888888889
1 0.525 0.13541666666666666 0.03046875 0.04861111111111111
1 0.608203125 0.1986111111111111 0.01484375 0.03194444444444444
1 0.244140625 0.07847222222222222 0.01875 0.03333333333333333
1 0.19296875 0.03194444444444444 0.015625 0.015277777777777777
1 0.507421875 0.9875 0.0234375 0.025
1 0.547265625 0.9875 0.021875 0.025
1 0.538671875 0.8583333333333333 0.01484375 0.020833333333333332
1 0.58125 0.8638888888888889 0.00625 0.011111111111111112
1 0.69453125 0.9354166666666667 0.0265625 0.0625
1 0.658984375 0.8111111111111111 0.015625 0.05277777777777778
1 0.67734375 0.8194444444444444 0.0140625 0.05138888888888889
1 0.770703125 0.8541666666666666 0.040625 0.0763888888888889
1 0.770703125 0.9541666666666667 0.0125 0.029166666666666667
1 0.8375 0.8770833333333333 0.01953125 0.041666666666666664
1 0.872265625 0.9458333333333333 0.02265625 0.04027777777777778
1 0.905078125 0.9354166666666667 0.01796875 0.03333333333333333
1 0.853515625 0.9861111111111112 0.02265625 0.027777777777777776
1 0.90625 0.8909722222222223 0.01875 0.03194444444444444
1 0.9265625 0.9006944444444445 0.01796875 0.030555555555555555
1 0.9296875 0.8555555555555555 0.02265625 0.03888888888888889
1 0.84921875 0.8277777777777777 0.0203125 0.03888888888888889
1 0.816796875 0.7548611111111111 0.0203125 0.03611111111111111
1 0.763671875 0.7145833333333333 0.01796875 0.044444444444444446
1 0.678515625 0.7319444444444444 0.01796875 0.05138888888888889
1 0.648046875 0.6722222222222223 0.0296875 0.06527777777777778
1 0.637109375 0.7423611111111111 0.01015625 0.016666666666666666
1 0.571484375 0.7298611111111111 0.03046875 0.06944444444444445
1 0.5984375 0.7472222222222222 0.021875 0.03333333333333333
1 0.52265625 0.7791666666666667 0.01875 0.03611111111111111
1 0.54140625 0.7597222222222222 0.02265625 0.03611111111111111
1 0.623828125 0.5965277777777778 0.0296875 0.06527777777777778
1 0.662890625 0.6138888888888889 0.0140625 0.02638888888888889
1 0.519140625 0.4597222222222222 0.021875 0.05555555555555555
1 0.529296875 0.5041666666666667 0.0125 0.02361111111111111
1 0.540234375 0.5576388888888889 0.02578125 0.05277777777777778
1 0.581640625 0.525 0.025 0.03611111111111111
1 0.540625 0.43472222222222223 0.0171875 0.0375
1 0.6453125 0.3368055555555556 0.01875 0.03611111111111111
1 0.639453125 0.3729166666666667 0.01796875 0.0375
1 0.6125 0.3173611111111111 0.01015625 0.016666666666666666
1 0.677734375 0.2777777777777778 0.03046875 0.075
1 0.678125 0.32569444444444445 0.00625 0.015277777777777777
1 0.710546875 0.3770833333333333 0.05234375 0.08194444444444444
1 0.729296875 0.2916666666666667 0.0140625 0.02361111111111111
1 0.7671875 0.30694444444444446 0.0234375 0.043055555555555555
1 0.79296875 0.28541666666666665 0.01484375 0.02638888888888889
1 0.7640625 0.5194444444444445 0.0140625 0.013888888888888888
1 0.79453125 0.6381944444444444 0.0171875 0.03333333333333333
1 0.8296875 0.5340277777777778 0.0453125 0.10972222222222222
1 0.885546875 0.6791666666666667 0.01484375 0.025
1 0.8953125 0.6298611111111111 0.0125 0.03333333333333333
1 0.930859375 0.6194444444444445 0.03359375 0.04722222222222222
1 0.96796875 0.6416666666666667 0.0109375 0.027777777777777776
1 0.992578125 0.6611111111111111 0.01484375 0.030555555555555555
1 0.983984375 0.8888888888888888 0.01640625 0.03611111111111111
1 0.978515625 0.9381944444444444 0.0125 0.016666666666666666
1 0.974609375 0.7347222222222223 0.00703125 0.015277777777777777
1 0.981640625 0.6972222222222222 0.01015625 0.013888888888888888
1 0.926171875 0.46944444444444444 0.02109375 0.05
1 0.951171875 0.4909722222222222 0.0140625 0.03611111111111111
1 0.965625 0.475 0.01328125 0.019444444444444445
1 0.903515625 0.5208333333333334 0.01484375 0.029166666666666667
1 0.878125 0.39791666666666664 0.03671875 0.04583333333333333
1 0.934765625 0.3263888888888889 0.025 0.04722222222222222
1 0.822265625 0.2743055555555556 0.0171875 0.03611111111111111
1 0.856640625 0.24861111111111112 0.0203125 0.0375
1 0.7296875 0.20416666666666666 0.02265625 0.04027777777777778
0 0.09765625 0.04722222222222222 0.16328125 0.09444444444444444
1 0.036328125 0.19236111111111112 0.0375 0.10277777777777777
1 0.162890625 0.21805555555555556 0.01875 0.030555555555555555
1 0.209765625 0.16180555555555556 0.02109375 0.058333333333333334
0 0.6734375 0.9298611111111111 0.0515625 0.14027777777777778
0 0.68515625 0.7868055555555555 0.1703125 0.23194444444444445
0 0.653125 0.5090277777777777 0.16171875 0.37777777777777777
0 0.64453125 0.3298611111111111 0.11875 0.45694444444444443
0 0.642578125 0.12777777777777777 0.0515625 0.25555555555555554
0 0.113671875 0.21875 0.0984375 0.37222222222222223
0 0.123046875 0.9423611111111111 0.08828125 0.11527777777777778
0 0.081640625 0.7069444444444445 0.16328125 0.17916666666666667