0 0.129296875 0.13333333333333333 0.11640625 0.26666666666666666
1 0.78359375 0.1736111111111111 0.03203125 0.075
0 0.16328125 0.7673611111111112 0.1625 0.25555555555555554
1 0.59609375 0.26180555555555557 0.03203125 0.06111111111111111
1 0.87890625 0.33611111111111114 0.07421875 0.10833333333333334
1 0.928125 0.7958333333333333 0.021875 0.0375
1 0.813671875 0.6159722222222223 0.059375 0.1375
1 0.973828125 0.6604166666666667 0.0453125 0.12638888888888888
1 0.9703125 0.9069444444444444 0.0328125 0.06111111111111111
1 0.952734375 0.7597222222222222 0.02109375 0.04027777777777778
0 0.14140625 0.42083333333333334 0.2515625 0.3055555555555556
1 0.881640625 0.7375 0.05390625 0.07361111111111111
1 0.801953125 0.2708333333333333 0.0234375 0.043055555555555555
1 0.696484375 0.08541666666666667 0.0203125 0.0375
1 0.528515625 0.5173611111111112 0.01640625 0.027777777777777776
1 0.760546875 0.83125 0.0265625 0.06666666666666667
1 0.750390625 0.025 0.04609375 0.05
1 0.967578125 0.04652777777777778 0.03203125 0.05138888888888889
1 0.61328125 0.7138888888888889 0.03203125 0.05138888888888889
1 0.791015625 0.49722222222222223 0.02109375 0.0375
1 0.7859375 0.33819444444444446 0.01484375 0.025
0 0.147265625 0.9604166666666667 0.15625 0.07916666666666666
1 0.984375 0.7770833333333333 0.025 0.05138888888888889
1 0.15390625 0.4083333333333333 0.0203125 0.03333333333333333
0 0.702734375 0.4708333333333333 0.13359375 0.2986111111111111
1 0.255078125 0.6819444444444445 0.0203125 0.029166666666666667
1 0.6265625 0.02847222222222222 0.015625 0.025
1 0.8265625 0.9527777777777777 0.0203125 0.03611111111111111
1 0.69765625 0.5875 0.02421875 0.04722222222222222
1 0.61015625 0.9201388888888888 0.02109375 0.03194444444444444
1 0.572265625 0.33125 0.01875 0.02638888888888889
1 0.812890625 0.7173611111111111 0.0265625 0.043055555555555555
1 0.8625 0.7965277777777777 0.02734375 0.058333333333333334
1 0.962890625 0.16666666666666666 0.03984375 0.058333333333333334
1 0.22734375 0.24444444444444444 0.03046875 0.04861111111111111
1 0.63203125 0.5631944444444444 0.0234375 0.04027777777777778
0 0.71484375 0.20347222222222222 0.1515625 0.3875
1 0.48046875 0.4201388888888889 0.02265625 0.04861111111111111
1 0.718359375 0.4048611111111111 0.01875 0.03611111111111111
0 0.699609375 0.8520833333333333 0.12421875 0.29583333333333334
1 0.760546875 0.3958333333333333 0.01015625 0.03888888888888889
1 0.81796875 0.49375 0.0171875 0.034722222222222224
1 0.203515625 0.9131944444444444 0.0171875 0.025
1 0.245703125 0.9409722222222222 0.01328125 0.027777777777777776
1 0.192578125 0.6791666666666667 0.02421875 0.0375
1 0.236328125 0.7868055555555555 0.02109375 0.04027777777777778
1 0.95703125 0.225 0.021875 0.027777777777777776
0 0.731640625 0.9402777777777778 0.19453125 0.11666666666666667
1 0.201953125 0.3951388888888889 0.0140625 0.025
1 0.825 0.8819444444444444 0.0203125 0.030555555555555555
1 0.98828125 0.31180555555555556 0.01796875 0.05
1 0.94921875 0.4326388888888889 0.03828125 0.0625
0 0.18125 0.2659722222222222 0.17890625 0.24166666666666667
1 0.444140625 0.2604166666666667 0.01640625 0.03194444444444444
1 0.7703125 0.45902777777777776 0.01484375 0.018055555555555554
1 0.38203125 0.10833333333333334 0.01484375 0.03333333333333333
1 0.719140625 0.19791666666666666 0.0171875 0.03888888888888889
1 0.9265625 0.07708333333333334 0.01875 0.030555555555555555
1 0.18671875 0.19930555555555557 0.01875 0.0375
1 0.783984375 0.8347222222222223 0.01328125 0.030555555555555555
1 0.682421875 0.18194444444444444 0.01171875 0.02361111111111111
1 0.6890625 0.13333333333333333 0.0171875 0.027777777777777776
1 0.957421875 0.44513888888888886 0.03125 0.04861111111111111
1 0.156640625 0.8034722222222223 0.015625 0.027777777777777776
1 0.627734375 0.9604166666666667 0.0109375 0.027777777777777776
1 0.496875 0.8236111111111111 0.0125 0.02638888888888889
1 0.916796875 0.5548611111111111 0.015625 0.025
1 0.218359375 0.4152777777777778 0.01484375 0.027777777777777776
1 0.854296875 0.45902777777777776 0.01171875 0.019444444444444445
1 0.23671875 0.42916666666666664 0.01171875 0.030555555555555555
1 0.944140625 0.05416666666666667 0.015625 0.030555555555555555
1 0.986328125 0.5784722222222223 0.01328125 0.027777777777777776
1 0.73125 0.34444444444444444 0.01875 0.02638888888888889
1 0.673828125 0.9881944444444445 0.01796875 0.018055555555555554
1 0.991796875 0.8236111111111111 0.0109375 0.027777777777777776
1 0.32421875 0.9680555555555556 0.01640625 0.022222222222222223
1 0.20234375 0.2569444444444444 0.01328125 0.022222222222222223
1 0.98984375 0.03680555555555556 0.01875 0.043055555555555555
1 0.688671875 0.5222222222222223 0.01484375 0.029166666666666667
1 0.487890625 0.5527777777777778 0.015625 0.02638888888888889
1 0.711328125 0.5569444444444445 0.015625 0.029166666666666667
1 0.244140625 0.19027777777777777 0.0171875 0.027777777777777776
1 0.456640625 0.17916666666666667 0.0125 0.02361111111111111
1 0.65078125 0.05625 0.01328125 0.043055555555555555
1 0.1453125 0.4618055555555556 0.0140625 0.0375
1 0.059375 0.10416666666666667 0.01640625 0.03333333333333333
1 0.07265625 0.03680555555555556 0.02578125 0.025
1 0.13828125 0.5340277777777778 0.0140625 0.025
1 0.65078125 0.9541666666666667 0.01796875 0.0375
1 0.955078125 0.5493055555555556 0.02265625 0.03333333333333333
1 0.78984375 0.6902777777777778 0.01484375 0.025
1 0.994140625 0.9826388888888888 0.01171875 0.034722222222222224
1 0.6015625 0.05625 0.009375 0.03611111111111111
0 0.61015625 0.08194444444444444 0.04765625 0.1638888888888889
0 0.68984375 0.06388888888888888 0.07734375 0.12777777777777777