0 0.50625 0.21770833333333334 0.065625 0.26875
0 0.50625 0.9333333333333333 0.1 0.13333333333333333
0 0.4671875 0.675 0.1296875 0.325
1 0.39375 0.42604166666666665 0.015625 0.016666666666666666
0 0.490625 0.020833333333333332 0.0390625 0.041666666666666664
1 0.9390625 0.3875 0.121875 0.18541666666666667
1 0.74375 0.4739583333333333 0.0671875 0.041666666666666664
1 0.66953125 0.8822916666666667 0.0265625 0.03958333333333333
1 0.36484375 0.06354166666666666 0.0265625 0.041666666666666664
1 0.43125 0.15729166666666666 0.021875 0.020833333333333332
1 0.3203125 0.840625 0.028125 0.025
1 0.48359375 0.378125 0.034375 0.022916666666666665
1 0.26171875 0.2864583333333333 0.01875 0.022916666666666665