1 0.925 0.6729166666666667 0.03984375 0.058333333333333334
1 0.237890625 0.22569444444444445 0.07734375 0.2708333333333333
1 0.311328125 0.3076388888888889 0.0265625 0.06111111111111111
1 0.386328125 0.32013888888888886 0.0171875 0.03333333333333333
1 0.387109375 0.25416666666666665 0.0109375 0.019444444444444445
1 0.16796875 0.37916666666666665 0.01484375 0.030555555555555555
1 0.123828125 0.4375 0.0140625 0.03333333333333333
1 0.10390625 0.3784722222222222 0.0421875 0.05138888888888889
1 0.07109375 0.4409722222222222 0.01953125 0.034722222222222224
1 0.140625 0.5625 0.02109375 0.08333333333333333
1 0.170703125 0.5451388888888888 0.02265625 0.05416666666666667
1 0.095703125 0.61875 0.02265625 0.025
1 0.216015625 0.6020833333333333 0.03125 0.04583333333333333
1 0.226953125 0.6395833333333333 0.03203125 0.030555555555555555
1 0.2703125 0.6416666666666667 0.0109375 0.019444444444444445
1 0.300390625 0.6493055555555556 0.0109375 0.016666666666666666
1 0.15234375 0.69375 0.0125 0.018055555555555554
1 0.18125 0.6958333333333333 0.03046875 0.03611111111111111
1 0.199609375 0.7243055555555555 0.0125 0.02361111111111111
1 0.1375 0.7965277777777777 0.01875 0.0375
1 0.11015625 0.7701388888888889 0.01484375 0.030555555555555555
1 0.163671875 0.8506944444444444 0.02265625 0.0375
1 0.1234375 0.8694444444444445 0.02578125 0.034722222222222224
1 0.16796875 0.9090277777777778 0.0359375 0.04722222222222222
1 0.224609375 0.8326388888888889 0.04453125 0.059722222222222225
1 0.256640625 0.9631944444444445 0.06171875 0.07361111111111111
1 0.349609375 0.9881944444444445 0.0125 0.02361111111111111
1 0.116796875 0.9673611111111111 0.0109375 0.022222222222222223
1 0.526171875 0.8756944444444444 0.0375 0.06111111111111111
1 0.529296875 0.96875 0.0203125 0.034722222222222224
1 0.63046875 0.9777777777777777 0.01640625 0.044444444444444446
1 0.705078125 0.9722222222222222 0.0359375 0.05555555555555555
1 0.741796875 0.8666666666666667 0.05 0.09166666666666666
1 0.744921875 0.8131944444444444 0.01171875 0.020833333333333332
1 0.780859375 0.8236111111111111 0.015625 0.025
1 0.67578125 0.83125 0.03828125 0.1736111111111111
1 0.7078125 0.8631944444444445 0.0078125 0.018055555555555554
1 0.633203125 0.7861111111111111 0.02265625 0.043055555555555555
1 0.612890625 0.6854166666666667 0.0296875 0.043055555555555555
1 0.699609375 0.6444444444444445 0.0265625 0.05
1 0.70390625 0.7298611111111111 0.01015625 0.0125
1 0.745703125 0.7263888888888889 0.028125 0.10277777777777777
1 0.78359375 0.7256944444444444 0.00859375 0.019444444444444445
1 0.795703125 0.9715277777777778 0.01015625 0.013888888888888888
1 0.8140625 0.9319444444444445 0.0203125 0.02361111111111111
1 0.841015625 0.9618055555555556 0.03125 0.03194444444444444
1 0.858984375 0.9388888888888889 0.0109375 0.018055555555555554
1 0.92578125 0.9590277777777778 0.01875 0.02638888888888889
1 0.990625 0.9409722222222222 0.01875 0.03888888888888889
1 0.891796875 0.8972222222222223 0.03515625 0.07222222222222222
1 0.9359375 0.8326388888888889 0.00703125 0.015277777777777777
1 0.896484375 0.78125 0.08046875 0.08194444444444444
1 0.94453125 0.7347222222222223 0.02734375 0.04861111111111111
1 0.95078125 0.7701388888888889 0.01171875 0.022222222222222223
1 0.968359375 0.7611111111111111 0.015625 0.02638888888888889
1 0.98046875 0.7215277777777778 0.01796875 0.025
1 0.960546875 0.5951388888888889 0.01875 0.030555555555555555
1 0.996484375 0.6173611111111111 0.00703125 0.011111111111111112
1 0.895703125 0.6138888888888889 0.01796875 0.03888888888888889
1 0.934375 0.5638888888888889 0.009375 0.025
1 0.899609375 0.54375 0.0125 0.025
1 0.863671875 0.5805555555555556 0.01640625 0.02361111111111111
1 0.8375 0.6270833333333333 0.0234375 0.03611111111111111
1 0.821484375 0.5506944444444445 0.01640625 0.029166666666666667
1 0.90546875 0.5055555555555555 0.01875 0.03611111111111111
1 0.984765625 0.44166666666666665 0.01953125 0.03611111111111111
1 0.93125 0.4125 0.0375 0.043055555555555555
1 0.951953125 0.37777777777777777 0.0203125 0.03333333333333333
1 0.93828125 0.3173611111111111 0.040625 0.07777777777777778
1 0.980078125 0.34097222222222223 0.01796875 0.05277777777777778
1 0.955859375 0.26319444444444445 0.040625 0.08055555555555556
1 0.94609375 0.20555555555555555 0.0125 0.022222222222222223
1 0.851953125 0.27708333333333335 0.03359375 0.041666666666666664
1 0.886328125 0.3902777777777778 0.01328125 0.019444444444444445
1 0.871484375 0.42430555555555555 0.01875 0.02638888888888889
1 0.836328125 0.4305555555555556 0.0140625 0.019444444444444445
1 0.787890625 0.4041666666666667 0.0234375 0.04583333333333333
1 0.730859375 0.45694444444444443 0.05 0.08888888888888889
1 0.7 0.5472222222222223 0.05078125 0.05138888888888889
1 0.70625 0.5944444444444444 0.00703125 0.015277777777777777
1 0.633203125 0.625 0.015625 0.029166666666666667
1 0.551171875 0.6333333333333333 0.015625 0.02361111111111111
1 0.5140625 0.6368055555555555 0.0140625 0.020833333333333332
1 0.599609375 0.5791666666666667 0.01171875 0.016666666666666666
1 0.558984375 0.4861111111111111 0.01875 0.030555555555555555
1 0.483984375 0.5118055555555555 0.01953125 0.0375
1 0.50625 0.3923611111111111 0.0140625 0.020833333333333332
1 0.505078125 0.42916666666666664 0.0140625 0.03194444444444444
1 0.5984375 0.40902777777777777 0.0140625 0.03194444444444444
1 0.61328125 0.3888888888888889 0.01953125 0.04583333333333333
1 0.633984375 0.4201388888888889 0.02734375 0.08888888888888889
1 0.571875 0.34652777777777777 0.01484375 0.03333333333333333
1 0.65234375 0.27291666666666664 0.02109375 0.05555555555555555
1 0.719140625 0.33611111111111114 0.0234375 0.027777777777777776
1 0.670703125 0.3326388888888889 0.0109375 0.015277777777777777
1 0.72265625 0.14652777777777778 0.0453125 0.1
1 0.758203125 0.17430555555555555 0.021875 0.058333333333333334
1 0.669140625 0.16180555555555556 0.01171875 0.0375
1 0.82265625 0.15694444444444444 0.0578125 0.058333333333333334
1 0.81953125 0.034027777777777775 0.01328125 0.03333333333333333
1 0.809765625 0.004166666666666667 0.0078125 0.008333333333333333
1 0.896875 0.12222222222222222 0.02578125 0.08472222222222223
1 0.968359375 0.08194444444444444 0.06328125 0.1638888888888889
1 0.33828125 0.5006944444444444 0.0140625 0.025
1 0.3015625 0.5180555555555556 0.02890625 0.03333333333333333
1 0.280859375 0.46944444444444444 0.01328125 0.03333333333333333
1 0.2234375 0.47638888888888886 0.01171875 0.016666666666666666
1 0.145703125 0.7423611111111111 0.009375 0.025
1 0.089453125 0.23541666666666666 0.02109375 0.03194444444444444
1 0.184375 0.23055555555555557 0.021875 0.044444444444444446
1 0.175390625 0.175 0.0328125 0.05694444444444444
1 0.16953125 0.10347222222222222 0.01640625 0.03611111111111111
1 0.191796875 0.034027777777777775 0.0328125 0.06805555555555555
1 0.10546875 0.08055555555555556 0.0421875 0.04861111111111111
1 0.12578125 0.14375 0.02890625 0.07083333333333333
1 0.3265625 0.11666666666666667 0.00859375 0.019444444444444445
1 0.3359375 0.05694444444444444 0.01328125 0.018055555555555554
1 0.427734375 0.14583333333333334 0.02265625 0.03611111111111111
1 0.444140625 0.09861111111111111 0.015625 0.020833333333333332
1 0.561328125 0.1423611111111111 0.02421875 0.03888888888888889
1 0.590234375 0.08263888888888889 0.021875 0.059722222222222225
1 0.6109375 0.00625 0.0125 0.0125
1 0.61875 0.02847222222222222 0.0140625 0.029166666666666667
1 0.627734375 0.0798611111111111 0.0203125 0.03888888888888889
1 0.343359375 0.45416666666666666 0.01484375 0.016666666666666666
0 0.156640625 0.5340277777777778 0.03046875 0.2152777777777778
0 0.09609375 0.26875 0.1921875 0.20416666666666666
0 0.124609375 0.10625 0.1125 0.2125
0 0.7234375 0.3090277777777778 0.34609375 0.21388888888888888
0 0.6921875 0.15833333333333333 0.17734375 0.31666666666666665
0 0.67890625 0.6104166666666667 0.10078125 0.17222222222222222
0 0.7234375 0.6875 0.20859375 0.2986111111111111
0 0.6640625 0.89375 0.0765625 0.2125