1 0.8734375 0.45208333333333334 0.028125 0.03333333333333333
1 0.8375 0.46041666666666664 0.0140625 0.01875
1 0.603125 0.42604166666666665 0.025 0.041666666666666664
1 0.6171875 0.4635416666666667 0.025 0.025
1 0.85234375 0.725 0.015625 0.022916666666666665
1 0.8421875 0.534375 0.015625 0.016666666666666666
1 0.67265625 0.671875 0.046875 0.04375
1 0.7921875 0.7291666666666666 0.025 0.035416666666666666
1 0.6828125 0.7927083333333333 0.0140625 0.01875
1 0.63125 0.7885416666666667 0.015625 0.020833333333333332
1 0.0203125 0.60625 0.025 0.020833333333333332
1 0.27421875 0.41770833333333335 0.0390625 0.035416666666666666
1 0.18984375 0.3958333333333333 0.0171875 0.025
1 0.1859375 0.5197916666666667 0.0203125 0.03333333333333333
1 0.21953125 0.5072916666666667 0.0421875 0.08125
1 0.21015625 0.425 0.040625 0.06666666666666667
1 0.25078125 0.47604166666666664 0.028125 0.05
1 0.35390625 0.33541666666666664 0.0203125 0.020833333333333332
1 0.375 0.36875 0.0515625 0.07916666666666666
1 0.4265625 0.42604166666666665 0.0859375 0.06875
1 0.471875 0.4864583333333333 0.040625 0.05625
1 0.50234375 0.5260416666666666 0.034375 0.05416666666666667
1 0.5234375 0.3020833333333333 0.03125 0.05625
0 0.478125 0.884375 0.43125 0.10416666666666667
1 0.63984375 0.8041666666666667 0.025 0.022916666666666665
1 0.8890625 0.85 0.040625 0.035416666666666666
1 0.85625 0.91875 0.0125 0.022916666666666665
1 0.8359375 0.990625 0.0203125 0.01875
1 0.865625 0.884375 0.0109375 0.016666666666666666
1 0.2421875 0.925 0.034375 0.05625
1 0.246875 0.75625 0.0265625 0.03125
1 0.3328125 0.7291666666666666 0.01875 0.03333333333333333
1 0.35 0.7072916666666667 0.021875 0.016666666666666666
1 0.36328125 0.7364583333333333 0.0359375 0.052083333333333336
1 0.1546875 0.9708333333333333 0.0203125 0.01875
0 0.5828125 0.26458333333333334 0.2625 0.5291666666666667
0 0.49921875 0.3875 0.196875 0.14791666666666667
0 0.5265625 0.78125 0.5328125 0.25
0 0.39140625 0.9875 0.0203125 0.025
1 0.2984375 0.046875 0.153125 0.09375
1 0.37890625 0.11979166666666667 0.021875 0.03958333333333333
1 0.1953125 0.21041666666666667 0.0328125 0.025
1 0.0328125 0.03958333333333333 0.0265625 0.04375
1 0.61640625 0.19895833333333332 0.0265625 0.029166666666666667
1 0.6453125 0.203125 0.01875 0.020833333333333332
1 0.5671875 0.12604166666666666 0.0171875 0.022916666666666665
1 0.43984375 0.16354166666666667 0.0203125 0.022916666666666665
1 0.8234375 0.09895833333333333 0.0453125 0.0625
1 0.80234375 0.159375 0.0140625 0.014583333333333334
1 0.8578125 0.11666666666666667 0.01875 0.020833333333333332
1 0.909375 0.010416666666666666 0.01875 0.020833333333333332
1 0.8921875 0.029166666666666667 0.01875 0.027083333333333334
1 0.92109375 0.09791666666666667 0.021875 0.027083333333333334
1 0.92265625 0.19270833333333334 0.0296875 0.041666666666666664
1 0.9546875 0.2 0.021875 0.027083333333333334
1 0.94609375 0.17916666666666667 0.0234375 0.03958333333333333
1 0.928125 0.23125 0.0140625 0.016666666666666666
1 0.9875 0.378125 0.0171875 0.03333333333333333
1 0.80703125 0.453125 0.0125 0.016666666666666666