1 0.94921875 0.4965277777777778 0.0078125 0.013888888888888888
1 0.191015625 0.1951388888888889 0.01796875 0.04722222222222222
1 0.176171875 0.175 0.01875 0.030555555555555555
1 0.2328125 0.08680555555555555 0.025 0.044444444444444446
1 0.22734375 0.04583333333333333 0.0171875 0.030555555555555555
1 0.197265625 0.11388888888888889 0.0265625 0.044444444444444446
1 0.13515625 0.03194444444444444 0.0125 0.029166666666666667
1 0.1296875 0.004861111111111111 0.009375 0.009722222222222222
1 0.026171875 0.02638888888888889 0.03046875 0.05277777777777778
1 0.005859375 0.05138888888888889 0.01171875 0.022222222222222223
1 0.05703125 0.09305555555555556 0.0078125 0.013888888888888888
1 0.04453125 0.1326388888888889 0.02421875 0.044444444444444446
1 0.037890625 0.225 0.00703125 0.0125
1 0.02734375 0.21388888888888888 0.01015625 0.019444444444444445
1 0.008203125 0.22430555555555556 0.01640625 0.08333333333333333
1 0.21328125 0.3736111111111111 0.034375 0.058333333333333334
1 0.157421875 0.4201388888888889 0.01875 0.04722222222222222
1 0.111328125 0.40208333333333335 0.03359375 0.06805555555555555
1 0.04296875 0.3451388888888889 0.0375 0.04583333333333333
1 0.24375 0.5416666666666666 0.040625 0.0763888888888889
1 0.16171875 0.6131944444444445 0.0171875 0.030555555555555555
1 0.09921875 0.5881944444444445 0.0171875 0.03194444444444444
1 0.070703125 0.575 0.040625 0.06944444444444445
1 0.055078125 0.68125 0.01796875 0.03194444444444444
1 0.074609375 0.7229166666666667 0.02578125 0.043055555555555555
1 0.06484375 0.7451388888888889 0.0109375 0.015277777777777777
1 0.12890625 0.7305555555555555 0.02265625 0.04583333333333333
1 0.1828125 0.7659722222222223 0.01015625 0.015277777777777777
1 0.140625 0.7840277777777778 0.015625 0.025
1 0.086328125 0.9152777777777777 0.02421875 0.03611111111111111
1 0.099609375 0.8826388888888889 0.015625 0.030555555555555555
1 0.127734375 0.8888888888888888 0.015625 0.02638888888888889
1 0.211328125 0.8673611111111111 0.01015625 0.020833333333333332
1 0.20859375 0.9111111111111111 0.01484375 0.02361111111111111
1 0.27578125 0.9541666666666667 0.03671875 0.059722222222222225
1 0.31640625 0.8923611111111112 0.04921875 0.07916666666666666
1 0.312109375 0.825 0.0359375 0.05694444444444444
0 0.5734375 0.54375 0.17890625 0.3736111111111111
0 0.648046875 0.29097222222222224 0.26328125 0.22361111111111112
0 0.594140625 0.1375 0.08359375 0.275
0 0.60234375 0.07013888888888889 0.075 0.14027777777777778
0 0.150390625 0.04652777777777778 0.03984375 0.09305555555555556
0 0.130859375 0.2326388888888889 0.13515625 0.3125
0 0.119921875 0.4131944444444444 0.15078125 0.49583333333333335
0 0.108203125 0.8027777777777778 0.2078125 0.39444444444444443
0 0.608984375 0.8152777777777778 0.2625 0.36944444444444446
0 0.596875 0.9340277777777778 0.290625 0.13194444444444445
0 0.1265625 0.9381944444444444 0.2078125 0.12361111111111112
1 0.48984375 0.20902777777777778 0.01484375 0.02361111111111111
1 0.465234375 0.21388888888888888 0.02890625 0.04722222222222222
1 0.18203125 0.7104166666666667 0.00859375 0.016666666666666666
1 0.953125 0.10138888888888889 0.01328125 0.025
1 0.78359375 0.23402777777777778 0.00625 0.011111111111111112
1 0.36640625 0.3368055555555556 0.0171875 0.030555555555555555
1 0.38671875 0.39166666666666666 0.0265625 0.04027777777777778
1 0.49609375 0.33958333333333335 0.0234375 0.05138888888888889
1 0.51875 0.3625 0.0125 0.0375
1 0.3234375 0.4701388888888889 0.01953125 0.03194444444444444
1 0.2796875 0.4798611111111111 0.0140625 0.019444444444444445
1 0.26328125 0.64375 0.00859375 0.019444444444444445
1 0.2734375 0.6513888888888889 0.0109375 0.030555555555555555
1 0.269921875 0.6243055555555556 0.00625 0.013888888888888888
1 0.29296875 0.6277777777777778 0.0390625 0.04583333333333333
1 0.325 0.6208333333333333 0.0265625 0.027777777777777776
1 0.330078125 0.6680555555555555 0.02109375 0.0375
1 0.35859375 0.6756944444444445 0.021875 0.029166666666666667
1 0.383203125 0.85 0.01328125 0.025
1 0.396484375 0.8381944444444445 0.01171875 0.019444444444444445
1 0.441015625 0.7819444444444444 0.0171875 0.030555555555555555
1 0.508203125 0.7506944444444444 0.02109375 0.05416666666666667
1 0.54609375 0.8090277777777778 0.02421875 0.05555555555555555
1 0.5 0.6590277777777778 0.03671875 0.07777777777777778
1 0.50234375 0.7125 0.01875 0.03333333333333333
1 0.565625 0.70625 0.05078125 0.043055555555555555
1 0.544921875 0.6375 0.01328125 0.019444444444444445
1 0.55859375 0.6013888888888889 0.01640625 0.029166666666666667
1 0.530859375 0.5722222222222222 0.025 0.04583333333333333
1 0.47734375 0.5444444444444444 0.01328125 0.030555555555555555
1 0.546875 0.5465277777777777 0.0125 0.02361111111111111
1 0.5484375 0.5215277777777778 0.009375 0.016666666666666666
1 0.573828125 0.5520833333333334 0.015625 0.027777777777777776
1 0.608984375 0.5756944444444444 0.015625 0.041666666666666664
1 0.592578125 0.5013888888888889 0.01328125 0.020833333333333332
1 0.462109375 0.49722222222222223 0.03515625 0.05138888888888889
1 0.484765625 0.48055555555555557 0.009375 0.025
1 0.498828125 0.44583333333333336 0.0265625 0.034722222222222224
1 0.552734375 0.41805555555555557 0.01640625 0.025
1 0.590234375 0.40694444444444444 0.02890625 0.05277777777777778
1 0.645703125 0.5513888888888889 0.01171875 0.019444444444444445
1 0.659375 0.5458333333333333 0.01484375 0.027777777777777776
1 0.6671875 0.5708333333333333 0.01484375 0.025
1 0.70546875 0.5576388888888889 0.040625 0.044444444444444446
1 0.719921875 0.6104166666666667 0.0484375 0.08333333333333333
1 0.685546875 0.6430555555555556 0.021875 0.0375
1 0.73515625 0.54375 0.025 0.06111111111111111
1 0.754296875 0.5506944444444445 0.01484375 0.020833333333333332
1 0.7375 0.5020833333333333 0.0109375 0.022222222222222223
1 0.7484375 0.48194444444444445 0.0109375 0.02361111111111111
1 0.79765625 0.5666666666666667 0.034375 0.06527777777777778
1 0.81484375 0.5138888888888888 0.0359375 0.05138888888888889
1 0.82578125 0.6736111111111112 0.0109375 0.02361111111111111
1 0.691015625 0.7138888888888889 0.04453125 0.05555555555555555
1 0.733203125 0.7006944444444444 0.0296875 0.03888888888888889
1 0.730078125 0.6645833333333333 0.0078125 0.011111111111111112
1 0.75078125 0.7361111111111112 0.0171875 0.05
1 0.573828125 0.9215277777777777 0.04375 0.034722222222222224
1 0.5875 0.8881944444444444 0.01015625 0.009722222222222222
1 0.743359375 0.85 0.0109375 0.019444444444444445
1 0.833984375 0.9298611111111111 0.0265625 0.04027777777777778
1 0.937890625 0.9118055555555555 0.01796875 0.029166666666666667
1 0.796875 0.8159722222222222 0.01875 0.03888888888888889
1 0.834765625 0.8354166666666667 0.0140625 0.02638888888888889
1 0.893359375 0.5458333333333333 0.015625 0.029166666666666667
1 0.977734375 0.5194444444444445 0.02734375 0.03888888888888889
1 0.9484375 0.6631944444444444 0.01171875 0.016666666666666666
1 0.984765625 0.7319444444444444 0.01953125 0.03194444444444444
1 0.82890625 0.44375 0.01015625 0.020833333333333332
1 0.843359375 0.425 0.021875 0.025
1 0.9015625 0.3958333333333333 0.0171875 0.03194444444444444
1 0.92578125 0.43819444444444444 0.02265625 0.027777777777777776
1 0.825 0.35694444444444445 0.03203125 0.06944444444444445
1 0.8453125 0.3763888888888889 0.02265625 0.03194444444444444
1 0.85625 0.32222222222222224 0.0109375 0.020833333333333332
1 0.75 0.37569444444444444 0.00703125 0.02361111111111111
1 0.778515625 0.3972222222222222 0.0171875 0.030555555555555555
1 0.7875 0.28541666666666665 0.01640625 0.025
1 0.80078125 0.3034722222222222 0.01640625 0.0375
1 0.800390625 0.2375 0.0203125 0.03888888888888889
1 0.82265625 0.25 0.0234375 0.0375
1 0.76796875 0.18472222222222223 0.02109375 0.03888888888888889
1 0.8828125 0.1840277777777778 0.03046875 0.05694444444444444
1 0.90625 0.25069444444444444 0.01640625 0.029166666666666667
1 0.701171875 0.06388888888888888 0.0265625 0.06666666666666667
1 0.745703125 0.021527777777777778 0.02265625 0.043055555555555555
1 0.796484375 0.04722222222222222 0.01015625 0.018055555555555554
1 0.83828125 0.08263888888888889 0.03359375 0.043055555555555555
1 0.985546875 0.1701388888888889 0.0265625 0.05694444444444444
1 0.88359375 0.3388888888888889 0.00625 0.015277777777777777
1 0.5609375 0.27847222222222223 0.02734375 0.044444444444444446
1 0.580859375 0.29583333333333334 0.01875 0.034722222222222224
1 0.65625 0.2847222222222222 0.025 0.04027777777777778
1 0.5296875 0.19930555555555557 0.00625 0.016666666666666666
1 0.5875 0.18194444444444444 0.00625 0.015277777777777777
1 0.600390625 0.22013888888888888 0.015625 0.03611111111111111
1 0.6109375 0.1763888888888889 0.02265625 0.04861111111111111
1 0.699609375 0.20902777777777778 0.028125 0.04722222222222222
1 0.178515625 0.9215277777777777 0.0171875 0.030555555555555555
1 0.027734375 0.4152777777777778 0.01171875 0.016666666666666666
1 0.031640625 0.43819444444444444 0.01015625 0.016666666666666666
1 0.541015625 0.45902777777777776 0.01015625 0.011111111111111112
1 0.408203125 0.09861111111111111 0.0109375 0.020833333333333332
1 0.337890625 0.35208333333333336 0.01953125 0.034722222222222224
1 0.351171875 0.25 0.03984375 0.0625
1 0.3625 0.2916666666666667 0.0140625 0.020833333333333332
1 0.442578125 0.1388888888888889 0.0234375 0.05
1 0.326171875 0.11736111111111111 0.0203125 0.0375
1 0.256640625 0.004861111111111111 0.01640625 0.009722222222222222
1 0.308203125 0.013194444444444444 0.025 0.02638888888888889
1 0.279296875 0.03958333333333333 0.0265625 0.05138888888888889
1 0.373828125 0.020833333333333332 0.015625 0.020833333333333332
1 0.41171875 0.017361111111111112 0.0234375 0.034722222222222224
1 0.478125 0.02638888888888889 0.0234375 0.04583333333333333
1 0.461328125 0.007638888888888889 0.0171875 0.015277777777777777
1 0.499609375 0.08402777777777778 0.0140625 0.030555555555555555
1 0.518359375 0.10138888888888889 0.0234375 0.06388888888888888
1 0.51171875 0.16458333333333333 0.03046875 0.05
1 0.55703125 0.1375 0.01484375 0.022222222222222223
1 0.54140625 0.05625 0.0265625 0.02361111111111111
1 0.598046875 0.09166666666666666 0.009375 0.020833333333333332
1 0.451171875 0.25555555555555554 0.0140625 0.020833333333333332
1 0.453125 0.2763888888888889 0.009375 0.0125
1 0.462890625 0.2791666666666667 0.01171875 0.027777777777777776
1 0.49375 0.29930555555555555 0.01640625 0.02638888888888889
1 0.523046875 0.2763888888888889 0.0328125 0.04027777777777778
1 0.6890625 0.9791666666666666 0.01015625 0.0125
1 0.811328125 0.6965277777777777 0.00859375 0.015277777777777777
1 0.78984375 0.6159722222222223 0.00859375 0.018055555555555554
1 0.996484375 0.05138888888888889 0.00703125 0.0375
1 0.991015625 0.11180555555555556 0.0171875 0.020833333333333332
1 0.347265625 0.18888888888888888 0.0234375 0.05416666666666667
1 0.417578125 0.2375 0.01484375 0.02361111111111111
1 0.2125 0.5368055555555555 0.009375 0.020833333333333332
1 0.282421875 0.34444444444444444 0.0171875 0.029166666666666667
1 0.269140625 0.28402777777777777 0.01484375 0.044444444444444446
1 0.210546875 0.18055555555555555 0.01484375 0.015277777777777777