0 0.69921875 0.13541666666666666 0.29375 0.18125
1 0.85078125 0.9864583333333333 0.0234375 0.022916666666666665
1 0.61328125 0.20729166666666668 0.03125 0.025
1 0.6109375 0.06979166666666667 0.028125 0.022916666666666665
1 0.56875 0.11041666666666666 0.0390625 0.03125
1 0.86953125 0.07604166666666666 0.015625 0.022916666666666665
1 0.77421875 0.5197916666666667 0.03125 0.03125
1 0.86640625 0.5760416666666667 0.0234375 0.027083333333333334
1 0.8953125 0.8458333333333333 0.0203125 0.027083333333333334
1 0.85 0.8927083333333333 0.0265625 0.04375
1 0.74140625 0.8270833333333333 0.0328125 0.020833333333333332
1 0.365625 0.7479166666666667 0.0390625 0.07291666666666667
0 0.75234375 0.9572916666666667 0.2078125 0.08541666666666667
0 0.73203125 0.7208333333333333 0.1609375 0.27291666666666664
0 0.66640625 0.478125 0.096875 0.28958333333333336
1 0.48671875 0.4427083333333333 0.04375 0.04583333333333333