1 0.384375 0.5895833333333333 0.06875 0.10208333333333333
1 0.39609375 0.6885416666666667 0.1 0.08541666666666667
1 0.5390625 0.7322916666666667 0.0265625 0.05
1 0.50625 0.709375 0.021875 0.020833333333333332
1 0.80859375 0.7760416666666666 0.05625 0.07916666666666666
1 0.85625 0.9197916666666667 0.0609375 0.07708333333333334
1 0.65390625 0.8572916666666667 0.01875 0.016666666666666666
1 0.67734375 0.765625 0.0203125 0.025
1 0.69140625 0.8916666666666667 0.0265625 0.027083333333333334
1 0.6421875 0.778125 0.0390625 0.03333333333333333
1 0.83125 0.45625 0.1296875 0.12291666666666666
1 0.8765625 0.525 0.0296875 0.041666666666666664
1 0.85078125 0.5864583333333333 0.0515625 0.0625
1 0.8234375 0.6354166666666666 0.028125 0.022916666666666665
1 0.859375 0.66875 0.01875 0.020833333333333332
1 0.7390625 0.6041666666666666 0.03125 0.04583333333333333
1 0.73125 0.22604166666666667 0.009375 0.0125
0 0.53046875 0.06041666666666667 0.1125 0.12083333333333333
0 0.61171875 0.18125 0.31875 0.25625
0 0.5234375 0.5041666666666667 0.296875 0.24791666666666667
1 0.14921875 0.7072916666666667 0.0171875 0.020833333333333332
1 0.3390625 0.31875 0.0171875 0.016666666666666666
1 0.46484375 0.859375 0.015625 0.01875
1 0.2796875 0.7375 0.0203125 0.016666666666666666
0 0.59296875 0.9052083333333333 0.1140625 0.18958333333333333
1 0.3234375 0.103125 0.0421875 0.041666666666666664
1 0.2015625 0.53125 0.021875 0.014583333333333334
1 0.01796875 0.6479166666666667 0.0265625 0.025
1 0.12265625 0.78125 0.0265625 0.014583333333333334
1 0.14453125 0.9333333333333333 0.0234375 0.03125
1 0.5078125 0.8041666666666667 0.034375 0.03333333333333333
1 0.40625 0.86875 0.05 0.06041666666666667
1 0.378125 0.975 0.0421875 0.05
1 0.35859375 0.9270833333333334 0.0453125 0.05416666666666667
1 0.2609375 0.8197916666666667 0.025 0.029166666666666667
1 0.27734375 0.6479166666666667 0.034375 0.029166666666666667
1 0.27578125 0.7 0.03125 0.03333333333333333
1 0.17421875 0.5010416666666667 0.021875 0.027083333333333334
1 0.20703125 0.478125 0.0390625 0.05625
1 0.14296875 0.27708333333333335 0.078125 0.11875
1 0.15625 0.19479166666666667 0.0234375 0.029166666666666667
1 0.0953125 0.13958333333333334 0.021875 0.03333333333333333
1 0.19765625 0.12291666666666666 0.0515625 0.058333333333333334
1 0.67109375 0.24895833333333334 0.025 0.029166666666666667
1 0.62578125 0.24375 0.059375 0.052083333333333336
1 0.65234375 0.31666666666666665 0.0421875 0.058333333333333334
1 0.61328125 0.38229166666666664 0.015625 0.016666666666666666
1 0.54375 0.46875 0.025 0.035416666666666666
1 0.6203125 0.10104166666666667 0.11875 0.1875
1 0.9828125 0.5770833333333333 0.034375 0.05
1 0.97421875 0.7645833333333333 0.0515625 0.0625
1 0.49609375 0.45416666666666666 0.046875 0.04375
1 0.32578125 0.246875 0.0546875 0.058333333333333334
1 0.50546875 0.2708333333333333 0.0203125 0.022916666666666665
1 0.43984375 0.24270833333333333 0.0765625 0.10625
1 0.57578125 0.005208333333333333 0.0203125 0.010416666666666666
1 0.46484375 0.036458333333333336 0.0953125 0.07291666666666667
1 0.70703125 0.06979166666666667 0.0515625 0.05625
1 0.715625 0.009375 0.021875 0.01875
1 0.871875 0.0625 0.0359375 0.04583333333333333
1 0.86484375 0.14479166666666668 0.05 0.04791666666666667
1 0.784375 0.1375 0.0875 0.10625
1 0.8578125 0.23229166666666667 0.0515625 0.0625
1 0.97265625 0.18958333333333333 0.0546875 0.11041666666666666
1 0.93671875 0.23020833333333332 0.0703125 0.0875
1 0.9875 0.28229166666666666 0.025 0.041666666666666664
1 0.9359375 0.3 0.0296875 0.03333333333333333
1 0.92109375 0.39375 0.0765625 0.16458333333333333
1 0.84296875 0.31875 0.0703125 0.07083333333333333
1 0.7125 0.3729166666666667 0.0609375 0.075
1 0.7421875 0.44583333333333336 0.0296875 0.05
1 0.6296875 0.5322916666666667 0.0390625 0.041666666666666664
1 0.565625 0.6208333333333333 0.01875 0.020833333333333332
1 0.56875 0.5885416666666666 0.0296875 0.0375
1 0.5171875 0.584375 0.0515625 0.05
1 0.4765625 0.5739583333333333 0.021875 0.025